10.197450
10.427200
10.437800
10.467500
10.673000
10.740650
10.907300
11.215900
15.219050
18.414200
23.426050
24.402250
24.413700
24.423200
25.130050
25.192050
26.477950
27.583400
29.228300
30.726300
31.073250
33.721450
33.730850
33.746800
33.843900
35.404050
35.998550
36.604550
45.149550
45.152100
45.293650
51.332750
52.877400
54.991450
58.987850
59.729500
59.738050
62.451100
68.770900
68.892150
70.197500
72.303150
74.161900
76.079200
76.279650
77.597750
79.116300
81.695450
86.437350
93.239750
103.914850
106.093550
106.501750
109.027850
110.674900
115.272950
115.275500
116.765500
118.345950
120.452450
122.663550
126.940450
130.143500
130.183300
133.827500
133.839150
134.203050
136.201150
136.489350
139.340000
139.350950
140.122250
140.907350
143.139650
143.922950
144.181500
144.184150
144.193150
144.221700
144.653900
146.655100
147.572350
149.015600
151.977850
152.287200
152.627050
153.631350
153.864350
157.330050
157.337150
159.223050
159.502100
161.020050
165.094400
165.098200
165.939550
166.337350
166.673450
166.802300
166.808700
166.996800
168.015250
171.305650
172.043900
172.205350
172.207750
172.441300
175.070350
175.169700
175.229750
181.903550
182.248900
182.983850
183.728250
183.912900
184.911550
185.127250
186.045350
186.069200
187.082350
187.890000
188.607150
188.612450
190.391350
190.410200
190.440800
193.079800
193.088700
193.244550
196.025950
197.392350
198.646000
199.110250
199.343500
200.842300
201.449300
202.938900
203.085000
203.842700
210.218850
215.932350
216.700800
217.763050
218.742050
220.243350
221.111350
222.117950
223.877600
224.213550
225.879750
226.886950
227.496300
228.112400
228.185400
229.509250
229.734850
230.860800
230.892100
231.558050
232.029000
233.788800
234.872850
235.776350
235.899500
236.833400
236.877850
236.885850
236.889700
236.900100
239.116100
239.514150
241.142300
241.157250
241.160950
242.257600
243.356150
243.581300
244.378600
244.383950
244.763000
251.857850
251.865350
252.031350
252.306200
252.620500
253.626300
253.631150
253.637000
254.381250
256.328600
257.846900
259.370200
259.580300
259.633900
260.728450
261.606450
261.976200
262.988300
263.895950
264.361750
264.773750
265.886950
268.154400
268.172050
268.461550
271.375950
272.101500
272.789600
273.197200
274.885150
275.384800
275.620950
276.106600
276.861100
279.828000
280.665100
280.922150
280.926250
282.517900
283.125650
284.198550
284.477950
285.433150
285.458100
286.813700
287.769700
287.787400
288.885900
288.949400
290.516850
290.522800
290.859200
290.941550
291.066800
291.166050
291.753050
294.697300
294.711800
295.211750
295.822800
298.311000
298.446500
298.745300
298.757300
299.310350
299.315100
299.321950
299.593650
299.599850
300.414950
301.896750
307.075900
307.118500
307.133300
307.455000
309.639850
310.254950
311.817000
312.225350
312.229400
315.160400
316.556650
316.703050
317.029500
318.210800
318.563100
318.790500
320.317400
322.462750
322.524250
324.587050
324.966250
325.474600
328.020900
328.317150
329.402300
329.744950
330.233050
330.574200
331.798700
332.080400
332.423300
333.523900
335.611100
337.312450
338.285600
339.892450
340.321650
340.688550
343.102400
344.420250
347.073200
347.131300
347.312150
347.632700
347.927150
348.101150
348.548800
351.869500
352.007100
352.807700
354.672800
356.595850
357.150000
357.155150
357.671450
358.611500
360.858500
360.897350
363.055700
364.049100
365.813150
365.874950
366.142450
366.300050
367.244500
367.252400
367.443500
369.276750
369.385750
369.747600
371.376300
371.906250
372.286150
372.728150
373.438550
373.615400
373.854800
375.690550
376.863550
377.393800
377.793850
377.797300
377.813750
377.848600
378.898700
380.589200
380.607400
380.636350
381.185450
383.053500
384.756000
385.940600
386.258450
388.332300
389.315050
389.476450
390.109350
391.147950
391.874100
392.609000
393.264900
397.219750
397.907950
399.524700
399.538700
399.904900
399.979400
404.291750
405.739100
406.631100
407.426700
407.544550
407.937250
408.482550
408.950300
410.445500
410.832350
412.388800
416.814800
419.101150
419.482300
423.011550
423.434700
424.271650
426.761600
432.752100
433.275050
433.509950
433.554600
436.973200
440.624400
440.936900
442.086100
442.253000
444.113900
444.802100
445.023550
445.565200
445.570600
446.383350
448.362750
448.845850
452.853800
453.010700
459.819350
463.567200
464.042100
467.107800
469.129000
469.333800
470.315000
470.837900
471.978850
473.452150
474.555000
475.648000
475.664050
476.738650
479.942150
481.728400
483.824250
483.947150
484.179400
485.048150
485.078400
485.479900
489.259300
489.863100
490.172800
490.196800
490.724950
491.916900
495.936200
496.999750
497.620600
498.989200
499.668700
499.880800
500.162800
503.356200
504.657150
507.164250
507.261600
507.545300
507.653650
508.624800
508.976750
508.999250
510.598600
511.062000
511.718450
512.804250
514.144900
517.367550
517.417850
521.747900
522.633400
523.241900
525.256750
525.832550
525.942500
527.099750
527.669050
531.236900
532.080350
532.881500
533.188400
533.409800
533.767650
535.505200
535.748600
535.768700
537.196200
537.262050
538.341450
538.796350
544.457000
544.825900
544.830200
545.042150
545.951850
546.443700
546.468200
546.785750
547.781400
548.280200
548.292450
548.444150
549.156500
550.277000
550.287250
550.874150
551.142600
551.274000
552.557950
552.935700
558.748850
559.335500
560.011350
560.682450
561.755600
562.004700
564.410500
565.441650
566.053600
567.358000
570.079450
570.102400
570.305900
575.688350
584.095600
587.810600
590.069150
590.289250
591.693700
591.708400
597.569600
597.629350
599.829600
600.510100
601.389800
604.507800
605.427200
605.467200
605.593050
612.345050
613.436850
615.177400
615.184350
616.173100
622.660250
625.284450
625.477650
625.703450
627.803450
634.544700
637.084500
637.089200
639.657450
641.083850
645.046000
645.698200
649.072300
650.214650
650.704900
650.817250
651.121300
652.494450
653.051650
654.225000
655.256950
656.213700
656.471400
657.498200
657.683700
658.549600
659.136000
661.000900
661.127300
663.041950
664.009000
664.011050
664.015900
664.036400
666.699100
666.928800
668.058800
668.806750
670.531950
670.985950
671.888200
674.069100
674.126050
675.371100
676.186400
678.316300
681.927900
682.208050
683.125950
683.640950
683.908050
684.015850
685.168000
685.260800
685.508750
685.559400
686.961900
687.152950
688.264700
690.066950
691.054250
691.219000
691.800200
692.900100
693.021500
696.450250
698.211650
698.402250
702.364400
705.386100
706.116200
707.215200
707.222350
711.300500
714.107950
714.113550
716.409900
719.877350
720.069050
721.550400
723.835550
724.297850
724.814700
725.051900
725.069600
726.101700
727.799400
729.901900
732.451650
732.470300
733.989050
734.154450
734.372050
735.861500
737.389750
739.700450
740.157000
740.225000
742.112400
744.606800
746.490500
746.653050
749.295700
753.505450
754.048600
754.953850
757.372300
760.208100
760.309900
760.351300
762.491050
764.640650
765.819400
768.552350
769.216600
770.978150
771.000300
771.304600
771.511750
773.391400
775.506250
775.529300
775.713350
779.691000
785.022300
788.240300
789.322000
790.059400
792.057550
794.646050
798.038450
799.899650
800.815750
804.098300
808.152050
810.338150
811.010700
812.093750
812.534600
815.699250
815.734150
819.889750
824.717000
824.802900
827.931900
828.164850
829.782000
831.779400
833.128050
833.825400
840.049450
842.032550
842.752950
844.038350
852.263800
854.486950
855.432800
856.115750
858.583900
858.587300
858.758100
859.735300
861.653250
861.983850
866.103550
867.161400
868.187800
872.140650
873.253700
875.467050
876.238200
882.434000
883.952500
885.125700
885.487850
885.514650
887.491900
889.442600
891.642100
896.132300
896.556700
896.804500
898.485200
899.188700
899.211150
905.565250
905.765950
908.770350
909.746600
909.774200
909.791150
910.727650
913.612100
914.032550
919.888250
926.517550
928.418300
931.447100
938.009200
943.202250
946.524550
947.049950
947.726900
948.736300
948.751150
958.912150
959.029150
959.884700
966.509650
972.342550
972.355700
973.355500
975.964000
978.214800
983.393550
983.397000
989.689950
990.697550
993.447500
999.468150
1000.909350
1002.913950
1004.440450
1004.908450
1005.639500
1008.739400
1009.788900
1013.656950
1014.719050
1029.830100
