5.582950
8.107900
9.339900
10.269300
10.274350
10.746600
10.802150
10.806850
11.982100
11.998900
12.012500
12.017600
12.375850
12.380400
12.395200
12.402900
12.424300
12.438650
12.916350
12.938550
12.954800
13.077900
13.554000
14.460150
14.503250
15.786200
16.991100
16.993350
17.047400
17.055250
17.066050
17.474850
17.887600
19.413050
19.789700
20.829950
22.409950
23.821400
24.127100
24.599450
24.641100
25.031500
25.513050
27.081300
27.625500
27.898900
27.945500
28.901550
28.920950
28.928200
30.285250
30.514800
31.789950
32.426000
32.888300
33.003100
33.014550
33.022900
33.285200
33.312900
34.444750
34.562850
34.916650
34.921000
35.007000
35.030300
35.041400
35.059250
35.068400
35.071450
35.170650
35.392050
35.438500
35.579950
35.634050
35.736150
36.171400
36.443300
36.793350
39.548100
40.131200
40.141600
40.496800
40.553000
41.199700
41.472150
42.158500
42.319500
42.700400
43.392800
43.967000
43.981100
43.990800
44.029300
44.413600
45.466150
46.850300
47.420200
47.425800
49.393700
49.526150
51.175000
51.181850
51.659150
52.787400
53.692150
54.255900
54.981500
55.402650
55.877150
56.113450
57.455850
57.622250
58.498400
58.513050
59.344250
60.642600
60.662100
61.139200
61.150950
61.695500
61.761450
62.632550
63.115850
63.271400
63.276900
63.722700
63.909150
64.030400
64.041200
64.425550
64.523600
64.536700
65.072350
65.132800
65.852350
66.792800
67.512000
67.520100
67.711800
67.849600
68.019100
68.583550
68.594300
68.894950
69.630300
72.927350
74.101700
76.039350
76.119700
76.199900
76.958550
78.326950
79.400100
81.612850
81.615150
82.195600
82.615950
85.376550
85.420750
87.611650
87.642200
88.006800
88.407700
88.443000
88.923750
89.616900
90.033600
90.522500
90.846250
91.420150
91.682650
93.457450
93.466700
94.050200
94.355700
95.540850
96.488500
96.814750
96.821450
98.125150
98.346100
98.390550
98.928500
101.223250
101.279450
102.125150
102.174750
102.508700
103.338300
103.343350
103.460800
104.676350
104.716200
105.136550
105.375800
105.688750
105.881100
105.888100
106.062600
106.375550
106.392400
106.395350
106.397500
106.402800
106.461550
106.466450
106.643050
106.733050
107.603050
107.977200
107.983200
108.689650
108.703550
108.807650
109.128850
109.133600
109.269200
109.945950
110.120450
110.368750
110.653150
111.041050
111.045850
111.372700
111.383300
111.834350
113.240150
113.356200
113.360550
113.618200
114.412450
114.975400
115.377100
115.413750
115.858250
115.871000
116.697600
116.849200
117.397650
117.865500
118.085000
118.094150
118.463450
118.768250
118.874200
119.080200
119.609000
119.620750
119.624700
120.027600
120.433050
120.926050
121.297200
121.661500
122.208800
122.410550
122.443450
122.466550
122.529550
123.276700
123.374500
123.613100
124.085000
124.558450
125.220750
125.394200
126.099150
126.127350
126.559850
126.591600
126.768150
127.204550
127.210200
128.488000
129.059450
129.228350
129.957150
130.725700
130.952600
131.100200
131.104300
132.055200
132.060500
133.051600
133.104750
133.153050
133.250300
133.822900
134.144200
135.558050
135.583700
135.608200
135.766800
135.772050
137.772250
137.892500
138.127150
138.139750
138.164650
138.573800
138.578950
138.940500
138.944900
138.963100
139.253850
139.256800
139.262250
139.603100
139.627000
139.631950
140.282850
140.298500
140.307600
140.318800
140.342200
140.364800
140.695350
140.988350
140.996600
141.129850
141.380000
141.857150
142.169500
142.861700
143.439100
143.449450
143.842200
144.704150
144.715200
144.988000
145.164100
145.325800
145.328300
145.360550
145.387450
146.023450
146.026350
146.035900
146.071050
146.610450
146.890150
147.363800
147.370050
147.499150
148.472350
148.477450
148.480350
148.816600
148.837900
150.858600
150.866400
151.547500
151.781200
151.922050
152.040300
152.201950
152.556400
152.923600
153.799050
153.930950
154.116500
154.168000
154.320250
154.887000
155.498050
155.800400
156.296250
156.305000
156.527150
156.893450
157.273100
157.882900
158.230300
158.255800
158.489200
159.091150
159.096450
159.334250
160.112800
160.130850
160.194650
160.440100
160.473400
160.479100
160.896400
161.427350
161.533100
161.591750
161.660000
162.109800
162.225850
162.577650
163.336850
163.351150
164.339200
164.594650
164.603250
164.610850
165.100900
165.117000
165.143450
165.147700
165.355000
165.968450
165.987600
166.140600
166.198500
166.204250
166.508650
167.260700
167.407000
167.513450
167.518050
167.811100
168.421950
168.627750
169.318550
169.682300
169.695950
170.004450
170.468900
170.616350
170.998850
171.160750
171.165050
171.728050
172.267000
172.618150
173.251950
173.256600
173.262300
173.476950
173.862300
173.902050
174.294500
174.306450
174.623050
175.119950
176.449950
176.681900
176.686200
176.819250
176.836800
176.841500
177.179050
177.388500
178.253650
178.256500
178.391700
178.419800
178.616950
179.036900
179.689000
179.693550
180.706950
181.164350
181.459950
181.586250
181.698050
181.728550
181.792900
182.457750
182.494650
182.499450
182.789300
183.424950
183.428500
183.984250
184.006050
184.015750
184.477350
184.591500
184.657900
184.828600
185.147000
185.149900
185.749800
185.755200
186.418000
187.115600
187.126400
187.134350
187.370750
188.226500
188.490850
188.740400
188.752300
188.873350
189.118100
189.434750
189.756800
190.026650
190.038000
191.349650
191.358900
191.373800
191.439750
191.442200
191.456050
191.464700
191.467300
191.475250
191.735250
192.469450
193.077450
193.080900
193.092800
193.781100
194.121850
194.145300
194.152250
194.704750
195.307150
195.511150
195.741800
195.749100
195.755400
195.775100
196.020800
196.946850
196.952050
196.977350
197.184850
197.190700
197.581700
197.641650
197.660650
197.863500
199.405250
199.631200
200.557800
200.792050
200.808350
201.472900
201.615350
202.037450
202.070250
203.085900
203.701150
203.713600
203.871750
204.090000
204.104750
204.412350
204.418000
205.093100
205.151300
205.168100
205.175050
205.206300
205.355500
205.405250
205.586250
205.590950
205.874750
206.143750
206.317000
206.466900
207.349950
207.376200
207.419000
207.779600
207.874600
208.170750
208.237300
208.350000
209.011300
209.018100
209.240150
209.791500
210.033300
210.040550
210.769450
211.081100
211.583150
212.705450
212.716600
213.509550
213.568400
213.596900
213.690200
213.817350
214.224800
214.229500
214.285950
214.416400
214.420050
214.631500
214.643250
214.662150
215.281100
215.373700
215.520400
215.650300
216.253450
216.261650
216.631400
216.800550
217.679300
217.693850
218.159300
218.738050
218.887150
218.935100
218.968400
219.029450
219.726900
219.778300
219.846350
219.860300
219.907950
220.093550
220.263650
220.461900
220.483200
220.980450
221.407000
221.413850
221.751700
221.761500
221.764250
222.172550
222.497000
222.601950
222.609650
222.617350
222.623550
222.632650
222.858500
222.862350
222.866300
223.092950
223.755850
223.761150
223.942800
224.039900
224.069600
224.075650
224.152350
224.171400
224.446150
225.491750
226.771150
228.040900
228.045800
228.360750
228.567300
228.605250
229.122800
229.132350
229.372650
229.380850
229.484350
230.409450
230.596700
230.768650
231.318350
231.347150
231.466950
231.471950
231.541000
231.647200
232.033750
232.132550
232.134750
232.139150
232.141200
232.290350
232.295500
232.551250
233.174100
233.393550
233.734150
233.746750
234.543700
234.553450
234.648750
234.943600
235.648550
235.836250
235.841050
236.133000
236.141050
236.145500
236.314400
236.413000
237.059050
237.063550
237.227450
237.345450
238.237500
238.242850
238.887950
239.186750
239.510150
239.715200
239.718950
239.726150
240.014400
240.019150
240.057300
240.718000
240.727950
240.845300
240.891750
240.953350
240.971950
240.979800
241.049550
241.055650
242.145900
242.340250
242.572900
242.630300
242.714000
242.999450
243.013750
243.417650
243.992500
244.033400
244.243950
244.343650
244.726400
245.368400
245.457850
245.463550
245.469900
245.474650
245.479200
245.487400
246.128900
246.138750
246.284700
246.295100
246.350850
246.368000
246.501900
246.592850
246.889650
247.350200
248.232700
248.330450
248.335600
249.187950
249.232000
249.665850
249.682450
249.714800
250.251550
250.418600
250.746000
250.893400
250.959000
251.050750
251.346300
251.382050
251.568350
252.023100
252.028050
252.567100
252.936700
253.112950
253.118500
253.610300
253.622750
253.714350
253.808050
254.054700
254.399300
254.405700
254.671450
255.118500
255.136700
255.269150
255.286700
255.702400
255.716050
255.730650
255.859250
255.866050
255.872400
256.086750
256.453300
256.791850
257.143350
257.205250
257.226100
257.263350
257.273050
257.412750
257.416700
257.514950
257.519400
257.690950
258.246500
258.985550
258.989900
259.217050
259.263500
259.316900
259.330500
259.439500
259.671200
260.308150
260.345500
260.843750
260.989050
261.084200
261.250450
261.288750
262.004600
263.215550
263.342400
263.353250
263.434500
263.663950
263.756300
263.807550
263.811500
264.186550
264.198900
264.235650
264.388150
264.560800
265.181200
265.212600
265.521400
266.007200
266.021450
266.118600
266.640800
266.723550
266.976800
267.086350
267.543200
267.553750
267.710450
267.848800
267.858500
268.057250
268.083600
268.152100
268.385950
268.807550
269.254050
269.407400
269.694350
269.983100
270.029150
270.421000
270.425900
270.881800
271.371100
271.515450
271.781750
271.881500
272.946400
272.951150
273.014700
273.206200
273.394750
273.484350
273.600450
274.061150
274.072550
274.175000
274.196050
274.512900
274.940350
274.949150
275.373800
275.542150
275.980000
276.830050
276.937950
277.066200
277.176300
277.404750
277.647250
277.694600
277.910500
278.179100
278.183500
278.526450
278.545150
278.716400
278.721000
279.088950
279.284850
279.618150
279.637950
279.648550
279.929400
279.959800
279.967300
279.982500
280.030500
280.067000
280.562850
280.575850
280.949150
281.116450
281.121550
281.152500
282.047700
282.206500
282.403300
282.594600
282.721100
282.727700
282.815000
282.979900
283.285250
283.291500
284.429700
284.568200
284.908450
284.913700
285.079500
285.091850
285.633450
286.199750
286.371200
286.503800
286.655700
286.716350
287.204400
287.327350
287.423600
287.508050
287.746600
287.997300
288.241000
288.401150
288.535550
288.757350
289.189600
289.467900
289.738650
290.198400
290.714300
290.726700
290.838150
291.240550
291.351150
291.487750
291.693800
292.525650
292.535650
292.858050
293.257250
293.285250
293.291850
293.303500
293.594300
293.852200
293.856850
294.138250
294.379450
294.389200
294.587050
294.807800
294.894600
295.072050
297.030200
297.296450
297.341550
297.436050
297.597750
298.142300
298.210050
298.237250
298.659150
298.669350
299.387000
300.781700
300.786700
301.984200
301.988250
302.607000
302.733050
302.743800
302.882950
302.887850
303.642300
303.806350
304.314800
304.325250
304.395250
304.577750
304.764050
304.778900
305.519300
305.569500
305.636400
307.263300
307.271800
307.278050
307.290550
307.738850
307.743950
308.083150
308.091050
308.321050
308.360000
308.522000
309.141600
309.439150
309.765850
309.777850
310.492100
310.847600
310.852700
310.999250
311.244800
311.845900
313.969350
314.682850
314.703450
314.720750
314.840600
314.846350
315.660050
316.402300
316.831950
318.288550
318.551900
318.556500
318.844050
318.975000
318.989700
319.072800
319.421100
319.546650
319.550900
319.661150
319.953300
320.376300
320.576600
320.805250
321.551050
321.683750
321.850300
322.031500
322.310100
322.384450
322.650450
322.867800
323.261500
323.266500
323.274750
323.488950
323.632100
323.902500
325.307350
325.317950
326.076350
326.170450
326.176750
326.366150
326.970100
327.232700
327.244600
327.249000
328.354200
328.359100
329.503150
329.909800
330.265950
330.729350
330.818400
330.998200
332.661250
333.095200
333.238400
333.500100
333.506150
333.514100
333.614850
334.119500
334.177300
334.491800
334.527200
336.110250
336.246100
336.305750
336.994450
337.166550
337.450050
338.002200
338.634850
339.354200
339.765300
339.768350
340.313900
340.510350
340.958850
341.329600
341.854250
341.859900
342.547800
343.096400
343.506600
343.729450
343.733000
343.738000
343.744650
345.189700
345.209600
346.078400
346.169450
346.418000
348.086800
348.228250
348.582400
349.085000
349.089400
349.549400
349.742650
349.944600
350.501600
350.881050
351.103650
351.126900
351.134700
351.999600
352.111550
352.598550
353.045550
353.365350
353.374050
353.803450
354.230650
354.235750
354.764750
355.197050
355.563050
355.826250
356.150600
356.157400
356.469400
356.473650
356.622150
357.802450
357.811700
358.070300
360.656050
360.659850
360.665150
360.756150
360.768400
361.027550
361.237000
361.247800
361.493900
361.621400
361.648200
361.786500
362.058950
362.251700
362.646800
362.651450
362.879000
363.061150
363.082150
363.384450
364.421650
364.590800
365.000300
365.522300
365.527500
365.768200
365.942200
366.395950
366.683800
366.688450
366.724250
367.045800
367.520650
368.034150
368.119800
368.728900
368.741850
369.143450
369.147550
369.159000
369.597200
369.916250
370.860800
371.665650
372.348800
372.452800
372.611300
373.089550
373.261300
373.705900
373.709600
373.975100
373.979400
375.707150
376.323600
376.687300
377.721500
378.960250
379.129400
379.133800
379.330900
379.776600
380.554550
380.679850
380.800900
380.859350
381.883500
382.271100
382.362250
382.509450
382.519300
382.523000
383.005000
383.252650
383.873900
383.892350
384.224500
384.739250
384.976500
384.982200
385.167250
385.444750
385.760300
386.541150
386.838350
387.338650
387.533850
387.664500
388.043700
388.672750
388.980400
388.984950
390.049950
390.369250
391.213750
391.222250
391.637100
392.239400
393.924900
394.389300
394.527950
394.532650
394.958400
395.210650
395.593750
395.599400
395.661600
395.755300
395.840950
396.110000
396.452750
396.656400
396.661850
397.143700
397.149000
397.160150
397.497300
398.573650
398.716750
399.510300
399.768050
399.778250
401.091650
401.203350
401.207350
401.600550
401.660000
402.147350
402.856800
402.992800
404.003650
404.040100
404.293050
405.189750
405.685200
406.072100
406.208050
406.490700
406.703350
406.705600
408.905300
409.009900
409.032600
409.112600
409.334750
409.347250
409.551750
409.566400
409.697300
410.594100
411.090050
411.100550
411.771150
411.775050
412.170100
412.367450
412.640600
412.971100
413.921300
414.758400
415.105450
416.201550
417.158650
417.341950
418.131000
419.015000
420.216950
420.969950
420.981950
421.321600
421.913350
422.097800
422.494950
422.642700
424.261600
424.505650
424.658650
425.061600
425.230850
425.261900
425.397400
426.836400
426.901850
427.699850
428.218800
428.727100
429.187400
429.192250
429.591900
429.631150
429.717550
430.084550
430.213850
431.229700
431.234100
431.731150
432.094850
432.267350
432.304550
432.744450
433.015550
433.297000
433.945800
434.480750
434.742350
434.817650
436.113450
436.558400
437.348350
437.589400
437.903750
439.712000
440.465900
441.162500
441.169250
441.922700
441.946000
442.112350
443.227650
443.806400
444.905800
445.205500
445.575100
445.581400
445.743450
446.172750
446.539050
447.475350
447.483200
447.752100
448.338600
448.626650
449.067150
449.776250
450.011700
450.267900
450.508400
451.203900
451.769100
453.631200
454.371800
457.101250
457.279900
457.287100
457.398400
457.402750
457.899450
457.909350
458.051100
458.063150
458.289950
458.816900
459.294400
459.593400
459.844550
459.854800
460.463000
460.467200
460.671550
460.814050
460.818800
461.276300
462.136400
462.299050
462.303100
462.350700
462.420600
462.424900
462.805650
463.112900
463.117800
463.624850
464.071100
465.378250
465.961600
466.602800
466.789250
466.794600
467.993300
467.997700
468.184700
468.189100
468.529350
468.534250
469.601400
469.770050
469.810350
470.777500
470.924950
470.929850
471.148650
471.855650
472.657150
472.854300
473.371800
473.531150
475.209450
475.290600
475.663900
475.733500
475.946900
476.110550
476.156100
476.395800
476.720750
476.951700
477.581100
479.125150
479.488250
479.658400
479.960750
480.971800
481.735200
481.880000
481.884500
482.621650
482.626850
483.449200
483.950650
483.954250
484.007300
484.011650
484.339450
484.620200
484.624300
485.585150
485.728100
486.310300
486.562950
486.579750
488.058350
488.209250
488.275800
489.579800
489.589050
489.618100
490.243750
490.261900
490.265850
490.381250
490.384850
490.596300
490.600800
491.320850
491.780250
492.284450
492.289700
492.361100
492.401550
492.861400
492.941250
493.544000
493.569050
494.703350
494.752100
494.761050
495.112850
495.171050
495.336950
495.932650
495.935400
495.948450
495.963800
496.005050
496.084300
497.558500
497.828750
498.528350
498.700550
498.709700
498.720600
499.841350
500.213650
500.373850
500.715200
500.885750
500.997700
501.002000
501.903800
501.908250
502.089900
503.288100
503.603600
503.860300
504.505900
504.509750
504.929450
504.951000
505.692450
506.023600
506.037200
506.304450
506.317700
506.706200
507.584350
507.720950
507.730050
508.530800
508.983150
510.556800
511.082350
511.090950
511.135750
512.202550
512.542200
513.802150
514.928550
514.932950
514.964350
515.218950
515.277200
515.281050
516.689850
516.737900
516.847600
517.673600
517.678000
518.490950
519.188750
519.347750
519.421950
519.428850
519.864400
520.210900
521.754300
521.757950
521.927950
522.097450
522.916350
523.469850
523.902500
523.997250
525.004500
525.069500
525.777600
525.862750
526.149250
526.299100
526.304500
527.606650
528.125550
528.258350
528.804900
528.943950
529.402250
529.612600
529.866350
529.988750
529.992650
530.180700
531.203700
531.830650
532.233150
532.900850
533.712350
534.243100
535.034900
535.583300
535.961050
535.965400
537.708850
538.847900
538.988700
539.927600
540.325000
540.335000
540.491950
541.432650
541.848700
542.630250
542.634850
542.663200
543.331450
543.364050
544.157400
544.359250
544.841700
545.259800
545.264200
545.412350
545.422600
546.128900
546.306750
547.095500
548.375850
548.565100
548.925500
549.232650
549.976550
549.986000
550.707550
551.264750
551.683550
551.698650
552.024650
552.104600
552.300600
552.449400
552.998850
553.317700
553.504750
553.916700
554.766550
554.863900
555.964500
556.228850
557.144850
557.190750
558.812600
559.362800
560.246900
560.478100
560.497500
560.706900
561.239300
562.193850
562.271150
562.748650
562.768850
563.124900
564.020350
564.028950
564.563850
565.140600
565.728050
566.442000
566.737050
567.117300
567.198400
567.283250
570.805850
571.046250
571.536150
571.899850
572.290500
572.583050
572.611700
572.615800
572.920850
573.209600
573.329450
573.388800
573.887000
574.229700
575.359050
575.638700
576.718150
577.087950
577.623350
577.654900
578.168300
578.795350
579.225300
579.230700
579.513800
579.667850
580.164850
584.606750
584.672450
585.011850
585.231650
585.764000
585.851150
586.470900
586.730750
589.169700
589.269550
589.509450
590.368850
590.653300
590.968700
591.628400
591.908600
593.336600
596.549150
597.129450
597.269450
598.669450
599.769650
602.489100
603.968750
604.008800
604.308750
605.407300
605.587450
605.607500
605.667400
606.206800
606.226750
606.446450
606.546350
606.586700
606.886200
606.906100
607.085850
607.245750
607.265700
607.305600
607.585500
608.024900
609.456700
609.463700
609.483300
609.802500
610.701650
611.600900
612.699100
612.924450
612.949600
613.045050
613.364050
613.629300
613.633600
613.837550
613.843050
614.500000
615.095550
615.433650
615.770500
615.832000
616.420700
616.496500
616.733250
616.951000
617.047100
617.056050
617.753200
617.942450
618.070150
618.080200
618.122400
618.254000
618.789050
618.947650
620.176800
622.466250
623.219650
623.618150
623.687850
624.190850
624.195550
624.892750
625.215500
625.538600
625.544650
626.259250
626.824800
627.280650
627.388400
627.539600
627.729050
627.745100
628.204850
628.837150
629.014500
629.018000
629.157150
629.646250
629.819250
629.844150
629.851400
630.196650
630.377200
631.260200
631.268800
631.851900
631.873550
631.960800
631.978600
632.747350
632.837750
633.284200
635.216400
637.508550
637.760100
638.163600
638.376900
638.507950
638.691950
639.063700
639.069000
639.776800
639.788100
640.004300
640.009850
640.568300
640.733150
640.738700
641.116350
641.183200
641.247150
641.608450
641.673300
641.683800
642.468200
642.475150
642.824550
642.952500
643.303950
645.243600
646.724200
648.228150
649.227500
650.478350
651.855500
652.318000
652.766750
652.925050
653.527000
654.477950
654.482900
655.762400
655.817700
655.896800
655.984400
656.340850
656.478950
656.857900
657.088050
657.173750
658.373250
658.383450
658.754900
658.954100
659.645650
659.687300
659.692550
662.878100
663.185450
664.129500
664.144150
664.149800
665.437050
666.864250
667.067000
667.575250
667.590550
667.846650
667.995850
668.034150
668.174200
668.393900
668.398950
668.666100
668.670850
668.952350
668.955000
668.959400
669.482450
669.486800
669.635100
669.681350
670.048850
670.067550
670.205850
670.215250
670.220250
670.652500
670.666450
671.406550
672.459400
672.958950
673.033450
676.231150
676.425400
677.023700
677.115900
677.315550
678.096400
679.919650
680.895350
681.205400
681.302000
681.874200
681.928000
682.227350
682.241450
682.715700
682.839550
682.917800
682.921850
682.933500
683.094550
683.221900
683.577350
684.108900
684.112700
684.387350
684.745950
684.987400
685.337250
685.352150
685.471100
685.474450
685.515200
686.057250
686.159600
686.438950
686.656850
686.706000
687.533650
687.540500
687.910400
688.181050
688.635300
690.577850
693.354700
695.543800
697.139350
697.957550
698.229050
698.233750
698.710750
699.081800
699.285950
700.099000
700.149050
700.427300
700.452550
700.512900
700.828150
700.930950
701.248000
701.254100
701.259300
701.502200
701.928900
702.326250
703.286150
703.658900
704.641750
705.022850
707.898800
707.915550
708.515150
708.682850
711.141150
712.100400
712.402550
712.600800
712.615850
712.754600
713.445900
714.763850
715.335050
715.339750
715.777950
715.797700
716.487900
716.996100
717.029550
717.069000
717.522450
717.652050
718.756400
718.763300
719.487800
720.011600
720.393600
720.542300
720.698500
721.030800
727.005900
727.028200
731.251600
731.257000
731.887100
732.726150
734.458650
734.649250
735.700950
736.638700
737.313750
739.488650
739.830450
740.883650
742.217650
743.258600
744.380600
744.880700
747.268600
748.326150
748.646700
749.607450
749.616600
750.342150
750.669100
750.780400
750.864550
750.979050
751.166650
751.340150
752.172650
752.378800
752.395650
752.412600
752.416150
752.744400
752.748550
753.121950
753.376850
753.386100
754.307650
754.333750
754.472700
754.577150
754.870300
755.360100
755.401300
755.977350
756.249800
756.654300
756.847750
757.001400
757.334000
757.380650
758.147600
758.157750
758.636100
758.883650
758.943000
759.153100
759.346050
759.687650
759.692700
760.245750
760.664000
760.668950
760.710950
760.901400
761.176700
761.256850
761.646150
761.699600
762.004000
762.519650
762.921450
763.083000
764.015300
764.325400
764.330700
765.151100
765.602250
767.669050
768.246250
768.355500
768.444150
768.636800
768.789850
773.153550
774.777200
777.850450
778.916500
779.212200
779.805000
780.593500
780.658450
781.263450
782.209400
784.092700
784.479700
784.488950
784.495400
784.868850
784.874200
785.251550
786.089000
786.279500
786.796350
787.011200
787.815600
788.027300
788.382400
788.452800
788.471400
789.228900
789.292000
790.946550
791.991400
791.995450
792.523600
792.714350
794.956000
797.157700
797.175550
797.181300
798.465150
799.002050
800.887200
800.891550
800.898850
801.309450
801.427750
801.434800
802.517900
802.792250
803.699050
806.490500
807.978900
808.879850
808.894500
809.904200
809.959750
813.329550
814.727750
815.275800
815.502600
815.530200
816.004000
816.134850
816.954800
817.100450
817.196950
818.127850
818.138350
818.854400
819.051100
819.623750
819.854150
820.422150
820.437800
820.637550
821.072000
821.314550
821.508200
821.512700
821.611750
821.779850
821.840350
822.442200
822.473250
822.599150
823.039250
823.173800
823.305450
824.583950
825.315600
825.348500
825.877850
825.961100
825.963600
826.825500
827.012550
827.017650
827.024450
828.094450
828.317400
828.850800
829.243050
829.247500
829.258400
829.402200
830.186900
830.952500
831.213050
831.824000
831.862300
831.871850
831.885300
831.940000
831.946700
832.168650
832.310100
832.470400
832.475550
832.617650
832.961350
833.242400
833.550850
834.172150
834.682650
834.706400
835.242250
835.254150
835.376100
835.385350
835.973200
836.037500
836.309650
836.831650
837.223650
837.228300
837.753300
837.759550
838.217850
838.339050
839.411150
840.306700
840.503750
840.684000
840.892550
840.897000
841.090800
841.712350
842.053800
843.654700
843.660600
843.682150
843.689400
843.880700
843.970350
844.663600
844.966850
845.446800
847.033800
847.348100
847.667650
848.073050
849.100100
849.110150
849.586600
849.938000
850.702500
851.047100
853.604150
853.607700
853.941550
854.198650
854.798050
854.839250
854.847300
854.858600
855.108400
855.423250
855.786700
856.006950
856.877350
857.793200
857.859100
858.713200
859.723850
859.732850
859.786250
861.062850
861.710950
862.138950
863.000300
863.050650
863.059350
865.508850
866.037050
866.552950
867.151300
867.158050
867.262450
867.811350
868.093500
868.526800
868.952250
868.956050
869.003750
869.019200
870.712100
871.013100
871.195200
871.198700
871.468200
871.659600
872.513450
872.737250
873.399450
873.733500
873.962550
874.209100
874.243400
874.383050
874.421500
874.752400
876.237950
876.376800
876.381500
877.490600
877.595650
877.917150
877.952550
877.967050
878.173950
878.298750
878.631350
878.684200
879.105100
879.483300
879.860100
880.627200
881.307250
882.056900
882.079300
882.085500
882.183500
882.475350
882.596150
882.995800
883.038250
883.473150
883.583050
883.712750
884.072150
884.238050
884.760100
884.791050
884.939150
885.223900
886.944650
887.662500
887.667500
887.795500
888.708850
889.613900
889.917200
890.034200
890.711950
891.135050
891.143550
891.212500
891.228050
891.232450
891.908150
892.525100
892.907400
892.911600
892.932050
893.487000
893.763350
894.997800
895.447800
896.108600
896.278400
896.282450
896.853550
897.081150
897.235550
897.817350
898.023550
898.032000
898.288800
898.502600
898.512950
899.303300
899.310950
900.014350
900.029500
900.693350
900.946150
901.000500
901.092200
901.175150
901.444800
902.483000
902.505750
903.100950
903.547650
903.932800
904.155850
905.137900
905.896050
906.489450
906.992600
907.749200
908.320550
908.378750
909.354050
909.433050
909.544250
909.788500
910.321250
910.642150
910.961150
910.966500
911.119450
911.576600
911.588700
912.879400
912.938150
914.977800
915.108800
916.269200
916.511200
916.833000
916.838800
916.920950
917.001550
917.302500
917.444850
918.703250
918.997600
919.461150
920.469700
920.555300
920.806800
921.339600
921.615300
921.781300
922.153550
922.362400
923.758850
925.822400
925.922300
926.791550
926.795850
927.090350
927.110450
927.114050
927.119050
927.466200
927.761350
927.773900
927.779000
928.086900
928.410750
928.604100
928.793950
928.940250
929.489150
929.493400
929.890900
930.283300
930.628700
930.637550
930.784650
930.805250
930.845500
930.900200
930.917450
931.117700
931.728900
932.451700
932.734000
933.074250
933.166250
934.839200
935.677500
936.111500
936.526300
936.987000
937.024400
937.488000
937.947800
938.161400
938.166000
938.371900
938.727600
938.737500
938.973900
938.987600
939.000200
939.259900
939.515450
939.685850
939.754350
939.909600
940.205450
940.210300
940.292600
940.820300
940.822850
941.102200
941.279250
941.711200
942.673450
943.003700
943.065900
943.201300
944.026150
944.608200
944.783600
945.642100
947.447300
950.617700
951.283200
951.402150
951.668500
951.714350
951.968500
952.440550
952.592050
952.721850
953.044300
953.182200
953.468650
954.400950
954.560500
954.865200
956.106750
957.496550
960.075800
960.480850
961.677150
962.130300
962.136950
963.044950
963.180250
963.806000
963.810300
964.008400
964.079400
964.412650
964.454900
964.458450
964.477900
964.555050
964.619900
964.710600
964.714900
965.330750
965.423900
966.318350
966.699150
967.296550
967.300700
967.522950
967.948750
968.041600
968.117200
969.047900
969.107100
969.367550
969.560900
970.423400
971.608250
972.458900
973.693950
974.561350
975.503050
975.773850
975.905400
976.531300
978.018550
978.236450
978.620500
978.643900
978.765400
978.936900
979.335300
979.722000
979.735500
979.739900
979.891300
981.006950
981.055300
981.150000
981.643550
981.647900
981.684900
982.153050
982.224000
982.397450
985.477200
988.277000
988.320950
988.839800
988.966450
989.563450
989.825550
990.082100
990.086200
990.458550
990.463950
990.603450
990.986700
991.607550
991.985850
992.153950
992.373150
992.384500
992.755600
992.898600
993.342050
993.902850
994.110200
994.450950
994.929550
994.934550
995.041800
995.351450
995.453750
995.588900
995.716150
996.161800
997.253050
997.529950
998.162750
998.562250
1001.322500
1001.543000
1002.586250
1002.591500
1003.455850
1003.528950
1003.532850
1003.612000
1004.278450
1004.785350
1005.416450
1005.897000
1005.900800
1005.906600
1005.989250
1005.993150
1006.926350
1007.136950
1007.430100
1007.775950
1007.784300
1007.955950
1012.559450
1012.576950
1013.103500
1015.598500
1016.526800
1016.590000
1016.594900
1016.666850
1016.672000
1016.754950
1016.807250
1017.192100
1017.240750
1018.073200
1018.077700
1018.261250
1018.748350
1019.641400
1019.843300
1020.200700
1020.391200
1020.765100
1020.779350
1021.051400
1021.950050
1023.502650
1023.507750
1025.504400
1027.706350
1030.103100
1030.600050
1030.604250
1031.116400
1031.642200
