10.207300
10.312000
10.348300
10.462400
13.391700
23.615450
24.101150
31.279200
39.040300
39.044100
50.870750
53.564450
54.787350
54.819300
54.823550
54.833350
54.881900
57.565750
62.235850
62.239150
62.322650
63.766000
65.538100
65.541950
66.820350
77.887300
88.073550
88.263650
91.745500
91.749650
91.755950
91.761950
93.105150
93.108500
93.124750
93.283000
93.852600
93.865350
93.880500
96.063600
96.103650
98.508150
98.512550
100.696150
100.774650
102.003900
102.019350
102.023050
102.060600
102.822550
102.828450
103.453800
104.051300
104.057200
104.065600
104.360350
105.582400
106.016750
106.022350
106.883700
107.190450
109.032150
109.036250
109.652800
111.990450
112.020050
112.024550
112.325650
113.309100
113.312900
113.321900
115.222150
115.226900
116.397250
116.590650
117.238650
117.393650
119.630000
120.483700
120.487450
120.966150
120.980250
121.606050
122.261400
122.403750
124.996100
126.948250
127.445500
127.867400
128.224700
128.228400
128.803050
128.817700
129.920550
129.990150
130.821100
131.715200
131.769600
131.773200
131.780800
134.198850
134.410650
134.417750
134.463850
135.260400
135.626950
135.772450
136.001650
137.211050
137.515750
137.607250
138.071400
138.073800
138.082600
138.093350
138.103100
138.698500
138.704650
139.366650
139.370400
140.195600
140.200550
140.204650
141.378250
141.382600
141.393200
141.981400
143.525400
144.053750
144.059350
144.062200
144.068950
144.089500
145.858650
145.862700
148.743700
148.747200
152.206900
152.209800
152.213050
152.217550
152.226800
152.229500
152.244150
152.336650
153.343600
153.352750
153.357200
154.503800
154.507650
155.048750
155.053750
155.076200
155.812000
155.815700
155.840550
156.998150
157.052050
157.632350
157.636100
157.646200
158.804250
159.970000
159.973400
162.197250
162.201000
163.143650
163.145950
163.149300
163.154900
163.531750
164.066150
164.086350
164.090200
164.110500
164.118850
164.124400
164.896550
165.791550
166.257700
167.672700
167.678050
167.680700
168.548700
168.554250
169.136850
171.816250
171.819550
171.827050
173.053550
173.175900
173.187600
173.582050
173.586400
173.593700
173.941500
174.169400
174.173000
174.178700
174.191500
174.194950
174.609550
174.734100
174.738700
175.447500
176.201500
178.072950
178.076450
178.086450
178.486850
178.497050
178.505650
178.514850
178.540800
178.756500
179.290750
181.577700
181.985350
181.989900
183.877100
183.880850
183.895050
184.888450
184.892100
186.342100
188.695850
188.699350
188.872950
189.616850
189.620250
189.627400
190.179950
190.188150
191.584450
191.587950
191.598550
192.592750
192.596700
192.827200
192.831050
192.953450
193.079550
194.002600
194.714550
195.109800
195.115750
195.124350
195.131850
195.283050
195.288850
195.527050
196.872750
196.879750
197.666650
197.670400
197.678300
197.682150
197.684200
197.692100
197.699250
197.701600
197.710450
198.930700
201.617250
201.640000
202.981950
203.320950
204.836450
204.841000
205.853400
206.180800
207.232050
207.772800
207.800150
207.804600
208.767300
209.572750
209.856100
211.338650
211.359900
211.367400
211.370750
211.561650
211.566600
211.968850
212.460900
214.508650
215.024600
215.522000
215.526000
215.532000
215.823850
215.831050
216.046700
216.058700
216.468150
216.471950
216.477750
216.486500
216.493350
216.779400
216.858300
217.533600
219.497650
219.507450
219.989400
219.994100
220.673350
220.693000
221.733500
225.340100
225.999250
226.009900
226.014500
226.752250
227.721100
227.726000
227.750750
228.630250
228.634000
228.641350
230.049000
230.082600
230.087850
231.980750
231.984400
231.991400
231.995700
232.134050
233.889850
233.949350
233.952350
234.345850
234.348950
234.364900
234.577300
234.579850
235.112950
235.117400
235.126650
235.518450
235.525150
236.777200
236.785350
236.791400
239.616400
239.620700
241.099750
241.103300
241.115600
242.084700
242.171250
242.721950
243.401800
245.224500
245.985850
247.004350
247.018400
247.463600
248.587300
248.590900
248.599350
248.893200
248.913150
249.598850
249.603200
249.613000
249.618100
250.141350
250.727950
252.236650
252.240850
252.247450
254.580800
254.584750
255.278600
255.616350
255.619950
255.630400
255.661850
255.975150
255.983550
256.058950
256.133350
256.912700
256.917100
256.928050
256.936200
256.953750
256.961600
256.965300
257.362500
258.297350
258.299700
258.302000
258.319050
258.329200
260.410300
260.761300
261.992250
263.050800
263.204400
263.223400
263.229000
263.268100
263.427150
263.496550
263.571400
264.241850
264.247950
264.251550
264.932850
264.937000
265.707900
266.559650
266.563550
266.573800
266.601050
267.561750
267.566050
267.578150
267.928850
267.936350
267.944050
270.504350
271.782750
271.786250
271.810250
271.844700
271.854250
271.943500
271.965050
273.437900
273.460700
273.465900
274.525850
274.931450
274.974450
275.010950
275.021150
275.028950
275.060700
276.398950
276.846100
276.849700
277.068800
277.630250
277.634350
277.636550
277.642000
277.656950
277.879200
279.108500
279.346900
280.581600
280.591400
280.611900
281.795650
282.609700
282.613750
282.620300
283.650000
284.247600
284.261300
284.747450
284.755650
284.958550
285.330750
286.696050
288.051400
288.427000
288.429450
288.432700
289.948250
290.692200
290.694300
290.699400
290.705500
290.710300
290.727950
290.738850
290.751550
291.024950
291.033200
291.043350
291.207250
291.223350
291.233800
291.482100
293.306250
293.715150
293.719650
293.732500
293.736800
293.744150
293.751750
293.758900
293.764150
294.205200
294.389400
294.394650
294.403900
294.487150
295.327100
295.348150
295.802450
295.936450
298.799600
299.174300
299.184000
299.230700
300.118700
300.121750
300.125850
301.100550
301.111200
301.114050
301.777950
301.786400
301.790300
301.795400
302.543900
302.752500
302.932350
303.142050
303.152200
304.190050
304.373300
304.532000
304.542350
304.557850
304.672250
304.682500
305.332750
305.337400
305.395050
306.029800
306.035500
306.139600
306.638300
307.623400
308.511100
308.521400
308.543800
308.548750
308.562150
308.985450
309.461600
309.465650
309.593450
309.634350
309.926550
310.390950
310.395100
310.493150
310.979650
310.983650
310.995850
311.946400
312.553550
312.609050
312.613000
312.838250
313.222100
313.924900
314.140700
314.175550
314.178450
314.190500
314.568250
315.890150
315.897700
317.907800
317.924250
317.951400
318.301250
318.393750
319.761750
319.765750
319.771100
320.058450
320.104300
320.386250
320.602500
321.525200
321.544450
321.549300
321.556100
321.928500
322.644100
323.257450
323.641800
323.666200
324.165250
324.238550
324.721050
325.709900
325.723300
325.880300
326.997850
327.001750
327.007950
327.433950
327.438500
327.453650
327.469100
327.493800
327.507600
328.296100
328.306700
328.531150
328.535650
328.943450
328.954100
329.410650
331.173150
331.184800
331.189750
331.193300
331.201100
331.613650
332.090500
332.743850
333.103500
333.265450
333.270300
334.608150
335.329400
335.706500
336.035900
336.039800
336.048450
336.597650
336.601300
337.513100
338.672000
338.675400
339.178400
339.183300
340.310700
340.314950
341.185050
341.192500
341.203300
342.521250
342.525100
342.528000
342.538550
345.534750
345.546600
345.550700
345.556200
346.826600
348.405200
349.941550
350.440950
351.378800
351.385400
351.999150
353.931700
355.086100
356.417650
356.431650
356.434950
356.458000
356.473050
356.482500
356.490650
356.500650
356.978650
356.994050
357.827950
357.830650
358.420250
359.737650
359.742350
360.228500
360.489350
360.499800
360.984550
360.991350
360.995300
360.998900
361.002550
361.011850
361.017750
361.020050
361.024700
361.026750
361.032200
361.831800
361.842100
361.858800
362.417550
363.345750
363.361750
363.377550
363.387200
363.401700
363.407150
363.532300
363.732350
364.672100
364.678400
364.684900
366.214900
366.218900
366.223400
366.599100
366.743100
368.138550
368.142550
368.354750
368.358800
368.556100
369.751550
369.760900
369.988050
370.660250
370.995300
371.433500
371.961850
371.965950
374.868050
375.092950
375.097550
375.104850
377.303600
379.141100
379.144800
379.777100
379.958000
379.962100
380.614250
381.006800
381.539450
381.543450
384.319500
384.432050
385.336400
385.436150
385.858600
385.862150
385.902200
387.744600
388.420750
389.992700
391.023150
391.695450
391.699850
392.884050
392.888200
392.952750
393.536300
393.557850
393.578700
394.190300
394.825550
394.830550
395.398250
395.436550
396.498150
396.521750
397.982600
398.102950
398.695150
398.706300
398.710800
398.985750
399.004650
401.034350
401.039500
402.041450
402.186100
402.303050
404.046900
404.795150
404.803850
404.812650
404.986400
405.789900
405.793850
405.799600
405.810150
405.813300
405.816450
406.118800
408.281100
409.752500
410.184900
410.188500
410.200400
410.206100
410.424050
410.615800
410.838250
411.363700
412.183800
413.707600
413.713500
417.112850
417.117100
419.034200
419.624250
419.728300
419.732450
421.434050
424.552550
424.576000
424.664100
424.677850
427.255600
427.403100
427.458650
428.027700
428.034950
428.465600
428.837350
428.864300
429.024900
431.590850
431.602400
431.608800
431.873950
433.439050
433.443200
433.517250
435.359050
435.918300
435.928950
437.195150
437.203350
437.224200
438.473650
438.478350
438.731800
438.786750
438.789650
438.808500
439.983600
439.987000
441.891600
441.903700
441.924050
443.077900
444.778200
446.092700
446.096600
446.106350
446.118150
446.399500
446.738900
446.744750
447.014050
447.020350
447.609250
448.334050
450.035900
450.586300
450.630550
450.642050
455.286850
455.291550
457.132050
458.305400
458.356300
458.769600
459.651900
460.850950
462.496850
462.551500
462.555450
462.566650
463.418200
463.421650
466.507850
466.511950
466.525750
467.994750
468.230100
469.466950
471.036200
471.516050
471.520750
472.648100
472.695450
472.705350
472.709200
472.712650
473.533450
476.562150
476.598000
477.439850
477.755850
479.311900
483.294000
483.297850
483.458800
483.721200
483.725450
485.725250
487.409600
487.423700
487.427450
487.436900
487.456700
487.460000
488.565600
489.025100
490.314950
490.331200
490.421300
491.509900
491.513450
491.518800
491.524150
491.528450
491.531850
492.104500
492.792300
492.830850
493.862650
493.874050
495.121600
495.408250
495.414600
495.459700
495.481200
495.712800
496.957700
497.717900
498.020400
498.024150
499.819200
500.215950
500.220950
502.191550
502.196350
502.218550
502.223800
502.238950
505.353800
505.357150
507.509000
507.512900
507.519100
507.522950
507.544400
507.547000
509.027600
509.048100
512.391850
512.398950
512.404400
512.413450
512.646300
512.681950
512.816000
514.636150
514.645400
514.656800
515.579200
515.647150
515.650950
515.666800
516.032500
516.036800
517.478600
519.694200
520.910700
520.934400
520.975450
523.655950
523.663750
523.667300
523.961200
524.234050
529.823650
529.839700
529.846300
530.117100
530.236800
531.459700
532.175800
532.185950
532.877750
533.397900
534.072750
534.598100
534.603250
534.625050
534.628700
536.052750
536.091250
536.100150
537.040150
537.043600
537.048150
537.657900
537.667700
538.773100
541.821250
541.837950
541.859750
541.877300
541.887000
541.891450
541.899650
542.483550
542.661800
542.665550
542.675400
542.741900
542.751600
542.754250
542.764000
542.767700
542.775500
544.774200
544.777600
544.787100
544.855350
544.957700
546.370700
546.493050
546.528500
551.015800
551.020050
552.018550
552.026250
552.980100
553.917100
555.323350
555.329500
555.338400
555.502350
555.591100
555.780450
555.787900
555.791950
556.132700
556.138400
557.594100
557.607750
558.658950
559.044750
559.049650
559.285150
561.848200
561.852200
562.537400
562.570250
562.575450
562.592350
565.043550
566.594850
566.597450
566.599550
566.730250
568.924250
570.840650
570.845650
570.870950
570.883600
570.901800
571.041750
572.351650
572.940650
572.954650
574.538400
575.605000
575.861000
577.926500
577.930550
577.937500
580.393300
580.943150
581.866100
582.193400
582.210550
582.228700
582.234700
583.311600
583.319500
583.326450
605.007650
609.456600
612.430100
612.773250
612.779450
613.454650
613.932500
614.022400
614.807950
616.662550
618.916700
619.275900
619.695700
619.699650
620.182250
620.205250
620.216000
622.437150
622.893350
625.706950
625.710800
625.714000
625.729550
625.736700
625.884150
627.944250
627.947250
629.119150
630.636650
630.641100
630.776950
630.781150
630.849750
632.589150
632.599200
636.031600
636.618950
637.124500
638.021700
638.036600
638.054850
639.129550
639.161500
639.665000
639.669100
639.675050
640.639900
644.058950
645.614800
648.227250
648.576200
648.601450
649.305450
650.000550
650.004700
650.758250
652.152650
652.166450
652.191350
652.195050
653.011450
654.319050
655.114400
656.313000
656.325550
656.332950
656.606450
657.090800
657.634350
658.766200
662.873800
663.941200
663.952800
664.586850
667.085100
667.836400
667.841000
667.850050
670.695650
671.195650
671.218700
671.811050
672.948100
673.015400
673.027900
673.030050
673.034800
673.082450
673.085200
673.138200
674.215200
674.223850
675.371650
675.490600
675.519050
675.522700
675.525850
675.563150
677.095100
677.098600
677.106600
677.109200
677.315250
677.329950
677.392650
677.399650
677.420000
678.058200
678.062300
678.677950
679.178400
679.182500
681.498900
682.700600
682.704400
683.593800
684.188100
684.585850
687.926950
688.931500
688.937050
690.614100
690.618500
690.701500
690.716350
690.753750
692.953950
697.318900
697.328200
697.333100
697.341350
697.572250
697.584300
699.664950
699.941250
699.944850
699.952650
699.960700
699.966650
701.112300
701.117000
701.130550
701.142100
701.968250
702.108700
703.107700
703.111800
703.115500
703.488550
703.502000
703.918800
705.413700
705.599800
706.274100
706.279050
706.905450
706.909300
706.918500
708.212450
709.100950
710.153650
710.158100
712.111050
712.543550
712.890700
713.428650
713.485550
713.499200
714.089300
716.160350
716.163900
716.170350
716.172600
716.691800
716.959050
716.964700
716.969300
717.962600
719.044550
719.052600
719.354100
719.359050
720.057750
720.085900
720.089750
720.160650
720.378750
721.164700
721.171500
721.187250
721.206250
721.215050
721.224650
721.494350
721.502550
724.483200
724.485900
724.492900
725.296250
725.737450
726.274050
726.278050
726.672150
726.689050
726.703750
726.714850
728.650300
729.331400
730.390800
730.413950
730.417800
733.621650
734.123100
734.130650
734.153000
734.164100
735.989000
735.992950
736.005650
738.829850
744.005950
744.773450
745.731450
745.753300
747.051400
747.090850
747.363950
751.214100
752.593850
752.617500
753.456050
753.831250
753.836250
755.352000
755.622200
755.626050
756.060900
756.110000
756.123750
757.009500
757.014900
757.027800
757.505100
757.525700
757.553500
757.799150
758.776200
758.942950
759.732350
759.737200
759.750950
761.550200
763.763300
763.767050
763.775350
764.502000
764.505700
765.365550
767.314300
767.317850
769.418050
769.421850
770.137600
770.526550
770.530000
771.379150
771.499800
771.516400
771.518900
771.852150
772.895500
777.739100
778.870150
778.874050
780.607400
782.652100
783.338550
783.342050
783.355850
783.512350
785.664650
785.670600
786.332800
794.118100
794.121400
794.407200
795.416900
795.840550
795.844800
796.882700
797.173750
798.463650
799.217500
799.235450
799.239050
799.311000
800.571050
800.575150
800.581800
800.586150
800.604250
800.907550
805.733600
805.738150
806.446300
807.829700
807.833300
807.860550
809.853100
812.403000
812.407050
812.411450
813.140800
814.285050
814.288950
814.298300
814.306950
815.600550
815.904300
815.908200
815.922300
815.938050
815.946300
816.890450
816.894050
816.904650
817.111300
817.330100
822.234950
823.411300
823.414350
823.418450
824.278050
824.282200
824.291350
824.740100
824.754400
824.760700
824.766850
824.787250
824.870350
825.310400
827.697800
827.701250
827.710100
831.251850
833.995100
834.120000
834.137000
834.485000
834.743700
835.587800
835.591150
835.600950
836.062350
837.080700
837.086050
837.114800
837.626900
837.631950
837.651200
840.020400
840.035350
840.039400
840.068500
840.092150
840.096200
840.101400
841.701450
842.709750
842.713700
842.724800
843.424200
844.725200
848.900300
848.913350
848.930750
851.406000
851.424100
852.249650
855.249050
864.454250
865.056550
865.189200
867.355600
869.491350
869.495250
871.839900
871.885450
872.764000
877.457800
877.639400
878.942800
879.223250
879.240900
879.252900
879.290400
880.357750
880.791100
880.795600
880.815550
884.158000
884.162100
884.175050
884.734500
887.745500
887.973100
887.983550
887.988050
887.991600
887.994800
888.003950
888.672000
889.064700
890.360950
890.368600
893.973900
895.694650
896.603800
896.656350
897.458400
897.479650
897.493800
897.502200
897.513250
897.530250
897.561150
899.675600
899.691950
900.735750
900.739300
900.762200
902.236150
902.909850
905.543000
908.817700
910.435200
910.439250
912.928900
912.935550
913.395900
914.596200
914.694800
914.963000
915.179850
916.348850
916.369800
916.382150
916.395050
917.909600
917.913550
917.920900
918.276500
918.545350
918.549150
919.163750
919.168300
921.952200
923.236250
923.240350
926.130100
926.133600
928.479200
928.483550
931.532700
934.394550
934.468700
934.676800
936.552350
937.323450
937.394550
937.578700
937.583250
939.628650
939.632700
943.258800
944.342000
944.506200
948.680100
948.683950
949.169100
949.251600
952.400000
952.418150
954.032300
954.294550
954.298150
954.321400
954.383400
956.973500
957.209150
957.212900
959.195550
963.934250
965.661800
965.665900
966.387350
967.057900
967.068850
967.098600
967.105900
969.910050
970.617550
970.621600
971.428500
971.616400
971.708500
976.582200
976.585500
976.764500
976.767550
976.771200
977.785300
977.787650
978.343000
978.731650
979.058100
979.061700
979.654350
979.657400
980.045650
983.108200
984.086400
984.496850
984.740750
984.782250
986.280700
987.256900
991.152950
991.158200
991.988900
991.998200
994.313000
994.604050
996.188550
1000.748600
1005.283000
1005.301550
1005.303900
1005.307600
1005.903550
1008.798550
1009.820800
1010.157050
1011.879400
1011.882800
1011.896300
1011.997200
1012.042650
1014.130550
1016.062950
1016.820950
1018.930900
1018.934200
1018.944450
1018.952550
1020.557950
1022.386950
1022.848400
1022.852100
1023.200550
1023.210150
1023.214500
1025.895300
1028.210000
1028.469650
1029.144350
1029.570350
