0.169800
0.182850
0.316800
0.364750
0.552550
0.639250
0.821700
0.938500
1.175100
1.493550
1.497200
1.502450
1.656950
1.661750
1.790850
1.795150
1.971300
2.047400
2.053300
2.385250
2.546100
2.704650
2.708350
2.851700
2.909200
3.315050
3.451600
3.457350
3.645950
3.673150
3.959350
4.202850
4.257550
4.595600
4.697350
4.813350
4.820950
5.117550
5.122000
8.668400
10.220950
10.226600
10.232350
12.413700
14.563550
14.579650
16.828150
16.836100
16.839050
16.877400
18.404700
19.545500
19.549900
19.563900
19.569100
21.380250
22.086100
22.739800
22.748200
22.779450
23.293600
24.095300
24.156350
26.552600
26.562950
26.570350
29.179300
29.183050
29.198250
29.246200
29.931050
29.945700
29.947750
29.952950
30.804000
32.466800
32.489000
34.075950
34.092100
34.098050
34.108000
34.114550
36.069950
36.642750
37.219500
37.804900
37.821500
39.042500
41.351350
41.967600
42.885600
42.889550
43.266500
45.316900
45.320700
45.327350
46.526250
46.572750
46.602800
47.533400
47.557700
47.595700
47.602450
47.613850
47.894200
47.997500
49.630250
49.656300
51.530500
51.535300
51.902050
54.800000
54.804250
54.809550
54.819400
54.840250
54.857050
54.878100
55.251350
55.272400
58.885400
59.221850
60.224650
62.217700
62.244100
62.269700
62.283700
62.303450
62.321450
62.326100
63.891150
68.123400
68.140400
68.210800
69.056600
69.797700
69.945550
70.404550
70.424750
71.144200
71.563700
71.724450
73.661550
75.300750
75.324300
75.440000
76.738400
76.978700
77.700400
78.976650
79.396850
79.400050
80.116450
80.215950
80.695300
80.976000
81.435950
81.734650
81.795500
82.135450
83.735450
84.816100
85.316500
85.420500
85.676550
86.197500
86.802200
86.982300
87.237900
87.262800
87.648150
88.191450
88.213500
89.034850
89.040050
89.355600
91.148400
91.776000
91.791550
91.796050
93.110700
93.118150
93.294200
93.855100
96.100000
96.230350
96.240700
96.556100
96.592900
96.595050
96.617850
97.089600
97.107450
97.114650
97.123600
98.508200
99.691900
99.697100
99.773400
99.777150
99.781900
99.787450
100.299350
100.507700
101.202550
101.216600
102.019450
102.540650
102.545800
102.552300
102.556050
102.825500
102.827700
103.022650
103.660550
104.038600
104.069450
104.074250
104.378250
104.382750
105.661300
106.010300
106.016800
107.770250
108.053200
108.810150
108.873550
108.882350
108.892700
108.959600
109.011200
109.017150
109.035700
111.939550
111.944950
112.020850
112.994350
113.009000
113.146700
113.172400
113.296850
113.308050
113.311700
113.316350
113.328450
113.337350
113.349550
113.427150
115.205700
115.209900
115.214450
115.234950
115.237950
115.244050
115.251850
115.370150
116.525450
116.530000
116.762350
117.591000
117.613400
117.625000
119.872450
119.887900
119.896700
120.395100
120.496250
120.500300
120.531550
121.049650
121.906650
123.018900
124.433500
124.918500
125.008400
125.013750
126.172200
126.844550
126.904300
126.926300
126.936250
126.945300
126.954900
126.974550
126.988400
126.994100
126.996250
127.001950
127.015250
127.111850
127.351100
127.359500
128.200350
128.232100
128.242100
128.249050
129.015900
129.028000
129.632900
129.636750
129.656400
129.683300
129.909550
131.088400
131.097550
131.760450
131.769600
131.778650
131.894400
131.902900
131.911200
131.914650
131.920150
131.934550
131.938850
131.950150
131.952400
132.168250
133.933000
134.412650
134.419750
134.469250
135.107350
135.519200
135.524000
135.742750
135.770250
135.781800
136.605750
137.541650
137.580200
137.585650
137.605600
138.024200
138.084150
138.107950
138.113150
139.363950
139.369500
139.374000
141.363950
142.877550
143.103300
143.112450
143.129400
143.160400
143.964300
144.044500
144.053800
144.069300
144.086300
144.089550
145.847950
145.862800
147.024850
147.356650
147.365300
147.369300
147.377400
147.596650
148.417000
148.421600
149.011800
149.014700
149.060300
151.021900
152.200350
152.216650
153.031050
153.034850
153.044750
153.240800
153.352850
153.504900
153.515300
154.328500
154.508000
154.995100
155.056350
155.796800
155.805200
157.049950
157.052100
157.057850
157.626950
157.631850
157.637800
157.652450
157.805650
157.814400
158.681850
158.804850
159.544300
159.548100
159.970050
161.030100
162.205800
162.210850
162.213100
162.246200
162.258400
162.268700
163.127900
163.149450
163.488400
163.497400
163.824400
163.961200
164.066200
164.069250
164.073650
164.084250
164.101650
164.114650
164.228850
164.911700
165.229700
165.777300
166.104150
166.108600
166.118900
166.254300
166.301450
166.409250
166.425350
166.495950
166.501900
166.511750
166.513950
167.653550
167.672000
167.677200
167.680750
167.691150
168.450350
168.523400
168.667700
169.323800
169.336100
169.341200
169.421900
169.436150
169.843900
169.853550
171.019000
171.028900
171.294750
171.354500
171.805150
173.582050
173.589700
173.604050
173.618850
173.787900
174.172300
174.174750
174.178650
174.725200
174.727450
174.734100
175.116000
175.888350
175.892700
176.073250
176.096700
177.258550
177.739000
177.746350
177.930550
178.073150
178.086450
178.480100
178.488100
178.492300
178.500700
178.513250
178.517550
178.528050
178.532200
178.611050
178.624450
178.748000
181.957950
181.969750
181.973050
181.980150
181.989950
182.001300
182.015700
182.245400
182.483150
183.316300
183.337350
183.867450
183.882250
183.885550
184.994700
185.008600
185.195650
185.714400
185.904150
186.133000
186.194100
188.667950
188.687700
188.758700
188.780350
188.784700
188.791750
188.824150
188.866700
188.869700
188.883600
188.899050
188.975600
189.630650
189.636050
189.986050
189.990300
190.003450
190.008350
190.179400
190.185700
190.188200
190.192300
190.542400
190.549300
191.584500
192.292350
192.464550
192.823300
192.833000
192.835350
192.843250
192.891450
193.080200
193.816800
193.823500
193.986900
195.002600
195.097650
195.112600
195.194150
195.280450
195.286400
195.290450
195.524700
195.527100
197.388050
197.393150
197.665650
197.680700
197.692100
197.702900
197.821550
197.825500
200.602300
200.607000
200.941150
201.457650
201.508150
201.512600
203.019550
203.024000
203.271500
204.159650
204.811200
204.837800
204.841050
205.033900
205.043650
205.048650
205.702350
206.229000
206.787750
206.814050
206.858550
207.500200
207.522200
207.796400
208.017800
208.823350
208.836350
208.840850
209.985950
209.991350
209.998550
210.032900
210.062350
211.324800
211.335900
211.342500
211.358450
211.558850
211.567750
211.570550
212.523000
213.120550
213.124850
213.338550
213.567650
214.070300
214.979950
214.986800
214.991850
215.536650
215.837000
215.841500
215.848900
215.950500
215.955450
216.061200
216.070800
216.098200
216.477750
216.532650
216.536250
216.542600
216.545950
216.638400
216.851100
216.861650
216.875400
218.010250
218.180250
218.795950
218.800250
219.641500
219.647750
219.651650
219.964200
220.060850
220.512450
221.716450
221.722450
221.726150
221.735900
221.755450
223.634500
223.896350
224.537600
224.543550
224.954750
224.960350
225.290050
225.315900
225.336800
225.356550
225.365200
226.006800
226.036500
226.042700
226.167400
226.327550
226.339850
226.912950
227.348850
227.695200
227.700450
227.720500
227.730250
227.770500
227.792100
228.284900
228.291800
228.296650
228.312700
228.318750
228.618500
228.625500
228.630350
228.994600
230.082650
230.086850
230.103750
230.368750
230.785750
230.793300
231.014850
231.032200
233.290750
233.918900
233.937350
234.358400
234.364050
234.574000
234.589900
234.820250
235.498150
235.506050
235.510600
235.514250
235.531300
236.015600
236.791800
236.875150
237.431250
237.774500
237.830000
237.905200
238.108600
238.382300
238.406000
238.501500
238.505850
238.977650
239.892750
240.360900
240.366850
240.384100
241.102850
241.112550
241.966800
242.060600
242.063850
242.095850
242.142300
242.729300
243.389300
244.238550
245.017650
245.022300
245.224550
245.775950
245.975600
245.988150
246.817650
246.993100
247.964350
247.985150
248.127200
248.451850
248.580700
248.593300
248.595700
248.598250
248.607400
248.611750
248.712400
248.859900
249.613050
249.620850
249.786650
249.788800
250.098650
250.134400
250.208200
250.795950
251.118100
252.198900
252.642900
252.645850
252.650850
252.876000
253.573650
253.587300
254.571050
254.575500
254.805750
254.884850
254.891850
255.065700
255.072300
255.179400
255.247900
256.460850
256.909350
256.924750
256.927300
256.961450
257.360850
257.367400
257.657000
257.728650
258.135750
258.291350
258.296400
258.508800
258.655150
258.870950
259.772650
259.785900
261.374100
261.420700
261.745600
261.922900
261.928000
261.960150
261.974650
261.981700
262.012250
262.102700
263.199700
263.201900
263.704350
263.981250
264.027000
264.244350
264.249250
264.932900
264.959350
265.000250
265.048900
265.629150
265.699050
265.702050
265.915150
266.559650
266.568900
266.573850
266.587200
266.603450
266.774250
267.527250
267.532100
267.558450
267.564400
267.568950
267.577150
267.658650
267.913300
267.928950
267.941250
267.944100
267.950750
267.982250
268.261800
268.377650
268.388750
268.525200
269.081000
269.122800
269.344400
269.484900
269.503100
269.533000
269.548500
270.493750
271.613050
271.621400
271.782150
271.820050
271.842000
271.855900
271.859850
271.882100
271.895050
271.951350
272.028500
272.033400
272.070950
272.199800
273.268100
273.427850
273.438450
273.457800
273.473100
274.355150
274.915000
274.945150
274.993600
274.998050
275.010950
275.013550
275.016750
275.019900
275.033300
275.039550
275.618000
275.631550
276.374000
276.391850
276.402200
276.410500
276.577350
277.273800
278.008900
278.227850
278.791450
278.798050
278.804350
279.196500
279.343300
279.352350
279.668600
279.677550
279.847800
280.586100
280.593400
280.598650
280.608250
281.045600
281.680600
282.204300
282.243750
282.322900
282.341550
282.613400
282.619600
283.639900
283.649000
283.660300
283.663200
284.247650
284.415400
284.659150
284.670050
284.753600
284.759800
284.965200
284.971250
285.079900
285.338800
285.570650
285.855450
286.344050
286.364900
287.091100
287.776700
287.859150
287.861700
288.414100
288.429450
288.436550
288.455050
289.174000
290.262350
290.269150
290.683500
290.728000
290.730100
290.732550
290.741800
290.836050
290.853950
291.049900
291.205050
291.210750
291.214350
291.216500
291.218750
291.222350
291.239800
291.269650
291.560850
291.581450
292.515850
292.518050
292.523000
293.033650
293.043050
293.046250
293.692900
293.722400
293.734550
293.740100
293.750300
295.315750
295.436350
295.466000
295.478700
295.666950
295.680700
296.037550
296.354850
296.456400
297.867050
298.472950
299.174350
299.558950
299.565100
299.691500
299.782650
300.131550
300.165750
300.175700
300.186700
300.245150
301.114150
301.128850
301.795450
302.381050
302.745350
302.765900
302.931600
302.939900
302.943650
303.130050
304.013900
304.462700
304.467050
304.542550
305.635000
305.657900
306.012800
306.027100
306.029850
306.084950
306.131700
306.471900
307.623450
307.655050
307.802900
308.507400
308.519650
308.536500
308.561850
308.569900
308.669100
308.714200
309.152700
309.410900
309.413950
309.448800
309.461700
310.397400
310.485100
310.502400
310.596600
310.928750
310.979700
310.982150
310.987100
311.029550
311.103500
311.107800
311.113950
311.119300
311.125450
311.131150
311.223400
311.694600
311.698000
312.556700
312.722700
312.843200
313.906800
313.948700
314.149400
314.556650
314.564350
316.496000
316.498450
316.932650
317.089550
317.110050
317.761550
317.882300
317.890600
317.895800
317.913650
317.919350
317.929200
318.583050
318.592200
318.838200
318.847100
318.853800
318.857650
319.518300
319.705600
319.759500
319.927400
320.060100
320.081800
320.097400
320.104350
320.384200
320.712100
322.728250
322.737350
322.742250
322.868550
322.881150
322.909750
323.040050
323.636850
323.643750
323.645950
323.651500
324.184300
325.134350
325.679200
325.683150
325.687400
325.696950
325.723400
325.732100
325.759200
325.864650
325.868800
325.876300
325.880300
325.886100
325.961300
326.029200
326.191100
327.000550
327.439350
327.450100
327.454250
327.458750
327.471250
327.485600
327.581000
327.612600
328.519650
329.406100
329.415600
330.481550
330.487200
330.509500
330.876250
330.882450
331.407350
331.440800
331.445200
331.453050
331.854300
332.607500
333.881000
334.085350
334.269600
334.839400
335.240550
336.107950
336.192100
337.702300
337.803150
337.809100
337.971700
338.259750
338.669150
339.177650
339.182850
339.465800
339.479200
339.490050
339.572850
340.165050
341.078300
341.183850
341.192550
341.204300
341.296550
341.307450
341.647950
341.732500
342.336750
342.338900
342.550050
342.557850
343.468100
343.483700
343.771650
343.780700
344.331850
344.364350
344.375900
344.513350
344.960500
344.965600
345.525700
345.552150
345.557250
346.458300
346.838650
346.841300
347.716800
347.724250
348.391050
348.396150
349.363100
349.928700
350.095800
350.442000
351.025350
352.014350
352.888950
352.903800
353.325400
354.007000
354.141150
354.960850
354.971500
355.418750
355.421250
355.831700
356.088650
356.096450
356.102050
356.433500
356.436500
356.479700
356.489100
356.506750
356.972300
356.980250
357.131250
357.643800
357.653200
357.756550
357.830800
358.419800
358.436450
358.722400
358.850250
358.853250
358.865350
358.869300
358.946400
359.111550
359.734250
360.442900
360.469300
360.475650
360.489350
360.496250
360.503000
360.636400
360.953200
360.986700
360.989250
361.011150
361.017800
361.024700
361.034500
361.831850
361.838400
361.977550
362.409750
362.643850
362.822600
364.683450
364.809300
365.302950
365.379950
366.217550
366.221500
366.310700
366.843550
367.146500
368.147300
368.320250
368.326700
368.545800
368.550850
368.555100
368.563450
368.573250
368.728050
368.733400
368.836050
368.936050
368.943700
368.997750
369.751650
369.998350
370.177050
370.984150
371.915800
371.944250
371.954550
371.958900
372.007650
372.017950
372.116100
372.201150
373.468450
374.136250
375.082800
375.090800
375.096000
375.302400
375.465100
375.476200
375.699750
376.184600
376.307050
376.653800
376.952900
376.955250
376.991200
376.995500
377.391350
377.707900
377.863900
377.994450
378.006250
378.618250
378.780100
379.065800
379.133000
379.150900
379.962200
379.967150
379.990300
380.283600
380.292350
380.296850
380.309000
380.319650
381.182300
381.223650
381.352200
381.356450
381.390450
381.712050
381.726550
381.729300
381.843450
382.300200
382.304700
383.093850
384.219050
384.436300
384.828500
385.128050
385.856750
386.102750
386.512050
386.534300
386.543650
386.569650
386.777200
388.056650
390.001000
391.684550
391.700850
391.707000
392.131800
392.596700
392.868150
392.887350
392.899200
393.559200
393.567650
395.434900
395.931200
396.511500
396.661250
397.135200
397.196800
397.373450
397.439500
397.923750
397.981450
398.106750
398.134700
398.325250
398.689000
398.696450
398.698600
398.709400
398.984300
400.062950
400.231300
400.237550
400.249400
401.036150
402.076700
403.369450
403.634700
403.836150
403.900050
403.918900
404.061900
404.145650
404.149950
404.158300
404.164150
404.184800
404.265400
404.272500
404.803950
405.578850
405.727350
405.781150
405.802500
405.808350
405.811700
407.649600
409.520300
409.961050
410.007550
410.327050
410.431450
410.443200
410.546650
410.859800
411.109750
411.114250
411.331450
412.011250
412.252650
412.464000
412.569250
413.200150
413.706400
415.734950
415.889700
415.924300
417.115550
417.556700
417.651850
419.335350
419.523500
419.728350
420.693600
420.696900
421.446550
421.981800
422.183550
422.279100
422.294550
422.389750
422.927950
422.950400
423.638900
423.773150
424.451750
424.637150
424.652000
424.697500
424.947900
425.639550
425.779950
425.924400
426.871100
427.205550
427.260300
427.492450
427.959900
427.966500
427.971300
427.985700
428.831100
428.864300
429.242900
429.485050
430.711950
430.802400
431.288250
431.292650
432.633050
433.439050
433.445200
433.501200
433.680100
434.601300
435.073250
435.313850
435.332050
435.537800
435.965500
436.151350
437.203350
437.217000
437.238100
437.247300
438.472250
438.722300
438.781250
438.787750
438.804050
438.806300
438.813300
438.870600
439.983650
439.993800
441.175100
441.812150
441.818850
441.908050
441.952050
442.027250
443.055600
443.068550
444.187550
444.196300
444.776300
444.782350
445.456300
446.114600
446.168700
446.399750
447.609300
447.726800
448.168250
448.180650
449.582750
450.641700
450.646400
450.653350
450.682400
450.762700
450.806600
451.258750
452.638400
452.657550
452.722950
453.368000
453.490750
453.987450
453.993200
454.187350
454.192850
455.053050
455.061900
455.066050
455.110850
455.117300
455.286900
455.831750
455.888900
456.430350
456.436850
456.559850
456.975800
457.000600
458.351400
458.365350
459.636050
459.662150
459.726800
459.766900
460.606550
460.610950
461.010100
461.382800
462.446400
462.478300
462.572650
462.618650
462.629900
462.846350
463.409100
463.421700
464.313500
464.710700
465.197800
466.014200
466.462350
466.468100
466.495000
466.503700
466.515400
467.233450
467.654900
467.977950
467.981700
468.014000
468.971100
468.977050
469.482450
470.014450
470.185400
470.357600
470.365750
470.978700
471.010250
471.023000
471.030300
471.459450
471.469600
471.491200
471.985500
472.705350
473.043550
473.530800
474.811900
474.876450
474.882650
475.374800
475.463250
476.016400
476.032850
476.535650
476.578450
476.592800
476.610500
478.021900
478.493000
478.847750
478.852950
478.860750
479.222700
479.296850
479.315550
479.333650
480.197550
480.602150
482.424300
483.225850
483.232700
483.238850
483.258650
483.283300
483.292600
483.439350
483.573050
483.701350
483.718700
483.727550
484.409450
484.880200
484.923250
485.370200
485.727500
485.734350
486.362150
486.713700
487.401550
487.409650
487.425250
487.430900
487.457200
488.415900
488.532150
488.568650
488.641850
489.001400
489.012650
489.018350
489.377600
489.629900
490.335650
490.347200
490.359950
490.395700
490.421300
490.431800
491.147150
491.162350
491.479650
491.512100
491.525050
492.078800
492.082800
492.340700
492.704200
492.709800
493.610350
493.616350
493.842950
493.848350
493.922500
493.956900
494.422950
495.689700
496.949400
496.959550
497.201800
497.475850
498.015950
498.222350
499.239200
499.404050
502.082600
502.087650
502.184550
502.187550
502.192800
502.207250
502.234650
502.239000
502.325450
503.727050
503.730850
503.736000
504.328550
504.524550
504.532450
504.921600
505.165250
505.203200
505.336650
505.492500
505.498600
505.793350
505.845650
505.997850
506.063650
506.095900
506.118100
506.753100
506.758800
506.765600
506.783950
506.790150
506.888300
507.817300
508.792700
508.883500
509.010900
509.019700
509.022250
509.032750
509.048150
509.283150
509.570400
510.162950
510.470300
510.478250
510.484550
510.609100
510.640600
510.653050
510.655750
510.686050
510.690900
511.941750
512.168100
512.398950
512.402250
512.412800
512.421550
512.607300
512.658000
512.666650
512.702400
512.782700
512.802550
513.399200
513.404800
513.414800
514.139000
514.148300
514.176200
514.182700
514.616850
514.636200
514.639350
514.664550
515.799050
515.970150
516.018200
516.030500
516.043750
518.388350
518.548850
518.562350
518.575600
518.642700
518.653650
518.662400
518.889400
519.678300
519.681100
519.696950
520.973200
521.212050
521.519550
521.526850
521.549600
522.911900
524.222350
524.227000
524.239700
525.202250
525.519500
525.544200
525.553050
525.597250
526.122450
527.606250
527.627050
528.128750
528.142550
528.164200
528.456150
528.466700
528.745500
529.007800
529.678350
529.763800
529.806200
529.823700
530.125950
531.013900
531.019850
531.488100
532.175750
532.181050
532.494250
533.019900
533.209750
533.234050
533.379600
533.401000
533.415450
533.424900
533.694550
534.611700
534.615900
534.623700
536.088600
537.012200
537.020700
537.033950
537.084550
537.421400
537.655550
537.669400
537.671750
537.785700
537.788400
537.798750
538.007400
538.122400
538.516350
538.818650
539.022700
539.211100
540.246250
541.156550
541.865250
542.576950
542.653850
542.733000
542.742000
542.747400
542.753300
542.755400
542.761800
542.775800
542.783100
542.787250
542.797250
542.820100
543.372250
543.388600
543.393200
544.259250
544.657600
544.763550
544.777650
544.807450
544.863300
544.937500
545.250150
545.428850
546.377300
546.387700
547.365050
547.484400
547.876850
547.887700
548.049450
548.055950
548.084250
548.112400
548.395100
548.742800
549.529450
549.971000
550.402450
550.524450
551.018550
551.329900
551.336750
551.544300
552.028600
552.311750
553.315050
553.999300
554.015700
554.024400
554.043300
554.067900
555.312800
555.348500
555.363900
555.369950
555.790400
555.793800
555.796400
555.804000
556.129350
556.134800
556.228550
557.882950
558.534400
558.590450
558.596300
558.630150
558.636100
559.034350
559.043300
560.347500
561.442300
561.561750
561.566700
562.038300
562.592350
562.819850
562.825050
562.837950
564.278350
564.330850
564.680700
564.729200
564.741350
564.746750
566.580500
566.708900
566.711950
566.727900
567.310700
568.142400
568.165300
568.178050
568.308000
569.531800
569.538350
570.659100
570.829700
570.843750
570.852950
570.855250
570.860150
570.895400
571.010300
571.723750
571.729100
572.338850
572.343500
572.351650
573.308250
573.334800
573.337550
573.908800
574.799100
576.778550
576.783450
577.896400
577.929850
577.933400
579.444950
579.460300
579.888200
579.907050
579.911150
579.995650
580.361150
580.385750
580.533650
580.946550
581.048950
582.139300
582.196050
582.223450
582.228350
582.234800
582.244550
582.351750
582.663800
582.670700
583.307200
583.311650
583.315800
583.318100
583.537800
584.199400
584.492050
584.792300
584.872350
587.850050
587.973000
589.524150
589.948950
590.669350
591.034500
591.069250
591.109550
591.548600
593.068400
594.908750
595.489100
596.369400
598.969600
599.032700
600.350000
602.449350
602.670000
602.689500
603.708600
604.328450
604.368450
604.388600
605.411550
605.687400
605.787250
605.807050
606.046850
606.206750
606.366550
606.393150
606.486500
606.526700
606.606150
606.765850
606.786050
606.806000
606.886050
606.906300
606.986250
607.006000
607.085850
607.105800
607.265750
607.285450
607.645200
607.924750
607.985400
608.024800
608.044500
608.064750
608.084950
608.104800
608.144600
608.464300
609.323450
610.082700
610.651800
611.405300
611.580700
611.800450
612.140300
612.340050
612.400400
612.780650
612.784500
613.013400
613.019850
613.175800
613.243250
613.256400
613.267450
613.710550
614.035400
614.057150
614.752050
614.768550
614.803450
614.805550
614.872150
614.877200
614.904000
615.470100
616.832750
616.837850
616.857000
618.101350
618.108800
618.712650
618.724950
618.741150
618.767200
618.812900
619.054650
619.316850
619.695750
619.736100
619.742700
620.782850
620.832200
620.835850
622.887200
622.891450
622.901650
622.964650
622.969900
623.152950
623.166300
623.442000
623.846700
623.853950
625.042900
625.048100
625.294500
625.463250
625.616350
625.655700
625.688500
625.698300
625.710800
625.716550
625.729600
625.903400
627.137250
627.192050
627.200200
627.412950
627.418300
628.130450
628.158150
628.327700
628.333900
628.945050
629.080600
629.208250
630.231200
630.630600
630.632650
630.636700
630.649650
630.693400
630.794850
630.799700
630.803650
631.246200
631.956100
632.580500
632.599200
632.820400
632.869900
632.876100
633.058750
633.256500
633.992350
633.998150
634.816200
635.068850
635.450700
636.031700
636.076150
636.307650
636.823400
637.287800
637.998900
638.015200
638.020800
638.034050
638.044600
638.058650
638.061700
638.063750
638.137750
638.149900
638.547900
638.779800
639.158500
639.651550
639.664900
639.692350
639.696750
640.004900
640.016550
640.358450
640.694400
641.517150
641.771450
641.794300
641.802700
641.900350
641.908700
642.444100
642.448900
642.454550
642.464500
642.689000
642.771300
643.288150
644.152200
645.589550
645.598050
646.216250
647.745050
648.047250
648.209200
648.222850
648.227300
648.237150
648.252350
648.573000
648.803800
649.283700
649.313500
649.378550
649.623200
649.631900
649.783650
649.797050
649.813450
649.977900
649.982350
650.004800
650.836400
652.496250
652.893750
652.982450
653.544650
653.609050
653.639400
653.646800
654.051150
654.057300
654.345100
654.359100
655.050300
655.087300
655.105550
655.110000
655.116200
655.205050
655.209950
656.314300
656.333000
656.610000
658.516250
658.520750
658.524550
659.102350
659.713250
659.720150
660.686850
661.680300
661.682700
662.658050
662.871050
663.946350
664.028700
664.042550
664.836600
665.143750
665.809450
666.175650
667.079400
667.103050
667.315100
667.409650
667.742550
667.837800
668.000500
668.175250
668.444400
668.456950
668.691100
668.695600
669.019700
669.026050
669.092300
669.112200
669.213750
669.527750
670.302050
670.713350
670.966500
671.114000
671.120350
671.815350
671.839650
672.920400
673.078350
673.546050
673.857100
673.861300
674.338450
674.459150
674.471750
674.529850
675.211350
675.350600
675.521650
675.553300
676.616200
677.036500
677.043200
677.208750
677.216800
677.322900
677.442400
677.494000
677.507200
677.663550
678.048600
678.668950
678.673700
678.678000
678.680300
679.141100
679.152300
679.164250
679.178450
679.233600
681.037750
681.075850
681.096450
681.108150
681.275300
681.279600
681.288550
682.080750
682.116450
682.392800
682.403250
682.579550
682.606550
682.739850
682.752200
682.845350
683.127800
683.500650
683.527500
683.574400
683.588200
683.592850
683.595700
683.686200
683.740050
683.994100
684.014150
684.129900
684.512000
684.534200
684.562300
684.587600
684.705700
684.771700
685.002600
685.012300
685.427050
685.765800
685.965700
685.992350
686.047100
686.347350
686.947600
687.452550
687.701150
687.720100
687.761600
687.915900
687.921100
687.926550
687.955150
687.968100
687.974000
687.995950
688.000350
688.096450
688.487900
688.906500
688.911300
688.961900
689.520500
690.089400
690.614200
690.621050
690.688800
690.692550
690.834950
690.839050
691.422650
692.114100
692.119050
692.124100
693.510950
695.239850
695.592800
695.710950
695.715100
696.224550
696.230300
696.477950
696.944250
696.961250
697.312000
697.340800
697.565900
697.572300
697.612200
699.934900
699.963450
700.015250
700.093000
700.880100
700.885250
700.895800
701.142350
701.149150
701.155700
701.282800
701.302900
701.444750
701.466550
701.948100
702.103300
702.249500
702.291050
702.293800
702.320000
702.323900
702.447350
703.010150
703.100800
703.107700
703.120450
704.230850
704.337700
704.390950
704.399400
704.450350
705.588300
705.602550
705.713700
706.265250
706.905900
706.909300
706.921900
707.032400
707.040500
708.198850
708.204200
708.212400
708.356550
708.547600
709.079950
709.099500
709.840750
712.006750
712.163250
712.557000
712.808200
713.468450
713.483950
713.488850
713.514650
713.525100
714.273750
715.365750
716.193050
716.232100
716.237500
716.265650
716.969300
717.514200
717.552750
717.590150
717.594300
717.610800
717.644100
717.648400
717.656200
717.955600
718.379000
718.668750
719.023200
719.050750
719.089650
719.095850
719.132750
719.351250
719.367650
719.411550
719.572500
719.985250
720.009900
720.036850
720.040600
720.056100
720.073650
720.134950
720.156650
720.227350
720.333100
720.337600
720.355250
720.380600
721.164750
721.184600
721.497900
722.499050
723.394950
724.047000
724.056750
725.119200
725.301400
725.305950
726.674700
728.661900
728.674050
728.684800
728.886150
729.398400
729.547600
729.559050
729.567350
730.959700
732.140000
732.280700
732.461450
734.100700
734.105300
734.134150
734.146700
734.151300
734.177950
735.969000
735.988400
737.245450
737.508550
737.517100
739.330750
742.072300
743.092150
743.104900
743.328250
743.332800
744.777450
745.112850
745.140750
745.793250
747.051400
747.054600
747.068650
747.208200
748.214450
748.417350
750.001800
750.025300
750.044850
750.238200
750.574250
750.593000
750.596950
750.655250
750.664800
750.671700
751.288200
751.800550
751.804850
752.038850
752.193100
752.211800
752.231850
752.412650
752.557650
752.567950
752.648750
752.653100
752.698000
752.966150
752.974500
753.016650
753.506000
753.797300
753.827800
753.839650
753.887300
754.002350
754.175850
754.666900
754.680350
755.198450
755.232350
755.260100
755.268500
755.273650
755.347400
755.382000
755.468100
755.496050
755.599700
755.742800
755.747950
755.981950
756.041650
756.106800
756.111900
756.467400
756.496200
756.657850
757.262850
757.515900
757.526700
758.086650
758.166150
759.113900
759.273150
759.284550
759.290600
759.303150
759.472300
759.546900
759.637350
759.641200
759.819600
760.539150
760.544950
760.966350
762.743600
762.748950
762.751800
763.357050
763.406200
763.763300
763.809700
763.830500
763.834750
763.865650
764.608900
764.613050
764.619600
764.625350
764.951950
765.710800
766.397300
766.439350
766.772800
766.905050
766.912700
767.182150
767.230350
767.235000
768.327650
768.645000
768.650150
768.707550
768.713300
769.397650
769.410550
769.417450
769.421550
769.425100
769.811750
770.252000
770.514450
770.519650
770.528000
771.245450
771.255550
771.338350
771.344550
771.348550
771.376350
771.493600
771.498150
771.500750
771.519100
772.460200
772.463800
773.461600
773.967050
774.227200
774.489800
774.535100
774.539250
775.254000
775.646250
775.649950
776.041750
777.130400
777.149550
777.169050
777.554700
778.874100
779.168700
779.201200
779.221200
779.281000
779.461800
780.477800
780.485900
782.017200
782.248550
782.449750
782.683350
783.717600
783.860350
784.261650
784.266900
784.297000
784.398550
784.403000
784.410250
784.425150
785.221550
785.645250
785.660000
785.664700
786.815700
786.820400
786.920500
786.956900
787.133050
787.139350
787.551150
789.429750
789.488750
789.494500
789.910850
789.913650
790.986300
790.997150
791.002800
792.728850
792.737500
792.748300
792.982100
792.987650
793.014200
793.059450
793.168350
793.379200
794.075200
794.112300
794.118100
794.124400
794.148100
794.265350
794.268550
795.397850
795.418500
795.823550
795.833200
795.836450
795.872400
797.005650
797.109250
797.135500
797.170250
797.186000
797.539450
797.611750
797.970200
797.978950
798.461650
798.477900
800.206150
800.212100
800.217850
800.554650
800.589050
800.601500
800.627200
800.631450
800.777350
801.824600
803.162450
804.369000
804.928300
805.193100
805.879400
806.455900
806.469000
807.792400
807.823100
807.829700
808.315050
809.659050
809.667400
809.689200
809.817050
809.906650
809.909300
809.913250
809.949450
810.134100
812.001600
813.132050
813.140800
813.155050
813.163150
813.344350
813.353750
813.366900
813.376350
813.379050
813.383500
813.504750
814.273150
814.282150
814.298350
814.758550
815.599700
815.630350
815.673250
815.903150
815.913700
815.919600
815.940300
815.965000
816.015050
816.596650
817.176550
817.689550
819.155250
819.166850
819.182500
819.493550
819.797000
819.885350
819.887600
820.571750
821.173550
821.178100
821.187850
821.220100
821.233250
821.296150
821.575850
822.247300
822.258800
822.321700
823.274750
823.292400
823.556450
823.579500
823.594900
824.285550
824.718950
824.774750
824.780150
824.792500
824.807150
824.836450
824.896250
824.920900
825.237700
827.861550
827.944100
827.950150
827.952200
827.962950
828.113800
828.117900
828.693200
828.700850
828.846450
829.313050
829.334800
830.699650
830.709000
831.065300
832.002150
833.406100
833.415800
833.494150
834.122150
834.132750
834.142900
834.717500
834.725500
835.589800
836.045400
837.067400
837.072550
837.088500
837.108050
837.114800
837.654200
837.722550
837.729400
837.796400
837.903300
837.927800
839.260550
839.267150
839.395750
839.913100
840.035900
840.046400
840.051700
840.053750
840.056900
840.061600
840.067300
840.101300
840.105850
840.110250
840.127550
840.653200
840.912950
840.921000
840.937700
840.990950
840.995750
841.013800
841.027200
841.032200
841.237050
841.482500
843.580050
845.116250
845.130450
845.254950
845.546950
846.622200
846.644100
846.799600
846.914400
847.607850
847.624300
848.903200
848.906300
849.065950
849.241950
849.938100
850.381950
850.393950
851.110350
851.376900
851.410000
852.333900
852.336500
852.354250
853.076850
853.088100
853.102800
853.668750
854.449350
854.462950
855.073250
855.119400
855.455050
855.457150
855.464200
855.648350
855.851900
856.823500
856.848350
857.255150
857.359800
857.520300
858.484550
858.549850
858.553850
858.560500
858.924450
860.876300
861.741350
862.039300
862.085600
862.320800
862.620050
862.639500
863.035950
863.040300
864.194900
864.208900
864.221200
864.666700
865.510750
865.874050
866.281250
867.426050
867.515000
867.526250
867.676900
868.862050
868.866300
868.899250
869.496750
869.552400
869.554600
869.586400
869.800950
869.882000
870.419100
870.427300
870.467350
870.472250
872.764100
873.213900
873.219000
873.238100
873.243350
873.363250
873.581350
875.139250
875.238250
875.244000
875.257400
877.186600
877.644300
877.661200
877.665600
877.672450
877.792300
877.799100
877.984400
879.204700
879.223300
879.228300
879.234450
879.250700
879.257450
879.277350
879.300550
879.316450
879.582050
879.758150
879.774950
879.793150
880.088700
880.393850
880.403100
880.678350
880.723400
880.780200
880.927550
881.267350
881.924950
882.057600
883.037000
883.926500
884.164850
884.175100
884.202850
885.160600
885.164750
885.394550
885.406700
885.446150
885.510250
886.538400
886.542450
887.393050
887.398150
887.756050
887.866250
887.907950
887.963500
887.983650
887.987500
888.119250
888.303550
888.348300
888.407700
888.415900
888.431250
888.442900
888.632500
888.648400
888.655600
888.670900
888.815700
888.825800
888.831500
889.573850
889.614900
889.619800
889.626850
890.344200
890.921500
890.931600
891.454000
892.361050
892.698200
893.682550
893.695800
893.716700
893.925300
893.969800
894.990700
896.087550
896.383150
896.425750
896.620300
896.660900
896.675600
897.167850
897.191350
897.196000
897.200450
897.504200
897.506800
897.513350
897.529750
897.552250
897.669500
899.666000
899.846400
900.194950
900.306700
900.728750
900.738850
900.744500
901.655700
902.528850
902.878800
902.898500
903.112400
903.982800
904.320300
904.329350
904.415550
904.429750
904.441000
904.867700
904.929450
905.784000
906.370850
906.374400
906.806850
906.810450
906.815450
908.722100
908.752200
908.759000
908.766050
908.829100
908.836250
908.958850
908.964350
908.973850
909.089900
909.114100
909.405850
909.408200
909.907550
910.377500
910.430400
910.435200
910.580300
910.593300
911.885400
911.909900
913.092450
913.101850
913.223500
913.355400
913.374300
913.380700
913.384450
913.390050
913.397700
913.984300
914.161150
914.178500
914.249900
914.296700
914.450950
914.680400
915.746300
916.042100
916.047400
916.338900
916.345000
916.349150
916.352900
916.357050
916.369700
916.377200
916.386750
916.397600
916.483100
916.958950
916.961600
916.966150
917.895350
917.912350
917.914800
918.285250
918.672200
918.703900
919.550800
919.640850
919.650100
920.489750
921.248850
921.252900
921.267450
921.284100
921.353650
921.758450
921.887350
921.912900
921.948800
921.956050
921.960700
921.966850
921.976100
921.994300
923.218850
923.224550
923.240450
923.856900
923.867250
923.871850
924.958700
925.775900
926.114700
926.131350
926.133700
926.136500
926.574100
927.041200
927.046700
927.617550
927.830000
927.832650
928.453400
928.468850
928.742550
929.308600
929.838200
929.843850
931.516800
931.520400
931.528800
931.604350
931.610200
932.671650
932.676650
932.805150
933.006450
933.107100
933.153650
933.192050
933.201100
933.287350
934.020500
934.639900
934.924150
935.701800
936.243600
936.253650
936.280100
936.284650
936.296900
936.300450
936.711600
936.834100
936.843750
936.850700
937.202850
937.372700
937.384800
937.389650
937.397700
937.553500
937.557800
937.562600
937.577600
937.580850
937.592950
937.599200
937.617000
937.626650
938.532800
938.536200
938.540950
938.650650
939.003650
939.148600
939.615350
939.631150
939.642700
939.955600
939.964350
940.329050
940.444900
940.463100
942.025700
942.037550
942.459050
942.465700
942.536050
942.617900
942.846600
943.002250
943.149500
943.155900
943.166450
943.169950
943.179400
943.185950
943.189500
943.197550
943.209950
943.257050
943.634150
943.650500
943.656150
943.669950
943.674950
943.681900
943.688650
943.814750
944.477450
944.502550
944.511000
944.560300
944.817500
944.823000
945.091700
945.643650
945.825600
946.863400
947.019350
947.242850
948.101650
948.374300
948.763750
948.769500
950.024250
950.622350
950.825950
951.009250
951.275950
951.878650
951.980400
951.993100
952.030250
952.043200
952.156200
952.163400
952.166300
952.330950
952.375100
952.400050
953.280650
953.575750
953.596250
953.715350
953.720350
954.051400
954.295300
954.299650
954.309350
954.386600
954.390650
954.394750
954.529700
954.534100
954.536250
955.325950
955.461800
955.467100
955.503150
955.513750
956.077350
956.583750
956.986850
957.260000
958.137200
959.769350
959.795700
959.800450
960.042900
960.395500
960.742350
961.974150
962.059400
962.497500
962.826500
962.870850
963.056150
964.062700
965.065850
965.269500
965.273550
965.643050
965.653250
965.663550
966.110700
966.115650
966.587400
967.060000
967.068650
967.076450
967.115350
967.150900
967.256250
968.584950
968.815750
968.931350
969.844900
969.898000
970.617600
971.086500
971.090900
971.452650
971.612150
971.648750
971.651700
971.745250
971.749400
971.818300
972.480850
972.487150
972.494200
972.508850
972.772550
972.777550
975.548950
975.581350
976.032050
976.575650
976.583750
976.610700
976.636500
976.713500
976.728150
976.750450
977.256300
977.260100
977.264700
977.491800
977.502400
978.046550
978.079200
978.133400
979.061700
979.136600
979.622800
979.627400
979.631550
979.654350
979.685300
979.692200
979.806000
979.810950
979.875550
979.915850
979.930500
979.952300
979.956250
980.190100
980.195000
980.240800
980.783050
980.856100
981.132600
983.096550
983.511100
984.081800
984.230150
984.395750
984.782650
985.059000
987.228700
987.244150
987.355100
987.934250
988.522550
988.721000
988.726700
989.264000
989.501900
989.523050
989.651500
989.760450
991.153300
991.215000
991.997650
992.020650
992.024200
992.027400
992.034800
992.658100
992.663000
992.682750
992.700900
992.911650
993.153900
993.176600
993.457000
993.492450
994.280250
994.305950
994.310200
994.334500
994.547800
994.552900
994.564450
995.247300
995.431850
995.488500
995.752700
996.404900
997.049500
997.073900
997.118350
997.797850
997.807050
998.322050
998.350400
998.372250
998.379550
998.459450
1000.739350
1002.332900
1002.376900
1002.394400
1002.553200
1003.495100
1003.505250
1004.147250
1004.155200
1004.273200
1004.278600
1004.336850
1004.960200
1004.963800
1004.969100
1005.281650
1005.310550
1005.318900
1005.324000
1005.403350
1006.254350
1006.265050
1006.320650
1007.496000
1007.568850
1007.572400
1007.577250
1007.595000
1007.625150
1008.364500
1008.371300
1008.445100
1008.525350
1008.565500
1009.874900
1010.636700
1011.883950
1011.893750
1012.016750
1013.505250
1013.510050
1013.531850
1013.838800
1015.029000
1015.040000
1015.736300
1016.065250
1016.154850
1016.292100
1017.073400
1017.415700
1017.632250
1018.911000
1018.933700
1018.945700
1018.958650
1019.512650
1020.220250
1020.525500
1020.532650
1020.537950
1020.573500
1020.598000
1020.601700
1020.620150
1020.985850
1021.780000
1021.784850
1021.925300
1022.469000
1022.478700
1022.794100
1022.798800
1022.848400
1022.879150
1023.225800
1023.229650
1024.717600
1024.723050
1025.611900
1025.869950
1025.915500
1026.542050
1026.559500
1027.770400
1028.395250
1029.550800
1029.568600
1029.890800
1029.892900
1029.905000
1029.918700
1031.030750
1031.208700
1031.215700
1031.360250
1031.729600
