0.130050
0.316550
0.476300
0.718250
1.342550
1.552150
1.606150
1.750400
1.944350
2.154150
2.577050
2.938850
4.522550
5.142850
5.356300
5.480250
5.588000
5.784750
5.913650
6.240950
6.700250
7.513550
8.186350
8.555900
8.594150
8.741000
8.836200
10.221000
10.223850
10.235950
10.244300
10.251050
10.256550
10.267750
10.270700
10.289550
10.300950
10.381550
10.384050
10.397900
10.440350
10.454750
10.503900
10.524250
10.536000
10.559850
10.579550
10.607100
10.655150
10.660850
10.701800
10.745150
10.783250
10.790200
10.806850
10.842300
10.896400
10.953450
10.976950
11.160400
11.210500
11.226950
11.337650
11.368850
11.425450
11.453000
11.475300
11.499650
11.567650
11.596800
11.600550
11.626500
11.668300
11.694600
11.754500
11.901500
11.935050
11.947050
12.048300
12.139750
12.213200
12.252800
12.276400
12.298150
12.311950
12.335200
12.382350
12.408050
12.439250
12.534200
12.678300
12.751650
12.903450
13.356300
13.384300
13.423200
13.442750
13.598450
13.713200
13.790550
13.915950
14.075300
14.357750
14.450900
14.562150
14.655150
14.907250
15.065500
15.179450
15.408500
15.584200
15.770400
15.915050
16.132400
16.212950
16.225250
16.522900
16.831550
17.170050
17.207500
17.225950
18.407400
18.705350
18.725050
18.985900
19.795000
20.100800
20.183450
20.436450
20.710000
20.783200
21.276900
21.357550
21.603500
22.040400
22.068600
22.071450
23.725450
25.194150
26.924050
27.224950
27.459250
27.804550
29.178950
29.234350
29.459900
29.557500
29.679250
29.780000
30.349250
30.573550
30.751200
31.033200
32.720000
33.844900
33.936000
34.144300
34.643200
34.677250
35.142850
35.761350
36.029450
36.070050
36.177400
36.310650
37.073100
38.359150
38.459550
38.669750
38.828050
39.002050
39.018350
39.742600
40.102850
41.250000
41.900150
41.903600
42.897100
44.248100
45.300700
45.641650
46.601150
46.749350
47.894200
49.694700
50.198850
51.179350
51.197500
51.509500
51.617150
52.082200
52.995350
53.163650
53.306550
53.450500
53.548550
53.852300
53.880400
54.106900
54.801500
54.877200
54.986800
55.310450
56.414350
57.041700
57.250100
57.437400
57.575550
57.860750
58.148600
58.714400
58.777050
58.910300
59.671400
59.889450
60.035350
60.038050
60.138550
60.169350
61.480550
61.969000
62.224000
62.227300
62.235500
63.041600
63.867750
64.855800
65.526850
66.123250
66.305350
67.227450
68.081800
68.118350
68.154050
68.427000
69.144050
69.390450
69.463200
69.922050
88.088200
88.482400
88.535150
88.646400
88.799250
89.355750
89.399400
89.495350
89.771900
90.004500
90.337650
90.571900
90.904650
91.249950
91.252900
91.258750
91.366550
91.896750
92.225100
92.314900
92.498100
92.696950
93.070850
93.097100
93.099950
93.137150
93.299800
93.312100
93.496600
94.055550
94.330050
94.737250
95.182250
95.260850
95.421550
95.871350
96.213600
96.622150
96.625150
96.655000
96.812100
97.459850
97.574600
97.587200
98.363900
98.472950
98.507300
98.704950
99.023600
99.683200
99.736050
99.915000
100.491950
100.627700
101.007800
101.056000
101.114100
101.422800
101.463000
101.512000
101.575150
101.951900
102.554950
102.611050
102.848350
103.097200
103.336150
103.602450
103.795750
103.919000
104.149750
104.295900
104.883200
105.083650
105.530850
105.581250
105.695900
106.095600
106.192700
106.872400
107.332100
107.403550
107.521350
107.653750
107.970450
108.719700
109.066550
109.654500
110.163900
110.206550
110.487600
111.037550
111.309950
111.932700
111.938800
112.015350
112.107700
112.367450
112.994400
113.001850
113.305300
113.910100
114.051150
114.381450
114.406800
115.103450
115.204650
115.238150
115.264300
115.464800
115.976300
116.237300
116.530500
116.698150
117.051100
117.684600
117.823000
118.487100
118.884900
119.329100
119.596700
119.861150
119.866350
120.056750
120.251000
120.695350
120.888850
121.143950
121.166800
121.373050
121.668300
121.672200
121.831850
121.911350
121.914150
122.340050
122.579100
122.585150
122.834100
123.648150
123.755250
123.855100
124.503550
124.776850
125.082650
125.811600
125.957850
125.970450
126.526250
126.540000
126.798050
126.915300
127.781000
127.813900
128.369650
128.799750
128.868100
129.161200
129.295450
129.826400
129.912650
130.291550
130.439300
130.652200
131.762250
131.780550
132.730500
133.180300
133.753950
133.949950
133.997550
134.319600
134.390350
134.796700
135.195700
135.621100
135.772100
135.805800
136.334850
136.466700
136.688250
137.072150
137.119350
137.472700
137.849400
137.853650
137.956100
138.126400
138.696450
138.704050
139.165500
139.198950
139.447050
139.657350
140.745650
141.168050
141.331000
141.794500
142.010800
142.014700
142.051550
142.155150
142.274150
142.352000
142.356900
142.668650
142.681800
143.215250
143.448250
143.828550
143.920300
143.931400
144.364800
144.410250
144.418700
144.747250
145.262350
146.367750
147.023300
147.375250
147.379600
147.974900
148.263250
148.678950
149.174700
149.347800
149.492000
149.537750
149.634400
150.170900
150.461850
150.485350
150.538550
151.017550
151.020400
151.024400
151.043250
151.129150
151.163600
151.483400
152.202200
152.219200
152.313850
152.542900
152.566850
153.707550
153.995400
154.263850
154.490050
154.493500
154.508200
154.567550
154.733000
154.936900
155.018050
155.252700
155.316950
155.607200
155.801300
155.885250
156.119100
156.292600
156.478250
156.989050
157.025800
157.037250
157.375800
157.619800
157.774350
157.806350
158.154150
158.443700
159.060100
159.073600
159.174950
159.558850
159.562050
159.836100
159.929800
160.021050
160.229650
160.644600
160.688700
160.799800
161.379550
161.553400
161.629150
161.781950
161.826550
161.902000
161.907500
162.209000
162.581150
162.862900
163.114100
163.124400
163.130550
163.163050
163.318800
163.755900
164.044000
164.064050
164.076950
164.080100
164.088400
164.102750
164.151600
164.421300
164.643700
165.097850
165.647800
165.797400
165.926300
166.461450
166.898400
167.178150
167.594550
167.760400
168.029100
168.358900
169.113700
169.209450
169.286200
169.372600
169.962250
169.968600
170.696100
171.017050
171.020100
171.097300
171.195300
171.739700
171.776650
171.816500
172.044550
172.062850
172.150500
172.153300
172.157650
172.284500
172.384050
172.566400
172.606800
172.714850
172.939600
172.972800
173.407150
173.530900
173.620650
173.629700
173.641050
173.850300
174.074250
174.295650
174.325050
174.335250
174.590700
174.816150
174.845750
175.397850
175.715900
175.888500
176.055400
176.499900
176.517150
176.973200
177.130400
177.482700
177.549800
177.753350
177.843950
178.022350
178.338900
178.599100
178.902150
179.014850
179.233000
179.605500
179.753000
179.772900
179.878100
180.062250
180.290100
180.401000
180.614200
180.841350
180.888000
180.891750
180.895300
181.154400
181.552400
181.719050
181.810850
181.891450
181.917650
181.951250
181.954550
182.482400
183.042750
183.173200
183.394650
183.408950
183.617400
184.873250
185.427800
185.436400
186.252650
186.320700
186.515350
186.713650
187.138650
187.450450
187.457950
188.139000
188.758750
189.146100
189.606150
189.734500
189.918650
189.993250
190.271700
190.481750
190.565650
191.113300
191.142800
192.172350
192.464100
192.506650
192.815000
193.249300
193.419850
193.823650
193.968500
194.134100
195.009400
195.472750
195.528400
195.797350
196.482800
196.638350
196.672850
196.852100
196.978600
197.425400
197.667900
198.052500
198.211200
198.278200
199.103650
199.173150
199.394800
199.640100
199.847000
199.919800
200.452950
201.069700
201.464900
201.784250
201.846950
201.862900
202.003900
202.008000
202.593500
202.994450
203.449800
203.479900
203.502500
203.800800
203.807200
203.912050
204.143400
204.271700
204.383650
204.454250
204.477350
204.855200
205.148650
205.964900
205.994850
207.278650
207.399250
207.430350
207.460550
207.544700
207.808100
207.924600
208.110050
208.220800
208.522150
208.959700
209.015850
209.212850
209.578300
209.878900
209.925850
209.982300
209.989950
210.302600
210.334450
211.367550
211.513000
211.666600
211.717350
211.794700
212.149150
212.825950
213.014400
213.433650
213.711200
213.858400
214.056200
214.064450
214.239300
214.535250
214.982600
215.305550
216.066800
216.071000
216.182850
216.190350
216.402250
216.845350
216.872700
217.805850
217.817450
218.159200
218.219750
218.224150
218.227500
218.355050
218.358150
218.575450
219.174500
219.606250
219.636800
219.896950
219.941300
220.719850
220.831600
221.275750
221.713400
221.716550
221.742750
221.822850
221.845350
222.036300
222.115950
222.235300
222.407100
222.432350
222.569100
223.340300
223.564100
223.727200
223.863400
223.869500
223.873700
224.033450
224.756450
224.825900
225.266700
225.552050
225.596600
225.723100
225.993750
226.442750
226.566450
226.930650
227.345700
227.582350
227.647500
227.747100
228.125800
228.282150
228.303800
228.708500
228.902600
228.908450
229.158250
229.168500
229.432950
229.937200
230.355300
230.449600
230.569500
230.694350
230.864500
231.336350
231.342900
231.586550
231.748450
231.800450
231.826650
232.142550
232.198850
232.212950
232.376500
232.784400
232.858150
233.044700
233.153650
233.201100
233.217100
233.474300
233.669400
234.346900
235.104800
235.125500
235.147050
235.414400
235.530550
235.600550
235.872750
235.970800
236.375750
236.718400
236.767550
237.750500
238.211400
239.628150
240.103400
240.108200
240.166250
240.398100
240.791800
241.087400
241.109050
241.122300
241.590000
241.953150
242.023250
242.317000
242.457950
242.577650
242.654200
242.716550
243.637300
243.750300
244.131550
244.447400
244.751850
244.759500
245.038550
245.339550
245.375500
245.836800
245.932550
245.972500
246.345350
246.861950
246.877750
247.007450
247.311750
247.544200
247.805750
247.809350
247.873200
247.931000
248.060150
248.313900
248.320700
248.859950
249.107850
249.194200
249.868600
250.017500
250.091850
250.237150
250.359100
250.615600
250.696000
250.773650
250.912900
251.083600
251.212600
251.541350
251.810050
251.848900
252.032300
252.052000
252.162000
252.423850
252.866800
252.958800
252.974700
253.010300
253.043250
253.586050
253.714600
254.001800
254.175750
254.220900
254.485950
254.601400
254.708050
254.871300
254.897800
255.088550
255.094100
255.101000
255.291700
255.353750
255.513550
255.702500
255.871400
256.029050
256.251100
256.512750
256.743950
256.932100
256.976650
257.240950
257.250450
257.258100
257.280300
257.573700
257.786500
257.819150
258.150500
258.794500
258.934400
258.974050
259.231850
259.237500
259.299650
259.622850
260.232450
260.440100
260.532150
260.638750
260.877450
260.944600
260.984500
261.071200
261.131600
261.336700
261.670900
261.880050
261.941700
262.007900
262.288450
262.629200
263.443500
263.659400
263.789800
263.826250
263.829100
263.832900
264.036000
264.042950
264.124400
264.248650
264.252500
264.317150
264.364550
264.950450
265.328150
265.718050
265.801250
265.960500
266.187700
266.575600
266.870050
266.946900
267.163550
267.204650
267.492800
267.541500
267.586150
267.854550
268.136300
268.454050
268.480000
268.583200
268.679900
268.869900
269.065300
269.405000
269.490850
270.071800
270.119250
270.504600
270.595100
270.707700
270.828150
271.035700
271.328000
271.366250
271.478300
271.599500
271.788650
272.142200
273.317250
273.464000
273.612950
273.981400
273.984900
274.309950
274.501150
275.011000
275.203050
275.236650
275.599000
275.979550
276.223600
276.330750
276.363100
276.401950
276.710450
276.820850
277.137650
277.142250
277.258050
278.045950
278.188250
278.281350
278.527650
279.019750
279.272700
279.577750
279.663850
279.834200
279.969400
280.059600
281.042750
281.440150
282.258650
282.902650
283.486750
283.799350
284.058000
284.423250
285.059950
285.293650
285.852900
286.227650
286.652950
287.194100
287.404900
287.897500
287.966600
288.421300
289.040700
289.423150
289.552500
289.559950
289.811700
290.536050
290.785750
291.060150
291.140600
291.512600
291.694650
292.327850
292.680000
292.690250
293.246950
293.394550
293.566750
293.586350
293.733600
294.164350
294.685050
294.707500
295.154750
295.260900
295.527750
295.802500
295.865000
295.966200
296.368200
296.670700
296.873300
296.911850
297.032700
297.392950
297.557300
297.561450
297.852100
297.977800
298.192450
298.282650
298.381350
298.409950
298.543100
298.910900
299.192400
299.246600
299.419150
299.437100
299.445750
299.949550
300.180000
300.483350
300.750250
301.070200
301.095250
301.213400
301.625200
301.633200
301.685200
301.911000
301.999000
302.058800
302.170150
302.198850
302.935050
302.951150
303.291050
303.335800
303.362050
304.112350
304.284800
304.286900
304.570600
305.235150
305.280000
305.448600
306.393600
306.595000
306.732300
307.102400
307.605800
307.655000
307.679400
307.770600
308.127600
308.517550
308.549600
308.984400
308.990400
309.749850
309.767200
309.781800
309.919650
309.983950
310.072700
310.383600
310.528850
310.540350
310.642650
310.781700
310.982150
310.998050
311.080850
311.094600
311.109400
311.236200
312.393250
312.556850
313.308100
313.318050
313.489100
313.620500
313.976500
314.486800
315.036950
315.059600
315.148050
315.414650
315.448400
316.741750
317.258150
317.507400
317.951500
317.954100
318.308800
318.325050
318.641150
318.845900
318.967000
319.185350
319.511500
319.600400
319.631150
319.668250
320.003000
320.817100
321.000200
321.380150
321.801650
322.878050
322.882950
322.886900
323.067750
323.106700
323.152950
323.289100
323.677950
323.867400
323.872800
324.128600
324.291250
324.321100
324.597800
324.819000
324.999100
325.142350
325.392750
325.403500
325.608950
325.845800
325.982050
326.080250
326.084200
326.110350
326.170750
326.469800
326.733500
326.997500
327.124800
327.419250
327.738250
327.755000
327.977400
328.015600
328.062900
328.075750
328.193250
328.292600
328.690350
328.930950
329.271200
329.531000
329.566050
330.008350
330.126950
330.250400
331.331600
331.396350
331.480650
331.824850
331.943650
332.071350
332.182650
332.645700
333.258750
333.628000
333.877200
334.150400
334.767800
334.773550
335.312250
335.477450
335.610600
335.647700
335.805050
336.168300
336.435650
336.463200
337.151250
337.169200
337.543000
337.666700
337.788750
337.797300
337.844800
338.128100
338.873000
338.917250
339.147000
339.354350
339.399700
339.443400
340.952650
341.040300
341.448650
341.998100
342.152750
342.203600
342.336250
343.419000
344.187250
344.433650
344.688150
344.864550
346.054500
346.094400
346.244000
346.473000
346.814150
346.843850
346.921950
347.244100
347.435950
347.674550
347.688200
347.691300
348.084000
348.307100
349.525250
349.572850
350.254750
350.341400
351.765650
351.805300
352.046750
352.419750
353.047850
353.076150
353.158250
353.164050
353.631400
353.986450
354.114400
354.645800
356.415600
356.613400
357.300000
357.666650
358.125400
358.438150
358.922750
358.946400
358.975850
359.254950
359.636250
359.683150
359.718650
360.031300
360.453400
360.464050
360.629500
360.644200
360.719350
361.001650
361.013650
361.407550
361.431150
362.149900
363.550100
363.978500
364.446800
364.536900
364.656100
364.660900
364.686750
364.760000
365.727900
365.744000
366.206700
366.442250
366.469950
367.221650
367.507000
368.116700
368.343850
368.810250
369.627700
369.669600
370.253000
370.888800
370.958650
370.963050
371.000200
371.328400
371.331200
371.701800
372.365650
373.200250
373.443050
373.520850
374.139550
374.557450
375.290300
375.516050
376.016250
376.048800
376.056100
376.653850
376.926950
377.072100
378.447850
378.594500
379.571950
379.846050
380.247850
380.310500
380.704750
380.786650
381.013950
381.173050
381.713650
381.735250
381.886350
382.062900
382.447800
382.654700
383.093850
383.174850
383.408750
384.317550
384.434600
384.573500
385.067550
385.644250
385.859350
386.151500
386.156400
386.264850
386.494250
387.499850
387.645350
388.565700
388.686800
389.764450
390.794400
391.249800
391.684350
391.687500
391.754450
392.368800
392.487300
392.567600
392.893300
392.937850
393.342900
393.533600
393.594350
393.618200
393.649900
393.653550
394.071900
394.342850
394.452200
394.521750
394.817750
395.239200
395.430650
395.439500
395.757250
396.343500
396.803000
396.945100
397.045200
397.171050
397.488000
397.866800
398.232850
398.321650
398.703500
399.080550
399.931000
400.548950
401.283850
401.444800
402.021500
402.458100
404.015750
404.529750
404.574800
405.282650
405.362900
405.410500
405.446250
405.448900
405.691200
405.889600
405.976700
406.344350
406.484450
406.575900
406.582450
406.698650
406.913750
407.403450
407.675200
408.103350
408.626600
409.028300
409.133650
409.200400
409.207150
410.066200
410.827150
410.833200
410.908100
410.918100
410.969350
411.238800
411.468850
412.333150
412.718350
412.768650
413.878950
414.247750
414.471400
414.882750
414.931800
414.934600
415.033150
415.215550
415.252850
415.496800
415.921550
416.569950
417.203150
418.202250
418.468950
419.004800
419.124100
419.168750
420.186900
420.189050
420.214050
420.571300
420.969150
421.250750
421.420950
421.617500
422.637750
422.939150
423.629150
423.951450
424.636800
424.813850
424.821950
425.738100
425.806950
425.925200
425.951300
426.399300
427.600250
427.638000
427.669800
428.246650
429.158150
429.490050
429.667000
430.081000
430.273000
430.343600
431.283950
431.286850
431.470300
431.783950
431.829400
432.089000
432.613550
432.736400
433.169650
433.244700
433.278500
433.282700
433.963900
434.033800
435.048600
436.776950
436.920350
437.117800
437.120800
437.231800
437.481050
437.785000
438.047800
438.374650
438.711450
438.715000
438.789900
439.180950
439.985850
440.249050
440.504500
440.534000
440.922150
441.448750
441.618750
441.767100
442.147850
442.282450
442.383800
442.833700
442.946200
443.069050
443.221450
443.491500
443.813000
444.456450
444.607100
445.187050
445.226100
445.427000
445.579400
446.534950
446.969350
447.474500
447.908600
447.916300
448.182850
448.349200
448.377250
449.027850
449.360500
449.559600
449.812650
450.147250
450.151150
450.366250
450.783650
450.919050
451.021800
451.125650
451.355100
452.141250
452.701650
454.592000
454.959550
455.719600
456.369100
457.110250
457.695750
458.065600
459.173150
459.249300
460.464950
460.925300
461.010050
461.054450
461.103650
461.706700
462.406850
462.758800
463.074850
463.435550
463.735550
464.078200
464.665500
465.346750
465.511050
466.329700
466.466750
466.761600
467.581900
468.203900
468.225150
468.895050
469.294300
469.460650
469.822100
469.877150
470.054500
471.060700
471.155300
471.218850
471.311200
471.457550
471.778700
471.924250
471.949100
472.172000
472.511950
472.715950
473.151100
473.993100
474.772950
474.899500
475.103150
475.730100
475.875400
475.937150
476.015900
476.098600
476.162950
476.339750
476.538050
476.795700
477.133150
477.549200
478.327950
479.062300
479.460200
479.465150
480.069350
480.509900
480.559200
481.008150
481.266750
481.563600
481.836450
481.863000
483.713850
484.009000
484.119450
484.359300
484.405350
484.559750
484.628000
484.645350
484.671050
485.085700
486.054150
486.144900
486.358100
487.265650
487.381400
487.536100
487.556500
488.230050
488.588600
488.596200
488.896600
488.934650
489.024900
489.377600
489.439800
489.443950
489.980200
490.178050
490.302300
490.308950
490.395800
490.874650
490.908750
491.080750
491.152700
491.340650
491.635350
491.773400
491.825750
491.976800
492.047250
492.297700
492.333750
492.896150
492.937950
493.749450
493.852800
493.865550
494.712350
495.043150
495.392700
495.446900
495.546850
495.576950
495.920600
496.101050
496.168600
496.351000
496.667600
496.803850
496.836600
497.119400
497.154300
497.188650
497.657650
498.321100
499.093350
499.232700
500.486900
500.541150
500.651150
500.715200
501.267550
501.414150
501.882800
502.215300
502.335800
503.179550
503.563600
503.779100
504.088050
504.415400
504.804500
505.178000
505.239100
505.623300
505.738600
506.363850
506.889200
507.197150
507.536300
507.710750
508.070600
508.361950
508.488250
509.031700
509.394650
509.397850
510.270050
510.582550
510.822700
511.221150
511.776200
512.154100
512.401600
512.927250
513.317650
513.396900
513.743650
514.262750
514.293650
514.471350
514.727900
515.589900
515.691800
515.703950
516.135500
516.209400
517.141800
518.370900
518.382400
519.002000
519.020550
519.368050
519.483500
519.621800
519.661950
519.673250
520.021600
520.496250
521.088000
521.541500
522.129000
522.315300
522.508600
522.514750
522.628550
524.637600
525.135600
525.471050
526.781000
527.163250
527.371350
527.600800
527.636800
527.882100
528.130400
528.141800
528.518150
528.531700
528.656900
528.807300
528.984900
529.034400
529.370700
529.625050
529.698300
530.014900
530.541000
530.546150
531.370450
531.463800
531.541900
531.546500
531.764350
531.812750
532.109650
532.217400
532.488450
532.505100
532.575000
532.628950
532.872950
533.890650
533.895500
534.103800
534.225850
534.293300
534.434850
534.541700
534.624050
534.766300
535.317100
535.654900
535.968550
536.488750
537.052800
537.235650
537.768250
538.167650
538.415450
538.621100
539.029050
539.128200
539.322450
539.422850
539.547700
539.695900
539.851200
540.105600
540.216500
541.144350
541.568700
542.536900
542.588850
542.745050
542.964300
542.971550
543.068950
543.376600
543.535850
543.618900
543.970250
544.286050
544.300600
544.763900
545.020050
545.335300
545.517900
545.802550
546.996500
547.624400
547.786950
548.004000
548.105700
548.118050
548.158700
548.584050
548.737050
548.985050
549.197400
550.397650
550.653100
550.696100
551.008300
551.644200
551.979600
552.425200
552.467150
552.471750
552.625600
552.668500
552.848650
553.516500
553.673300
553.739300
554.003100
554.250000
554.296300
554.922800
555.475550
555.669500
555.674300
555.910500
555.924350
556.129700
556.164300
556.247300
556.414950
556.433000
556.592250
556.670000
556.837150
556.868550
557.176000
557.213500
557.300250
557.641800
557.730300
557.842950
557.942300
558.087850
558.150750
558.162300
558.327500
558.370350
558.408050
558.623100
558.629400
558.800100
559.007050
559.009750
559.527950
559.867800
560.275550
560.283100
560.550250
561.293750
561.433950
561.741600
562.500500
562.724800
562.813900
563.543850
563.630750
563.799000
565.176350
565.372150
565.424800
565.713950
566.141700
566.540800
566.548500
566.601050
566.716650
566.879350
567.079850
567.084000
567.171000
567.622850
568.367150
568.372100
568.633400
568.767200
568.916200
569.325500
569.850000
570.108850
570.322950
570.562150
570.814450
570.868800
571.033400
571.459300
571.797550
572.117550
572.383000
572.716800
572.841750
573.103800
573.896300
573.968350
574.072450
574.573200
575.064150
575.509200
576.497050
577.003900
577.150100
577.190200
577.296800
577.939200
578.568900
578.573500
578.628500
578.642750
578.776350
580.127850
580.353850
580.371100
580.550100
580.554700
580.808450
580.812300
580.990250
581.083600
581.106800
581.486950
581.558950
581.637650
581.746850
582.153350
582.350800
583.250100
583.935950
612.504350
612.777450
612.867850
612.904000
613.334300
613.338800
613.404100
613.568400
613.701250
614.076300
614.256600
614.376350
614.454950
614.955500
615.090800
615.302600
615.311150
615.420550
615.704450
615.952400
616.842350
616.846150
617.044900
617.437700
617.532400
617.904600
618.093100
618.320300
618.334050
618.745700
618.862000
618.919950
619.541250
622.172000
623.225900
623.567750
624.167450
624.205400
624.427400
624.857300
624.942600
625.024050
625.124300
625.469750
625.604550
625.736050
625.987350
626.275650
626.336750
626.409500
626.542500
626.852850
627.737000
627.933950
627.936700
627.943900
627.996000
628.190800
628.267800
628.488600
628.696900
628.749850
628.753600
629.107300
629.217500
630.225400
630.632750
630.858800
630.863350
631.512150
631.677150
632.281750
632.737800
632.763850
633.459000
633.764300
634.188150
634.191900
634.296150
635.061750
635.938400
636.949600
637.883850
638.083550
638.634700
638.735750
638.771300
639.294900
639.556450
639.958350
640.015300
640.330550
640.334750
640.383550
640.546650
640.626200
640.951350
641.314500
642.045650
642.689100
642.708300
642.965200
643.094900
643.098250
643.115150
643.498600
643.823250
643.872000
643.887800
644.063350
644.107400
644.384400
644.607600
644.710950
645.504000
645.512000
646.604300
647.843900
648.237300
649.036400
649.283800
649.916400
649.925950
650.093450
650.098750
650.348650
650.353550
650.533500
650.552100
650.639250
651.291800
651.917550
652.583650
652.604950
653.192250
653.237350
653.338050
653.437650
654.254500
654.309200
654.477800
654.593850
654.908950
655.244450
655.297050
655.576600
656.011350
656.102150
656.184100
657.049650
657.428000
657.621450
657.715750
657.982850
658.059100
658.134400
658.170300
658.287600
658.394400
658.599200
658.767850
658.774400
658.834350
659.898900
660.012250
660.375650
660.465700
661.563550
661.883150
662.164700
663.263100
663.584950
663.929700
663.936750
663.944350
665.642300
665.967050
666.115700
666.303750
667.048100
667.052700
667.113850
667.522350
667.703800
668.139000
668.374700
668.452200
668.487600
668.648600
668.799800
669.026050
669.049600
669.052000
669.075100
669.139650
669.934100
670.285150
670.298400
670.458150
670.734300
671.823750
671.894400
672.606250
672.885800
672.933500
673.546200
673.649100
673.981300
674.479700
675.203300
675.352600
677.059100
677.230600
677.535650
678.038150
678.054600
678.211000
678.656300
678.974200
679.221800
679.314200
679.362450
679.675750
679.716700
679.996100
680.136800
680.292750
680.445850
680.973200
681.100850
681.256850
681.313600
681.329200
681.340550
681.416250
681.468500
681.508400
681.796800
681.894500
682.048200
682.356200
682.546900
682.727550
682.840600
683.132800
683.152750
683.174400
683.296250
683.571650
683.715900
683.940250
684.059600
684.072200
684.079500
684.323000
684.947700
685.000450
685.107350
685.433000
685.758850
685.767600
685.799850
686.112100
686.218950
686.347450
686.947600
686.967900
687.335700
687.360100
687.368550
687.448750
687.754950
687.821000
687.851850
688.022300
688.028400
688.227950
688.674700
688.902050
688.912750
689.649300
689.991750
690.203700
690.354200
690.521650
690.527200
690.615550
690.811150
690.814950
691.110650
691.314200
692.027850
692.882900
694.417250
694.420450
694.973100
695.333100
695.876800
697.313800
697.571750
697.832350
697.985950
698.103850
698.943300
699.266900
699.347750
699.532450
699.649650
699.759150
699.764650
699.918050
699.953650
699.957000
700.099950
700.707450
700.763350
700.888350
700.902450
701.511750
701.517100
701.655900
701.947400
702.103400
702.892100
703.677800
706.255550
706.905200
706.921850
707.881700
708.199800
709.502900
710.513300
712.003450
712.007050
712.263600
712.325700
712.408300
712.414200
712.575800
712.582100
712.612350
712.915550
713.023600
713.032650
713.151900
713.182200
713.301500
713.325150
713.488050
713.811850
714.288300
714.347050
714.624450
714.728050
714.898800
714.906100
715.091200
716.607150
716.974750
717.007750
717.614800
717.646450
717.999200
718.155450
718.361900
718.651850
718.776000
719.044150
719.344250
719.608800
719.837300
719.901950
720.012750
720.056100
720.478950
720.499400
720.878800
721.129800
721.253750
721.486050
721.498000
721.843900
722.574500
722.895950
723.474950
723.914450
724.007600
725.111600
726.254250
726.683700
727.690200
728.463150
728.832550
729.350950
731.304600
731.659850
731.840050
731.887050
732.689700
732.798550
732.907150
732.939300
734.844950
735.633350
735.983000
736.026000
736.653900
737.493000
739.814550
740.565000
741.051550
741.062650
741.310750
741.456950
742.048050
742.822100
742.915450
743.073750
743.494600
746.138050
746.469850
747.141750
747.635550
748.206950
748.714100
749.872500
749.946600
749.951050
749.972200
750.170300
750.175400
750.262050
750.308500
750.313450
750.377050
750.412500
750.539500
750.632300
750.752550
750.768500
750.912350
751.425750
751.833950
751.947450
752.255550
752.330700
752.452450
752.686800
752.754250
752.961400
754.228450
754.539850
754.800200
754.907400
754.935100
754.978900
755.421900
755.560250
755.608950
756.149400
756.160150
756.792600
757.345900
757.538550
758.152050
758.466900
758.513950
759.005450
759.098150
759.363250
759.547050
759.936250
760.093200
760.429050
760.595700
760.793150
761.549050
761.800750
762.344200
762.515300
763.068400
763.586900
763.942750
764.513950
765.787150
766.702000
767.269800
768.337950
768.374550
768.910700
769.128250
769.386950
769.492950
769.772450
769.775850
769.787300
769.818650
770.028950
770.177300
770.664000
772.091050
772.127800
772.185950
772.199100
772.738550
773.496800
774.230350
774.294800
774.398250
774.472100
774.475100
774.607400
774.754900
774.903600
775.120150
775.155700
776.899050
777.136150
777.139150
777.143150
778.975400
779.049600
779.821900
780.231050
780.596450
780.744050
781.328950
781.870900
782.254250
782.941300
784.272000
784.287450
784.289850
785.359650
785.822050
786.883000
788.250900
788.493600
788.580100
788.879350
789.899450
790.585800
790.602450
790.615550
791.422050
793.809400
794.079100
794.082450
794.123550
794.140250
794.234900
795.411650
795.545500
795.635650
796.198750
796.836550
796.891350
797.607950
799.398850
799.999750
800.587150
800.589950
802.247100
803.406350
803.678550
803.854000
805.605100
805.726050
806.494700
806.636750
807.322150
807.334000
807.791000
808.169550
808.844200
810.135800
810.869050
812.362450
812.367350
814.047450
814.286400
814.290000
815.121150
815.130700
815.181150
815.197500
815.600050
815.608100
815.613650
815.642150
815.816600
815.859350
815.912050
815.922400
815.927950
815.963550
816.034000
816.039250
816.108500
816.150100
816.229350
816.447800
816.781150
816.951250
816.981200
817.157750
817.316250
817.516200
817.653850
817.832600
817.880800
817.903400
818.114050
818.310500
818.349300
818.518650
818.640550
818.666800
818.703200
818.774800
818.856300
819.387350
819.430900
819.910950
820.098300
820.283600
820.287550
820.311200
820.573950
820.784100
820.855400
821.380550
821.410900
821.544600
821.597350
822.557300
822.849850
823.022050
823.275050
823.357450
823.373400
823.400500
823.403300
823.576050
824.010500
824.393850
824.516100
824.788200
825.085050
825.314350
825.722250
826.140250
826.567450
826.727900
826.822350
826.891450
827.135750
827.607650
827.664400
827.667750
827.681800
827.690950
828.084600
828.416800
828.606050
828.638350
828.745400
828.844150
829.918250
830.282650
830.495250
830.714550
831.186350
831.346450
831.558350
831.876450
832.002200
832.059200
832.170000
832.292150
833.027600
833.441850
833.854950
834.257300
834.570800
835.129050
835.253950
835.402200
835.737750
836.034700
836.054000
836.056750
836.986900
837.042500
837.083850
837.731550
838.871150
839.069350
839.170700
840.074800
840.080850
840.325750
840.665150
841.237150
841.825850
842.093900
842.667900
843.241350
843.832650
844.248350
844.346000
845.257000
845.420450
846.199750
846.462500
847.193750
847.808950
847.876050
847.916750
848.504150
848.645200
848.850350
848.995700
849.242000
850.057700
850.521950
850.921900
851.305100
851.565300
852.171800
852.509500
852.513550
852.635750
853.026000
853.073900
853.274900
853.483900
853.731900
853.933850
854.323750
854.375800
854.415450
854.565400
856.012400
856.174150
856.239050
857.169550
858.049400
858.324450
859.178050
859.255950
859.567550
859.576950
859.735450
859.959500
860.055150
860.059300
860.082300
860.098850
860.356500
860.364200
860.663650
860.859100
861.092300
861.322950
861.470250
862.125200
862.274050
862.647800
863.239450
863.547600
863.776050
864.152900
864.463200
864.471300
865.930900
866.931900
867.047050
867.419150
867.777400
867.836050
868.003150
868.365050
868.934650
870.447650
872.603350
872.744600
873.670850
874.239350
874.737400
874.881400
874.991450
875.155550
875.330750
878.250750
878.944100
879.052350
879.187350
879.204800
879.297250
879.302650
879.777650
879.942400
880.314250
880.459850
880.655300
880.957350
880.963150
881.218900
882.112400
882.282000
882.586500
882.915950
883.065050
883.069250
883.550600
883.908400
884.034050
884.116250
884.126450
885.091050
885.100250
885.160350
885.870850
886.563050
887.004500
887.442900
887.674800
887.761150
887.992400
888.649800
888.684000
888.757100
888.853950
888.961750
889.007350
889.558400
889.688800
890.236900
890.796150
890.939950
890.946200
890.999750
891.976300
892.198250
892.695400
893.282600
894.186600
894.238200
894.454400
895.278550
896.133650
896.210950
896.299250
896.469500
896.620400
896.693850
897.176050
897.223500
897.324600
897.477500
897.485400
897.499900
897.806200
898.325850
898.472450
898.955700
899.465450
899.526650
899.895100
899.937950
899.954250
900.198900
900.832850
901.027400
901.428800
901.641050
901.887050
901.897300
902.273700
902.736700
903.182800
903.273250
903.552600
904.872100
905.602950
905.993000
907.334000
907.392000
908.021500
908.411850
908.820600
908.823550
909.522800
909.626000
909.769950
910.323500
910.453900
912.909750
914.573550
915.156850
915.391850
915.533200
916.040400
916.043800
916.174100
916.300250
916.632350
916.956800
917.101800
917.951250
918.124100
918.254400
918.521750
919.108700
919.417800
919.892550
920.256400
920.568500
921.968450
922.809550
923.317000
923.634200
924.293750
925.619600
925.848900
926.819800
927.594300
928.442950
929.838250
929.844000
930.594650
931.058450
931.416950
932.025250
932.547400
932.592650
932.613850
934.276100
934.391900
935.724100
936.527650
937.873000
937.973550
938.449900
938.489050
938.552250
938.724600
939.003700
939.605750
940.077100
940.257950
940.828800
940.831950
941.507600
942.259350
942.455400
942.669750
943.027000
943.624900
945.047050
945.147300
945.464350
947.415700
947.533450
948.062600
948.067850
949.663150
950.116200
950.597950
950.677950
952.236150
952.298350
952.462950
953.239600
953.356400
953.458650
953.755350
954.266050
954.279500
954.294650
954.402100
955.226900
955.637850
955.767750
956.596500
957.003850
957.391250
957.403900
957.425500
958.686150
958.757150
959.007600
959.746100
960.348200
960.353200
960.369050
960.377800
960.438850
960.828300
961.078600
962.163900
962.470100
962.562950
962.766200
963.371250
963.511300
963.515650
963.899950
964.093000
964.173750
964.295650
964.325700
964.418650
964.586100
965.146600
965.640100
965.676700
966.202800
966.321500
966.569950
966.574650
967.025000
967.065150
967.088100
967.589700
967.775750
968.563650
968.585100
968.924300
968.970500
969.350700
969.552000
969.636750
969.639800
969.779250
969.812650
969.897350
970.111550
970.116300
970.259600
970.629850
971.086600
971.409850
972.683250
973.338000
973.539600
973.831250
974.519450
974.539250
974.556150
974.883500
975.512250
975.551050
976.163050
976.250950
976.571650
977.093800
977.216400
977.815250
978.116000
978.251950
978.293500
979.033550
979.050350
979.340100
979.630150
979.633350
980.016950
980.131100
981.142200
981.310600
981.991050
982.156850
982.355300
982.518100
982.958550
983.025150
985.441350
986.519650
986.734700
986.856100
987.752900
987.770150
987.926450
989.139500
989.153800
989.166650
989.501150
989.516000
989.608000
989.620800
989.707700
989.730400
989.745150
989.757300
989.906250
990.158950
990.200000
990.414700
990.642500
990.848150
991.014550
991.301200
991.378000
991.445800
991.471350
992.020250
992.027050
992.042200
992.606400
992.732600
992.878750
993.152350
993.177950
993.215150
993.223850
993.229050
993.245100
994.221950
994.278550
994.297350
994.305750
994.477000
994.602250
994.921850
994.925850
995.072200
995.422500
997.032750
997.049500
997.730300
998.103700
998.248300
999.784650
1000.261800
1000.271200
1000.295600
1000.827300
1001.348200
1001.706750
1001.800800
1002.002650
1002.818850
1003.111500
1003.229400
1003.549050
1003.591650
1003.601350
1003.603500
1003.692850
1003.697450
1004.084950
1004.230050
1004.238000
1005.059000
1005.273450
1005.276950
1005.279650
1005.292750
1005.433150
1005.641800
1005.976200
1006.776200
1007.422200
1007.706500
1007.997050
1008.213800
1008.525500
1009.849100
1010.178700
1012.163850
1012.265250
1012.733550
1013.039950
1014.130350
1014.900600
1015.006350
1015.236800
1015.566800
1015.786600
1015.997250
1016.098650
1016.238500
1016.632700
1016.688550
1016.743550
1016.821900
1016.828300
1017.012850
1017.017200
1017.425450
1017.471050
1017.534400
1017.607650
1017.730300
1017.786350
1017.834100
1018.920150
1019.158100
1019.263850
1019.550350
1019.728200
1019.856050
1020.053450
1020.344250
1020.559050
1020.564350
1020.568050
1020.583350
1020.768100
1021.091850
1021.552450
1021.603750
1021.698750
1021.715600
1021.906450
1022.434050
1022.806700
1023.071350
1023.153100
1023.157950
1023.162450
1023.305800
1023.428500
1023.764350
1024.556200
1025.252650
1025.946900
1026.506500
1027.428400
1027.774350
1028.904250
1029.531200
1029.562450
1030.126200
1030.760600
