1.974500
2.796750
5.186350
10.228450
10.236400
10.243550
10.300550
10.406900
12.393050
13.307900
13.403450
13.690150
13.757950
13.765550
13.826800
13.883200
14.114000
14.142050
14.559300
14.864150
15.082800
15.168950
15.236750
15.404100
15.671850
15.741900
15.861850
16.078300
16.262850
16.269300
16.395900
16.405600
16.415400
16.435400
16.514400
16.907750
17.388600
17.707700
18.184500
18.237200
18.342600
18.992800
19.716250
20.123300
20.281450
20.285250
20.930350
21.337850
21.351250
21.364700
21.382350
21.397150
21.865700
22.872850
23.240200
23.245900
23.911200
24.017850
24.545150
24.731800
24.849750
25.275450
26.731750
26.855900
26.960600
27.085150
28.027600
28.119100
28.135200
28.217250
28.224250
29.364150
29.909550
29.915700
30.904050
31.145600
32.116500
32.155600
32.172700
32.180650
32.255750
32.698700
32.962700
33.228800
34.935300
35.250300
35.613600
35.780250
35.957900
36.049600
36.229550
36.367800
36.524350
36.811050
36.938300
37.372100
38.252200
38.260000
38.270900
39.262250
39.507450
39.899900
39.917850
40.745550
40.765350
40.796850
42.029850
42.708400
42.718850
42.723350
42.888750
42.891300
43.326700
43.415200
43.527200
43.601750
43.639550
43.699450
43.774850
45.681450
46.041950
46.554200
46.814550
46.968850
47.240100
47.365450
47.730050
47.740500
47.761700
47.818600
47.826150
48.315500
48.324050
48.775900
49.574900
49.582550
49.593500
50.494600
51.283900
51.290000
51.558700
51.855400
52.129400
52.358250
52.671500
52.677850
52.773450
53.357700
53.443900
53.619350
53.877650
53.944050
54.664550
55.093400
55.165500
55.749550
55.895650
56.584000
56.716650
56.889650
57.167550
57.871700
58.783950
58.798750
58.823650
58.894150
58.946250
59.149250
59.649850
60.037600
60.069550
61.684600
62.288050
64.948300
65.341150
65.365700
65.392550
65.412300
65.466750
67.716700
67.733500
68.105750
70.157600
70.384650
72.223300
74.620850
74.760650
76.146000
77.280600
78.556650
78.696500
79.955850
80.655150
81.395250
81.614900
81.735050
82.179950
83.095200
83.295300
86.356800
86.762500
86.817650
86.902400
87.262500
87.282700
87.313750
87.445450
87.582050
87.794300
88.325800
88.843600
89.093300
89.203400
89.318850
89.424150
89.936050
90.833150
91.074800
91.238250
91.327900
91.452200
91.577550
91.653750
91.741650
91.809650
92.178350
92.184800
92.233600
92.357850
92.366100
92.377050
92.390550
92.405800
92.412150
92.592300
92.671150
93.034100
93.040800
93.213350
93.219900
93.299700
93.386350
93.418750
93.642200
93.717700
93.843350
94.639200
94.770450
95.010150
95.050900
95.282550
95.567450
95.575950
95.792200
96.247600
96.300100
96.342200
96.552900
96.611500
96.786100
97.099000
97.796600
97.933500
97.948500
98.041600
98.290950
98.374650
98.439900
98.724950
98.921100
99.041500
99.479400
99.502200
99.646650
99.676700
99.684650
99.690700
99.907700
99.970100
100.193750
100.260550
100.439600
100.529850
100.552350
100.588650
100.803100
100.888300
101.730950
102.379900
102.881700
102.934250
102.941300
103.069100
103.075850
103.138850
103.200550
103.276850
103.902850
103.943700
103.950600
104.150050
104.154500
104.160850
104.314550
104.520800
104.687200
104.867100
104.878650
105.055650
105.160800
105.479700
105.515950
105.926950
106.049450
106.188350
106.344450
106.480000
107.562800
107.588250
107.641700
107.773900
107.975600
108.190500
108.326800
108.392000
108.644100
108.716250
109.619400
109.801050
109.861750
109.954750
110.527900
111.140600
111.148150
111.154950
111.160400
112.189550
112.453550
112.693200
112.738500
112.822050
112.915000
112.972850
112.977950
112.981700
112.986400
112.997450
113.049250
113.154000
113.707150
113.952700
114.292400
114.623000
114.641200
114.822100
114.896350
115.235850
115.384300
115.400900
115.433300
115.534850
115.829500
115.902150
116.349950
116.681600
116.790900
116.876350
117.265650
117.342350
117.410000
117.454850
117.624650
117.868300
118.041050
118.391350
118.473750
118.863150
119.027150
119.793650
119.802550
120.136400
120.762700
121.061550
121.147050
121.525500
121.627050
122.106900
122.197150
122.486700
123.152650
123.242850
123.293500
123.361400
123.783150
124.275400
124.293650
124.367400
124.369600
124.432200
124.881550
125.245950
125.424100
125.428100
125.880000
126.350900
126.529450
126.666950
126.927000
128.097050
128.233500
128.416150
128.815600
129.010350
129.416050
129.608450
129.700300
129.714800
129.721550
131.555950
132.284500
132.591800
133.542000
133.823100
134.305450
134.746700
135.309800
135.390850
136.034150
136.208950
136.430800
137.395250
138.364200
138.434950
138.459800
138.467750
138.641400
138.812600
139.195150
139.341150
140.329350
140.333100
140.336050
140.930950
141.357200
142.977250
143.024900
143.149900
143.419500
143.864750
144.369900
144.375250
144.932650
145.448250
145.573150
145.622250
145.697850
146.037250
146.263250
146.268200
147.102000
148.178400
148.184850
149.137950
149.591550
150.045750
150.048500
150.251450
150.344150
151.157750
151.271650
151.284400
151.373800
151.614850
151.956600
152.894700
152.959300
153.782700
153.794000
153.815850
153.818400
154.294450
154.855050
154.956200
156.000500
156.013100
156.401000
158.043550
158.889950
159.616500
160.019950
160.667250
160.674350
160.704500
160.897150
161.088550
161.369350
161.555200
161.748200
161.933400
163.106400
163.120850
163.430150
164.030850
164.073950
164.501300
164.726600
164.858900
165.017350
165.030100
165.603050
165.613550
166.510800
166.941300
166.963550
166.967750
166.975850
167.427750
167.788850
168.359150
168.466850
168.725950
168.833300
168.841650
170.548000
172.031200
172.529200
172.570450
172.665650
172.715150
172.906500
173.349350
173.416050
173.847500
176.060850
176.451000
177.871800
178.283650
178.296950
179.009550
179.255650
179.945500
180.377450
180.741250
180.783800
182.083600
182.091900
182.850300
183.865750
184.172500
184.183550
184.343350
184.700900
186.441150
186.743100
186.751050
186.791500
186.795050
186.799900
188.362900
188.399850
188.701350
190.649100
190.654100
190.936250
191.125050
191.595200
192.044950
192.294500
192.348100
192.477450
192.491000
192.520300
192.930800
192.933100
192.935900
192.942750
192.978850
193.394350
194.502550
195.310800
195.506450
195.972000
196.677350
196.690650
196.753400
199.020350
199.202050
200.460200
200.470550
201.440700
201.687650
202.158900
202.171450
203.239500
203.456800
204.624650
205.589850
206.015050
206.185600
206.747900
207.129250
207.149600
207.158300
207.436450
207.876450
209.004500
209.524300
209.925500
211.185200
211.194550
211.352300
211.977400
213.124650
213.545400
214.449850
216.439800
217.464650
217.607200
217.616000
218.130150
218.160550
219.449300
219.505600
219.939150
219.964700
219.969500
220.504600
221.821700
222.302100
222.319850
222.416150
223.345250
223.589350
223.670400
223.821150
224.936350
224.972950
225.504100
227.019800
227.024300
227.156550
227.399900
227.403550
227.415400
227.575100
228.442450
228.485500
232.237400
233.650650
233.655850
233.737250
233.878500
234.347100
234.588400
235.039050
235.536100
235.868750
236.753900
238.228650
238.441750
241.146400
241.156750
241.391850
241.394450
241.408700
242.927500
242.979650
245.166200
245.453800
246.178500
246.574800
246.670150
246.757150
246.806300
246.939650
246.944900
248.397400
249.100000
249.505400
249.531000
249.701800
250.280100
250.320700
250.446700
250.503550
251.414100
251.727200
252.066550
252.204600
252.840550
253.129300
253.136750
253.371950
253.580350
253.620650
254.341850
254.534450
254.718450
255.269900
255.361450
255.815550
257.377950
257.451700
258.796800
258.832150
259.146400
259.290050
260.021100
260.095800
260.121100
260.340550
261.822650
261.872100
262.045300
262.076950
263.789600
264.164300
264.271300
264.525450
264.700750
264.883000
265.107550
265.325200
265.328500
265.960800
266.298850
266.402100
266.552600
266.559250
267.138350
267.543200
267.630050
267.737000
268.489100
269.997800
270.093900
270.443950
270.449450
270.460250
271.085700
271.946450
272.322100
272.694900
273.180600
273.286900
274.698450
275.113250
275.286050
275.650050
276.342400
276.436250
277.020400
277.505500
277.802000
277.828050
278.721200
279.623500
279.634750
279.646700
280.199750
280.203950
280.641350
280.697850
280.710800
281.342050
282.932050
282.937000
283.723800
284.095900
284.102950
284.953150
284.961300
285.006650
285.012200
285.071350
285.821300
286.081050
286.413500
286.952200
287.230600
287.479100
288.461500
288.468850
288.718200
289.031650
289.119150
289.456050
289.658600
290.115550
290.360450
290.522400
290.614600
290.684900
292.802500
292.804550
293.373300
294.796350
295.062350
295.327650
295.741750
295.796700
295.810550
297.394700
297.471700
298.200200
298.288400
298.978000
299.953550
300.113100
301.864650
301.969200
302.842750
302.846750
302.860000
303.011550
303.890600
304.305150
304.612500
306.012100
306.671450
307.372300
307.986450
308.197900
308.442000
308.455250
308.784700
309.521400
310.086700
310.152100
310.240850
311.003750
311.102550
311.516900
311.993600
312.012400
312.498250
314.311500
315.083700
315.107750
315.114550
315.211250
315.215100
315.849700
315.861250
316.757050
317.328850
317.987850
318.821250
318.885950
319.489750
320.079500
320.342750
320.557550
320.963550
320.968350
321.240500
321.274250
322.974500
324.414150
324.514350
324.518250
324.533450
325.260800
326.556600
326.643600
327.478300
328.094300
328.169750
329.178500
329.799450
329.806000
329.839550
329.862000
330.228100
330.400150
331.340850
331.676650
331.821850
331.828100
331.841500
331.884250
332.273900
332.623800
333.065850
333.081250
333.688300
334.417600
334.669400
334.795800
335.157350
335.639150
335.700200
335.764950
335.789850
336.081600
336.871900
337.557500
337.645400
338.636750
339.188150
341.311200
341.319400
341.771500
342.945450
343.082300
343.205700
343.427450
343.964800
344.022300
344.288350
344.573150
344.969850
345.077700
345.100450
345.104950
345.107000
345.503500
345.818450
347.675100
347.720200
348.585500
348.589450
348.597300
348.599950
349.196150
351.188000
351.448100
351.498100
352.213450
352.509150
353.429950
353.476900
356.375550
356.390900
357.136150
357.744650
357.776950
357.800450
360.379900
360.664300
361.827150
362.639450
364.537200
365.253300
365.373550
366.306350
366.357250
370.417850
370.421950
370.951050
371.274750
371.806600
372.797250
375.329000
375.713250
375.717700
377.276400
377.286200
377.292200
378.797950
378.822600
379.421900
381.129900
381.641600
381.949800
382.730550
383.842900
383.903650
384.283200
384.293150
384.546250
385.576100
385.662600
386.268650
386.857300
388.341400
388.346750
390.319800
391.125650
391.172700
391.174800
391.400950
391.886000
391.888050
394.317100
395.050300
396.639450
396.680200
396.687700
397.425100
397.523200
397.918500
398.575900
399.717750
399.908000
400.352350
400.430050
400.963500
403.736150
404.189250
404.568000
404.583350
405.232950
405.563300
406.400650
406.815850
407.000350
407.007300
408.733800
408.748600
409.390750
409.892050
410.285950
410.805800
411.179500
411.236750
411.911500
411.950950
411.956400
412.167800
412.640000
413.137450
413.508900
413.740800
413.902800
415.024050
415.524250
416.052400
416.057800
416.390100
416.471700
416.491000
416.497200
416.957400
417.756300
418.561750
418.950150
419.420650
419.463200
420.605450
420.907550
421.615600
421.691750
421.902950
422.100050
422.265300
422.741850
423.209450
423.309150
424.054400
424.060150
424.525750
424.624450
424.642000
424.828200
424.855700
426.187350
426.213400
426.316800
426.452900
427.024100
427.871600
427.948100
428.160850
428.253200
428.911100
429.520250
429.533100
429.949200
431.813850
432.851650
434.626700
436.207500
436.323150
436.611450
436.717350
437.248150
437.315950
437.332750
438.982450
439.524950
441.363550
441.884350
442.100450
442.454600
443.394750
444.140900
444.145750
444.642850
444.653400
444.657650
444.965600
446.195250
446.757350
446.842950
448.017000
448.032800
448.298800
448.838050
449.329300
450.169850
450.246100
453.002000
453.633800
453.841950
454.025000
454.572100
455.458250
456.850900
457.248350
457.377050
457.764600
458.163350
458.393100
458.593400
458.633150
458.903400
459.748850
459.829600
461.568000
461.708650
461.875700
463.778700
464.347000
464.541350
464.714700
464.783150
464.813800
464.907300
465.179650
466.286350
467.139550
467.147100
467.670600
469.998650
470.097900
470.162000
470.585050
470.630300
470.957350
471.735600
471.753550
471.970100
472.268100
475.051500
475.110000
475.403950
476.988400
478.421600
478.439900
479.007950
479.086600
479.103000
479.189900
480.265750
480.612850
480.798050
481.949700
483.444850
483.939400
484.943850
484.959000
485.378300
486.076800
486.439550
488.527550
489.906400
489.910500
491.429400
491.840400
493.836400
495.892150
495.897100
495.911950
496.087250
496.847450
497.385100
497.610750
497.721000
497.726650
497.833400
498.473000
499.656300
499.661200
500.835600
501.480200
501.488600
502.103100
503.067450
503.088100
503.099900
503.760400
504.143350
504.149100
504.327350
505.282500
505.784500
508.452700
508.611350
510.067900
510.088900
510.604600
510.622750
510.642650
510.669200
510.675200
511.250100
512.034650
512.961550
513.246150
515.787500
515.818000
516.398400
516.410400
516.434350
517.044300
517.575150
518.728600
518.774900
518.796550
520.363750
520.767850
521.124450
522.755950
522.917850
524.016150
525.508950
526.022350
526.456900
526.460900
526.841200
526.883100
526.943750
527.725150
528.206400
528.472100
529.210600
530.851300
532.712550
532.730400
533.069350
533.193500
534.241800
534.266600
534.389800
534.474750
537.228850
538.155500
538.471850
538.669800
538.691050
541.464350
541.581400
542.849200
542.868100
544.692550
544.888800
546.448250
546.457300
546.844550
547.284400
547.877200
547.907950
548.435650
548.783800
548.985500
549.964950
552.072750
552.132950
552.158800
553.224200
554.109250
554.708350
555.482400
555.663800
555.763850
555.795300
556.298500
556.328000
557.635250
558.479950
559.588650
559.729300
559.830300
560.589300
560.821450
561.078100
561.442400
562.281850
562.616100
563.088200
563.588000
563.699450
563.718950
563.792250
564.175450
564.776500
564.897250
564.952600
565.459900
566.306500
566.377800
566.710350
568.137200
568.869900
568.880650
570.531350
571.260450
571.310550
571.955450
571.959600
572.409600
572.423150
572.657300
573.221050
573.721900
574.634550
574.792450
574.961600
576.071800
576.079650
576.430800
578.229350
578.235550
578.656800
578.974400
579.652900
581.184800
581.192200
581.332650
581.438150
581.865450
582.132000
582.504300
583.515650
583.812250
584.362150
584.472050
584.817250
585.551400
586.670950
587.453500
589.009250
589.509300
591.528850
592.551350
593.483650
594.288650
595.568350
596.548900
600.202000
601.449100
601.494150
602.670100
605.567300
605.807200
607.006100
608.084900
608.344400
609.183000
609.289000
609.922500
609.925150
610.381650
611.285850
612.160700
612.557500
612.718350
613.103100
613.330700
614.152350
614.985000
615.333550
616.031300
616.876450
617.099450
617.482350
618.138650
619.434400
619.522850
619.840650
620.363300
621.493900
621.499000
621.506600
621.703150
622.343450
622.682700
622.864650
623.763950
624.415800
624.711900
624.724100
625.270850
625.344150
625.770300
626.600750
626.912400
627.530950
627.690100
628.498650
628.939250
629.851250
629.868600
630.492200
631.526400
632.089800
634.124600
634.319650
636.314050
638.387750
638.463950
638.755950
638.857850
638.877000
639.436300
640.436850
640.443200
640.452250
640.454300
640.481000
640.600050
640.990500
642.756000
642.766550
642.789000
643.323250
643.435400
645.177200
645.323950
645.740100
647.674600
647.677450
647.985150
648.083650
648.464050
648.622400
649.200600
649.398600
649.789000
649.982700
651.016900
651.614300
651.619200
651.672900
651.878350
653.245150
653.264850
653.497550
653.529000
653.704950
654.638550
655.676350
655.750550
655.758750
655.766850
658.319850
658.527850
659.701750
660.883800
661.123550
661.311700
662.837750
662.884150
662.899950
663.350550
663.357900
664.577650
664.589450
664.592100
666.022500
666.404600
666.907800
667.235250
667.239700
667.960600
668.220500
668.905650
668.999650
669.134750
669.271000
669.339400
669.514950
670.001450
670.778250
671.127950
671.325950
671.438150
671.681100
671.753800
671.853850
671.862050
672.419500
672.452600
672.454700
672.459050
672.461250
672.482050
672.637300
673.079050
673.924050
673.932650
674.633000
675.203250
675.896300
675.903400
675.909200
676.723300
676.731050
677.409100
677.610250
678.488250
680.454400
680.493650
680.507300
681.041500
681.059300
682.528050
682.752700
682.904300
682.912100
682.921150
682.959750
682.988400
683.427700
684.379550
684.435450
684.467400
684.477000
684.717550
685.239950
685.507300
685.512850
686.087300
687.616350
687.888550
687.931600
688.189350
689.069600
690.467550
690.476050
690.745450
691.652250
692.643200
693.341950
693.521350
693.660500
694.340550
694.922700
694.926500
695.207100
695.210500
696.655750
697.555200
697.576350
697.779300
698.161000
698.241900
698.244050
698.249300
699.232650
699.639650
699.940600
700.123600
701.259950
701.512400
701.891850
701.917150
702.142000
702.449450
702.676500
702.680500
702.692700
702.857700
704.402400
706.341700
707.432350
707.544700
707.718200
708.846050
709.380050
709.982300
709.986850
712.017450
712.021300
712.126950
713.009800
714.523900
714.778900
715.893800
716.159400
716.197750
716.464750
717.163200
718.690800
719.988850
720.473300
722.048500
722.829350
723.594750
723.597700
724.976550
725.526500
727.426500
727.429400
731.054600
731.447100
733.814500
736.534550
737.022000
737.426750
739.350000
739.731850
741.895050
743.042550
743.716600
744.331500
745.113100
746.783150
747.292650
748.063700
748.416400
748.716650
749.874300
750.025600
750.821800
750.997950
751.577150
751.969100
751.988650
752.000450
752.826400
752.831750
752.844050
754.133250
756.779800
757.723800
757.726250
759.192700
759.535750
759.557250
761.171150
762.574050
762.583350
762.597550
762.607800
763.210250
763.923150
764.235400
764.389000
764.774500
765.471350
765.717950
766.321800
766.754200
766.762050
766.780900
766.793550
767.266650
768.863300
770.168200
770.176350
771.509250
771.519000
771.968500
772.475250
774.426350
775.688850
775.719050
775.732850
775.740800
775.880500
775.894400
775.910250
776.896300
777.845400
777.848800
779.210100
779.331650
779.931100
780.684000
780.708800
782.657700
783.628900
784.079550
785.256050
785.471700
785.873350
787.487300
787.569150
787.592600
788.647800
789.148400
789.182250
789.983600
792.758100
792.777400
793.601200
794.886650
794.908200
796.245450
796.384150
796.808750
798.085650
798.319350
798.326150
799.314900
801.880250
801.909250
803.025900
804.933300
805.033600
805.044900
805.065350
806.046450
807.043550
808.447100
808.671000
808.961050
810.851900
811.121050
811.128450
811.533200
812.253150
813.213250
813.713750
815.478100
815.792050
815.795900
816.050950
816.398500
816.406650
816.416750
816.419500
817.861900
818.520400
818.932700
818.942050
819.417750
819.426950
822.884850
822.989150
824.426250
824.876200
825.923650
827.314000
828.064100
828.769000
829.432450
830.158650
831.329600
832.595750
836.214850
836.470450
836.809300
836.918650
838.268200
838.745650
839.715900
840.942450
841.024100
841.423500
841.836550
842.353800
843.061350
843.218800
843.499700
843.502750
843.525500
843.528550
843.869400
844.882350
844.889450
844.901000
845.972450
846.212000
847.884850
850.396950
850.443450
853.271250
853.451650
854.735500
854.884900
855.787150
856.327600
856.342450
856.375350
857.508900
857.514200
857.929100
858.361750
859.245050
859.330100
859.607650
859.804750
860.350800
861.338100
862.443300
862.460650
863.154300
865.408550
865.466850
865.528250
867.324000
867.687650
868.344850
869.596750
869.600900
869.607950
869.670650
870.025900
870.288350
871.447600
871.649650
872.767250
872.846900
873.595750
874.150500
874.164000
874.172550
874.642250
876.468600
877.125600
877.504050
879.147100
880.458050
880.470650
880.477150
880.780350
880.786850
881.153700
881.805750
884.640100
885.407200
886.715300
887.424350
887.698550
888.339700
889.328300
889.488000
889.580450
889.706550
892.078800
893.048900
893.981350
894.244650
894.714650
895.673000
895.923250
895.929800
896.358650
896.607450
896.618000
897.029650
897.475450
897.522000
898.938100
898.946350
899.874900
899.914400
899.976750
900.903700
903.342950
904.049300
905.450350
905.460450
905.583400
905.596700
908.432900
908.736750
909.571400
909.896100
910.021600
910.899900
910.907850
911.622950
912.200700
912.256500
912.912900
912.999700
913.012350
913.367900
913.867900
915.351300
915.541700
915.751000
916.618100
916.627850
917.642150
917.701700
918.138350
918.423250
918.554950
919.099150
919.627200
920.289450
920.335800
920.349750
921.697400
922.159400
922.163750
923.621200
924.430000
925.128350
925.594750
926.121100
926.143150
926.734650
926.947000
930.136100
932.240550
932.245350
933.866550
933.878300
935.332150
935.348000
935.740050
936.080950
936.098650
938.339150
938.487950
940.963700
940.969250
942.953250
943.082300
943.087200
944.942700
945.461950
946.339750
946.560150
946.562800
947.363200
947.372100
947.385250
947.409450
947.836200
948.487600
949.059050
949.137750
949.582750
949.602200
950.514350
950.530450
951.637100
952.040200
952.882550
953.430500
954.167350
954.997800
955.171000
955.318950
955.327550
956.338750
956.729450
956.827800
958.529050
959.622150
959.875600
960.453100
960.685450
960.942000
961.341150
962.794050
962.824900
963.317050
964.032350
964.592100
965.170750
965.384700
965.395800
966.166750
966.241450
966.259450
967.187550
967.900650
968.400550
968.530050
971.032800
973.536150
974.284950
974.495700
976.632200
976.858050
978.206200
978.228900
978.303600
978.960950
978.966350
980.703450
980.707400
981.636800
981.936200
981.998150
982.003250
982.309250
982.371950
982.939750
982.979050
983.239850
983.303450
983.913350
985.547350
985.729050
987.040850
987.804100
988.279150
988.350850
988.485850
989.393700
989.757550
991.009750
991.204750
993.569250
994.030400
994.035550
994.784150
995.847050
995.952300
996.510750
998.346300
999.855200
999.985850
1000.815250
1001.096400
1001.985050
1002.682500
1003.079550
1004.562750
1005.510900
1007.101200
1007.534500
1008.055850
1008.192150
1008.285100
1008.761900
1011.689500
1011.919250
1012.739950
1012.766600
1012.779500
1014.218400
1016.418800
1017.212450
1017.289100
1017.546800
1018.458500
1018.486150
1018.495050
1019.146400
1019.150700
1020.802650
1021.165400
1021.859550
1022.140000
1022.155300
1023.169800
1024.432700
1025.654450
1027.605300
1028.222500
1028.335750
1028.404300
1029.342500
