0.024550
0.223750
2.817050
5.137400
5.140350
5.143550
5.157200
5.168000
5.178700
5.224700
5.229400
5.267600
5.282600
5.915500
10.188000
10.190650
10.193250
10.195900
10.198050
10.202150
10.226150
10.240200
10.243800
10.246100
10.253950
10.259850
10.263700
10.268300
10.276100
10.334400
10.414800
11.446250
11.449800
11.454450
11.460350
13.930250
14.151550
14.164650
14.170050
14.174200
14.182250
15.738700
15.741900
15.752900
15.760500
15.946350
15.949500
15.954350
17.807100
17.819050
17.823450
17.825700
17.828100
17.832900
18.794700
20.138400
20.146600
20.159900
20.162550
20.167300
22.939900
23.550550
23.555400
23.558600
23.562850
23.573350
24.499050
24.502550
24.507150
25.143800
25.147750
25.153250
27.810150
27.814900
29.923050
29.927850
29.934050
29.940600
29.963350
31.677500
31.680000
31.682950
31.694450
31.696950
31.699150
31.706800
31.718650
32.587300
32.590950
32.597850
33.895450
34.237000
34.240200
34.244600
34.783500
34.787300
35.087050
35.390950
35.468450
36.073100
38.165100
39.426950
39.431900
39.927500
39.940050
39.946150
40.104100
40.108450
40.228700
40.397100
40.795650
41.125250
41.128550
41.132650
41.137750
41.143400
41.437400
41.450700
41.471900
41.902900
46.201800
46.204050
46.210900
46.213800
46.220400
46.228600
46.239000
47.938550
47.949650
47.958100
47.961350
47.967000
48.656750
48.690450
49.441500
49.445700
49.450700
49.470750
49.487950
52.365400
52.370950
52.386300
53.380550
53.386700
53.390900
53.393100
53.398100
53.402000
54.387850
54.758050
55.930700
56.256700
59.248300
61.158100
61.783700
61.787450
61.799450
62.713950
62.717200
62.721400
62.726150
62.733600
62.740500
63.378250
64.754500
68.632350
68.769500
68.773950
68.779000
69.684900
80.855050
82.714850
84.155700
85.716650
86.357200
86.381650
86.577450
87.176350
88.727600
88.768350
90.532600
90.539000
90.544150
91.448250
91.451950
91.456650
92.058500
93.347350
93.355150
93.612450
93.616100
93.621050
93.625950
95.137500
95.153700
95.158850
97.100100
97.107650
97.320750
97.347900
97.352200
97.400400
97.404000
97.408150
97.412550
97.416700
97.422250
97.429450
97.616050
97.844750
97.901150
98.710300
98.714000
99.502800
99.506300
99.511000
102.340900
102.357000
103.597300
103.601700
103.618750
103.652400
104.235700
104.243750
105.625350
105.628850
105.634000
106.175950
106.179400
106.184650
106.736600
108.992050
109.018800
111.880450
111.889850
111.892400
112.847400
112.852050
112.857150
112.860550
112.865150
113.282800
113.459050
113.462650
113.467100
113.471150
113.484050
114.603550
114.912700
116.319750
116.323450
117.676250
117.680900
117.689850
117.712400
117.718050
117.867150
118.401100
118.406700
118.412150
118.416150
118.427650
119.525450
120.204650
121.012200
121.018900
121.024300
121.030050
121.998550
122.002400
122.011200
122.101150
122.107900
122.432150
122.478600
122.485100
122.720750
123.759500
123.763350
123.769000
125.958400
125.961700
125.972300
125.994050
125.998350
126.336450
126.348200
126.355650
128.601250
128.936400
128.939200
128.943300
128.948450
129.086450
129.091300
129.886550
129.890000
129.893650
129.898150
130.348650
130.671050
131.035500
131.040850
131.566450
132.130850
132.140050
132.307450
132.311250
134.420850
134.424550
134.936700
134.941100
136.441600
136.446100
136.450050
136.454850
137.118350
137.122350
137.430300
137.434250
137.465550
137.470000
137.474300
137.480100
137.491650
137.496750
137.502250
138.389050
138.394300
138.566500
138.576850
138.594000
139.309350
139.311550
139.875650
139.879700
139.888950
142.667350
143.819500
143.823750
143.838850
147.650900
147.740650
147.744400
147.757250
147.762000
147.768100
147.781100
147.786700
148.059850
148.066400
148.964650
148.974000
148.978150
148.988350
149.107550
149.111850
149.249750
149.253250
151.158050
151.204650
151.629250
151.632400
151.653100
151.703400
151.709000
152.117450
152.122150
153.528000
153.799600
154.308450
155.095550
155.105800
155.109300
155.113200
155.914100
155.917650
155.923100
155.930450
155.944250
156.331800
157.033800
157.037850
157.088750
158.330600
158.628400
158.632150
158.773100
158.789050
160.146200
160.155500
160.846500
160.850300
161.519650
161.563550
161.666850
161.669750
161.678000
162.937750
162.942350
162.950300
162.954500
162.960100
163.143400
163.762850
163.776250
163.782200
165.439950
165.443350
165.447450
165.610500
165.614250
165.989950
165.993550
165.998150
166.692650
166.696650
167.645500
167.649050
168.108350
168.112900
168.120050
168.432100
168.656850
168.664900
168.668400
168.673100
168.972050
168.974750
168.981550
169.414300
169.418750
169.718300
170.369150
170.905050
171.579850
171.610950
172.226300
172.229800
174.162400
174.165850
174.185000
175.586750
175.594600
175.604500
175.608650
176.336200
176.339900
176.345850
176.351150
176.357950
176.360850
176.363450
176.406200
176.409600
176.592200
178.224550
178.696200
178.705100
178.710200
178.946750
178.951000
178.956550
178.972100
178.977200
180.412700
180.620400
180.624000
180.636100
180.643650
180.903700
181.393250
181.575450
181.579350
181.597250
182.762050
182.767300
182.771550
182.775150
183.608500
183.890550
183.895050
183.900650
184.768000
184.772550
186.748700
187.903250
187.909500
187.911900
187.918300
187.923400
188.398900
188.424000
188.427650
188.438000
188.445000
189.051000
189.054750
189.059300
189.070650
189.135350
189.811450
189.816900
189.826600
189.839350
189.858800
190.268700
190.272450
191.302200
191.953550
191.957250
191.961600
191.966700
191.981350
191.992600
193.534550
193.549400
194.221200
194.226250
194.234550
194.240150
194.598550
194.611800
194.660050
194.675700
194.759650
194.763300
194.793500
194.799100
195.059100
195.842350
196.170750
196.181050
196.197050
196.206250
196.315800
196.319850
196.426650
196.735950
196.907000
196.911250
197.236350
197.244500
197.249200
197.386450
197.390250
197.555550
197.560700
198.223600
198.236750
198.254850
198.528100
198.883900
198.888100
199.104850
199.280900
199.975200
201.521700
202.355800
202.359600
202.368200
202.384700
203.424300
203.428450
203.713200
205.018800
205.063450
205.072400
205.077650
205.266800
205.270050
205.275150
205.282650
205.463600
205.467500
205.472350
205.474600
206.161700
206.164950
206.169200
206.177400
206.561000
207.216800
207.234150
207.612650
207.794000
207.798000
207.801850
207.807500
207.857150
207.987200
208.259100
208.262400
208.390400
208.894700
208.927150
209.370400
209.374650
209.608550
209.614550
209.619550
209.621950
209.624300
209.653600
209.658300
210.023950
211.330600
211.333900
211.338850
211.355400
211.359600
212.091950
212.095700
212.101550
212.107150
212.740700
212.905800
212.941400
212.948800
212.959850
212.966100
213.074650
213.077950
214.450750
214.746800
214.759650
214.765150
214.774550
214.790100
215.329800
215.485000
215.492550
216.150250
216.436000
216.440000
216.455450
216.466650
216.503750
216.506600
217.236350
217.273050
217.894400
217.903950
217.915800
217.924950
218.018750
218.022050
218.027450
218.032600
218.812300
218.832000
218.841800
219.743200
219.747250
220.096400
220.100300
220.105250
220.415600
220.421300
220.650100
220.654350
220.666900
221.137400
221.488800
221.492050
221.496800
221.785500
221.789000
221.791550
221.795000
221.807850
222.243400
222.477550
222.484550
222.488150
222.884850
222.912500
223.573200
223.576500
223.580500
224.992200
224.997450
225.921500
225.927000
226.912300
227.005100
227.010750
227.825300
227.877350
227.882400
228.350300
228.354200
228.359300
228.556100
228.559800
228.802300
229.354100
230.620300
230.624150
230.628800
230.634100
230.837500
230.841150
231.093350
231.103700
231.204450
231.296000
232.079300
232.086750
232.109650
232.339100
232.632150
232.926200
233.006450
233.499250
233.513000
233.535350
233.546600
233.681950
233.686450
233.693250
233.701750
233.718100
233.724850
233.727850
233.731550
233.735550
233.743350
233.748000
233.759750
235.309450
235.392600
235.396400
235.628950
235.938400
235.950500
236.095050
236.098900
237.303650
237.308650
237.313100
237.317050
237.321700
237.336250
237.347300
237.352000
237.356900
237.966300
238.177100
238.191600
238.213000
238.218250
238.324600
238.327550
238.331950
238.590300
238.618700
238.622700
238.632100
238.635500
238.902550
238.918800
239.127400
239.412600
240.232100
240.235500
241.582100
241.586300
241.591750
241.603950
241.763400
241.777400
242.146700
242.163600
242.175500
242.936650
242.940150
242.953600
242.957900
242.963800
243.441000
243.589500
243.595400
243.962650
244.258700
244.809600
244.813700
245.482000
245.486400
245.491650
245.494950
245.497300
245.499500
245.645400
245.649250
245.663850
245.679050
246.574300
246.576450
246.584000
246.588550
246.593700
246.597900
246.850300
246.853750
246.864450
246.882450
247.043650
247.105400
247.353750
247.471850
247.752900
248.058200
248.064350
248.069450
248.403200
248.408100
248.546200
248.551050
248.556700
249.406200
249.440050
250.554450
250.560200
250.655050
250.658200
251.198450
251.841950
251.848150
251.850800
251.862500
252.086800
252.090800
252.295150
252.301850
252.312100
252.321150
252.809150
252.814950
253.471950
253.498050
253.728600
254.057550
254.062100
254.271500
254.275700
254.761500
255.456250
256.145850
256.163950
256.456200
256.461500
256.471700
256.638950
256.642400
257.578200
257.581500
257.881450
257.886350
257.890700
257.895600
258.910600
258.965050
259.316200
259.320300
259.337450
259.500050
259.835600
259.953600
259.956650
259.962000
259.996800
260.764750
260.767750
260.771500
260.776950
260.781650
261.012050
261.518400
261.521200
261.531200
261.621300
261.731400
261.736950
261.822100
261.825000
261.828900
261.884500
262.261350
262.265150
262.428250
262.432450
262.711850
262.714100
262.716450
262.719400
262.727600
262.910600
262.914600
264.128600
264.237150
264.240850
264.809400
265.101150
265.104500
265.116700
265.502600
265.516450
265.835450
266.185100
266.189900
266.201250
266.298400
266.301450
266.316200
266.324800
267.024300
267.071250
267.078600
267.084650
267.270500
267.275500
267.362700
268.162200
268.166050
268.172150
268.176450
268.181850
268.462850
268.467800
268.681950
269.270600
269.274500
269.280600
269.354750
269.358650
269.869350
269.873950
269.997150
270.000450
270.005800
270.012000
270.043750
270.049650
270.701150
270.704500
270.812750
270.816700
270.890050
271.462450
271.532600
271.536500
272.400300
272.403500
272.407650
272.587000
272.625950
272.737250
273.200850
273.212700
273.278300
273.281700
273.285250
273.288750
273.292750
273.297100
273.629650
273.976450
274.096550
274.126000
274.225400
274.232700
274.242650
274.456900
274.463800
274.486550
274.544800
275.941800
275.946700
275.956750
276.277600
276.416250
276.431300
276.441050
276.445400
276.793950
276.848300
276.854550
277.812050
277.815750
277.853000
277.874950
278.363200
278.378750
278.400500
278.408700
278.482350
278.485550
278.491650
278.502800
278.506550
278.511700
278.794750
278.799450
279.391550
279.394550
279.399000
280.066500
280.903750
281.044900
281.132850
281.140500
281.147650
281.150300
282.391450
283.092800
283.463300
283.488350
283.654150
283.657750
283.803050
283.806150
283.811400
283.867550
283.870600
284.218950
284.248300
284.318450
284.580650
284.657000
284.660000
284.663000
284.666600
284.671900
285.152350
285.160900
285.165650
285.208000
285.213150
285.607400
285.997000
288.082350
288.095700
288.421900
288.425500
288.814450
288.817350
288.820450
288.824700
288.832200
288.844900
288.883650
288.941850
288.969750
289.544000
289.547650
289.871500
289.875500
289.951850
290.381050
290.450000
290.453950
290.465300
290.886100
290.890500
290.909150
290.915650
291.023850
291.043450
291.509550
291.515200
291.996950
292.003300
292.014050
292.195400
292.199550
292.680350
292.689750
292.694100
292.941800
293.032850
293.036350
293.375100
293.378150
293.620300
293.625100
293.740150
293.744700
293.749600
294.226750
294.293750
294.299050
294.304250
294.696850
294.701100
294.706100
294.971300
294.975100
295.235400
295.368600
295.371950
295.377200
295.636500
295.856750
296.281450
296.427150
296.430800
296.974300
297.362050
297.553500
297.568600
297.579650
297.589000
297.591100
297.606050
297.611150
297.718350
297.722400
297.748450
298.177000
298.181150
298.465500
298.751900
298.755700
298.757900
298.764700
298.770300
298.775250
298.781400
298.805950
298.810150
298.820800
298.837850
298.870750
299.209500
299.233350
299.292150
299.881700
299.914100
299.920700
300.094350
300.523450
301.825400
301.861650
301.865800
302.100500
302.103850
302.108050
302.126000
302.130650
302.136100
302.142650
302.413750
302.417200
302.420050
302.424450
302.429600
302.433850
302.438450
302.447200
303.072000
303.079250
303.098350
303.176500
303.180650
304.075200
304.173200
304.181700
304.235150
305.394050
305.399000
305.403700
306.147000
306.153500
306.356550
306.973450
307.059400
307.063200
307.080450
308.547250
308.550750
308.564800
309.013250
309.034300
309.170400
309.173800
309.177800
309.187550
309.854100
310.017400
310.380350
310.384600
310.390150
310.814750
310.824750
310.988900
311.090850
311.094250
311.102400
311.105200
311.115200
311.150750
311.155450
311.629050
311.634450
311.638800
312.039650
312.043950
312.990900
312.994900
312.999450
313.004150
313.015000
313.394400
313.398850
313.410000
313.847650
313.851350
313.856750
313.862450
313.866150
313.881600
314.107650
314.111550
314.116100
314.120200
314.129300
314.146200
314.149200
315.038700
315.049000
315.270400
315.411100
315.414650
315.419350
315.424400
315.433150
315.490000
315.883350
315.924700
315.929450
315.933550
315.939350
315.942400
315.965500
316.298100
316.436900
316.439750
316.444700
316.450450
316.490000
316.494200
316.568600
316.882900
317.695450
318.347350
318.368250
318.461900
318.466400
318.521550
319.529650
319.894400
319.902750
319.908400
320.291050
320.620600
320.625050
321.389350
321.393350
321.541650
321.545950
321.621950
321.626300
321.818000
321.822950
322.249800
322.914450
322.982700
323.344500
323.348150
323.352250
324.025200
324.029850
324.034550
324.289550
324.709250
324.722150
324.967500
325.087100
325.091150
325.096350
325.101350
325.106450
325.116200
325.918950
326.291750
326.797500
326.802800
326.920300
326.983150
327.036550
327.044800
327.216800
327.220600
327.526450
327.530100
327.843300
327.846250
327.849650
327.859600
327.865200
327.885700
328.553800
328.557200
328.962650
329.242500
329.401650
329.405650
329.411250
329.424950
329.719400
329.722600
329.848950
329.883600
329.919350
330.010600
330.013600
330.099050
330.123250
330.179750
330.183950
330.194750
330.199350
330.382850
330.386500
330.863450
331.109750
331.114100
331.122750
331.124800
331.143500
331.398850
331.402100
331.485500
331.497400
331.535600
331.792550
331.797350
331.804250
332.243600
332.248300
332.253900
332.958250
332.962300
333.222550
333.232750
333.237600
333.603750
333.854400
333.946650
333.952100
334.308650
334.312900
334.317750
334.950150
334.953850
334.959700
334.973500
335.169400
335.173400
335.381050
335.385150
335.390550
336.560800
336.695600
336.707000
336.712600
336.736400
336.912950
337.040350
337.144500
337.152600
337.167400
337.256350
337.260400
337.319750
338.103300
338.160200
338.623500
338.628050
338.847650
338.949550
338.952400
338.955600
338.959550
338.963800
338.968950
339.399700
339.403850
339.407200
339.413500
339.660850
339.670150
340.008600
340.012200
340.017900
340.239100
340.245300
340.398100
340.402700
340.593200
340.597950
340.718950
340.722500
340.726250
340.760100
340.769700
341.125200
341.128700
341.613600
341.618350
341.695650
341.700550
341.709800
342.047300
343.028200
343.048500
343.121050
343.124550
343.466850
344.373300
345.068900
345.111800
345.116750
345.127550
345.131450
345.138500
345.856300
346.436150
346.439250
346.442400
346.446200
346.450350
346.458600
346.815000
346.817200
346.951900
346.956350
347.159900
347.164200
347.352250
347.965350
347.997800
348.630050
348.633650
348.637650
349.265050
349.486200
349.492850
349.720600
350.262000
350.266800
350.478300
350.739450
350.901750
351.467500
351.602000
351.604200
351.613900
351.619500
351.935400
352.135700
352.139850
353.401850
353.405950
353.503250
353.508450
353.512600
353.517150
353.669800
353.997200
354.217300
354.640400
354.652250
355.390500
355.395000
355.690600
355.745300
355.993850
356.425450
356.430600
356.746400
356.786050
356.796200
356.799550
356.831300
357.182000
357.418750
357.608000
357.629350
358.125700
359.072500
359.077750
359.083000
359.205450
359.449200
359.456100
359.593350
359.660350
359.664300
360.102150
360.308500
361.309050
361.313050
361.318750
361.323950
361.326600
361.328900
361.341250
361.543950
361.794700
361.798500
361.924150
362.205450
364.162100
364.281050
364.619350
364.629350
364.633850
364.937850
364.941950
364.944850
364.955150
364.958250
364.967850
366.161800
366.167850
366.173000
366.253800
366.256950
366.331150
366.347600
366.481600
366.485500
367.002550
367.838250
367.962400
367.965300
367.969650
367.972400
367.990300
368.699950
369.377250
369.381400
369.386400
369.808400
369.813050
369.963700
369.967400
369.994550
369.998900
370.303300
370.326300
370.337550
370.351500
370.373050
370.539450
370.543550
370.838800
370.967450
370.972600
371.378050
371.772300
371.993700
372.217350
372.291300
372.678850
372.683350
372.690200
372.959250
372.971850
373.734200
373.737850
373.742600
373.830700
373.835050
373.848750
374.169050
374.789500
375.936100
376.536200
376.542100
376.570450
376.573250
376.588450
376.662800
376.666100
376.669850
376.674450
376.680750
376.706550
376.709450
376.713350
376.718750
376.757050
376.760750
376.786250
376.965650
376.971300
377.581450
377.893600
378.437700
378.442700
379.047100
379.646850
379.650900
379.666700
379.674800
379.686600
379.690650
379.700700
380.230400
381.271950
381.715450
381.719700
381.925850
381.930950
382.924050
382.927300
382.936550
382.948400
382.963100
383.085700
383.108550
383.188450
383.973400
383.978250
384.456000
384.458400
385.090800
385.433400
385.882300
385.885350
385.888750
385.893400
386.685900
386.691350
386.702400
388.099400
388.175100
388.182150
388.728600
388.942700
389.154700
389.157800
389.161700
389.239900
389.648200
389.656600
389.666750
389.996200
390.165500
390.177550
391.177500
391.939350
392.226300
392.229600
392.568300
392.572350
392.606200
392.610900
393.009100
393.016000
393.368950
393.588100
393.591950
393.692400
393.896050
393.970300
394.416700
394.419850
394.426300
394.438550
394.614900
394.625600
395.239650
395.542600
395.546750
395.551500
395.563400
395.576250
396.091350
396.332650
396.481250
396.485700
396.489650
396.502150
396.685500
396.695150
396.698900
396.703350
396.708550
396.869350
397.823200
397.853550
397.876900
398.456700
399.373500
399.805700
399.886300
399.905450
399.908650
399.917000
400.149150
400.275500
400.692350
400.704100
400.709650
400.714100
400.719900
400.725400
400.744850
401.856100
401.859000
401.863150
402.157250
402.160500
402.468200
403.354300
403.360700
403.383550
403.497300
403.590700
403.593350
403.596700
403.600250
403.611000
403.621300
404.380950
405.118350
405.135250
405.162300
405.174400
405.265650
405.871750
406.107950
406.116100
406.131800
406.230350
407.118150
407.121900
407.178300
407.481100
407.503900
407.508950
407.904300
407.912350
408.984550
409.114050
409.117450
409.134400
409.202850
409.207050
409.663100
410.118400
410.122100
410.146750
410.684800
411.299050
411.302400
411.871800
412.148650
412.152550
412.162150
412.178900
412.219100
412.535950
412.541150
413.459350
413.669950
413.683250
413.691250
413.894050
413.898050
414.094850
414.098900
414.111750
414.154000
414.474350
414.485200
414.603600
414.607650
414.914050
414.917550
414.921750
415.550900
415.993550
416.320000
416.324300
417.393850
417.420450
417.649200
418.124600
418.835800
419.105150
420.790700
422.265550
423.882200
424.459150
424.463000
424.998950
425.004000
425.028600
425.047250
425.166400
425.425450
425.552500
425.557750
425.572200
425.919500
425.923200
425.930850
425.934600
425.944300
425.950200
426.001900
426.121450
426.125500
426.757400
427.152550
427.166450
427.170650
427.832200
427.836500
427.839250
427.847750
427.860400
427.967600
427.995800
428.238400
428.244600
428.250950
428.268700
429.129300
429.134300
429.139100
429.146900
429.151050
429.262800
429.299900
429.304250
429.351250
430.384550
430.388500
430.843900
430.859700
430.863550
431.200000
431.491350
431.591550
431.595050
431.599750
432.188250
432.684550
432.691450
432.822050
432.825900
433.309550
433.315350
433.611950
433.961650
433.966350
434.088250
434.301050
434.304300
434.497350
434.501100
434.505800
434.511800
435.387300
435.414050
435.419850
435.535600
435.550250
435.559100
436.182800
436.187400
436.191150
436.555800
436.562150
437.401250
437.654450
437.932300
437.943800
437.948500
438.260650
438.264350
438.494550
438.801000
438.942250
438.954700
439.169900
439.913050
439.917300
439.965800
441.152350
441.699000
441.717900
441.724100
441.850750
441.855500
441.894900
441.900500
442.218350
442.238550
442.243500
442.377700
442.603800
443.534550
444.447200
444.523350
445.204800
445.209500
445.214400
445.365500
445.369950
445.437450
445.453100
445.553000
445.556000
445.562850
445.912100
445.943950
446.010450
447.330000
447.373050
447.404750
447.542800
447.562450
447.573950
447.581050
448.133450
449.030800
449.035000
449.437050
450.152850
450.359650
450.363700
450.442700
450.447750
450.466950
451.003900
451.008550
451.260650
451.264800
451.563650
451.793650
451.800250
451.821900
452.157150
452.168200
452.272100
452.409650
452.676550
452.682100
454.165300
454.413050
454.416900
454.542100
454.556700
454.588000
454.831550
455.295500
455.755100
456.237800
456.241250
456.245250
456.458450
456.462250
456.472700
456.828450
456.839200
457.040400
457.067050
457.071050
457.145950
457.178250
457.182150
458.386350
458.775600
459.623900
459.634950
459.742300
459.750950
459.907650
460.403400
460.876350
460.880700
460.886900
460.950900
460.955750
461.347250
461.711700
461.716000
461.728500
462.378450
462.383200
462.465400
462.469400
462.474200
462.524150
463.435950
463.440150
463.880900
463.886000
464.070350
464.360250
465.181850
465.300150
465.303450
465.398000
465.840900
465.874050
466.364650
467.290700
467.294900
467.299500
467.477200
467.481900
467.487000
467.491650
467.589850
467.799000
467.802900
468.070500
468.509300
468.514350
468.532700
468.538750
468.811000
468.941250
468.945500
470.656950
470.661700
470.684400
470.877850
470.888350
471.543500
471.546550
471.550050
471.557800
471.578900
471.582850
471.813900
471.817800
472.278050
472.364300
472.368750
472.791200
473.115750
473.250500
473.277050
473.290200
473.313000
473.558150
473.578500
474.537950
474.544050
474.554100
474.560800
474.566800
474.738650
475.435500
475.439300
475.499250
475.503100
475.736100
475.863650
476.849950
476.853800
476.857950
476.862600
477.550150
477.601000
477.628450
477.699350
478.040450
478.043800
478.055950
478.075150
478.664100
479.006100
479.135050
480.055000
480.058750
480.523800
480.528550
480.534150
480.833250
481.217550
481.221900
481.243950
481.247200
481.258450
481.318900
481.586650
481.869500
481.874400
481.883050
482.339400
482.531500
482.534950
482.568000
482.654800
484.926600
485.750650
486.158600
486.300300
486.304700
486.438350
486.717800
487.093150
487.758300
487.762400
488.268950
488.273100
488.658750
489.244700
489.275900
489.553700
489.689100
490.001050
490.048600
491.381700
491.385750
491.617400
491.736550
492.130950
492.257100
492.262200
493.345450
493.348200
493.562000
494.084700
494.089250
494.491700
494.495850
494.618350
495.081550
495.087450
495.644550
496.207250
496.213100
496.702350
496.712350
497.285550
497.289950
497.351750
497.384950
497.672050
498.738450
499.202350
499.206900
499.343150
499.347350
499.353200
499.705450
499.981100
500.033550
500.037600
500.286400
500.289850
500.295950
500.666500
500.671500
501.166900
501.171100
501.448950
501.453250
501.457800
501.469150
501.481750
501.676700
501.688000
501.902800
502.410300
502.606250
502.711200
502.714250
502.717750
502.723050
502.759100
503.591800
503.595850
504.147150
504.151150
504.214600
504.315900
504.552950
504.555100
504.557900
504.574200
504.818150
504.826650
505.141450
505.145850
505.289450
505.302250
505.344200
505.549700
506.363050
506.369000
506.379800
506.906850
506.912500
506.918100
506.993950
507.005350
507.104550
507.182750
507.363750
507.369050
507.924200
507.947800
507.953050
507.963450
508.083450
508.091350
508.095550
508.403550
508.407450
508.431750
508.455400
508.458600
508.935650
509.148500
509.154450
509.375100
510.154650
510.160450
510.177500
510.182900
510.188500
511.335900
511.660250
511.882100
512.647850
512.866150
513.671000
514.380700
514.912450
515.013200
515.017900
515.236400
515.247000
515.878850
515.883600
516.118750
516.130650
516.136550
516.204450
517.719700
517.737300
517.759800
518.109700
518.290600
518.294350
518.394700
518.399900
518.781700
518.789100
518.793600
518.804500
519.197700
519.299950
519.326100
519.329100
519.364500
519.369150
519.782800
519.883250
520.603250
521.150750
521.955800
521.960100
522.549650
522.815050
522.876250
522.896700
522.898750
522.901600
522.904600
522.912400
522.929350
523.936550
523.941700
524.273850
524.290800
525.106250
525.109650
525.116900
525.122450
525.155700
525.383750
525.401750
525.409150
525.413600
527.317750
527.322250
527.327250
528.971750
528.974100
528.978550
528.983100
528.986300
528.988600
528.993600
529.007500
529.012400
529.383900
530.025200
530.029750
530.311750
531.225950
531.228850
531.232950
531.239200
531.297000
531.552300
531.555850
531.559600
531.564300
531.572000
531.583350
531.599300
531.992250
532.021350
532.108100
532.111150
532.114100
532.118800
532.378300
532.382950
533.247750
533.646350
533.780600
533.874000
533.879800
533.885850
533.889900
535.338550
535.343000
535.995000
536.067650
536.070950
536.761950
536.765850
539.164950
539.168900
539.895250
540.150400
540.153900
540.157700
540.162550
540.222700
540.226900
540.229150
540.439250
540.451250
540.459450
540.709150
541.009200
541.203300
541.243850
541.511750
541.517950
542.352700
542.376500
542.612100
543.420250
543.436500
543.672800
543.676800
543.957900
543.963750
544.250950
544.576500
544.579750
544.583500
544.837500
544.839900
544.845750
545.110300
545.590400
545.611450
545.937050
545.959200
545.964950
546.477350
546.517200
546.523150
546.955650
546.959500
546.982150
547.221300
547.226850
548.085000
548.595550
548.603300
548.609350
548.617450
548.784250
548.800100
548.810150
548.869300
548.873400
549.460850
549.464650
549.508350
549.753400
549.757550
550.452700
550.848650
550.880650
550.886800
551.046300
551.068650
551.125350
551.688850
551.706300
551.717550
551.830600
551.841650
551.845050
551.850250
553.936750
554.376350
554.564600
556.503150
556.507100
556.645550
556.656050
556.699900
556.703550
556.707400
556.713500
556.722050
556.731300
556.796650
557.646400
557.651150
558.390400
558.451200
558.696750
559.006100
559.009900
560.009250
560.241350
560.357950
560.360650
560.369150
560.869150
560.880650
560.887450
560.902050
561.560250
562.565100
562.573750
562.589850
562.607800
564.279850
564.283400
564.500250
564.504100
564.522950
564.606300
564.617200
564.621650
564.928400
564.991950
565.088350
565.260300
565.264450
565.402100
565.407500
565.412350
565.514700
566.008900
566.014000
566.018300
566.138300
567.734950
567.744750
567.912350
567.917250
568.013650
568.016700
568.022950
568.427600
568.815650
569.126250
569.431850
570.632100
570.637000
571.304650
571.307500
571.886350
571.904500
572.182250
572.333250
572.481050
572.713450
572.717100
572.721400
573.228400
573.279900
573.686400
574.226350
574.319750
574.651900
574.889250
574.892550
574.900200
574.907550
574.915900
575.154350
575.291850
575.297750
575.325300
576.131600
576.136200
576.267100
576.517100
576.521350
577.082200
577.086800
577.091700
577.101100
577.285800
577.290850
577.296950
577.302200
577.571350
578.213450
578.832500
579.567250
580.059300
580.063500
580.069250
580.074100
580.080200
580.084450
580.520100
580.524400
580.972250
581.885550
581.889600
582.042900
582.422350
583.196450
583.309000
584.048950
584.191200
585.227000
587.450000
588.829750
588.969250
588.989200
592.112750
593.178450
593.188150
594.028350
597.828950
598.609300
599.654400
601.388050
603.009150
611.420500
611.600850
612.499050
612.503200
612.651950
613.112250
613.370000
613.430450
613.447400
613.462800
613.581850
613.585400
613.691700
613.699050
613.713350
614.029150
614.032050
614.080850
614.085200
614.629650
614.662100
614.667000
615.799050
615.803400
615.807700
616.366300
616.371200
616.438600
616.441800
616.445350
617.585050
617.606250
618.013050
618.318400
618.325200
618.341950
618.427650
619.458050
620.181850
620.191800
620.644200
620.798750
620.819800
620.823700
622.039050
622.669850
622.888900
622.986150
623.101500
623.106550
623.113250
623.150500
623.159050
623.421700
624.134100
624.138550
624.160550
624.171250
624.571450
624.967700
624.981950
625.007800
625.023600
625.043000
625.274750
625.278650
625.299350
625.575500
625.694550
625.699750
626.335900
626.339950
626.438400
626.731900
627.206800
627.211750
628.317000
628.363700
628.487100
628.842450
628.846950
628.853350
628.858750
629.032950
629.037100
629.840550
629.845300
630.131800
630.392650
630.396800
630.414050
630.464000
630.692650
630.696150
630.705650
630.710750
630.718200
631.293700
631.297650
631.757250
631.790900
631.796400
632.271000
632.796400
633.637350
633.976750
633.980500
635.207750
635.210800
635.214550
635.689450
635.694200
635.736250
635.740500
636.723800
636.727300
636.742250
637.600450
637.943900
637.964850
638.029100
638.068350
638.831050
638.904450
639.455900
639.464150
640.416800
640.425400
640.428950
640.867450
641.073050
641.090550
641.390650
641.394350
641.401350
641.759500
641.828450
642.331950
642.336500
642.356200
642.360300
642.625800
642.630600
642.635050
643.271050
643.670550
644.057900
644.063300
644.075500
644.279300
644.283250
645.088050
645.995100
646.131400
646.144300
646.148200
646.783800
647.189000
647.399550
647.408050
648.770050
648.822550
648.826800
649.465700
649.470200
649.484550
649.490100
650.858300
650.862550
650.870850
651.031150
651.035150
651.458350
651.737350
651.753300
652.168700
652.261750
652.266750
652.628900
652.638050
652.670950
652.675050
652.680450
652.687000
652.822650
652.827650
652.905450
653.424850
653.430150
653.452600
653.458700
654.407200
654.416600
654.420100
654.975400
654.996650
655.011900
655.138700
655.293950
655.297550
655.422600
655.563700
655.670650
655.673600
655.784800
656.109800
656.113750
656.116800
656.598850
656.603450
657.051050
657.894300
657.898900
657.938750
657.980000
658.082000
658.105300
658.555050
658.559600
658.641550
658.734200
658.754900
658.785150
658.789900
659.081200
659.199800
659.204950
659.745050
660.792750
660.804300
660.814550
660.837300
660.998300
662.078350
662.830050
663.330300
663.334150
663.343750
663.350600
663.359650
663.723600
663.729000
663.736650
663.744650
663.748950
663.876900
663.942950
663.946200
664.109600
664.309550
664.315400
664.506300
664.509950
664.677400
665.173850
665.188150
665.496400
665.500200
665.763900
665.793450
665.798200
666.261600
666.516000
666.615350
667.139950
667.143850
667.220150
667.257100
667.267100
667.447350
667.480700
667.577200
667.586500
667.861600
668.215300
668.500550
668.504500
668.506700
668.516250
668.519100
668.522800
668.526750
668.899600
668.990300
668.993600
668.997850
669.258300
669.263100
669.492500
669.504550
669.894650
670.168500
670.172900
670.178300
670.942800
670.962350
670.966600
670.971900
671.008100
671.073900
671.130600
671.369650
671.372750
672.343700
672.348050
673.280050
673.305850
673.316300
673.325350
673.338600
673.638800
673.938700
674.672850
674.677700
674.944350
675.896100
676.200200
676.205400
676.220500
676.983300
676.987250
677.037750
677.582450
677.669500
677.790100
678.182950
678.326900
678.330700
678.434500
678.442400
678.448350
678.455600
678.468400
678.542700
678.922250
678.927950
679.155600
679.161050
679.353350
679.558650
679.924050
680.401200
680.678300
680.690350
680.974950
681.230750
681.273700
681.354150
681.760350
681.765650
682.088050
682.175050
682.254350
682.314650
682.327900
682.647900
682.732600
682.856800
682.948000
683.013200
683.154250
683.175350
683.180950
683.279350
683.455900
684.061150
684.064800
684.067600
684.069750
684.221350
684.548900
684.927500
684.942450
684.948150
685.104750
685.126150
685.133100
685.156550
685.517050
686.026700
686.793950
686.928950
687.547550
687.661350
687.789000
687.936850
687.940300
688.306250
688.310750
688.314350
688.320300
688.325850
688.616900
688.824550
689.234500
689.252350
689.671900
689.675850
689.758100
689.762650
689.931900
689.935300
689.939850
689.944000
689.952700
689.967650
690.239550
690.244350
690.859600
691.279700
691.317650
691.674350
691.678700
691.827300
691.967400
692.147950
692.151800
692.158100
692.852700
692.999750
693.285400
694.472650
694.709450
694.712800
695.937700
696.374000
696.380650
696.609950
696.617750
696.622950
696.631600
697.496950
697.759050
697.785300
698.085250
698.090000
698.571050
698.820700
698.825450
698.829650
698.833000
698.840950
698.847700
698.852100
698.854650
699.094950
699.098900
699.149250
699.199800
699.202100
699.205750
699.233150
700.079950
700.093150
700.107300
700.117150
700.261850
700.277200
700.281350
700.285600
700.622550
700.798000
700.802650
700.822350
701.152450
701.179600
701.260100
701.784850
702.066800
702.275950
703.286100
704.359750
704.489400
704.493500
704.503200
704.761300
705.165000
705.169500
705.971200
707.162400
708.102050
708.107950
708.114100
709.145100
709.149650
709.339600
709.583150
710.466200
710.472700
710.773350
711.044300
711.050450
711.215550
711.220150
711.888850
712.163850
712.168000
712.230500
712.241000
712.289500
712.851800
713.191150
713.195050
713.329850
713.335250
713.391550
713.701500
713.705550
713.723550
713.796450
713.799500
713.803350
714.222950
714.227800
714.324150
714.327750
714.384850
714.428650
714.511600
715.706500
715.720200
715.771350
715.775250
715.783900
716.141650
716.944750
717.812650
717.817800
718.137350
718.148150
718.152800
718.455700
718.459200
718.473300
718.709600
718.743250
718.748150
719.509100
719.702050
719.706750
719.740100
719.743250
719.756550
719.990750
721.095500
721.128700
721.310750
721.313700
721.319050
721.808700
722.376150
722.380250
722.566150
722.569250
722.716850
722.720000
722.724100
722.737750
723.439400
723.832600
723.836700
724.585200
724.589000
724.594450
725.149750
725.667300
726.003900
726.008950
726.176550
726.890750
727.096450
727.099850
727.119050
727.123400
727.373500
727.391900
728.006050
728.299950
728.303700
728.316550
728.361750
728.366150
728.593900
728.684350
729.703800
730.156450
730.160900
730.167350
730.174750
730.766150
731.438150
731.445800
731.450100
732.156600
732.160400
732.185800
732.189400
732.294750
732.813650
732.816900
732.822000
733.919850
733.924150
735.245650
735.703650
736.743850
737.061050
737.065400
737.125500
737.537500
737.541800
737.548300
737.565050
737.570050
738.200500
738.209700
738.217850
738.226350
738.788700
738.961600
738.966450
738.981350
739.031400
739.038150
739.077450
739.172750
739.175850
739.179250
739.187350
739.192700
739.672400
740.183850
740.497700
740.502100
740.507600
741.307550
742.113250
742.205300
742.325350
742.328750
742.395900
742.476900
742.480700
742.493350
742.790350
743.038600
743.042800
745.097400
745.101000
745.107400
745.154600
745.158650
745.162800
745.377150
745.380300
745.435400
745.447100
745.451500
745.934450
745.938400
745.942800
746.946200
746.950800
746.957950
746.972150
747.432450
747.435900
747.445200
747.853050
747.866400
747.871250
749.039900
749.638600
750.043800
750.276850
750.477150
750.492950
750.506350
750.510200
750.548850
750.565000
750.827250
750.854450
751.041900
751.378400
751.385100
751.414500
751.425650
751.452650
751.947750
752.427050
752.432100
752.442750
753.594600
753.599900
753.686050
754.026350
754.102200
754.106200
754.418950
754.800000
755.677600
755.681750
757.304000
757.309900
757.333950
757.659950
758.571350
758.575000
758.703700
759.183500
759.188000
759.246300
759.397600
759.401200
759.534650
759.540400
759.564000
760.339900
760.489000
760.638250
760.641350
761.058850
761.064250
761.194850
761.375200
761.441200
761.458450
762.117200
762.120850
762.123950
762.128250
763.731500
763.813550
763.934050
763.936900
763.943400
763.948500
764.085600
764.091050
764.247200
764.251950
764.258450
764.903550
765.133750
765.486750
765.489650
765.493700
765.498900
765.504400
765.507150
765.510700
765.515700
765.576050
765.620100
765.670900
765.677500
765.681800
766.336750
766.350150
766.635550
766.994800
767.019850
767.114350
767.383400
767.593100
767.676600
767.689600
767.697600
767.702050
767.707800
767.802350
767.805550
767.811900
767.815850
767.826850
767.846500
768.232300
768.236050
768.336300
768.343600
768.482800
768.541450
768.771050
768.914600
769.787750
769.891800
769.899350
770.027550
770.036900
770.348650
771.032950
771.070800
773.065100
773.382350
773.386950
773.398750
774.335650
774.341950
774.363150
774.766800
774.859650
775.422250
775.902700
775.906250
775.911700
776.203050
776.297150
776.301550
776.314250
776.322100
776.327300
776.848450
776.854400
777.903050
777.906650
777.911000
777.921400
778.267050
778.277500
779.716300
779.905400
779.909850
779.924750
781.025050
781.029850
781.037000
781.948600
782.769750
783.976750
784.002350
784.007400
785.185600
785.788050
785.793450
785.804300
786.662050
786.666350
788.046250
788.356750
788.577600
788.588150
788.997950
789.002750
789.508250
789.529600
789.533900
789.546100
789.745900
789.749750
790.135650
790.141000
791.293900
791.312550
791.322900
791.883200
791.887650
792.608550
792.678250
794.060900
794.462500
794.468050
794.824600
794.843250
794.859200
795.304050
796.307700
796.312400
796.945050
797.055150
797.060200
797.072250
797.095600
797.318500
797.580400
797.713200
797.717750
798.134600
798.575150
798.783550
798.790750
798.793750
799.301100
799.309550
799.314300
799.529200
799.532850
799.555850
799.559700
799.943950
799.948500
799.952750
801.237950
801.457050
801.460000
801.635300
801.639300
803.879200
803.882300
803.887950
803.897950
803.944100
803.948750
804.541350
804.546300
804.653050
804.655850
804.683750
804.957100
804.961150
806.109350
806.125700
806.670050
806.683650
806.689050
807.119700
807.527100
807.531100
807.552550
807.556550
807.562100
808.133500
808.137900
808.832650
808.835650
808.837800
808.839950
809.081050
809.084400
809.323650
809.331350
810.334700
810.340400
811.041700
811.045850
811.200200
811.204700
811.549450
811.554300
811.630150
811.636150
812.537950
814.677900
814.748450
815.105950
815.166600
815.170850
815.474150
815.498450
815.583550
815.589050
815.603500
815.800900
815.851550
815.951600
816.259900
816.886000
816.925350
816.929400
816.946950
816.964600
816.969050
817.001700
817.005750
817.263050
817.267650
817.274750
817.301450
817.339150
817.352200
817.356100
817.461100
817.578200
817.811900
818.161450
818.392800
818.415350
818.944750
819.180200
819.206500
819.317400
819.483950
819.999550
820.240150
820.242350
820.246500
820.251250
820.256750
820.262300
821.068350
821.411950
821.416300
821.500550
821.618100
821.963950
822.368150
822.385900
822.549050
823.006550
823.016950
823.022650
823.052900
823.608500
823.670450
823.673650
823.696950
824.373350
824.378200
824.598150
824.969150
825.741650
825.747050
825.761150
825.818300
825.828200
825.855050
825.920250
825.923350
825.943200
825.953700
826.537150
826.807750
826.812150
827.610900
827.850450
827.854500
828.367850
829.069650
829.115400
829.121900
829.299200
829.405850
829.409150
829.414200
829.444650
829.447250
829.450050
830.621150
830.627050
830.711800
831.626550
832.413550
832.925650
833.469650
833.475450
834.188950
834.465200
834.812900
834.818650
834.951600
835.085800
835.089050
835.741350
835.745450
836.220500
836.578800
836.582850
836.917200
836.921800
838.327450
838.990350
839.008350
839.013400
839.020650
839.028450
839.142150
839.275650
839.291650
839.539650
839.545300
839.589850
839.656150
840.298600
842.815600
843.662600
843.706000
844.164450
844.480900
844.485250
844.488950
844.492100
844.774750
845.788400
845.796450
845.799500
845.801950
845.806850
845.820250
845.881300
846.799100
846.808900
847.223550
847.252600
847.259800
847.700650
847.739500
849.595050
849.598950
849.620050
849.634250
850.081600
850.086500
850.092800
850.952700
850.957750
851.432750
852.120400
852.135100
852.139950
852.150050
852.156700
852.164550
852.447450
853.503950
854.431450
854.506600
854.736900
856.130650
856.135800
856.834150
856.839450
856.863850
857.112950
857.338700
857.844900
858.371850
858.609200
859.075800
859.079250
859.129700
859.495600
859.669450
859.675300
859.679500
860.132400
860.138450
860.141600
860.900350
860.941400
861.393600
862.525850
862.932100
863.082600
863.086400
863.095150
863.111750
863.136800
863.525250
863.527550
863.532400
863.779450
863.784950
863.844050
864.152950
864.156300
864.165000
864.196950
864.567450
864.830400
864.835600
865.073750
865.248400
865.253750
866.119500
866.123750
866.135650
866.143400
866.728400
867.003650
867.008350
867.018500
868.134350
868.307500
868.319050
868.323450
868.339750
868.657000
869.637050
869.991250
870.287250
870.431000
871.128700
871.139250
871.143650
871.156500
871.201000
871.798250
873.819450
873.823600
874.341350
874.416850
874.552050
874.725200
875.128350
875.560650
875.564350
875.569550
875.697700
875.720050
876.279550
876.297200
876.376300
876.759400
876.764700
877.300400
877.503600
877.562450
877.577200
878.850100
878.855500
879.597150
879.600850
879.607700
880.042850
880.066450
880.100900
880.957850
881.335400
881.365250
881.369250
881.734650
882.354900
882.379700
883.012600
883.016650
883.293300
884.138400
884.238000
884.548200
884.558500
884.646350
884.885700
885.401150
885.844550
886.192500
886.595550
886.599500
886.865750
886.874850
886.895050
886.912800
886.943750
886.960350
887.740350
887.744700
887.867650
888.262750
889.033250
889.433450
889.561450
889.839200
889.850750
890.601700
890.638050
891.420450
891.586500
891.592800
891.806650
892.124900
892.823900
893.289900
893.657350
893.890300
894.133250
894.137700
894.141550
894.250050
894.255000
895.065150
895.068400
895.072350
895.136900
895.140600
895.478200
895.484550
896.282900
896.487700
896.493150
896.542500
897.717800
897.721850
897.727450
898.488700
898.492550
898.635850
898.824850
898.829850
898.965300
898.968750
899.053700
899.075050
899.183000
899.187800
899.273950
899.726250
899.730900
899.739500
899.889300
899.893650
900.042050
900.054350
900.762850
901.328250
901.333900
901.637100
901.641400
902.254200
902.748700
902.752700
903.247900
903.257400
903.264750
903.266900
903.270300
903.296450
903.305400
903.310600
903.322250
903.324450
903.432750
903.444650
903.808050
903.815350
904.977550
906.252500
906.512250
906.516150
906.994750
907.000400
907.041950
907.053850
907.061750
907.065950
907.205850
907.843250
907.849400
908.076100
908.749350
908.778250
908.793500
909.093000
909.096450
909.101650
909.275650
909.408650
910.597700
911.512550
911.571600
911.574700
911.577100
911.583600
911.961050
912.248700
912.547650
912.572450
912.585800
912.664550
912.667600
912.671750
912.676400
912.708700
912.954950
912.958750
913.137550
913.140650
913.456150
913.462700
913.472650
913.714650
913.718250
913.724400
913.864950
916.300650
916.629600
916.638250
916.652350
916.669450
916.910600
917.144750
917.292400
917.720500
917.852750
917.858500
918.530300
918.536800
918.540900
918.548350
919.423600
919.434450
919.565650
919.885950
919.889900
919.899900
920.074850
920.079400
920.447750
920.475750
920.481100
920.499300
920.638800
920.904000
922.654650
922.660150
923.023150
923.197950
924.312500
924.325950
924.339800
925.557250
925.576400
925.580100
925.592450
926.493250
926.788300
927.063850
927.308800
927.312350
927.318050
927.323450
927.332850
928.436050
929.113750
929.117350
929.121650
929.126900
929.133900
929.138800
929.153900
929.929950
929.933000
930.824750
930.993200
931.132000
931.551450
932.225650
932.551650
932.583400
933.132800
933.136450
933.212900
933.216350
933.222100
933.226600
933.231300
933.240900
933.636700
933.706000
933.710600
933.814300
933.914250
934.116200
934.156000
934.419950
934.657600
934.950650
934.954100
934.972300
935.006450
935.825800
935.829650
935.837100
935.843550
935.848650
935.858900
935.894450
936.125050
936.133650
937.130950
937.135150
937.140500
937.145450
937.298400
937.735750
937.926900
938.915850
939.137150
939.141950
939.783500
941.088550
941.201650
941.540700
941.976900
942.869300
942.895800
943.034750
943.038900
943.727500
943.731350
944.028500
944.140750
944.941900
944.945400
944.961650
944.966350
945.019650
946.110350
947.327600
948.600050
949.068400
949.071800
950.543550
950.573450
950.605650
950.609300
950.791400
950.795900
953.620450
953.625600
953.684700
953.688800
954.765350
954.768100
955.086900
955.368500
955.372800
955.631100
956.003750
956.008150
956.519850
956.959650
957.658100
957.858900
958.105800
958.109800
959.050900
959.579050
960.048550
960.088950
960.793350
961.012450
961.575900
961.790600
961.795000
962.618600
962.622850
962.630100
962.832200
963.880050
963.897750
963.902050
965.232850
965.238000
965.384950
965.901800
966.572400
966.606850
966.620250
967.609700
967.617550
967.623850
967.938250
967.942600
968.488550
968.493450
968.509700
968.533450
969.168450
970.430200
970.433400
970.556550
970.998850
971.002550
971.150450
971.155350
972.928150
972.931750
972.940300
974.124350
974.183850
974.838100
974.842750
974.906300
975.120350
975.749800
975.754000
975.759400
975.892400
976.621450
976.625400
976.690750
976.963700
977.582700
979.266500
979.270600
979.275900
979.471900
979.480700
980.709600
980.713700
981.922700
981.926050
981.931100
981.944900
982.202550
983.311000
983.316850
983.413250
983.484400
983.506050
983.510500
983.611950
983.958350
985.421000
985.435650
986.573950
986.988650
987.135850
987.384000
987.428700
987.673250
987.676050
987.685450
988.218000
988.337750
989.267250
989.271400
989.276600
989.281550
989.586600
990.689050
990.693500
990.695750
990.699300
990.720600
991.043050
991.045750
991.821200
991.846150
991.893450
992.338750
992.343350
993.094450
993.098950
994.109100
994.544400
994.548400
994.553550
994.559400
994.573750
994.686100
994.799050
994.802450
995.033850
995.040300
995.091300
995.101050
995.311650
996.092050
996.246300
996.249050
996.256200
996.687850
997.363600
998.512250
998.516850
998.522550
998.527000
999.147250
999.150900
999.453100
999.895700
999.902700
999.929850
999.935100
1000.194250
1000.638450
1001.429800
1001.433700
1001.750450
1002.571800
1002.576000
1003.583500
1003.588750
1003.829600
1003.836350
1003.906700
1003.910800
1004.489750
1004.495750
1005.210900
1005.222350
1005.228100
1005.762800
1005.766850
1005.966400
1006.133050
1006.466550
1006.491450
1006.497650
1006.504650
1006.675400
1006.784200
1006.787450
1007.367250
1007.376900
1007.385150
1007.725800
1008.857350
1008.860600
1008.864150
1008.869000
1009.142550
1009.775350
1011.087000
1012.880850
1014.237050
1014.520550
1014.725050
1014.731350
1016.305200
1016.330850
1016.342550
1016.352300
1016.540050
1016.824150
1017.433100
1018.804950
1018.809300
1019.608700
1019.613350
1019.802850
1020.295900
1020.325250
1020.527800
1020.769600
1020.778200
1020.782150
1020.978900
1021.829750
1021.852100
1021.855900
1022.214600
1022.240350
1022.302500
1022.321650
1022.325250
1022.501350
1022.505000
1022.560150
1023.411650
1023.415900
1023.468800
1024.131950
1024.136150
1024.148400
1024.504200
1025.192250
1025.196200
1025.202600
1025.325650
1028.212550
1028.220450
1029.526650
1029.754750
1030.005050
1030.009850
1030.268350
1030.272700
1030.279150
1030.396050
1030.399000
