5.133200
5.153450
5.241250
10.187550
10.200600
10.220150
10.958800
11.568800
11.577000
12.239600
12.249850
12.254850
14.154350
14.719600
14.808950
15.159750
15.202950
16.678650
16.866600
17.012650
17.120000
18.414150
18.504450
18.511500
18.824850
18.829950
20.285850
21.543950
21.547300
21.834500
21.930850
23.383450
23.387750
25.658900
25.957450
26.629000
27.793700
28.750200
28.754000
28.763550
28.769300
29.713000
29.891700
30.499550
30.597800
30.683250
30.687050
30.696100
33.083200
33.091550
33.101150
33.117350
33.127950
33.132700
33.244200
33.437600
33.656850
33.662000
33.867900
34.696150
35.887100
35.988550
35.991650
35.996700
36.081500
38.197750
38.201500
38.210800
39.833300
39.836900
39.885300
39.889100
39.898550
42.041300
42.049600
42.054500
44.353750
45.170000
45.173800
45.180400
48.294900
48.298750
49.312650
49.405050
51.001150
51.009300
51.020500
51.787000
51.791650
52.053500
52.931100
54.984900
54.988550
56.139800
56.143400
58.706250
58.984550
59.637900
59.763600
59.767100
59.777850
60.769600
63.022650
63.032150
63.035750
63.040700
63.251800
63.293350
63.689400
63.814150
64.521800
64.525500
64.541000
64.757800
65.953800
66.054850
66.181850
66.190550
67.625250
68.885000
68.888150
68.891900
68.897850
68.947100
69.984250
70.208950
70.667600
70.943300
71.128400
71.322150
72.063000
72.383050
77.068900
82.559150
84.855600
84.875150
86.521350
87.282950
87.417100
88.191100
88.851150
88.855000
89.754900
90.272150
90.295750
92.497650
92.505450
92.518650
92.593100
93.274200
93.284600
93.288100
93.297400
93.622350
94.038050
94.041750
94.668200
94.763100
95.894850
95.898450
95.910000
97.035150
97.999950
98.013400
98.174750
98.180650
98.790800
98.794650
99.102400
99.114550
100.985500
100.989700
103.696000
103.700150
104.319750
104.881300
105.082950
105.098150
105.106900
105.116600
105.535650
105.871200
105.874950
105.881400
106.920450
107.433450
107.437000
107.442350
108.399800
108.407700
108.412000
108.421150
109.329650
110.768350
111.766850
111.770450
111.807650
111.814400
111.820550
112.051450
112.063050
114.163400
114.166850
114.799700
114.806100
114.809900
118.355050
119.001750
119.322650
119.326850
119.644750
120.075250
120.100150
121.061450
121.208300
122.205850
122.682450
122.686550
123.357350
123.388300
125.052650
125.061150
125.073550
125.148550
125.494150
125.784050
126.913450
127.666100
127.673000
128.238000
129.215950
129.233900
130.165400
130.195000
130.203050
130.209050
131.467850
133.447900
133.451500
133.456100
133.468550
133.954350
134.088800
136.803100
136.811550
138.098500
138.151050
138.160300
139.132450
139.500600
140.134900
141.421150
141.729950
142.180800
142.677850
143.138600
143.146500
143.584350
144.127500
144.131600
144.651400
146.448050
146.691450
146.819450
148.573550
148.599750
149.185850
149.305400
149.322000
149.544850
150.519900
150.523450
151.293100
151.614550
152.014300
152.942350
154.110250
156.971650
156.975550
157.025700
157.030050
158.425600
158.839850
158.843150
159.359750
159.380250
159.404900
159.412550
160.735900
160.739800
162.045250
162.078050
162.487800
164.864900
166.033500
166.332300
166.908200
166.917600
167.799250
167.803000
167.856450
167.939950
167.945100
168.030600
168.041550
169.172050
169.374800
169.796550
172.054600
172.548800
173.036000
173.050250
174.197450
174.201350
174.214550
174.219200
175.920350
176.063750
176.067400
176.385900
177.429950
177.434550
177.438550
177.447400
177.915450
177.919250
178.241450
179.453050
179.461750
180.587150
180.593400
180.606000
180.611750
180.951600
181.055800
182.010100
182.022800
182.034000
182.038600
183.701800
183.705700
183.738150
183.997700
184.002250
184.179150
184.642400
185.140600
185.273450
185.826800
186.017950
187.502450
187.687050
187.695250
187.915800
187.991100
188.139300
188.610800
188.694700
190.215850
190.429450
190.825000
191.146700
191.720350
192.208950
193.100700
193.192450
194.058850
194.069800
195.698500
195.702650
195.777350
197.099200
197.208600
199.717200
200.436550
201.054250
201.254600
201.267400
201.414850
201.432100
202.168200
202.179850
202.727300
202.731600
203.109900
206.738100
206.792900
206.799150
207.097500
207.678450
207.682500
208.129500
208.133450
208.180100
209.680800
209.684550
209.689850
209.696450
209.712800
209.845250
209.858400
209.907150
209.991250
210.284100
210.916900
210.920900
210.933350
211.242100
212.104750
213.067250
213.353000
213.369050
213.712750
214.105250
214.286550
214.293650
214.297800
215.880100
215.884450
217.131950
217.228100
217.554000
217.558850
217.585250
218.729850
218.742750
218.748100
220.961100
220.969200
221.084000
221.601150
221.689650
222.485950
222.679200
223.225950
223.877400
224.577850
224.718600
225.649650
225.661150
225.682950
226.021600
226.442500
226.919050
227.103250
227.711750
228.218150
228.550950
228.661800
228.667400
228.677850
230.860600
230.875250
230.891250
231.357000
232.229200
232.702950
232.976550
233.433600
234.071750
235.029500
236.069100
236.239300
236.251450
236.257950
237.794050
238.087950
238.608000
238.994700
239.007400
239.312650
239.321450
239.327000
239.828150
239.933100
240.669400
241.142250
241.487350
241.854500
242.091950
242.095700
242.379200
242.408450
242.641000
243.584700
243.761200
243.765250
244.807400
245.343250
245.380450
246.293450
246.303100
246.315150
247.241150
247.423100
247.583350
247.587050
248.502450
248.506750
249.170000
249.174750
249.185600
249.192050
249.353750
249.907150
250.181350
250.578200
250.628450
250.890200
251.063950
251.988450
252.001250
252.658650
252.752800
252.918350
253.216800
253.531500
254.402400
255.319600
255.333900
255.353850
255.359650
255.412800
255.418700
256.697550
257.120300
257.331950
257.341100
257.407750
258.185900
258.189950
258.242250
258.590600
258.753850
259.053400
259.080700
259.198300
259.203600
260.495950
260.606700
260.609950
260.708100
260.717500
260.722850
261.945100
262.119150
262.720700
262.903350
263.252600
263.366750
265.039500
265.256650
265.464600
266.198800
266.203100
267.094700
267.180200
267.185050
267.271100
267.843700
268.191550
268.206650
268.210850
268.518600
269.070600
269.366650
270.036950
270.309550
270.392500
270.670850
270.675450
271.370850
271.389950
271.826350
272.610100
273.138300
274.124850
274.216650
274.220000
274.225200
274.758900
274.816850
275.368500
275.388450
275.856500
276.232750
276.253350
276.982600
277.624900
277.696000
277.754650
278.327250
279.091150
279.099050
279.107050
279.117450
279.593050
280.286650
281.144800
281.164600
281.323900
281.585450
281.603250
282.110900
282.127750
283.254050
283.269700
283.361050
285.422400
285.956600
286.804000
287.236950
287.333450
287.566500
288.161950
291.323900
292.164700
292.814050
292.956350
292.966200
293.360950
293.365200
293.426550
293.472300
293.477350
293.611000
295.129500
295.236850
295.691050
296.044400
296.745750
296.760500
298.045600
298.175500
298.179100
300.640950
300.653050
300.770800
300.776000
301.589500
301.593350
303.794500
304.075800
304.097450
304.105550
304.894750
305.267550
305.271200
306.525500
306.627200
308.391500
308.397400
309.286450
310.878550
311.116900
311.135650
312.291400
313.317750
313.678350
315.098050
315.414850
316.552950
316.556750
316.768300
316.772900
316.789600
317.107700
317.639450
318.234200
318.974000
318.978000
318.985550
319.763800
319.772250
320.273800
320.517150
320.677100
320.681350
320.896700
320.970350
321.784450
321.802700
321.819000
321.864300
322.633050
322.848350
323.225400
324.044000
324.734900
324.966100
325.054050
325.425700
326.120900
326.750750
327.323900
328.103100
328.379000
328.865050
329.568300
330.264750
330.272400
330.587650
330.599250
331.031400
331.034600
332.181050
332.386500
332.785500
333.374950
333.380000
333.384900
334.694450
336.245700
336.321250
336.771400
337.062400
337.237950
337.650850
338.088750
339.506200
341.394200
342.229750
342.234250
342.239600
343.144150
343.559750
344.101350
344.807000
344.834850
345.057250
345.533200
345.947700
347.001650
347.075550
347.613400
347.730300
348.484850
348.649100
350.596500
350.906050
350.909850
351.114100
352.047150
352.675300
352.942250
354.297400
354.301450
354.390900
355.470700
355.570650
355.765050
355.781500
357.142800
357.671400
357.674700
358.428750
359.360000
360.600200
360.861800
362.018650
362.025050
362.027500
362.030450
362.187350
363.109400
363.329300
364.095200
364.402650
364.592400
364.872450
365.032350
365.455900
365.718900
365.825000
365.829950
366.133900
366.142450
366.277800
367.357650
368.227000
368.246100
368.341050
369.184900
369.260600
369.265250
369.571550
369.595350
371.185350
371.375050
371.400150
371.482400
372.284000
372.655950
373.438500
374.458000
374.825800
374.835500
376.593000
376.882450
377.816500
377.934350
378.875200
378.880550
379.253850
380.277050
380.744700
381.094300
382.777250
383.612200
383.749050
384.255050
384.540300
384.742500
384.813450
384.817250
385.844550
385.930050
386.091750
386.354050
387.526050
388.487150
388.554550
388.844500
389.017550
389.315850
389.320300
390.743300
391.009700
392.573300
394.417850
395.762050
395.934800
396.654500
397.489400
397.600150
398.282400
399.267800
400.552400
401.005550
401.103850
402.203300
402.208300
402.909800
403.123900
403.163700
403.179150
403.505100
404.582500
404.587150
404.625100
405.859950
405.883550
407.366650
407.508800
408.010550
408.015700
408.540200
408.701200
409.428600
409.632700
411.460400
412.881900
412.933050
413.246650
413.411600
413.414250
413.904400
415.154100
415.159350
415.636400
415.999200
416.726700
417.211200
417.647400
417.699600
418.678850
419.294250
419.378500
419.382550
420.063900
421.659050
421.775800
421.973250
422.856200
424.376750
424.772600
424.963000
425.244900
426.131250
426.153400
426.993850
428.063950
429.922800
429.963700
430.292450
431.120450
431.312650
432.257450
433.277850
433.514400
434.314000
435.370100
436.305250
437.075850
437.656000
439.062600
439.901150
441.114300
441.456050
441.777900
442.236900
442.818700
442.824350
445.967100
445.976500
447.630950
447.690950
448.008950
448.099600
449.216150
449.302600
449.317650
450.259250
450.622900
450.670600
450.970300
452.214400
452.956950
453.417150
454.606650
454.611900
455.026750
455.833650
456.190350
456.446150
456.760700
456.951250
457.443350
457.447450
457.887550
458.221900
458.979900
459.463000
459.754300
460.680050
460.684400
460.703700
460.733650
460.824650
461.832600
462.728650
463.594350
463.867700
464.613300
464.712000
465.031150
465.347700
466.629100
466.778350
468.492500
468.736400
468.744500
469.722800
469.730350
469.899100
469.915400
470.206650
471.161900
471.860250
471.970400
472.371900
473.650150
474.080950
474.130500
474.849400
475.619100
475.657700
476.460450
476.918150
477.280000
478.179650
481.432250
481.658450
482.715100
483.035300
483.324250
483.956550
483.960500
484.944200
485.048050
485.257850
485.268450
487.383200
488.494100
489.724250
492.908600
493.292900
493.837750
494.055750
494.058450
494.929550
495.026550
497.052900
497.099750
499.848850
500.640050
501.124450
502.771750
503.015000
504.611600
504.624300
504.657050
506.187800
507.071600
508.030450
508.296000
508.309350
508.524300
508.828100
509.048100
509.355000
509.952350
511.335250
511.828900
511.833750
511.989800
512.402800
512.421900
513.082900
513.225550
513.554250
514.744600
514.997600
515.278200
516.272250
517.516300
520.132600
520.336600
521.430850
522.039850
523.512150
523.911550
524.004850
524.509400
525.109550
527.066100
527.548300
527.562000
527.664300
529.482400
530.808000
532.638500
532.647250
533.412600
533.738500
534.169700
534.534950
534.724300
534.874050
534.922150
535.034700
535.971900
536.771350
537.789000
537.890000
538.588700
538.637600
539.971400
540.366500
540.601850
540.783750
541.926250
543.244900
543.299150
543.548200
544.381900
544.444100
545.032250
545.076450
545.084350
545.813750
546.088450
547.061750
547.070300
547.937400
548.762350
549.026150
550.173850
550.651700
551.409700
551.413350
551.464650
552.522850
553.872450
555.676150
556.921250
556.950950
558.222450
558.243750
558.988800
560.683150
560.690100
561.157850
561.519950
561.823600
562.315900
563.240100
563.694200
563.713350
564.270550
564.637400
565.570100
566.011650
569.849150
570.720350
571.515750
573.508700
573.521550
574.300100
575.739700
577.218850
578.061900
578.066300
579.552450
580.499500
582.457400
583.521450
585.411450
585.935950
585.951000
586.510700
587.646400
589.109050
590.069100
591.111650
594.172400
594.768250
596.368450
596.988450
598.709100
598.849600
601.468100
601.906250
602.213050
605.766850
607.420650
608.563700
612.682150
612.922900
612.964150
613.099200
614.016050
614.811850
615.470000
615.731400
616.272750
616.608250
617.378950
617.418700
617.977950
618.173450
618.454050
618.502150
618.870950
619.895850
619.900000
621.980900
622.608800
623.341000
623.418150
623.733250
624.162550
626.078600
626.750250
626.861100
627.290700
627.300850
627.492100
627.670000
628.064550
629.787250
630.166850
630.909100
630.950700
631.613850
634.425250
639.183600
639.288850
640.028350
641.143200
641.448500
642.735650
643.171800
643.511050
643.762900
643.769450
646.317000
646.502400
647.509950
647.559300
648.536900
648.540750
649.366900
651.004850
651.080700
651.971300
652.491900
652.498000
652.851100
653.780100
654.497500
656.517200
656.832450
657.039250
657.666500
657.671550
658.546750
659.211350
662.049900
662.584050
664.876450
665.262150
666.244100
667.095900
667.508400
668.740800
669.471100
670.039250
670.166450
671.373950
672.454350
675.425200
676.114850
676.119450
677.262900
679.108950
679.649550
680.062100
681.104550
681.522500
681.607900
681.995700
682.135600
682.663350
683.233550
683.755000
683.793850
685.367000
685.455900
685.460800
685.512600
686.405500
686.899800
687.676950
687.686750
687.722550
688.050750
688.280250
688.495300
689.374950
690.596500
690.641000
691.118900
692.428600
694.946300
696.441550
696.705600
697.476300
697.591600
698.146700
698.184300
698.778700
699.192700
699.627100
700.005300
701.274750
702.069600
702.734700
702.831100
702.959800
704.729350
704.994350
704.997900
705.361850
706.636550
707.169600
707.214350
707.333000
708.353650
714.248600
714.301250
714.602000
714.784700
715.846700
716.405850
716.718150
716.798050
717.135800
717.964750
718.874250
719.353900
720.727900
721.333150
721.884400
722.363750
722.382250
723.565600
724.468150
724.629650
725.735400
727.096150
728.770850
731.213800
732.195050
732.504850
733.049250
733.238100
734.962450
735.135900
735.140450
735.209600
736.529450
742.978700
742.981650
744.085700
744.868300
745.375750
745.555950
746.656400
747.269650
747.358300
748.687450
749.815200
750.337750
750.928100
751.254450
752.706400
752.821850
753.198650
753.328150
753.578200
754.023000
754.395800
754.399500
755.025100
756.113250
756.481550
757.195950
757.407700
757.429950
758.540300
760.050050
760.057350
760.315300
762.339400
762.457450
762.463600
764.824050
765.336700
766.079500
766.340300
766.450800
766.604800
766.978950
767.798050
769.206950
769.211200
769.331800
771.898450
771.955400
772.369700
773.629050
775.917400
776.125800
776.483850
782.476750
783.651050
784.737350
785.755350
787.893450
790.504250
792.042800
792.762950
793.624300
794.796000
795.322050
795.812450
795.821600
797.983750
798.090300
798.562400
799.397300
800.907500
801.633550
802.924850
806.244950
806.568800
808.492400
808.899650
808.906100
810.539000
810.884500
812.159050
814.372350
815.243650
817.786750
817.900250
819.373700
823.311300
824.727600
825.884350
827.362250
827.900250
827.902400
828.561850
828.875100
831.055750
831.224500
831.778900
834.258350
838.343850
839.577650
840.327850
840.332700
840.957350
841.139400
842.382000
842.607700
843.393600
843.640300
844.175350
845.196650
847.648400
848.078950
848.301600
849.687400
851.124200
853.260550
855.020400
858.723650
858.754200
859.743400
859.942150
862.228000
864.044350
864.964950
865.895100
866.056600
867.846750
869.100150
872.177550
872.724200
872.806900
872.925550
873.415650
874.054400
874.194650
874.215850
876.190150
877.830650
877.844450
879.147550
880.021500
880.049250
880.061300
880.114150
880.608750
880.612500
880.990150
881.170650
881.669350
882.193850
882.961500
884.804750
885.321150
885.920950
886.312850
886.572700
887.160000
887.888650
888.476900
888.493950
889.575800
890.559900
893.371200
894.395900
896.552050
897.544400
898.434650
898.442350
898.609900
898.727600
900.178050
902.595150
902.932950
903.348000
904.436150
904.668100
906.524150
906.725200
907.095900
907.213050
907.789100
909.753850
910.247200
910.548850
911.473900
911.806750
912.451800
912.465800
914.720800
915.071850
917.189000
918.463150
919.676700
920.548100
920.804250
920.883000
921.216600
921.578700
923.907450
924.038000
925.588950
927.024400
928.397500
929.049850
930.363500
931.288350
931.836800
933.719000
934.539150
934.953950
935.607800
936.888250
938.657350
939.157500
941.354950
941.383200
943.213400
943.824600
944.422100
944.610600
944.686800
945.960250
947.769950
947.797200
948.920200
948.948600
949.027700
949.723250
950.211650
950.903550
952.013550
952.081900
953.609100
953.762550
953.900250
955.342400
955.610100
956.015300
956.791900
957.784600
958.542800
959.588000
959.803100
960.365200
960.837750
960.841700
962.100100
965.831250
966.775650
966.832400
968.741450
968.765950
972.095500
972.288450
972.342500
972.362750
972.956200
973.147650
973.727400
973.920000
974.530350
974.567800
974.899500
976.898150
977.350650
977.695200
977.926800
979.456150
981.487700
981.493250
981.641650
983.993400
984.554000
984.594550
984.736100
985.024200
986.567400
987.239400
989.538150
990.349700
990.887000
991.316350
993.795900
994.287200
996.489650
996.617850
997.419800
998.268150
1000.041900
1001.871900
1005.108750
1005.744850
1007.317150
1008.477100
1008.626300
1009.035650
1011.658550
1014.106700
1014.368800
1014.916750
1016.865500
1016.881150
1017.258450
1019.104100
1019.976700
1023.036500
1023.133000
1023.434200
1023.438550
1024.241150
1026.985800
1026.990100
