0.457050
2.841100
4.154600
4.869650
5.032550
5.135350
6.015300
7.704750
10.201200
10.332150
10.362750
10.894950
11.022150
11.638200
11.849500
11.854000
11.858900
12.040550
12.112200
12.648650
12.681800
13.504650
13.509500
13.519600
13.795950
13.802550
14.546150
15.066100
15.203150
15.215600
15.851800
15.976550
15.980100
15.984350
16.552750
18.005900
18.107950
18.295650
18.322550
18.414150
19.029350
19.311400
20.067950
20.076850
20.147550
20.288300
20.438300
20.442250
20.551650
21.055400
22.029750
22.999200
23.381200
23.399650
23.576250
24.529350
25.846000
25.861800
26.142850
26.147100
26.547750
27.576450
27.579350
28.184250
30.525100
30.575900
30.581250
33.101100
33.104600
33.110950
33.764200
34.611450
35.072350
36.121850
36.264250
36.270200
39.202050
39.693050
42.171650
43.014200
44.102150
45.133450
45.138300
45.192050
46.520100
47.239150
47.247900
47.259050
47.261950
49.767750
51.220250
51.264650
51.299750
52.722650
54.112950
54.117100
54.188650
55.309900
56.657850
58.493250
58.699750
59.778150
59.782400
59.815400
59.883750
60.589000
60.597350
61.165450
62.214400
62.243750
64.242500
64.640400
64.921000
65.419150
66.079050
66.527550
66.960200
67.949250
67.997050
69.151050
69.944600
70.369650
70.404700
71.384300
75.020550
75.180350
78.436800
81.755050
82.315400
82.855500
84.035750
84.455350
86.217100
86.422000
86.437500
86.877950
86.982250
87.170300
87.303900
88.176650
88.216500
88.371650
88.387200
89.070400
89.831850
90.195200
90.344800
90.657150
91.241900
91.493600
91.656950
93.226200
93.432500
95.071250
95.267700
97.175850
97.187850
97.192700
98.155100
100.470150
100.897100
101.721200
101.896200
101.903000
102.556450
104.495500
105.180550
105.830700
106.202800
106.255250
107.444200
107.456400
107.494650
109.376550
112.099500
113.758300
114.190900
114.238200
114.819950
114.995750
115.333550
115.807950
115.836500
117.167100
118.378150
119.276400
120.985700
121.173100
122.866100
123.625100
123.668350
125.007150
125.783050
126.333800
126.491850
127.663500
127.940250
128.230450
128.316200
128.340550
130.085200
130.234300
130.244900
132.606200
135.420950
137.177350
137.198800
137.379850
137.832600
137.871800
137.985650
139.928100
140.059900
140.066550
140.723550
140.750200
140.864350
140.898600
140.986900
141.720500
141.829500
141.832900
142.604700
143.594400
143.617450
145.158800
146.444750
146.462600
148.206300
148.594850
149.290550
150.003300
150.437800
153.756250
153.760700
154.375100
154.648750
155.099450
156.392400
156.649050
156.656350
159.099750
159.731150
160.118950
161.015900
161.020100
161.035250
161.048150
161.333650
162.722750
162.955000
163.599350
164.218450
164.223900
164.230650
164.909350
167.370450
169.636600
171.225250
171.236150
171.627400
171.633450
172.009150
172.043900
172.134450
172.462150
173.245850
174.093900
174.246000
174.803800
175.676100
176.244300
178.848850
178.880700
178.916250
178.937400
179.783750
180.014900
183.050550
183.145100
184.002450
184.691950
185.043300
185.419600
186.075450
186.481900
187.149300
187.251750
187.342650
187.897600
187.974500
188.618800
189.201300
189.686300
191.085950
192.119200
192.244700
192.248550
193.395800
193.487350
193.504450
194.687450
194.740650
194.804200
195.636850
196.020300
196.139750
196.178300
196.366900
196.430750
196.786200
197.208250
197.397800
198.287350
198.396150
198.590300
199.481300
200.450550
201.986100
202.325250
202.510100
202.513900
204.328850
204.344700
205.080950
205.100400
205.251850
205.573650
206.088850
206.224050
206.284750
206.452050
207.393200
207.428550
207.787900
208.342850
208.541800
208.768150
209.551500
209.622300
211.651500
212.039850
212.085000
212.091150
212.124400
212.895950
213.360400
213.375700
214.564650
215.474450
215.869600
216.383900
216.506300
216.820400
217.585150
217.662500
217.667100
217.688450
219.353200
219.727200
220.180500
221.841350
222.139200
222.747450
222.761500
224.284200
224.415900
226.914400
227.799000
228.264200
228.272650
228.419250
229.495150
229.995450
230.911350
231.784200
232.116450
232.119800
233.419400
233.817250
234.262050
235.548900
235.945650
236.243650
236.248250
236.807150
237.140600
237.146600
237.773150
238.498100
239.770750
239.812650
239.993450
240.295100
240.682000
240.701550
240.906150
240.970450
241.298850
242.456600
243.278950
243.537850
244.748800
244.864400
245.711700
246.136300
246.142250
247.674950
248.315200
248.617800
250.785500
250.795300
250.867000
250.889550
250.956500
251.340800
251.776650
252.174500
252.698850
253.011900
253.626050
254.015700
254.407600
254.495700
254.750400
255.524450
256.198650
256.208200
256.455950
256.704350
256.716700
257.771850
257.798600
258.404800
258.670600
259.145900
259.150300
259.792000
259.799850
259.952700
260.046750
260.109600
261.457400
261.543550
262.090500
262.127650
262.136100
262.205800
262.799350
263.127100
263.985500
264.133850
264.372550
264.760200
266.199250
266.878650
268.221700
269.279100
269.824100
269.847150
270.525900
270.552800
270.702800
270.993850
271.477750
272.161500
273.617400
274.222450
274.372500
274.696650
275.417450
275.548900
276.818850
277.552200
277.559600
277.696400
277.705500
277.712300
279.106950
279.112050
279.616600
279.693100
279.835850
279.845000
279.856300
279.861200
280.314200
280.800550
281.153650
281.161700
281.912800
282.004450
282.029650
282.426800
282.587350
282.598050
282.678950
283.270700
283.678750
283.918700
284.293350
285.207700
285.217500
285.476950
287.421950
287.450450
287.542050
287.791100
288.932300
288.945150
288.949700
288.954350
289.337750
289.377000
289.813250
289.922950
290.824500
291.244400
291.253150
292.690800
293.324750
293.342200
293.348800
294.005500
294.808650
295.248950
295.461000
295.489250
296.418700
296.761900
297.516000
298.226900
299.487050
300.325800
300.358850
300.363100
300.401100
300.886100
301.205950
301.439700
301.468900
301.846100
302.702400
302.750800
303.943500
304.524150
304.613000
304.681800
304.950300
306.025550
306.432500
307.005400
307.274500
308.724750
308.802450
309.420850
309.612150
311.117000
311.626800
311.639750
312.209450
312.214800
312.457500
312.708650
312.813000
313.387900
313.839750
314.072700
314.126750
314.386200
314.395850
314.739350
314.757400
315.824950
316.258300
316.788500
317.019400
317.037450
317.621950
318.171000
318.188500
318.193000
318.478800
318.822600
319.828950
320.872950
320.929300
321.664900
321.864400
322.125800
322.149750
322.459300
322.532800
322.605600
323.947500
324.983050
325.213400
325.243650
325.425800
325.916500
326.789000
327.224250
327.328350
327.478900
328.290200
328.306500
328.905750
329.830150
330.340800
331.795950
332.371450
332.414900
334.789200
335.626600
335.631350
336.657700
336.892450
336.964400
337.043950
337.410950
337.657000
337.682250
337.693500
337.896800
338.195650
339.299450
339.783850
340.334500
341.729900
342.069200
342.243250
342.741950
343.216350
343.730650
344.266750
344.387250
344.556050
345.936050
345.991950
346.134350
347.791450
347.808000
347.825300
348.096200
348.136500
348.683850
348.852650
349.033150
351.043000
351.727800
351.991900
352.003950
352.558200
352.935300
353.096850
353.208850
353.244050
353.577050
353.679100
354.260250
355.003800
356.186900
356.357600
356.874350
356.929850
357.078650
357.263550
357.335550
358.208650
358.423650
358.677100
358.726500
359.342000
361.013950
361.696350
361.715550
363.993650
364.579650
365.325350
365.861650
365.870150
366.410300
366.653650
367.515400
367.540550
367.896450
368.241300
369.139250
369.392700
371.202900
371.457900
371.469650
371.473900
372.297000
373.014250
373.319450
374.027050
374.750050
374.837600
375.245750
376.499200
376.502050
376.649400
376.682700
376.708450
377.845550
377.851500
378.769900
378.796650
378.809350
378.873650
378.896750
379.663300
379.713200
380.422050
380.621850
381.190750
381.900950
382.754600
383.609000
383.622700
383.634600
385.050550
385.983300
386.343850
386.404650
386.408800
386.622200
387.711100
387.720100
387.782850
389.362800
390.562550
391.971550
393.109000
394.190900
394.959550
395.762200
396.445450
397.959100
397.996150
398.008850
399.870800
399.892800
399.912150
399.915050
399.925200
400.012450
401.177800
401.232650
401.343550
401.969750
401.975250
403.093150
403.199500
403.744800
404.884100
404.886950
405.965900
407.313700
407.338000
407.358850
407.375200
407.385200
407.408150
407.504300
407.507450
408.400350
408.592550
408.896250
410.153700
410.228250
410.811900
410.816000
410.914700
411.840450
411.855850
412.436700
412.891300
412.900150
413.722350
414.133450
415.475700
415.644300
416.291800
416.794700
416.821600
417.061400
418.135200
418.807900
419.095800
419.266600
420.164550
420.936850
421.939200
422.691200
423.361850
423.388550
423.417100
424.011600
424.265950
424.329000
425.913700
425.922200
426.029950
426.312450
426.652900
426.896450
427.027450
427.032550
427.329850
428.597400
428.657750
429.388100
429.743900
430.528350
430.568000
433.296850
433.382250
434.253100
434.663950
435.683250
436.772200
436.975500
437.758100
438.929350
438.939750
440.398400
441.026750
441.036600
441.042050
441.360000
441.779950
444.597950
445.373800
445.501950
446.392800
447.339400
447.358200
448.828700
448.832250
449.260050
451.734550
452.106100
452.248350
452.856050
452.903900
454.815150
455.112950
455.669300
456.469800
457.252200
457.270350
457.590950
459.333350
460.475000
460.484950
460.741750
461.828750
462.332050
463.006150
463.052350
463.097850
463.454100
463.814450
464.023400
464.028100
465.006900
465.119250
466.608500
466.667450
468.742200
468.855300
470.467050
470.471800
470.844100
472.260600
472.731500
473.639000
474.535450
475.664100
476.483300
477.784200
477.810300
478.713000
478.808000
479.586300
479.933600
480.537350
480.877350
482.755000
483.218450
483.760250
484.324350
484.705100
485.424850
485.434100
487.436200
487.496750
488.042750
489.009600
489.437200
489.608200
489.744300
490.121750
490.716800
490.722050
491.009300
491.390150
491.836850
493.264050
493.931550
495.580550
495.944100
496.073900
496.110650
498.059350
499.901700
501.806350
504.668550
506.023200
507.903950
508.176250
508.389750
508.412750
508.774650
509.995550
510.487500
511.055650
511.073150
511.154900
512.386500
513.064850
513.087400
513.157850
513.187800
516.130500
518.168200
518.677250
519.708200
521.398300
522.056250
522.161300
522.356750
522.654500
522.861450
523.875950
524.615100
525.802700
525.990250
527.642550
528.930800
528.941750
529.905500
531.357300
531.498800
532.088250
532.096300
532.685550
532.740750
533.041050
533.406250
533.590900
533.794900
534.581800
535.382700
538.871650
539.148700
539.684350
540.382450
540.605100
543.475000
544.399100
544.652950
545.231800
545.564750
545.949600
545.953600
546.096650
546.257250
546.357800
546.655000
547.070250
548.444350
548.448750
548.950900
550.783450
551.038100
551.424650
551.436750
556.139550
556.144200
556.155850
556.988650
558.345950
559.267450
559.311800
559.320150
559.323300
560.288850
560.684400
560.688600
561.489100
561.758400
561.784650
562.752750
563.025700
563.399750
563.482000
563.538450
564.091450
564.136150
565.201900
565.204850
572.653450
572.694950
572.766300
573.276950
573.635650
573.915800
574.063550
574.530100
574.666900
574.978800
577.109700
578.621600
579.243550
580.225150
581.586100
581.970200
582.244750
585.791300
586.395700
586.735450
586.910400
587.450600
587.789600
587.870600
588.330000
588.649750
588.689650
589.389200
589.429250
590.049500
590.069300
590.133800
590.289400
590.328900
590.513550
590.948650
591.129050
591.708550
591.868900
592.708600
595.869150
597.334150
598.489500
598.689500
599.909900
600.230150
600.329600
600.549450
600.748800
600.769650
601.529800
601.609950
601.689450
601.893600
603.029100
603.169200
603.289100
604.028700
604.193450
605.507650
606.546600
607.405300
608.289400
609.263000
612.060250
612.566050
612.596550
612.964300
613.246200
613.594750
613.642950
614.564500
615.360350
615.485150
616.185000
616.436300
616.606400
616.979300
617.165550
617.416100
617.729150
620.440450
621.447050
623.141550
625.114600
625.553250
625.691100
625.696500
625.716600
626.005350
626.007950
626.036200
626.288400
626.344750
626.626700
626.944750
627.050350
627.490900
627.517400
627.564450
628.241200
628.421100
629.246050
629.476500
629.505600
630.492800
630.945200
631.080950
632.167500
632.233950
632.277350
632.393800
632.865150
635.772500
637.288050
637.448250
638.956600
639.956400
640.187400
640.336500
640.741350
640.823750
641.748700
642.099350
642.111700
642.184050
642.496950
642.703500
643.298950
643.352100
643.868150
645.804500
647.097750
649.484950
650.751450
652.110450
652.165400
652.277950
652.310450
652.349900
652.550150
652.726800
652.730400
652.824600
653.225750
653.496200
654.050100
654.482050
654.505400
655.272500
656.233600
656.475500
656.644150
656.657200
656.748200
657.127700
657.362500
657.771750
658.190800
658.358900
658.362550
658.377650
658.398600
658.949700
659.166600
659.286200
659.300900
659.352550
659.379450
659.501850
659.553750
660.100350
660.233400
661.007850
662.005050
662.438450
662.850350
663.676750
665.284100
666.564300
666.629050
666.680450
666.719750
666.753200
666.912200
668.353350
669.475000
669.758350
669.999400
670.264750
671.567050
671.599050
671.726100
671.754800
671.759250
672.125300
672.419350
672.434800
673.481350
674.113100
675.212500
677.918700
678.514750
678.548250
680.374950
680.469400
680.489400
680.548900
680.677600
680.862200
681.349700
681.488650
681.568450
681.576900
682.148250
682.861100
682.954300
683.553250
683.560650
683.583850
683.900600
683.921300
684.260150
684.280300
684.527750
684.559950
685.087450
685.507800
685.518250
685.574100
686.014750
686.039250
686.047450
686.160650
686.535350
686.856150
686.957000
687.510350
688.297400
688.352250
689.392550
691.080350
692.819100
692.826800
693.116000
694.762000
697.476000
697.591650
698.136350
698.183900
698.429300
698.613250
700.883900
701.111100
701.217500
702.902300
703.440650
703.754900
703.758350
704.301700
704.364400
704.652100
705.178050
706.398700
708.778900
712.376250
712.381500
713.384100
714.124750
714.129350
714.248650
714.315600
714.537800
714.670750
714.943000
715.242050
715.244750
715.247100
715.289450
716.910550
718.529950
718.539000
718.712350
719.700450
720.003600
720.595050
720.608300
720.626450
720.705450
720.953000
722.012000
723.556800
723.561700
725.863900
726.301600
727.973200
731.201500
731.216850
732.195100
733.472050
733.490500
735.313500
735.622050
735.842400
736.285250
738.102800
739.943000
742.790100
742.879500
742.897750
742.978650
744.627400
745.223600
746.751050
746.864450
747.233450
747.520700
747.918200
748.037550
748.706850
748.713900
749.084950
749.783400
750.785700
752.078300
752.422950
752.443600
752.685700
752.854950
753.148550
753.151850
753.600600
753.605050
755.708000
755.758750
756.773150
759.630650
759.968050
760.272000
760.354150
761.765000
762.245800
762.278200
762.304150
762.347450
762.360600
762.389300
762.763250
764.291100
764.392900
764.558600
764.650550
765.002450
766.005150
766.280950
766.756950
767.343000
767.555100
767.752900
768.416850
768.429900
768.539950
769.485050
770.003800
771.231050
771.421400
773.650850
773.753350
773.779250
773.807750
773.838500
773.853950
774.263400
774.546100
776.768000
777.332200
778.038500
779.011450
780.193300
780.901250
781.396300
781.509450
781.537850
783.571600
788.860400
789.829800
789.866250
790.789600
793.646050
794.641400
796.077200
797.987050
798.066550
798.543800
798.720200
800.694550
801.106300
801.108600
801.490550
801.970050
802.107300
802.122200
802.290850
802.475950
802.692300
806.861150
809.489200
810.906700
811.316600
812.351600
814.372400
814.820000
815.467400
815.486500
815.721000
816.002900
816.125900
816.129900
816.138300
817.204500
818.930100
819.881850
819.886550
820.339100
821.824750
822.631450
823.295600
825.886200
825.940200
825.965450
825.969800
826.442200
827.767000
828.131450
829.482550
829.830900
831.585550
831.731900
833.273400
834.185000
834.207150
836.345700
838.466250
838.767450
839.492400
840.053550
840.164200
840.345800
840.946300
842.037600
842.056500
846.565600
847.792250
848.326900
848.723350
849.307950
849.595800
851.769800
852.453300
856.134750
857.311600
858.744500
858.749400
861.091250
862.431500
863.210450
863.432900
863.597550
863.856250
864.005000
864.416050
866.644750
868.368700
868.985350
870.430450
870.536000
871.126850
872.370600
874.014850
876.655750
877.545750
878.371350
881.914350
882.367150
882.402100
883.232600
884.025000
885.500800
885.507250
886.965450
887.725350
887.994250
888.248950
890.053100
891.091900
891.756450
892.886900
892.897150
892.922950
893.088300
893.371300
893.835950
893.892550
893.981900
895.772400
897.267950
898.487100
898.506900
899.170000
899.704600
902.599200
904.557650
906.317550
908.360500
908.479650
908.710700
909.153600
909.213250
909.665750
909.813500
910.934850
910.958650
911.000400
911.044700
911.620000
913.520850
913.906300
915.065300
916.444050
916.827850
919.684300
919.799750
921.204000
923.507800
926.543050
926.957500
927.677500
927.681400
928.487050
930.520000
930.627850
931.297450
931.399450
931.895200
932.455950
933.046900
933.266550
934.770850
937.414200
937.582450
939.607500
939.733950
939.781300
939.859550
942.063550
943.208350
945.137950
947.011450
947.701200
947.801600
949.770500
953.425750
954.099650
955.118700
955.205800
955.239900
955.539150
955.768550
956.847200
956.859500
956.872800
957.016900
957.367200
958.655000
959.211250
960.178500
961.485100
961.587500
961.708700
962.718150
963.012850
963.042100
963.081750
965.565900
966.231100
966.289900
966.315500
966.809500
967.221900
968.517750
970.466100
971.152100
971.334200
972.095650
972.385250
976.828700
976.855050
977.071400
979.625050
980.057550
980.394700
980.989450
982.818400
982.924700
982.930300
983.206200
983.397150
983.964350
983.981000
985.024000
990.071350
991.066950
991.309250
992.110850
993.615800
993.650200
994.054450
994.893400
996.537650
996.548900
996.562800
996.576550
996.621500
996.957900
998.378250
998.502650
1001.510350
1002.215900
1003.818400
1005.661600
1006.349950
1007.322150
1007.393400
1007.547500
1008.244750
1008.474900
1014.242000
1014.644050
1014.703950
1014.800850
1014.804250
1015.334050
1016.756650
1017.077450
1018.393400
1018.598350
1018.603450
1018.925800
1018.931000
1018.936400
1019.120450
1020.543300
1020.808400
1021.456450
1022.494800
1022.779950
1022.880350
1023.223200
1026.497850
1026.528600
1026.597000
1028.963800
1029.038550
