0.051200
0.799500
1.071250
1.143550
1.147250
1.425550
1.597400
1.767350
1.886300
1.911550
1.958000
1.962500
2.026250
2.129600
2.791400
2.832400
3.827050
4.051600
4.080350
4.176950
4.424850
4.439600
4.443450
4.743750
4.887650
5.461950
5.588850
5.757450
5.761850
5.871150
5.922600
6.187050
6.316650
6.320350
6.559550
7.151050
7.690150
7.694600
7.962400
8.062600
8.397550
9.015250
9.388500
9.391650
9.440250
10.080600
10.194500
10.197500
10.202750
10.221700
10.242900
10.260800
10.265050
10.272450
10.443350
10.592750
10.888000
10.923950
11.638350
11.959350
11.970000
11.978700
11.983200
12.058050
12.062800
12.094400
12.125550
12.160550
12.171550
12.684500
12.697150
12.780450
12.793500
13.956800
14.043100
14.052300
14.062050
14.384350
14.387750
14.410350
14.520550
14.528200
14.567350
14.650050
14.653700
15.545150
15.806700
15.826400
15.846800
15.976550
16.016200
16.031550
16.631300
16.673150
16.801400
16.805650
17.490300
17.589850
17.596250
17.778250
17.793050
17.795150
17.919400
18.206900
18.213250
18.219700
18.812600
19.538750
19.952000
19.955650
19.961600
20.193000
20.209950
20.214300
20.217600
20.421650
20.424200
20.443150
20.445800
20.458050
20.550750
20.554750
21.426450
21.460100
21.657100
21.672100
21.676800
21.685200
22.097700
22.251650
22.329500
22.496200
22.509200
22.534900
22.746750
22.755550
22.811550
22.965050
23.572600
23.701000
23.705550
23.709850
23.713000
24.126650
24.132000
24.137800
24.499800
24.653500
24.699050
24.894500
24.973750
24.989150
25.017100
25.021000
25.043250
25.046900
25.079650
25.768250
25.775100
26.384200
26.407950
26.411400
26.434000
26.438650
26.547750
26.551500
26.783200
27.374950
28.279550
28.284600
28.734400
28.738250
28.745800
28.750000
28.966650
28.970100
29.055600
29.058450
29.511750
30.075450
30.598150
30.602000
30.767750
30.779250
30.783500
30.899900
31.065450
31.068850
31.083200
31.849850
31.887850
31.900200
31.940250
31.943650
31.950100
33.096850
33.216650
33.223400
33.239750
33.452850
34.187150
34.190550
34.195050
34.200800
34.207100
34.607850
34.816200
35.225350
35.382600
35.386700
35.403500
35.430350
35.534600
35.574800
35.580350
35.697450
35.699800
35.714250
35.752900
35.834150
36.130500
36.141950
36.556750
36.734950
36.960450
37.693600
37.757300
37.761150
38.132650
38.294150
38.314200
38.319250
40.275750
40.298950
40.836450
40.839300
41.024000
41.104550
41.111600
41.980250
42.116200
42.357150
42.821550
42.828650
42.834450
42.846350
42.875150
42.880100
43.311300
43.533800
44.022750
44.028400
45.691400
45.696600
45.704050
46.082100
46.086150
46.467100
47.248000
47.426600
47.451050
47.460350
47.526000
47.564950
47.621600
48.129300
48.577800
48.587800
48.820450
49.271650
49.312300
49.316450
50.114750
50.125600
50.297550
51.108250
52.166100
52.183250
52.187800
52.262750
52.799800
52.989000
53.580750
54.024700
54.314050
54.318250
54.325000
54.356000
54.417800
54.542900
54.561400
55.068500
55.283400
55.316100
56.090500
56.616150
56.768200
56.771800
57.389200
57.694400
57.718800
57.868950
58.109600
58.296750
58.300550
58.305000
58.968150
58.971450
59.012850
59.064800
59.067550
59.588600
59.591800
60.266800
62.507500
63.087700
63.092050
63.115500
63.118300
63.126900
63.135400
63.376450
63.380050
63.389550
64.493800
64.921050
64.935200
65.855350
65.862600
65.865650
65.869800
65.879350
65.883350
65.888150
65.899300
65.937400
65.942550
65.967150
66.048600
66.052750
66.058500
66.307200
66.534650
66.543200
67.172050
67.889800
67.898000
68.985200
69.404150
69.749450
69.969950
70.256800
70.464600
72.523000
85.696750
86.961800
87.863100
88.556950
88.828150
89.373050
89.377150
89.649900
89.929550
89.933350
90.123500
91.351600
91.400050
91.457350
91.463350
91.578850
91.673800
91.677650
91.686600
92.117200
92.468800
92.473000
93.327400
93.706150
93.898800
93.901800
93.904050
93.909500
94.205900
94.498800
94.502150
94.520050
95.155950
95.311800
95.485800
95.580650
95.833500
96.200650
96.441550
96.840150
96.845900
96.849650
96.851750
96.946450
97.650850
97.834800
97.842000
97.862850
98.110250
98.114100
98.119400
98.245850
98.249200
98.264800
98.359600
98.760750
99.202000
99.216000
99.880150
100.150250
100.153650
100.199400
100.900550
101.356450
101.871500
101.886650
102.552650
102.556400
102.689850
102.693500
103.416250
103.489800
103.648450
103.919300
104.176800
104.608950
105.583000
105.774900
105.781550
105.850100
105.901300
106.778250
106.839650
107.100700
107.385500
107.864550
107.872650
108.470000
109.363250
110.223500
110.323100
110.668500
111.736250
111.845850
111.848300
111.855600
112.097200
112.102350
112.113650
112.293700
112.487150
112.612800
112.986200
114.199650
114.222450
114.226950
114.234700
114.265600
114.454450
114.644050
114.970400
115.211300
115.537600
115.706700
117.529200
117.950250
117.970350
117.974550
117.981200
117.985300
117.989900
117.993750
118.004550
118.015150
118.103200
118.110350
118.345050
118.406650
118.424000
118.939200
118.955300
119.212900
119.455300
119.460000
119.763700
119.865100
119.880400
119.885050
120.121050
120.131300
120.296400
120.532200
120.535800
120.599650
121.413450
121.484600
121.563350
121.567550
122.008200
122.457850
122.925200
122.954550
123.219600
123.724050
123.770950
123.867850
124.240100
124.633950
125.527250
126.083900
126.088050
126.091900
126.096750
126.155600
126.193700
126.197850
126.215250
126.233300
127.145650
127.149700
127.410250
127.413600
127.487600
127.540200
127.544750
127.810650
128.257150
128.730800
129.305300
129.390950
129.471450
129.475900
129.479700
129.712350
129.715500
129.719800
129.726150
129.792050
130.194300
130.714900
131.018250
131.024000
131.027000
131.318000
132.039550
132.604950
132.803550
132.830500
133.706100
133.837200
134.230250
134.606500
135.296950
135.417600
135.434700
136.004600
136.008550
136.014300
136.319650
136.910450
137.020050
137.027300
137.035900
137.093650
137.161750
137.165150
137.499750
137.577700
137.705400
138.260800
138.263500
139.419300
139.923700
139.956650
140.283150
140.728750
140.735550
140.742100
141.512750
141.718150
142.380800
142.389800
142.413750
143.685600
143.693350
143.696950
144.112400
144.365550
144.381700
144.666150
144.674950
145.054000
145.780850
145.784700
145.790350
146.025950
146.044000
146.308600
147.780900
147.788950
148.044950
148.586450
148.719750
149.087000
149.092050
149.102000
149.128550
149.369500
149.435350
149.517900
149.728200
150.291000
150.446250
151.213200
151.221900
151.549350
151.726350
151.729650
151.886950
151.893250
152.435650
152.454600
152.542600
152.817650
152.822350
152.887050
152.970000
153.128850
153.133450
153.852650
153.859800
153.863600
154.343200
154.357850
154.679150
155.099350
155.107800
156.137900
156.206550
156.210500
156.241200
156.879100
156.972550
156.975000
158.066850
158.581000
158.600750
159.094250
159.168000
159.357150
159.875750
160.164100
160.212950
160.692400
160.698150
160.703300
160.938500
161.042900
161.181050
161.298600
161.630850
162.593800
162.605600
162.634200
162.637450
162.872850
162.998100
163.174050
163.585000
163.599450
163.978750
164.218600
164.336000
164.432450
164.462200
164.476450
164.479700
164.510100
164.829250
164.944650
164.980000
165.082500
165.920650
165.936250
166.477950
167.231000
167.742850
167.945900
167.948850
168.923300
169.085050
169.186600
169.283000
169.399750
169.633350
170.046900
170.162650
170.447350
170.455800
170.726750
170.744150
170.811550
170.892600
170.979900
171.303300
171.437700
171.627250
171.926150
171.962650
171.984150
171.988400
172.201800
172.205600
173.267400
173.269700
173.274200
173.283450
173.325450
173.329700
173.371150
173.649800
174.081150
174.162400
174.166300
174.226600
174.243000
174.582350
174.658100
174.677200
174.681200
174.924400
175.020800
175.184900
175.257200
175.494100
175.536600
175.544950
175.593300
175.768650
176.472200
176.862900
177.237800
177.244000
177.300800
177.315750
178.832400
178.846950
178.849850
178.858650
178.866000
178.886050
178.976050
179.613150
179.719000
179.772200
179.916850
180.381400
180.504800
180.779800
180.900100
180.903250
181.818100
181.827100
181.894150
181.897800
181.903350
182.655950
182.982650
183.049450
183.059800
183.580750
184.193450
184.782900
184.800100
184.804150
184.809850
184.922850
184.926950
184.935700
184.949350
185.848600
186.294300
186.329850
186.403500
186.720050
186.724650
186.736750
186.745550
186.976150
187.061100
187.066550
187.075750
187.141550
187.170550
187.384600
187.496650
187.717200
187.961150
188.207050
188.226950
188.235650
188.435500
189.098100
189.106300
189.111050
189.218350
189.699100
189.702700
189.762300
189.921350
190.337300
190.340800
190.521800
190.526250
190.703150
190.800100
190.961750
190.986400
191.208000
191.227450
191.365200
191.562000
192.102200
192.424600
192.880700
192.884500
192.993800
193.300600
193.389600
193.416200
194.017400
194.085450
194.394050
194.497450
194.913100
194.938150
195.027400
195.575900
195.648150
195.689950
195.693300
196.090400
196.095150
196.128100
196.253150
197.302150
197.336100
197.510000
197.962350
198.294900
198.303850
198.437800
198.697200
198.701600
198.707750
198.818850
198.859350
198.987800
199.136850
199.702250
199.781450
199.944700
200.010300
200.340550
200.442400
200.448350
200.658350
200.775350
200.777700
200.886850
201.175500
201.183550
201.349300
201.353150
201.357650
201.365400
201.991300
202.118900
202.257800
202.766350
202.951650
203.282500
203.310550
203.747600
203.828450
203.888900
204.092750
204.692850
204.846050
204.886650
205.006700
205.150700
205.439550
205.445650
205.479650
205.511100
205.521300
205.525500
206.105600
206.130050
206.147000
206.362250
206.365600
206.369800
206.376150
206.999850
207.316300
207.421100
207.441050
207.445100
207.646700
207.650300
207.788850
208.261950
208.312550
208.319900
208.322300
208.671700
208.950300
209.403200
209.463200
209.467000
209.537450
209.976800
210.286100
210.393550
210.398000
210.478600
210.590750
210.594550
210.596750
210.605000
210.658200
211.482600
211.485850
211.616600
211.841700
211.928650
212.071600
212.485500
212.740050
213.096650
213.103150
213.131550
213.135700
213.259500
213.485700
213.588350
213.784650
214.090750
214.155800
214.555200
214.560250
215.026700
215.140200
215.154950
215.753900
215.769900
215.937150
215.941500
215.946650
216.080250
216.090950
216.318050
216.605200
216.667900
217.658450
217.755450
218.147250
218.149800
218.924200
220.318800
220.596850
220.889000
220.915900
220.953200
220.956500
221.264600
221.407100
221.411750
222.763150
222.971350
223.264600
223.403200
223.584350
224.129700
224.202900
224.206550
224.368950
224.667900
225.468300
225.478900
225.484300
225.493350
225.510050
225.520100
225.524000
225.620650
225.624100
226.072800
226.555350
226.760750
227.431250
227.453500
227.765500
227.906200
228.061050
228.276050
228.280300
228.412300
228.840750
229.099800
229.450150
229.453650
230.228300
230.322000
230.403650
230.676450
231.024300
231.035000
231.101550
231.274200
231.886550
231.929450
231.939250
232.014750
232.068200
232.141050
232.149200
232.171350
232.416550
232.773750
233.259800
233.279700
233.282600
233.672600
233.743450
233.843250
233.846500
234.050800
234.094600
234.100450
234.104700
234.250650
234.270650
234.294300
234.384300
234.429150
234.575150
234.590250
234.595450
235.180550
235.433850
235.488200
235.770000
235.776350
236.307300
236.543150
236.571850
236.970850
237.102200
237.289150
237.584750
238.498150
238.671000
238.781800
238.989300
239.142850
239.476000
239.804450
240.404000
240.463750
240.677650
240.769450
240.773650
241.744050
241.913600
241.998000
242.002250
242.007250
242.011400
242.084600
242.113700
242.121950
243.402750
243.448600
243.456550
244.149300
244.172350
244.177500
244.577950
244.704100
244.708500
244.712800
244.805950
244.863650
245.405250
245.543650
245.722000
245.726950
246.097400
246.144650
246.150750
246.731700
246.802750
246.806800
246.814250
247.436600
247.466100
247.848500
247.857750
248.303550
248.311750
248.316600
248.620650
248.629000
248.633250
248.895250
249.478900
249.620400
249.826950
249.929500
249.980600
250.099950
250.102650
250.209450
250.314850
250.329350
250.335850
250.957700
251.459350
251.655850
251.967000
252.375650
252.848100
252.905000
253.074200
253.152050
253.220150
254.354100
254.391950
254.410000
254.494200
254.663500
254.850650
256.028600
256.030900
256.037850
256.046700
256.049800
256.486350
256.618200
256.716800
257.021300
257.026150
257.030700
257.037400
257.621450
257.764000
257.836600
258.160650
258.169150
258.718850
258.797800
259.048600
259.139900
259.574150
260.540650
260.980400
261.152750
261.956450
262.452350
262.617150
262.631950
262.670100
262.725050
262.729050
262.827800
263.217500
263.413200
263.632600
263.636400
263.642650
263.705700
263.860500
263.927700
264.054350
264.070950
264.306600
264.312400
264.702200
264.704600
264.734050
264.738500
264.752200
264.920350
264.924800
265.249500
265.406050
265.825650
266.392100
266.422150
266.596800
266.871700
267.267550
267.748550
267.768550
268.182550
268.315200
268.353100
268.357250
268.948800
269.036850
269.049400
269.053800
269.147750
269.152100
269.166850
270.313750
270.420400
270.425550
270.429200
270.702650
270.972500
270.976450
270.983000
271.286300
271.385850
271.784150
272.179700
272.592250
272.952350
273.189350
273.211700
273.223300
273.612650
274.012250
274.114350
274.321500
274.369600
274.374650
274.448850
274.453850
274.760850
274.774800
274.816850
275.107150
275.451400
275.619100
275.898050
275.902400
276.014500
276.024750
276.333250
276.337900
276.895800
277.279800
277.418400
277.719650
277.945650
278.163150
278.168450
278.172450
278.183300
278.360950
278.573550
278.767600
278.894250
279.164750
279.226800
279.534300
279.854100
279.860750
279.899350
279.914700
279.919350
279.939950
279.956450
279.959050
280.236450
280.623250
280.833600
281.246150
281.254850
281.340050
281.402800
281.992550
282.098750
282.294400
282.341200
282.417150
282.538850
282.541700
282.587300
283.468650
283.476100
283.500500
283.526950
283.598950
283.637150
284.173900
284.378350
284.419350
284.573850
284.591500
284.609800
284.631250
285.164600
285.214050
285.248950
285.318250
285.392900
285.485100
285.771800
286.363250
286.746450
286.754450
287.318550
287.624350
287.721000
288.304800
288.403300
288.421300
288.602150
288.610850
288.632400
288.936300
288.962500
288.967500
288.976600
289.316800
289.791900
289.943600
290.261550
290.697100
290.835450
290.837800
290.841800
290.852550
290.857100
290.865550
290.882250
290.915100
291.100400
291.136300
291.387750
291.391700
291.408100
291.800750
292.170750
292.202950
292.312350
292.391750
292.509850
292.578500
292.595700
292.931900
293.129950
294.751600
294.755300
294.772000
294.929200
294.993000
295.037100
295.041200
295.343050
295.807600
295.815100
296.030450
296.711300
297.138300
297.142250
297.148150
297.290750
297.634650
297.931000
298.126750
298.320500
298.471300
298.475450
298.740450
299.172300
299.620650
299.656950
299.713600
299.741350
299.801500
299.832450
299.984250
300.083850
300.087250
300.091650
300.242300
300.353900
300.398050
300.494550
300.498600
300.514900
300.518950
300.581000
300.863950
300.889250
301.155800
301.164500
301.248400
301.311400
301.502100
301.686000
301.786400
301.989950
302.024250
302.388450
302.684350
302.842950
302.870100
302.913150
303.289100
303.521850
303.658700
304.226400
304.419100
304.746150
305.038150
305.063250
305.095150
305.756000
305.841150
305.849700
305.947150
306.460450
306.472400
307.230550
307.280150
307.345900
307.473650
307.510700
307.898700
308.051700
308.160050
308.213900
308.532550
308.702200
309.069700
309.074700
309.324700
309.517400
309.519650
309.566250
309.913400
310.295200
310.514250
310.518750
310.524300
310.625300
310.629150
311.046550
311.094800
311.120200
311.348700
311.678600
311.790550
311.922700
311.993450
312.149850
312.457550
313.584700
314.145600
314.674200
314.828950
315.014250
315.018350
315.428550
315.644600
315.657550
315.665200
315.682100
315.825050
315.965800
316.437700
316.687600
316.813150
317.106750
317.232350
317.495800
317.615350
317.746700
317.770700
317.774950
317.968100
318.313950
318.538400
318.880100
319.259850
319.451050
319.456400
319.469550
320.501500
320.530400
320.554100
320.905300
320.942250
320.955850
321.248550
321.497050
321.681350
321.714350
322.362400
322.367100
322.862700
322.986600
323.159250
323.936000
323.947600
323.963350
324.576600
324.680250
324.966600
325.116600
325.490400
325.502000
325.505250
325.595700
325.610200
325.913400
326.022150
326.211750
326.383950
326.554050
326.829600
327.365800
327.554950
327.763750
327.968550
328.272900
328.454150
328.484100
329.310800
329.770950
329.896450
330.080450
330.097750
330.191600
330.200200
330.205400
330.468950
330.509900
330.743750
330.896550
330.902750
330.906550
330.911550
330.916900
331.133800
331.143400
331.148400
331.152600
331.290000
331.757200
332.525800
332.600300
332.725200
333.073100
333.446250
333.492350
333.947100
334.305500
334.309250
334.648350
334.877100
335.354400
335.600800
335.604700
335.608550
335.610750
336.106600
336.115750
336.128750
336.386400
336.876300
337.028600
337.033750
337.145300
337.245700
337.640350
337.681100
337.687250
337.689550
337.792450
337.875050
337.878700
338.025600
338.091650
338.161550
338.165200
338.292800
338.369100
338.726950
338.929850
339.661450
339.847500
340.115750
340.350400
340.503000
340.797550
340.937500
340.989050
340.997400
341.129250
341.132500
341.421500
341.457950
341.659500
341.664150
341.812700
341.865200
341.887050
342.359000
342.635550
342.649400
342.682750
342.994300
343.074550
343.107000
343.198400
343.630750
344.222400
344.357100
344.361800
344.399150
344.740400
345.001500
345.005900
345.012250
345.073500
345.077650
345.118650
345.132250
345.332300
345.966650
346.908650
346.914000
347.102650
347.218400
347.312800
347.588750
347.896550
347.900900
347.917600
347.953100
347.956650
348.066000
348.294850
348.587950
348.767450
348.840300
349.148450
349.259250
349.703500
349.974150
350.195200
350.289100
350.391400
350.396150
350.408400
350.739750
350.761500
350.837650
350.944250
351.100250
351.172000
351.548850
351.633350
351.648800
351.915200
352.051550
352.316150
352.333300
352.336750
352.390750
353.385600
353.580000
353.588750
353.592250
353.602800
353.688700
353.900400
354.022450
354.293200
354.642500
354.647400
355.037950
355.317700
355.661900
355.898450
355.908050
356.043500
356.058350
356.298750
357.259350
357.775050
358.038100
358.468550
358.473050
358.487650
358.619900
358.734350
358.924050
358.956450
359.302150
359.663200
359.750100
359.954250
360.416200
360.426500
360.764350
360.931450
361.470150
361.533150
361.535500
361.545500
361.715550
362.004450
362.265300
362.440150
362.572150
362.593550
362.987900
363.295700
364.420300
364.504550
364.508200
365.075950
365.418000
365.641450
365.666150
366.009900
366.075950
367.116400
367.153850
367.176100
367.179300
367.220100
367.290150
367.373700
367.485750
367.619350
368.215750
368.340050
368.417350
368.437600
368.743200
369.097100
369.556550
370.163700
370.168950
370.472250
370.942200
371.026100
371.477100
371.555500
371.764550
371.767600
371.783750
372.108200
372.609550
372.711250
373.163300
373.497150
373.595350
373.685200
373.789450
373.810500
373.814500
373.921750
374.309650
374.478100
374.560800
374.867650
374.872250
375.762050
376.039500
376.043400
376.049050
376.189650
376.353550
376.502150
376.678500
376.789700
377.381000
377.739700
377.873550
377.920150
377.973750
378.100600
378.237200
378.245950
378.269900
378.395750
378.400050
378.924750
380.144150
380.148550
380.408150
380.449100
380.837450
381.050850
381.056000
381.528050
382.009100
382.019050
382.165800
382.169050
382.718000
382.775100
383.065500
383.421250
383.844100
384.214450
384.404400
384.522500
384.534250
385.262150
385.414250
385.632500
385.853450
385.857800
385.967400
386.343900
386.361050
386.503000
387.197100
387.481550
387.908500
388.091200
388.164400
388.211950
388.332650
388.740650
388.906350
389.196550
389.210700
389.418100
389.463350
389.815450
390.520900
391.119900
391.207950
391.276550
391.647850
391.773000
392.221100
392.225450
393.237800
393.258600
393.600500
393.644500
393.661350
393.673200
393.990200
394.100750
394.237150
394.418500
394.426700
395.015050
395.189950
395.394050
395.427650
395.705150
395.746100
396.102550
396.316450
396.378600
396.450000
397.099000
397.287550
398.408400
398.640650
398.660950
399.914800
399.925000
400.334350
400.715200
401.121450
401.689800
402.102550
402.351300
402.429900
402.433750
402.594400
402.650350
402.844600
402.962500
403.001550
403.355400
403.992800
404.180300
404.195700
404.200600
404.274800
404.835300
404.919950
405.045950
405.050600
405.083200
405.207750
405.319650
405.453350
405.481400
405.631150
406.128150
406.159400
406.349000
406.352650
406.407850
406.490250
406.718200
407.784100
407.853150
408.004000
408.096550
408.244700
408.518150
409.537300
410.106750
410.164150
410.437350
410.635800
410.733050
410.772800
410.778950
410.799650
410.870950
411.024150
411.906650
412.467700
412.471200
413.197300
413.729750
414.011300
414.556350
414.560650
414.567250
414.574700
414.585150
414.643500
414.865900
414.870700
414.996300
416.536800
417.117800
417.398550
417.481200
417.656500
418.377200
418.759300
419.482350
419.879750
420.250350
420.349750
420.354800
420.361750
420.365350
420.470150
420.821150
421.135600
421.950400
422.517150
422.596850
422.767750
422.923100
423.070500
423.490850
423.728400
423.733150
424.388250
425.735450
425.738950
425.932400
426.204650
426.583500
426.871200
426.874550
426.910250
426.997000
427.114600
427.620800
427.625350
427.633700
427.643600
427.650750
427.985600
427.997100
428.327900
429.694650
430.222550
430.528350
430.543350
430.732200
431.042650
431.047200
431.495650
431.769350
432.478950
432.520900
432.743750
432.878350
433.350800
433.382300
433.434850
433.493300
433.520100
433.524450
434.016500
434.099100
434.104050
434.300350
434.311200
434.640800
435.402150
435.534950
435.795850
436.056050
436.293200
438.941950
438.985000
439.598700
439.757400
439.819850
440.880500
440.925950
440.931050
440.944450
441.149350
441.530700
441.534400
441.537250
441.544300
441.635650
441.929400
444.137600
444.216100
444.756350
444.870000
445.038650
445.070100
445.077150
445.543150
445.551400
445.555500
446.425950
446.431900
447.452550
447.458200
448.154100
449.671750
449.675500
449.837500
449.878300
449.882350
449.886150
451.598500
451.602900
451.610850
451.980050
451.997250
452.000550
452.490000
452.493800
452.829650
453.062000
453.101300
453.116050
453.183800
453.190900
453.934350
454.340750
454.810250
454.835450
454.838850
455.212600
455.319550
455.576950
456.389150
456.503550
457.191700
458.247250
458.377650
458.589900
459.165050
459.170050
459.253750
459.716100
460.521150
460.779950
461.424650
461.432950
461.465400
461.499850
461.503400
461.892500
462.117750
462.179900
462.186700
462.189750
462.193900
462.793450
463.095650
463.116450
463.175800
463.188500
463.299950
463.736400
463.749250
463.803750
464.173550
464.375150
464.626650
465.119350
465.647400
465.686950
465.721950
466.682050
466.765350
467.034300
467.103200
468.870250
469.636550
469.639550
469.646450
469.656300
469.916550
470.451050
470.866500
470.873550
470.878200
471.256950
471.783150
472.156650
472.169550
472.176700
472.690550
472.742900
472.745800
472.897150
473.107500
473.112200
473.365150
474.530400
475.108150
475.120600
475.126650
475.565850
475.790000
476.617950
476.633500
476.732300
476.889000
477.077350
477.220600
477.282750
477.947500
478.718650
478.999000
479.020900
479.023500
479.554000
479.638650
479.801500
480.152900
480.549700
481.255150
481.503200
481.510050
481.538100
483.784500
483.815400
484.223950
484.325700
484.381300
484.448650
484.451650
485.204000
485.208350
485.295150
485.305550
485.439650
485.628350
485.630950
485.969950
486.538050
486.851450
487.944550
487.951850
487.957700
488.755100
488.758800
488.831950
488.908100
489.144850
489.941500
490.002850
490.007350
490.127850
490.203050
490.455450
490.482300
490.487150
490.679800
490.996900
491.135050
491.248150
491.394700
492.458250
492.717000
492.722600
493.091250
493.246050
493.297750
493.630950
494.146550
494.155500
494.264350
494.398650
494.556650
494.730050
494.790950
494.890100
494.892300
494.896450
495.002750
495.006300
495.040100
495.098950
495.322850
495.451200
496.011550
496.369950
496.696200
496.752350
496.755350
496.948450
496.987650
497.012700
497.033400
497.128100
498.100350
498.224500
498.234900
498.239700
498.489150
498.492950
498.513950
498.572850
499.045800
500.016400
500.473550
500.753200
502.082750
502.283300
503.092550
503.227750
503.289800
504.689800
505.322150
505.335900
506.410150
506.733700
506.748200
506.769400
506.991250
507.236750
507.416900
507.623400
507.680350
507.685400
507.871800
507.884050
508.056900
508.432800
508.456350
508.930300
509.021850
509.026500
509.115250
509.155350
509.199200
509.210400
509.695900
509.700800
509.939400
509.951800
509.963450
509.991300
510.010750
510.831200
510.846200
510.887250
510.894350
511.713000
511.826650
512.661650
513.044050
513.351250
513.360650
513.553050
514.419750
514.564850
514.932800
515.223950
515.525100
515.531200
515.765850
515.770200
515.960500
516.070850
517.124950
517.129100
517.737800
517.894200
517.955250
517.959950
517.988000
518.121750
519.148200
519.455000
519.459200
519.768650
520.089850
520.962200
521.044650
521.055600
521.065900
521.575050
522.044500
522.853450
522.857950
523.308800
523.379700
523.387000
523.683550
523.708200
524.037400
524.501900
525.541150
526.037600
526.158050
527.372250
527.375900
527.456300
527.460850
527.514450
527.589200
527.594150
527.600200
528.043000
528.090900
528.505600
528.590350
529.094700
529.098550
529.200650
529.251600
529.418600
529.470550
529.794100
529.797300
530.023050
530.084800
530.089850
530.151650
530.365050
530.562950
530.694950
531.407550
531.711500
532.133350
532.216850
532.312300
532.744050
532.934100
533.210150
533.212750
533.566100
533.576900
533.602600
533.734500
533.740550
533.785050
534.446950
534.528050
534.815800
535.017750
535.497400
535.571500
536.175700
536.203650
536.210400
536.356050
536.369900
536.488800
537.288400
537.350400
537.987500
538.185550
538.189150
538.195850
538.454650
538.472450
539.199550
539.203600
539.228600
539.848050
539.864200
540.863150
540.913150
541.517000
542.288950
543.224250
543.309550
543.505900
543.600900
543.856150
543.860450
544.045850
544.344850
544.377750
545.151600
545.182050
545.348250
545.352900
545.357850
545.368350
545.531950
545.729550
545.953650
545.957550
545.962450
546.187300
546.451200
546.503750
546.692800
546.736750
546.831250
546.844850
546.933100
547.152650
547.372550
547.452050
547.851700
548.169550
548.315600
548.534050
548.804950
548.865800
548.929150
549.159450
549.467850
549.471850
549.642350
549.865000
550.333750
550.338250
550.616300
550.819250
550.822650
550.837250
551.116700
551.242900
551.290200
551.317050
551.362050
551.439050
551.556450
551.561800
551.569100
551.709300
551.752750
551.904450
552.184950
552.867950
552.871750
553.005450
553.009050
553.104500
553.172600
553.655350
553.659600
554.143600
554.220200
554.350150
555.031200
555.035250
555.277100
555.281100
555.286400
555.428800
555.457400
556.008150
556.324000
557.079350
557.083800
557.090500
557.111900
558.567400
558.588350
558.998550
559.035500
559.366850
559.826900
559.905750
560.441800
560.452300
560.466250
560.660150
560.767150
560.782300
560.907400
561.068150
561.555700
561.661800
561.670600
562.087850
562.252450
562.326600
562.332900
562.687550
562.729350
563.060000
563.081300
563.120500
563.422150
563.842550
564.057850
564.069650
564.094250
564.404100
564.529700
564.804850
564.814500
564.964500
564.973600
565.108250
565.128700
565.136050
565.167750
565.204950
565.287550
565.293750
565.399500
565.782000
565.966250
566.092650
566.396400
566.681400
566.755600
566.902700
567.897350
568.985800
569.245600
569.694000
570.815000
571.113600
571.844400
572.292200
572.303900
572.391000
572.404700
572.469250
572.582600
572.703150
573.216600
573.275800
573.298450
573.442400
573.446300
573.503400
573.507250
573.834050
573.985400
574.004550
574.009200
574.131700
574.158600
574.345600
574.593800
575.054250
575.477650
575.481550
575.512350
575.592550
576.237800
576.316150
576.319750
576.358650
576.361100
576.365000
576.397950
576.410950
576.415000
576.419650
576.423150
576.522000
576.657200
576.663100
576.669400
576.683000
576.761600
576.856150
576.902950
577.094850
577.532150
577.562200
577.643250
577.687800
577.797350
578.223100
578.306850
578.311200
578.493100
578.560100
578.636700
579.110750
579.114400
579.130450
579.934750
579.939450
579.965250
580.994500
581.615850
581.619500
581.872900
582.048350
583.663050
587.290400
587.390200
589.349000
591.367400
601.168800
604.246450
607.054250
612.663550
612.669800
613.047300
613.050950
613.242550
613.928100
614.015550
614.407400
614.462800
614.820150
614.846700
615.076750
615.086850
615.552000
615.626550
615.630050
615.635800
615.796200
616.223900
616.226200
616.766450
616.805050
616.831850
616.900100
617.051750
617.285700
617.398350
617.448100
617.530600
618.387000
620.751500
622.299400
622.426850
622.946100
623.014900
623.018850
623.190600
623.414350
623.770200
623.774000
624.193900
624.428450
624.502850
624.768150
624.791100
624.794700
624.914600
625.112200
625.117100
625.300150
625.329800
625.347500
625.379700
625.541150
625.711850
625.716400
626.003500
626.089200
626.108050
626.185600
626.203550
626.492000
626.525100
626.556800
626.859050
626.884050
626.934250
626.944800
627.022300
627.069950
627.075400
627.078750
627.490800
627.637100
627.771150
627.812500
627.817650
627.824700
627.869350
627.889100
628.046550
628.131950
628.241150
628.271450
628.317400
628.321600
628.412050
628.426050
628.452500
628.471900
628.484700
628.511350
628.619800
628.770800
628.931550
628.963150
628.989200
629.022350
629.137550
629.163500
629.388550
629.527450
629.532050
629.585150
629.610400
629.714350
629.888350
629.892300
629.904750
630.536000
630.549200
630.560500
630.577200
630.595000
630.692650
630.696750
630.744250
630.989400
630.992850
631.081100
631.085250
631.245100
631.845300
632.009950
632.044350
632.047900
632.082900
632.173800
632.183650
632.869750
633.022900
633.508700
633.552750
633.556000
633.590500
634.457800
634.461750
635.075300
635.078650
635.094500
635.876550
636.393500
636.397650
636.416600
636.419950
636.479500
636.484200
636.609400
636.690800
636.753700
637.208850
637.732750
638.275900
638.280150
638.538050
638.545800
639.316300
639.423900
639.563600
639.575850
639.667100
639.671000
639.675600
639.839500
639.844000
639.849750
639.854350
639.928500
639.932000
640.747300
641.068350
641.453000
641.535200
641.647850
641.768350
641.777350
642.086750
642.512300
642.787900
643.280800
643.284500
643.506750
643.511050
643.806100
646.648350
648.665200
648.770850
649.244700
649.250200
649.264650
649.437600
649.870250
650.053750
650.550750
650.749350
650.753700
650.793450
650.797850
651.151600
651.264450
651.336450
651.450750
651.515650
651.626250
651.758650
651.765550
652.305850
652.387550
652.410300
652.423150
652.503300
652.877100
652.997800
653.072350
653.722850
653.828000
653.889650
654.095000
654.208800
654.617100
654.648250
654.754350
654.758050
654.842000
654.844450
654.905150
655.316350
655.437700
655.635250
655.652450
655.884700
656.029750
656.076700
656.162300
656.602650
656.659900
656.677600
657.038100
657.116450
657.409900
657.602850
657.631350
657.641850
657.672600
658.000050
658.202350
658.213400
658.370850
658.374600
658.613200
658.956400
659.241150
659.285950
659.301000
659.566000
659.692450
659.695800
660.133300
660.411400
660.546850
661.128700
661.132700
661.183200
661.872200
661.876200
661.885400
661.910050
661.930100
661.949900
661.954400
662.158200
663.001500
663.741250
663.917350
664.037050
665.985300
666.676050
667.020400
667.387100
667.500550
667.597300
667.601800
667.636550
667.974750
668.092050
668.097400
668.111050
668.199950
668.473550
668.477300
668.576950
668.971450
668.975250
669.306300
669.394550
669.642500
669.687550
669.758350
670.055200
670.119300
670.162950
670.170250
670.218900
670.314250
670.402150
670.412500
671.287350
671.420350
671.433850
671.578050
671.613850
671.665400
671.959300
672.101400
672.219350
672.222650
672.419550
672.544700
673.085300
673.126550
673.179950
673.183250
673.193450
673.197950
674.113000
674.352350
674.465850
675.192800
675.783700
675.820550
676.270450
676.383400
676.770900
677.515550
677.571200
677.950250
678.050550
678.059550
678.801150
678.804550
678.813700
679.681600
679.693550
679.995650
680.493700
680.713550
680.717900
680.813400
680.881700
680.980750
681.008800
681.155850
681.160100
681.174000
681.193450
681.581100
681.668500
681.727950
681.946700
681.965000
681.988400
682.061000
682.093800
682.174600
682.353450
682.359900
682.663750
682.719650
682.779200
682.829350
683.105950
683.134850
683.191850
683.307400
683.560550
683.564300
683.573850
683.634050
683.671600
683.712700
683.735400
683.919350
683.953450
684.000350
684.072100
684.196450
684.212050
684.235350
684.260650
684.267550
684.272800
684.277650
684.292000
684.312550
684.365050
684.439750
684.493000
684.520400
684.581000
684.874550
684.980400
685.033000
685.042750
685.060100
685.118700
685.173800
685.571050
685.592750
685.791850
685.835700
686.168450
686.285800
686.303500
686.312200
686.329350
686.331600
686.359600
686.394900
686.400450
686.454200
686.466800
686.491900
686.567450
686.892850
687.133500
687.167600
687.233400
687.409200
687.412700
687.456950
687.506000
688.260000
688.263000
688.479750
688.521250
688.589250
688.676600
688.767050
688.886550
688.891100
688.899050
689.217450
689.533800
689.597250
690.010350
690.013800
690.058600
690.219650
690.265600
690.759850
690.813700
690.876350
691.066400
691.070400
691.366650
691.856800
692.851750
693.362550
693.367250
693.375800
693.420700
693.424250
694.351350
697.223200
697.227600
697.233600
697.305950
697.317750
697.323200
697.511050
697.591500
697.738950
697.802750
698.059850
698.505200
698.604400
698.674600
699.049500
699.090350
699.235050
699.266000
699.269950
699.295550
699.449550
699.453450
699.539650
699.543400
699.980050
700.171500
700.347900
700.436950
701.027050
701.742000
701.908800
702.096600
702.308350
703.226800
703.230450
703.469950
703.638650
703.642450
703.684200
703.706450
704.732650
704.787050
704.790550
704.907450
705.126300
705.132400
705.757650
705.820200
705.823700
706.722750
707.020000
707.023550
707.475150
707.510150
709.040400
709.560150
709.905350
709.921100
710.306050
710.313050
710.528050
711.404150
711.408100
711.672400
711.683850
712.478500
712.820250
713.023700
713.033050
713.041550
713.065400
713.166750
713.192400
713.398200
713.402450
713.411450
713.481700
713.527000
713.729500
713.772750
713.780350
713.785950
713.864250
713.867950
713.912650
713.917950
714.003600
714.389950
714.393750
714.562750
714.567550
714.594200
714.623650
714.788400
715.282250
715.301350
715.355650
715.766050
715.846800
716.093750
716.167000
716.448550
716.677450
716.694500
716.790100
716.806250
716.899250
716.952150
716.959800
717.033200
717.040050
717.104050
717.128000
717.238850
717.468050
717.476000
717.666150
717.670450
717.713750
718.224750
718.229900
718.343950
718.354500
718.358300
718.419450
718.443050
718.525950
718.558750
718.563950
718.693350
718.779750
718.963850
719.084300
719.212100
719.335450
719.343450
719.652400
719.700500
720.131900
720.229050
720.259100
720.502500
720.558050
720.561900
720.650350
720.788150
720.837650
721.174400
721.407350
721.507400
721.511200
721.797550
721.802400
722.763000
722.768550
722.819200
722.848750
722.855400
722.890550
722.894800
723.122750
723.608500
724.074400
724.078000
724.145400
724.149650
724.154650
724.931300
725.297850
725.302700
725.329850
725.333100
725.735550
725.879400
726.635800
726.650200
726.741150
726.745400
728.341350
730.713100
730.720200
731.302250
731.968300
732.397750
732.755100
732.759200
732.764750
732.953500
733.139450
733.148650
733.241200
733.548900
734.470350
734.540350
736.662150
738.462100
738.556550
738.559850
738.792700
739.636500
740.057750
740.062700
740.256600
740.265700
740.352500
740.539800
740.543100
740.574800
740.578950
741.228100
741.250500
741.872850
742.080950
742.208700
742.225550
742.280850
742.284200
742.900950
742.930550
743.816050
743.976800
744.050550
744.796300
744.910400
744.973200
745.508100
747.250900
747.658550
747.665600
747.937000
748.500900
748.505500
748.540900
748.544400
748.566900
748.990350
749.086350
749.335450
749.557150
749.626900
749.630300
749.676900
749.720050
749.755100
749.773050
749.971500
750.035450
750.127900
750.131800
750.149400
750.178150
750.253600
750.447950
750.516000
750.532950
750.538450
750.664650
750.946150
750.949800
751.066800
751.188200
751.230550
751.270400
751.468500
751.492050
751.913400
751.917300
752.001000
752.036950
752.041050
752.064450
752.067150
752.151950
752.762700
752.846850
752.874800
753.001300
753.052750
753.092850
753.115000
753.125850
753.359300
753.444100
753.664850
753.675750
753.895450
754.324150
754.547300
754.708450
754.770000
754.863700
755.079350
755.665100
755.895600
756.081350
756.235850
756.663500
756.690450
756.741700
756.815550
757.052500
757.190650
757.377100
757.381650
757.705450
757.717250
757.756250
758.104050
758.206650
758.217950
758.316700
758.491300
758.621400
759.032550
759.038400
759.368800
759.556000
759.561750
759.573800
759.755250
759.759850
759.778750
759.783300
759.822900
759.846200
759.869400
760.483400
760.583000
760.736400
760.740300
761.016650
761.105400
761.262600
761.381100
761.384000
761.399800
761.647650
761.801000
762.266300
762.545150
762.846850
763.135750
763.139900
763.382000
763.422800
763.426300
763.448300
763.523700
763.953950
763.996500
764.023350
764.517550
764.564800
764.585300
764.628500
764.662450
764.938150
765.090500
765.468650
765.816100
766.235700
766.275050
766.318100
766.322800
766.328700
766.470950
766.756750
766.902950
766.936400
767.058800
767.062450
767.151950
767.165600
767.260000
767.623750
767.669000
767.672600
767.694550
768.179350
768.296400
768.455650
768.815100
768.863000
769.412300
769.521800
769.648700
769.878400
770.169500
770.684650
770.688650
770.720350
771.181750
771.188000
771.190350
771.194400
771.814100
771.838650
771.850900
771.855900
771.865050
771.868850
772.847300
772.921600
773.718500
773.737050
773.745700
773.900150
774.099800
774.136900
774.619600
774.832000
775.269200
775.276250
775.281300
775.290950
775.454650
775.610050
776.025250
776.088350
776.528600
776.575800
776.579550
776.947600
777.062700
777.066850
777.076400
777.243750
777.579050
777.607950
777.936500
778.277550
778.442600
778.445400
778.505900
778.510200
778.522600
778.814500
778.978100
779.002550
779.004700
779.007150
779.060900
779.270000
779.567350
779.572200
780.069600
780.816400
780.819100
780.971200
781.214200
781.837700
782.586300
782.757050
782.816500
782.969000
783.111500
783.231650
783.468800
783.473700
784.510800
784.516150
784.657750
785.142800
785.146300
785.417000
786.242900
786.763550
786.767900
786.984900
787.044850
787.093700
787.292950
787.301350
788.171550
788.879650
788.882900
788.910000
789.208850
789.764400
789.769150
790.004250
790.107300
790.346950
790.351200
790.603850
791.050950
791.129800
792.560700
792.841550
792.845450
793.431650
793.753600
794.671950
795.925250
796.413200
796.417600
796.425350
796.618050
796.637400
797.476850
797.834950
798.482200
798.485650
798.546300
798.553950
798.799700
798.825350
799.207700
800.212950
800.694450
801.100000
801.517200
801.524100
801.839900
801.843750
802.117950
802.286450
802.290750
802.376050
802.380550
803.927300
803.959400
804.233200
804.241450
804.855450
804.858600
804.884850
806.173850
806.183100
807.267400
807.367100
808.997850
809.001150
810.400350
810.414300
810.502650
811.820150
811.823850
811.993050
812.000800
812.005100
812.012650
812.331900
812.656350
812.680300
812.730500
813.134750
813.388150
813.813300
814.852800
814.856400
814.893600
815.396100
815.431250
815.452000
815.457050
815.463300
815.475800
815.713900
816.066350
816.208400
816.307550
816.312250
816.617150
816.635700
816.862100
816.876800
816.988850
817.322850
817.348050
817.755050
817.769050
817.819150
817.823350
817.826900
817.970750
817.974750
817.990750
818.043050
818.578850
818.600100
818.815450
818.853400
819.086100
819.175550
819.227700
819.542300
819.546100
819.589000
819.904300
819.990550
820.107150
820.111450
820.151850
820.354050
820.421450
820.570350
820.575300
820.608300
820.611350
820.614800
821.554850
821.790450
821.899400
821.913300
821.922750
821.927750
821.975050
822.010000
822.207850
822.638800
822.642500
822.931850
822.962100
822.966450
823.015400
823.064900
823.089250
823.126300
823.155700
823.172700
823.198850
823.601300
823.659450
823.807850
823.884500
824.106150
824.400300
824.885650
825.010500
825.014950
825.386350
825.389700
825.536300
825.976250
826.563950
826.787300
826.864500
826.868650
826.936450
826.954800
826.981200
826.987050
827.059250
827.129750
827.139700
827.495350
827.508000
827.511250
827.540050
827.586100
828.087050
828.403200
828.636550
828.655700
830.039000
830.053050
830.057150
830.103550
830.108000
830.943700
831.118550
831.437700
831.442400
831.588600
831.976200
832.311200
832.314400
832.445050
832.516250
832.630350
833.002750
833.008550
833.365100
833.708950
833.982600
834.175600
834.224900
834.746700
834.749200
834.974500
835.007850
835.009900
835.277400
835.724300
835.729600
835.733400
835.796100
836.401750
836.474900
836.479050
837.123050
837.289250
837.323000
837.327200
837.440150
837.664300
838.260600
838.538950
838.559800
838.686600
838.703750
838.861900
839.534100
839.540750
839.661550
840.836100
840.916850
841.051350
841.054550
841.062750
841.133250
841.137850
841.150550
841.617250
841.642250
841.650150
841.698850
841.702400
841.891300
841.895900
842.115050
842.606500
842.902950
842.927350
842.931400
842.994350
843.524600
844.214150
844.229150
845.212450
845.394700
845.400150
845.405750
845.912200
846.271050
846.615050
846.661650
846.758950
846.795350
846.959550
847.331000
847.347950
847.363200
847.677950
847.905600
847.909000
848.852900
848.903050
849.293050
849.296250
849.319650
849.554400
849.559050
849.637450
849.654950
849.659100
849.855600
849.930150
850.527350
850.640500
850.643600
850.792200
850.969900
851.011300
851.362400
851.529350
851.865100
851.881600
851.886300
852.054050
852.058400
852.618100
853.293850
853.297650
853.373850
853.397900
853.432650
853.535550
853.539700
854.454200
854.480600
854.877050
854.946150
855.735100
855.884000
856.020200
856.037350
856.065400
856.069050
856.125550
856.845500
857.010200
857.014000
857.024600
857.045250
858.656800
858.668550
858.915250
859.243400
859.520500
859.597950
859.601300
859.624100
860.960150
861.491250
861.804800
861.960150
861.963350
862.578350
862.587800
862.721650
863.660350
863.763250
863.806000
863.810950
863.818100
863.982950
864.753450
864.800150
865.468200
865.797150
865.800950
866.197450
866.201600
866.446800
867.097300
867.114050
867.119500
867.281750
867.286250
867.754000
867.886350
868.966300
868.973100
869.024250
869.297250
869.300850
869.340500
869.384700
869.415600
869.827700
870.022750
870.035350
870.061450
870.184000
870.187800
870.204800
870.630750
870.637100
870.641150
870.696700
871.609150
871.612750
871.624850
871.690250
871.779650
871.882350
871.932850
871.995900
872.028350
872.236200
872.340650
872.464800
872.472500
873.108300
873.310700
873.314250
873.349050
874.987050
875.017950
875.139300
875.641650
875.655300
875.662050
875.674300
875.695400
875.957800
876.495400
877.225450
878.333200
878.927750
879.660200
879.665250
879.895700
879.901200
880.037900
880.287150
880.291000
880.806000
881.639500
881.689900
881.975100
882.198300
882.258600
882.606950
883.484450
883.636200
883.639550
883.714650
884.010150
884.540950
884.606850
884.775400
884.791850
884.801450
885.014400
885.031450
885.035550
885.039750
885.152350
885.566500
885.570200
885.993150
886.810750
887.085200
887.325450
887.954150
887.983100
888.397950
888.551550
888.779300
888.783400
888.791050
889.120850
889.619100
890.040000
890.541500
890.546650
890.567200
891.419150
892.402700
892.440700
893.051850
893.530000
893.546450
893.692750
893.697250
893.864200
894.369450
894.822700
895.050700
895.212400
895.217700
895.254150
895.257650
895.266600
895.269650
896.048700
896.062750
896.066050
896.068250
896.181950
896.212950
896.255100
897.288600
898.226150
898.311550
898.315550
898.726400
898.741300
898.745150
898.793200
898.845600
898.853100
898.872700
899.995700
900.301250
900.822850
900.906400
901.490550
901.617550
902.267200
902.278300
902.433100
902.549850
902.934400
902.942800
902.945650
903.300100
903.686500
904.110450
904.373650
904.641900
904.645650
905.084150
905.590550
905.930500
906.177200
906.284000
906.425850
906.433650
906.443050
906.893300
907.636350
907.830350
908.420950
908.436800
909.473650
909.549850
910.363950
910.383350
910.732200
910.783950
910.820350
910.835900
910.843450
910.852150
910.940050
910.944350
911.028600
911.294600
911.449900
911.602550
911.606500
911.667750
911.726700
912.343800
912.989550
913.454650
913.946900
914.053650
914.100200
914.301800
914.431650
914.834350
915.309750
916.160100
916.440650
916.492400
916.496250
916.815550
916.824900
916.890750
917.030450
917.163150
917.377950
917.717900
917.732000
917.737000
917.741100
917.910500
918.073400
918.093100
918.356400
918.480000
918.877300
918.899900
919.077800
919.089050
919.146200
919.389150
919.736500
919.749300
920.299000
920.688600
920.693550
920.831650
922.115150
922.187200
922.493550
922.498050
923.090850
923.509700
924.051800
924.110800
924.360900
924.366050
924.486500
924.490300
925.158900
926.218800
926.644550
926.856400
926.860050
926.886850
926.889450
926.920150
926.927650
926.973850
927.024250
927.032200
927.158450
927.260000
927.939550
927.956800
928.493050
928.702350
928.736650
928.750900
928.754900
928.818600
929.387650
930.206950
930.210500
930.215600
931.350700
931.434050
931.544600
932.988650
932.992600
933.075350
933.689900
933.693750
933.965350
934.143300
934.685300
934.688850
934.945150
935.316250
935.320450
935.393750
935.454600
935.462600
935.471400
935.557450
935.954650
936.092300
936.163400
936.167800
936.195550
936.332100
936.356350
936.696400
937.008050
937.705000
939.620700
939.624600
939.815200
939.988750
940.769600
940.773500
940.779250
940.790850
940.799400
941.338050
942.283600
942.460650
942.465650
942.473500
943.239750
943.243800
943.429500
944.538550
945.924900
946.205450
946.207750
946.212600
946.217450
946.256500
947.096350
947.100200
947.636650
947.641100
947.647700
947.739050
948.184550
948.331800
948.335600
948.780800
948.784650
949.428900
949.698700
949.703200
950.517450
950.899250
950.970600
950.973850
951.005300
951.251200
951.559100
952.382850
952.387650
952.547650
952.627000
952.630650
952.757800
952.774450
953.441800
953.590400
954.069100
954.158800
954.299050
954.519500
954.646950
955.745750
955.755900
955.758450
955.772400
955.790400
956.001050
956.004900
956.060900
956.728350
957.041450
957.178800
957.910150
958.711200
959.048550
959.052600
959.061750
959.867400
960.052500
960.073500
960.295800
960.326650
961.457650
961.748050
961.912700
962.329650
962.334250
963.025200
963.091700
963.216600
963.619750
963.642850
964.189000
964.930950
964.942950
965.850500
966.231150
966.586050
967.012900
967.780350
968.364250
968.401250
968.405500
968.436400
969.095000
969.478050
969.515200
969.695800
969.760950
970.083600
970.392600
970.529900
970.939150
971.142300
971.145400
971.587450
971.591800
972.026250
972.393950
972.816400
972.823050
973.117900
973.121750
973.979950
973.983500
974.737900
974.759450
974.909850
975.032200
975.650950
976.248050
976.501500
976.823800
976.852250
977.340500
977.422250
977.479300
977.880150
978.088150
978.093300
978.167900
978.761150
978.830950
979.100950
979.161350
979.546900
979.925900
980.718250
980.722900
981.167950
981.172050
981.411150
981.420200
981.642200
981.644850
982.829750
982.924750
982.977450
982.981050
983.661150
983.665200
983.675400
983.833800
984.497400
984.501000
985.132950
986.613350
986.616600
987.088350
987.431250
988.557300
988.562550
989.246850
990.419500
991.412850
991.416500
992.196600
992.568600
992.613300
992.656950
992.971100
993.176700
993.409550
993.413900
993.810300
994.020600
994.341200
994.932550
995.634100
996.273050
996.278150
996.336250
996.521000
997.483450
998.179400
998.189150
998.402450
998.406400
998.514550
999.236300
999.501350
1000.270650
1000.275000
1000.491600
1001.159750
1001.703500
1001.707400
1001.747150
1001.819650
1003.221650
1003.244100
1003.290350
1003.429450
1003.503900
1003.590100
1004.302650
1004.541800
1004.545900
1004.614750
1005.186850
1005.390550
1005.565800
1005.600750
1005.699350
1005.749450
1005.753450
1005.778950
1005.785850
1006.194150
1006.236100
1006.300300
1006.304100
1006.436650
1006.704150
1006.983600
1007.013900
1007.393550
1007.823100
1008.198750
1008.383350
1008.444050
1008.472600
1008.989000
1009.224750
1009.230500
1009.235250
1009.238100
1009.245750
1009.253200
1009.284650
1009.387900
1009.620100
1009.764900
1010.543750
1010.547950
1010.575800
1011.192400
1011.286200
1014.784800
1014.881100
1015.420400
1015.812950
1016.209900
1017.105900
1017.393400
1017.397200
1017.962300
1018.017150
1018.120000
1018.401550
1018.664900
1018.669050
1018.965950
1019.343750
1019.578350
1020.570800
1020.628600
1020.642300
1020.789800
1020.795250
1021.205500
1021.326500
1021.721450
1022.144950
1022.267950
1022.698000
1022.856850
1023.235800
1023.694300
1023.758600
1024.498600
1024.502100
1027.614850
1027.619100
1030.026600
1030.299500
1030.403800
1030.476450
1031.134200
1031.181400
1031.662200
1031.672850
1031.679400
