0.121550
0.316250
0.510350
0.811650
0.827850
1.330100
1.689300
2.137100
2.147100
2.439900
3.498250
3.504850
4.074050
4.100750
4.705800
4.957550
5.174000
5.910050
6.794050
7.107950
7.719650
7.896400
9.379600
9.684150
9.788150
10.045200
10.187900
10.195450
10.209800
10.213950
10.272600
10.312650
10.440900
10.534150
11.249700
11.410700
11.636100
11.662050
11.729000
11.765950
11.812400
11.820350
11.827350
11.961950
12.094450
12.209200
12.439350
12.687800
12.755100
12.758150
12.817700
12.823350
12.946300
12.972350
13.487450
14.050050
14.054900
14.119550
14.122050
14.302900
14.454700
14.592650
14.615400
14.659900
14.709050
14.712050
14.759050
15.360750
15.830200
16.022150
16.435950
16.456000
16.480300
16.501750
16.517900
16.522150
16.793400
16.804300
16.842150
16.855400
16.863900
17.025200
17.339050
17.341950
17.365400
17.733300
17.760300
17.782150
17.789500
17.803050
17.805900
17.809350
18.289800
18.906300
19.331200
19.342650
19.346000
19.414700
20.008200
20.211100
20.408000
20.442600
20.478350
20.558350
20.573100
20.580000
20.672750
20.783950
21.103250
21.306450
21.752550
21.835850
22.151100
22.264300
22.284150
22.303050
22.555900
22.558600
22.571900
22.754200
22.839700
22.859500
22.890750
22.964350
22.967250
23.709900
23.715150
23.768550
23.929300
24.221300
24.520850
24.535200
24.631100
24.669700
25.117800
25.316600
25.770950
25.785450
25.945200
26.229650
26.369750
26.414200
26.475650
26.491650
26.567800
26.649350
26.664700
26.702800
26.711050
26.726450
26.890700
26.894100
27.402050
27.876450
28.238150
28.244450
28.256600
28.266600
28.361600
28.364250
28.367500
28.770400
28.785450
28.859050
29.099900
30.342950
30.351350
30.943800
31.092600
31.419650
31.464900
31.470600
31.630800
31.633850
31.801250
32.135050
32.217400
32.223900
32.307500
32.439250
33.524100
33.890850
34.421200
35.398750
35.501300
35.506600
35.513550
35.699750
35.820550
35.830300
35.862850
36.795650
37.819200
37.971250
38.115150
38.231100
38.234350
38.302500
38.373300
38.441500
39.211350
39.387250
39.390450
40.206100
40.306500
40.563400
41.008200
41.101000
41.213350
41.544150
41.781000
41.787400
41.906100
41.909000
41.917650
41.920050
41.934200
41.963750
42.447900
42.870650
43.368150
44.113450
44.417650
44.550800
44.567300
44.572950
44.834900
44.886850
44.906250
45.061700
45.192100
46.201000
46.203650
46.580550
46.599600
46.648200
46.694800
46.703000
47.407750
47.420650
47.526050
47.537300
47.557800
48.377250
48.987900
49.713700
49.835850
49.841000
50.128200
50.524150
50.533600
51.326300
51.400800
51.411450
51.602750
51.605650
51.680200
52.066500
52.271550
53.161550
53.388300
53.912550
54.084600
54.087650
54.223550
54.514200
54.518100
54.520950
54.925350
54.951100
55.031100
55.034050
55.036700
55.439050
55.443000
56.065000
56.072250
56.079100
56.360700
56.374400
56.391550
56.434300
56.562900
56.767100
57.405000
57.546700
57.726000
57.733700
58.002150
58.266800
58.296700
58.304850
58.577900
58.988250
59.053000
59.069900
59.161450
59.171700
59.630050
59.638950
59.719200
59.733600
60.298300
60.539250
61.064950
61.365350
61.831950
61.926850
61.930050
61.934600
61.938400
61.963900
61.985800
62.005550
62.023200
62.028150
62.077000
62.079750
62.083700
62.114450
62.938500
62.945750
63.268500
63.283150
65.038300
65.050200
65.078050
65.555050
65.948350
66.041950
66.381000
66.384650
66.732400
66.760250
66.771000
66.863250
67.543200
67.772650
68.173600
68.176650
68.179050
68.580100
68.587600
69.028600
69.105100
69.107950
69.110900
69.981250
70.169800
72.527850
73.431200
74.476200
74.563850
75.295500
76.145550
80.119850
80.598600
82.057950
84.691400
87.445900
87.528050
87.531500
89.143400
89.146150
89.155600
89.482200
89.509250
89.727600
89.862950
90.253750
90.257050
90.401900
90.447850
90.545700
90.994300
91.011450
91.090500
91.093250
91.096600
91.118800
91.549600
91.557250
92.138850
92.142650
92.417600
92.828650
93.327550
93.385350
93.772400
93.910800
93.939300
93.943000
93.977500
94.059050
94.062350
94.156500
94.173850
94.525550
94.817200
94.824850
95.018650
95.796450
95.808750
96.131250
96.134350
96.357150
96.360200
96.364150
97.092900
97.251100
97.259200
97.346250
97.355650
97.388250
97.678900
97.863000
97.922000
98.001050
98.008300
98.262900
98.268450
98.600750
98.904750
99.037500
99.130250
99.133350
99.980450
100.059300
102.468300
102.528800
102.532650
102.583550
103.096750
103.099300
103.115100
103.230450
103.628150
103.827150
104.026500
104.243150
104.248500
105.332100
105.352650
106.056650
106.094700
106.679350
106.682850
107.149250
107.152250
107.360500
108.216800
108.301900
108.484750
108.518650
108.574700
108.733350
108.750550
108.895200
109.459600
109.462550
109.553600
109.769450
109.774450
110.245100
110.296600
110.299500
110.320750
110.323400
110.349450
110.698350
111.118400
111.658850
112.288700
112.291600
112.885050
112.983850
113.828950
114.310050
114.316900
114.792050
114.796650
114.961050
115.015200
115.018700
115.207500
115.296750
116.522550
117.999150
118.086200
118.297750
118.395950
118.528100
118.758150
119.312300
119.315100
120.023450
120.030400
120.047200
120.305400
120.437700
120.440600
120.795000
120.895900
121.541250
121.543950
121.588950
121.725950
121.739100
121.844050
121.910450
121.920950
122.168200
122.186500
122.416750
122.569300
122.573150
122.687350
122.690550
122.952700
123.228650
123.232500
123.737450
124.365150
124.368450
124.676150
124.679400
124.821450
125.304750
125.543500
125.657500
125.930850
125.934350
125.997950
126.231000
126.237300
126.322650
126.325750
126.329150
126.652500
126.819350
126.839850
126.853200
126.918300
126.977650
126.984250
127.144250
127.219850
127.389450
127.545300
128.025250
128.028600
128.272300
128.550600
128.556450
129.263550
129.411700
129.465650
129.482800
129.505250
129.594300
129.614750
129.641750
130.344200
130.348050
130.897800
130.901200
130.925100
131.052150
131.094500
131.935450
131.938900
132.247200
132.386700
132.837750
132.951800
133.056550
133.059000
133.412250
133.443500
134.213350
134.235050
134.244100
134.268500
134.296950
134.379250
134.386750
134.854500
135.769050
136.042500
136.120100
136.501000
136.507400
136.523750
136.633200
136.692850
136.695850
136.707000
136.920950
137.082950
137.137000
137.144850
137.285400
137.444550
137.509100
137.881400
137.885700
138.692800
138.696100
138.903400
138.906900
139.187550
139.362850
139.843350
139.846700
139.966400
140.286200
140.561650
140.758050
141.499650
141.502550
141.505000
141.826000
141.938950
141.947900
141.964000
142.044650
142.058800
142.077650
142.113800
142.393750
142.678450
142.691300
142.694950
142.905050
143.146350
143.149200
143.493850
143.499300
143.783650
143.963450
144.300450
144.406450
144.543150
144.898750
144.905050
144.924200
145.354050
145.357550
145.377600
145.556850
145.727150
145.729900
145.780850
146.323650
146.459450
146.737450
146.914850
148.025800
148.301450
148.567950
148.585800
148.606450
148.752500
148.782250
148.801900
148.841800
148.965600
149.021150
149.231900
149.657950
149.753150
149.756200
150.436650
150.880800
150.914300
151.129150
151.378050
151.712950
151.719400
151.889750
152.491050
152.520150
152.561150
152.625900
152.641750
152.657850
152.852150
152.855850
152.924450
152.971350
153.058450
153.061400
153.406750
153.676850
153.679700
153.698650
153.947400
153.950550
153.958200
154.186750
154.508800
154.697400
154.701700
154.714550
154.851150
155.169400
155.230500
155.398500
155.401500
155.414350
155.923000
156.237600
156.246950
156.531000
156.533600
156.537100
156.834050
156.840850
156.845950
156.861700
156.995950
157.123100
157.196700
157.372600
157.601600
157.885200
157.890100
157.945450
158.215900
158.274200
158.360500
158.379600
158.594700
158.789250
158.889600
158.921000
159.370200
159.462300
159.465600
159.485800
160.144450
160.153850
160.283350
160.692500
161.315650
161.318450
162.034150
162.441900
162.602750
162.630300
162.685150
162.967000
163.565650
163.586950
163.598150
163.605600
163.915950
164.075950
164.079450
164.469850
164.885350
164.907000
165.001100
165.025850
165.106950
165.115000
165.920550
166.016200
166.097000
166.120250
166.936250
167.039400
167.078650
167.087600
167.304200
167.392150
167.401650
167.743050
167.757800
167.760600
168.145750
168.149800
168.611400
168.615150
168.698600
169.085250
169.088800
169.369750
169.372700
169.406250
169.782450
169.874550
169.883500
170.506750
170.510450
170.745300
170.979950
171.090150
171.094900
171.128550
171.182200
171.184950
171.188500
171.657000
171.660400
172.210550
172.307000
172.334300
172.630950
172.891350
172.916350
173.660000
173.757950
173.760800
173.917950
173.929700
173.934300
174.174850
174.236650
174.677350
175.049700
175.571400
175.880700
175.941700
176.113350
176.301550
176.307600
176.359600
176.418350
176.433250
176.438400
176.620200
176.861050
176.870300
177.056750
177.236350
177.537650
178.832450
178.974150
178.989400
179.000600
179.006350
179.126050
179.216900
179.562100
179.764800
179.767600
179.779400
179.916700
179.937950
180.240350
180.275900
180.476400
180.839950
180.900100
181.459300
181.896750
181.963600
182.030850
182.034550
182.512600
182.578150
182.656050
182.971000
182.984350
183.010450
183.071950
183.297300
183.355850
183.521200
183.682600
184.463400
184.474950
184.894300
185.165450
185.256550
185.260450
185.742550
186.616400
186.961150
186.963500
187.007800
187.126150
187.131900
187.135150
187.413150
187.417500
187.451400
188.198550
188.201950
188.207950
188.319400
188.603200
188.606200
188.855250
189.087050
189.100300
189.145000
189.152850
189.183500
189.272800
189.333100
190.335000
190.349000
190.783050
190.787200
191.094600
191.097250
191.153300
191.356900
191.415150
191.752100
191.967400
192.053800
192.070750
192.144350
192.181850
192.436050
192.501300
192.592350
192.965300
193.036950
193.077600
193.513650
193.953950
194.400350
194.602450
194.696600
194.699600
194.719800
195.181900
195.446250
195.802650
195.806600
196.258850
196.416450
196.534250
196.633900
196.637750
197.051050
197.296000
197.422450
197.452850
197.486700
198.409150
198.461000
198.470200
198.949500
198.952550
199.070800
199.073400
200.041700
200.437350
200.440200
200.691550
200.821150
200.930100
201.151400
201.355150
201.631300
201.653600
201.657100
201.713200
201.727200
202.066200
202.069000
202.079900
202.198150
202.327150
202.467100
203.492350
203.510600
203.722750
203.726900
203.732700
203.777300
203.806000
203.848600
203.851900
203.873100
203.914800
203.964150
204.091200
205.522700
205.635600
205.638500
205.852900
206.007150
206.143700
206.368100
206.381150
206.461500
206.980200
206.984550
206.989600
207.519400
207.686800
207.691750
207.702450
207.780750
207.788300
207.791050
207.874650
207.877900
208.427950
208.430100
208.441050
208.828000
209.030300
209.035500
209.059250
209.377300
209.385650
209.454950
209.457750
209.685250
209.770300
210.029350
210.055850
210.092050
210.398050
210.487200
210.566100
210.655450
210.663900
210.733000
211.161950
211.164700
211.178000
211.335250
211.381350
212.533900
212.588300
212.816950
212.819400
212.863950
212.873400
213.032350
213.043700
213.105700
213.255050
213.543100
213.577150
213.599500
213.929750
213.932750
214.089150
214.092450
214.114100
214.407350
214.579700
214.582600
214.657200
214.807750
214.946300
214.951500
214.973450
214.995400
215.074650
215.263150
215.329850
215.363550
215.368750
215.755850
215.847100
215.849650
215.911700
216.361500
216.504900
216.576350
216.931200
216.956000
217.042700
217.133100
217.195050
217.198650
217.802800
218.033300
218.041250
218.083600
218.239200
219.104500
219.257400
219.274650
219.872150
219.876750
219.992900
220.001150
220.005150
220.008250
220.022750
220.031950
220.105800
220.372000
220.658700
220.667500
221.226400
221.892850
221.902050
222.238700
222.241550
222.375550
222.624000
222.627400
222.881600
222.972650
223.575050
223.671500
223.781600
224.034850
224.040100
224.055150
224.117200
224.555450
224.791450
224.948600
225.233700
225.500100
225.518650
225.529950
225.790500
225.793450
225.799200
226.267900
226.640800
226.715000
226.718750
226.988550
227.093150
227.391350
227.396100
227.457050
227.466750
227.485100
227.739000
227.807200
228.172400
228.192700
228.879150
229.031950
229.231300
229.353100
229.356750
229.378000
229.714300
230.166450
230.302600
230.699350
230.999900
231.107250
231.188550
231.853500
231.872450
231.919100
231.922550
231.929500
231.938400
232.145350
232.446400
232.479650
232.482400
232.493750
232.736300
232.751300
232.855750
233.162050
233.188150
233.262100
233.632900
234.255350
234.292500
234.403250
234.407800
234.528550
234.531300
234.781900
234.905400
235.726050
235.878050
235.946650
235.966200
236.355100
236.366600
237.230700
237.553750
237.797450
237.801500
237.900500
237.903650
237.911200
238.161650
238.317400
238.388900
238.761850
238.766000
238.777600
238.858850
238.931250
239.136700
239.403750
239.860650
239.875950
239.906250
240.769450
240.787400
240.836300
240.926600
241.064800
241.405100
241.588100
241.860100
242.112200
242.846650
243.568250
243.732950
243.752400
243.768800
243.944900
243.979800
244.161750
244.689350
245.200300
245.279800
245.465350
245.467900
245.720900
245.728600
245.894550
245.906550
246.149500
246.341500
246.344650
246.793300
246.797800
246.897900
246.919250
247.113900
247.256150
247.385400
248.011100
248.049050
248.080800
248.103100
248.372850
248.475750
248.687650
248.702500
248.830500
249.304350
249.469450
249.474500
249.478950
249.570050
249.573450
249.726400
249.926600
249.933100
249.940200
250.123500
250.205900
250.323650
250.430500
250.442600
250.607250
250.666250
251.141000
251.762950
252.010450
252.014350
252.508750
252.628100
252.631700
252.644900
253.341100
253.344400
253.425050
253.439600
253.583600
253.585650
253.665600
253.754900
253.769950
254.631800
254.640150
254.970100
254.975500
255.163800
256.052200
256.057900
256.063850
256.138900
256.289000
256.293200
256.395100
256.469700
256.560400
256.601200
257.020050
257.299650
257.303050
257.370400
257.440400
257.739350
257.921250
257.924600
257.927850
258.039450
258.061500
258.074550
258.457350
258.461300
258.913950
259.155200
259.166200
259.380000
259.382450
259.388000
259.602650
259.657500
259.660700
259.766800
259.968750
260.597350
260.602250
260.612950
260.768300
261.079700
261.107250
261.196300
261.211250
261.312000
261.315500
261.542200
261.556500
261.795000
262.090100
262.094700
262.185900
262.240850
262.374050
262.391150
262.648150
262.792600
263.412050
263.415950
263.658500
263.830800
264.309800
264.314650
264.410700
264.432850
264.437250
264.525450
264.702300
264.742300
264.947100
264.951050
264.958350
264.996600
265.195250
265.228350
265.256250
265.955250
266.031850
266.174950
266.183850
266.412900
266.858600
266.881900
266.996500
267.000750
267.278850
267.424300
267.445800
267.592350
267.601400
267.678500
267.702850
267.897700
268.025200
268.027900
268.508650
268.641400
269.048750
269.167500
269.183150
269.368150
269.382350
269.828900
270.065400
270.323350
270.427200
270.549800
270.554700
270.557450
270.600350
270.603750
270.664100
270.668250
271.152300
271.271650
271.419750
271.661800
272.052550
272.068500
272.132250
272.571850
272.695350
272.953800
273.242600
273.496250
273.520250
273.537050
273.630150
273.646200
274.386650
274.529000
274.559150
274.599100
274.820850
274.927150
275.350050
275.702100
275.809800
276.795400
277.426600
277.435500
277.503000
277.607300
277.610400
278.036300
278.330500
278.733300
278.737400
278.966800
279.644350
279.716050
279.873100
279.917950
279.925200
279.931600
279.998900
280.393350
280.522250
280.534000
280.651200
280.658850
280.692600
281.237000
281.244350
281.458850
281.576550
281.584600
281.604000
281.706000
281.734950
281.737950
281.984250
281.989200
282.009700
282.138400
282.146550
282.229550
282.232500
282.240200
282.794850
283.253100
283.306050
283.469200
283.475200
283.595750
283.598800
283.627800
283.670050
284.111250
284.172300
284.612500
284.714100
284.727700
284.773850
284.945400
285.318200
285.436850
285.683050
285.685400
286.264050
286.511800
286.514550
286.575500
286.579850
286.586450
286.680500
286.689750
286.733600
286.738350
286.927950
287.007150
287.009850
287.305850
287.309050
287.315700
287.351550
287.622850
287.718800
287.731450
287.745900
288.116850
288.326500
288.426250
288.675000
288.680250
288.837750
289.071100
289.074550
289.103650
289.363600
289.778550
289.808700
289.899500
290.054850
290.718950
291.238250
291.241100
291.414400
291.557600
291.577650
291.670100
292.202050
292.213400
292.233400
292.317800
292.326250
292.589850
292.774750
293.004900
293.091350
293.171600
293.184350
293.594750
293.740050
294.238100
294.852250
294.950300
295.290750
296.032300
296.044300
296.050850
296.088700
296.666400
296.672100
296.677050
296.808000
297.372500
297.737950
297.751950
297.777300
297.873050
298.730750
298.733400
298.744100
299.074000
299.077500
299.097900
299.478250
299.821400
299.834050
299.964400
300.031350
300.116000
300.118850
300.204350
300.223150
300.232350
300.579050
301.147450
301.151000
301.403250
301.444050
301.446900
301.688700
301.897300
301.900200
302.469400
302.478550
302.573800
302.614800
302.823850
302.853100
303.557750
303.561400
303.634500
303.637500
303.965250
304.112950
304.568400
304.778850
304.785150
305.042650
305.063600
305.067150
305.268750
305.462100
305.893650
306.708800
306.768750
306.781000
306.786750
306.951700
306.959750
307.098150
307.247450
307.363700
307.673650
307.679200
307.760300
307.771100
308.072100
308.075750
308.306400
308.420200
308.491900
308.789250
309.300850
309.623150
309.633950
310.106200
310.177850
310.607600
310.960750
310.967100
310.972100
311.102300
311.344100
311.824250
311.846950
311.870900
312.184900
312.290950
312.358300
312.784300
312.786600
312.965150
313.180850
313.325900
313.408700
313.411400
313.421000
314.075900
314.488800
314.495400
314.505450
314.751200
314.762600
315.071550
315.359200
315.534650
315.640900
315.651550
316.147500
316.306500
316.538300
316.818600
316.960450
317.118400
317.121350
317.394400
317.676450
317.784200
317.822050
317.863100
318.159250
318.322400
318.448450
318.453700
318.627000
318.747350
318.753000
318.757350
319.054300
319.177550
319.786900
319.954000
320.033450
320.194000
320.377350
320.449800
320.498000
321.246150
321.383350
321.386750
321.653850
321.796350
321.956350
321.999950
322.024500
322.636000
322.659050
322.813950
322.816900
323.002250
323.240500
323.250900
323.851550
323.947100
323.949550
324.075500
324.078450
324.213100
324.421800
324.499050
324.740000
324.970000
324.974650
325.131500
325.136650
325.575000
325.798450
325.808850
325.935800
326.123550
326.344800
326.347450
326.667050
326.696600
327.082850
327.229900
327.296600
327.308500
327.675350
327.685000
327.813050
327.991550
328.266950
328.274800
328.278800
328.484250
328.853400
329.084300
329.247250
329.475850
329.484250
329.644100
329.803450
330.472800
330.476250
330.594650
330.598400
330.704650
330.915950
330.931500
331.073900
331.249150
331.277650
331.340950
331.763650
332.521400
332.580800
332.586750
332.612900
332.723150
333.503600
333.510000
333.543150
333.831550
333.891100
334.052300
334.086200
334.093000
334.162150
334.222350
334.609000
335.022000
335.030950
335.432050
335.560800
335.831050
336.117450
336.321000
336.392050
336.508000
336.804550
336.808950
336.867450
336.873300
337.105350
337.121300
337.155150
337.245750
337.428800
337.445000
337.707750
337.872600
338.006100
338.018300
338.082400
338.871900
339.090450
339.096600
339.443500
339.518100
339.770400
339.773400
339.776000
339.919200
339.923000
340.139900
340.320100
340.587750
340.783500
340.807350
340.813250
340.864850
340.885900
340.909050
340.919150
340.924650
340.934650
340.946250
341.150800
341.153800
341.282850
341.429650
341.474700
341.477750
341.864100
341.910700
341.977350
342.308300
342.585950
342.619950
342.623900
342.852600
342.940800
343.012100
343.092650
343.096100
343.417900
343.718650
343.843900
344.067750
344.070500
344.087800
344.200400
344.343650
344.506800
344.785150
344.840600
344.952000
345.111800
345.118900
345.301000
345.588750
345.868050
345.870400
346.376600
346.381200
346.622200
346.665950
346.754700
347.231100
347.233750
347.385300
347.957400
347.960450
348.083350
348.090750
348.526950
348.532650
348.700350
348.767200
348.783400
349.020400
349.256600
349.260800
349.263000
349.508350
349.512600
349.687200
349.770700
350.018950
350.116750
350.124000
350.208900
350.243400
350.397750
350.558100
350.722900
350.744550
350.856000
351.088100
351.537100
351.649350
352.148100
352.428700
352.432100
352.442000
353.399300
353.600050
353.988700
354.092650
354.097000
354.200800
354.440100
354.754900
354.878150
355.027800
355.704350
355.946400
355.980750
356.225300
356.380400
356.383600
356.807750
356.810950
357.200900
357.282750
357.445450
357.568800
358.129900
358.174500
358.433100
358.436000
358.460650
358.493700
358.586650
358.635750
358.756650
359.129000
359.131700
359.311300
359.390600
359.752700
360.690050
360.916750
360.919350
360.933900
361.123700
361.230400
361.806550
362.138800
362.154000
362.508350
362.511850
362.586300
362.591350
362.596900
362.688700
362.702450
362.915100
363.392500
363.555600
363.652500
364.643600
364.656250
364.722950
364.725850
365.198550
365.331750
365.509350
365.698050
365.833800
366.328200
366.504550
366.509150
366.514000
366.538500
367.042550
367.059350
367.067200
367.144350
367.256650
367.283300
367.731600
367.756300
367.761650
368.252400
368.330600
368.686000
368.707200
368.960100
368.989700
369.588100
369.711900
369.785400
369.791850
369.798600
369.889600
369.977200
370.370600
370.373950
370.638350
370.905200
371.511250
371.540400
371.709550
371.770100
372.862600
372.876300
372.885300
372.893900
373.282500
373.497150
374.099550
374.394250
374.449900
374.557600
374.560550
374.700850
375.123350
375.543900
375.652950
376.074050
376.212000
376.335550
376.351200
376.742000
377.128950
377.501150
377.693750
377.841700
378.512500
378.515400
378.532850
378.773650
379.075150
379.078200
379.270000
379.501450
379.904000
380.070150
380.129250
380.165100
380.173900
380.179700
380.542000
380.857050
380.925700
381.137150
381.409400
381.413800
381.530450
381.901400
382.093800
382.456150
382.653700
382.717600
383.499550
383.712450
383.848600
383.851600
383.933000
384.421250
384.460150
385.520350
385.533450
385.652800
385.658750
386.346750
386.350400
387.004150
387.205050
387.569650
387.766800
387.949750
388.561900
388.723850
389.105350
389.131300
389.133850
389.179150
389.185300
389.202100
389.348050
389.351150
389.537350
389.583650
389.588600
390.048100
390.183450
391.085950
391.569350
391.803850
391.821100
391.891600
392.585550
392.811800
392.904100
393.509300
393.673250
393.972950
394.033050
394.145000
394.196700
394.325200
394.433550
394.559000
394.820200
394.847950
394.851150
395.216700
395.220650
395.257700
395.266200
395.917350
396.317550
396.321750
396.392000
396.522300
396.774550
397.301900
397.811650
397.902750
397.910700
398.638700
399.094800
399.281950
399.715800
399.718150
399.821500
400.023400
400.340100
400.409550
401.208100
401.347600
401.761350
401.766800
402.165700
402.173500
402.264050
402.338050
402.660650
403.088600
403.295400
403.409850
403.420700
403.640650
403.854300
404.505800
404.573600
404.710250
404.839850
404.920050
405.194750
405.455350
405.464400
405.571200
405.583850
405.601400
405.612050
406.126500
406.135850
406.146550
406.353400
406.937500
407.073550
407.951650
408.273700
408.515250
408.541300
408.609700
408.632050
408.645800
408.741500
409.143700
409.210250
409.373350
409.376800
409.475150
409.804500
410.271750
410.493000
410.773050
410.941400
411.037550
411.111400
412.209300
412.265100
412.284200
412.298600
413.013550
413.232600
413.414250
413.417450
413.797700
414.012800
414.255800
414.462650
414.669350
414.870750
415.205000
415.572950
415.575550
415.835250
416.373350
416.762200
417.162050
417.165800
417.275050
417.495400
417.573850
417.643050
417.775850
418.137650
418.444850
418.449200
418.513950
418.989250
419.530150
419.982250
419.994650
420.065100
420.191200
420.210150
420.373400
420.406000
420.482250
421.021000
421.608900
421.719200
421.724450
421.829250
422.298550
422.318500
422.351550
422.356950
422.406100
422.414650
422.417850
423.379650
423.398700
423.711150
423.728000
423.793650
424.334800
424.338250
424.528050
424.677400
425.371300
425.719400
426.648200
426.662950
426.930300
427.015800
427.313750
427.514150
427.538700
427.639850
427.642500
427.873350
427.995500
428.013400
428.079050
428.082550
428.655850
428.663650
428.843900
430.045400
430.186900
430.219300
430.221450
430.233500
430.245550
430.248850
430.275750
430.562200
430.855650
430.999900
431.006900
431.454600
433.232500
433.235750
433.249100
433.607000
433.610550
433.733600
433.736550
433.814950
433.819450
433.843100
434.281400
434.640900
434.815400
434.962250
434.969250
435.682700
435.785450
435.789750
435.792750
436.343200
436.384500
436.395550
436.515950
437.094850
437.098700
437.216200
438.131950
438.335700
438.345600
438.511650
438.699450
438.896550
438.900750
439.104200
439.123800
439.380750
439.816850
439.829500
441.274400
441.451500
441.475000
441.629600
441.800800
441.804350
441.997450
442.476000
442.745700
442.750300
443.161450
443.164200
443.263550
443.268250
443.498100
443.519550
443.525300
443.660550
444.233800
444.250800
444.303800
444.419300
444.422250
444.636150
445.000050
445.004350
445.024950
445.373650
445.913250
446.477850
446.634900
446.806300
447.151850
447.279400
447.997000
448.076400
448.583500
448.762400
449.074800
449.078200
449.144200
449.147050
449.482950
449.670300
449.673300
449.690500
449.908750
450.574450
450.577600
450.922950
451.471000
451.478900
451.921150
452.129050
452.132600
452.246800
452.417100
452.420750
452.530550
453.124550
454.882300
454.885250
454.894350
455.168600
455.226250
455.235100
455.321900
455.324800
455.338050
455.607100
455.687900
456.149000
456.152850
456.314700
456.350800
456.353700
456.936750
457.013300
457.220150
457.247950
457.336350
457.347550
457.367250
458.078850
458.278150
458.280750
458.288950
458.656900
460.054100
460.135400
460.151500
460.168900
460.232450
460.282850
460.792000
461.230700
461.440350
461.744100
461.747000
461.980650
461.986150
462.197300
462.200800
462.415800
463.364450
463.996500
464.023000
464.068000
464.340150
464.354050
464.374650
464.392400
465.033350
465.693600
465.714350
466.775300
467.038500
467.124100
467.142450
468.189500
468.707800
469.037650
469.064850
469.639800
469.910000
470.222000
470.283700
470.289400
470.292900
470.436350
470.604550
470.629000
470.636050
471.050500
471.077100
471.567850
472.116800
472.118850
472.803750
473.038850
473.243050
473.249650
474.016000
474.020050
474.122200
474.201250
474.212500
474.433300
474.436300
474.452400
474.463350
475.591350
475.843750
476.616650
476.717300
476.720500
477.268850
477.309600
477.316000
477.349500
477.815700
478.023000
478.036850
478.904700
479.677550
479.815150
480.750550
481.227700
481.394500
481.398150
481.487650
482.497900
482.500600
482.818050
482.821800
482.875300
483.330550
483.775450
483.787050
483.913050
483.919650
483.924100
483.993550
484.539300
485.115550
485.289250
485.478500
485.618750
485.646650
486.155850
486.164050
486.822550
486.834350
487.009800
487.057200
487.250950
487.266500
487.329150
487.331950
487.342900
487.547200
488.191900
488.745400
489.001600
489.156050
489.194950
489.443550
489.954150
490.136150
490.140650
490.143250
490.422100
490.549750
490.565750
490.571150
490.792350
490.842500
490.848950
491.925100
492.310250
492.429450
492.531400
492.552850
492.657550
493.124900
493.129900
493.178400
493.180750
493.248750
493.261400
493.317100
493.672500
494.403800
494.426200
494.643000
494.650250
494.690550
495.273800
495.277100
495.299250
495.304750
495.546500
495.562750
495.972100
496.038950
496.141300
496.559800
497.515250
497.519650
497.821950
497.824750
497.865350
497.998250
498.580200
499.089850
499.238600
499.242000
499.455300
499.458050
499.906150
500.016350
500.740450
500.764700
500.770550
500.789100
501.129250
501.196600
501.310750
501.651450
502.094700
502.426900
502.791450
502.795000
502.888600
502.990700
503.011350
503.111550
504.104900
504.240050
504.688100
504.898450
505.299350
505.302650
505.419800
505.560150
505.565250
505.935000
506.004250
506.032800
506.838450
506.943050
506.956200
507.368050
507.532700
507.537250
507.555750
507.692000
507.811400
507.858400
507.861350
507.864700
507.868950
507.957050
508.273750
508.477650
509.192950
509.196350
509.487300
509.856450
509.872600
509.934950
510.140950
510.980800
511.300350
511.304700
512.021800
512.073700
512.790050
512.794700
513.380800
513.417000
513.420600
513.540250
513.551950
514.244650
514.277750
514.423750
514.646650
514.664400
514.818100
514.920800
514.939450
515.903900
516.701850
516.704650
517.451900
517.456250
517.727900
517.730550
517.773050
517.885350
517.929400
518.108550
518.543000
518.813900
518.818050
518.902450
519.028600
519.032200
519.040900
519.052450
519.089150
519.765300
519.790450
520.244550
520.308500
520.960800
521.203200
521.358250
522.001400
522.376100
522.703100
522.766500
523.573550
523.680750
524.347650
524.474750
524.517700
525.587450
525.752350
525.760050
525.766100
526.204850
526.208300
526.568300
528.025700
528.605050
529.122950
529.234000
529.251700
530.119200
530.122400
530.164550
530.293200
530.503600
530.568050
530.570800
530.612100
530.638700
531.223650
531.267550
531.410750
531.421500
531.436850
531.752350
531.989850
532.138650
532.805150
533.070350
533.131100
533.349100
533.880100
534.394850
534.402000
534.702100
534.728250
534.796550
535.401700
535.490400
535.669400
536.690600
536.693900
537.268600
537.566700
538.438700
538.441850
538.507350
538.546200
539.255400
539.731600
539.740500
540.066700
540.863350
541.301700
541.532800
541.557750
542.223700
542.443700
543.877800
544.159450
544.164100
544.333750
544.336700
544.362000
544.366200
545.046150
545.301850
545.525050
545.751600
546.122550
546.399850
546.643600
546.646800
546.837700
547.736800
547.822800
547.825750
547.993100
548.170500
548.632400
548.705050
549.143000
549.452450
549.593550
549.690300
551.177250
551.542150
551.558150
552.050200
552.081900
552.173650
552.280550
552.285700
552.556700
552.587200
552.604150
552.909900
552.998300
554.148050
554.509850
554.685050
554.892600
555.043150
555.116200
555.360100
555.449350
555.456050
555.481450
555.836100
555.867450
555.922650
556.002850
556.009400
556.335600
556.339050
557.093550
557.132000
558.198000
558.202200
558.207950
558.363000
558.366750
558.371400
558.758100
558.762850
559.123550
559.229400
559.232050
559.235500
559.239950
559.754600
559.823900
559.827200
559.989800
559.996150
560.002450
560.165450
560.189700
560.387350
560.507850
560.534300
560.544650
560.577000
560.580200
560.592600
560.689650
560.853250
561.598600
561.628250
561.866050
562.344300
562.513800
562.825950
562.848000
563.123350
563.145650
563.150150
563.315500
563.322400
563.620800
563.718700
563.790850
564.159400
564.740750
564.765050
564.823950
564.857000
565.055850
565.119650
565.129350
565.316700
565.483400
565.519400
565.565850
565.872400
566.041550
566.688250
567.972750
568.580550
569.232350
569.359550
570.320700
570.773650
570.779250
571.917050
571.923150
572.009850
572.039500
572.104150
572.107500
572.677450
572.704500
572.725300
572.744800
572.850300
573.728650
574.234650
574.371950
574.452100
574.591250
574.600400
574.915900
575.026400
575.034100
575.274800
576.478650
576.531300
576.635500
576.889400
576.903050
576.922600
577.357550
577.530900
577.583950
577.593500
577.697050
577.700200
578.060500
578.065000
578.130200
578.378950
578.524800
579.030850
579.070950
579.397500
580.331600
580.780600
580.785350
580.798600
581.631800
582.563250
582.897850
582.900500
583.301800
583.304700
583.310200
583.314050
583.657100
583.784200
584.015150
585.654400
585.791300
586.401250
586.710800
586.730850
587.093600
587.730200
587.773000
587.800600
588.270000
588.379750
588.949250
589.789200
591.608450
592.111350
592.228600
592.943850
594.449300
594.991850
595.528400
595.939200
596.364350
596.733900
598.374250
598.694450
601.799900
602.853850
603.312200
603.497350
604.251100
609.526100
610.204850
612.100350
612.200500
612.588350
613.043350
613.046300
613.050150
613.054550
613.435150
613.732100
613.802400
614.033100
614.047550
614.520100
614.522850
614.531000
614.617350
614.780950
614.889300
615.483000
615.791400
615.800300
615.803200
615.964800
616.009350
616.115450
616.240800
616.243500
616.260600
616.772900
616.839250
617.159200
617.168250
617.402350
617.545850
617.580600
617.784450
617.941200
617.948050
618.061550
618.763250
618.800700
618.807000
619.337500
619.397050
619.593150
619.917950
619.920950
620.169000
620.575250
620.841450
620.974850
621.006300
621.009750
622.053200
622.567950
622.856100
622.859100
624.144450
624.147600
624.428500
624.453700
624.484300
624.602550
624.607500
624.612500
624.769250
624.890650
624.901350
624.907350
624.913850
625.117150
625.189850
625.197900
625.269450
625.274400
625.292850
625.533000
625.547250
625.574400
625.577300
625.610700
625.650400
625.725250
626.037500
626.221650
626.226750
626.229050
626.283900
626.447550
626.784800
627.025650
627.077300
627.118650
627.170150
627.227450
627.490900
627.823900
628.041750
628.266850
628.384800
628.448000
628.452550
628.669950
628.716850
628.719450
628.743250
628.770700
628.796450
628.854450
628.992300
629.012900
629.029500
629.044300
629.137650
629.328750
629.534250
629.767750
629.840300
629.909350
630.002550
630.005450
630.245000
630.315700
630.710650
630.831050
630.958150
631.912150
632.084950
632.104250
632.326100
632.703400
633.073900
633.278800
633.283550
633.359300
633.364550
633.651900
634.119950
634.837900
634.970850
635.094550
635.097800
635.896300
635.946050
635.951100
637.207100
637.534950
637.685950
637.689550
637.726200
638.754750
638.768100
639.393400
639.407650
639.418800
639.424050
639.561200
639.569450
639.732800
639.772900
640.500950
640.514100
640.526950
640.530200
640.661150
640.940700
641.659000
641.762950
641.818000
641.862300
642.025200
642.302400
642.763300
642.865500
642.945400
643.002350
643.200000
643.231450
643.806350
644.733200
645.892050
646.496200
647.255300
647.258050
647.261350
649.282900
649.298150
649.978000
649.994800
650.038700
650.376100
650.830750
650.843550
650.910900
651.357250
651.512450
651.540750
651.889300
651.892450
651.905850
651.942450
652.123600
652.316500
652.380000
652.470500
652.476400
652.510750
653.041300
653.516600
653.519750
653.763450
653.832950
653.875250
654.057850
654.606050
654.609000
654.617250
654.668750
655.209450
655.364450
655.483950
655.643550
655.833300
655.847850
655.984900
656.011350
656.029800
656.036000
656.328700
656.415200
656.587050
657.073850
657.301600
657.571850
657.660200
657.667150
658.015100
658.374850
658.457000
658.526850
658.572400
658.971150
659.068200
659.106500
659.326000
659.610500
659.989850
660.391350
660.750300
660.929500
661.267200
661.271200
661.913950
661.918450
662.405750
663.001500
663.005800
663.018400
663.524200
664.307300
665.719850
665.730800
665.984200
667.381300
667.389050
668.019650
668.104150
668.174000
668.183650
670.060700
670.115300
670.266850
670.404400
670.781950
671.066400
671.360650
671.396550
671.636650
672.088600
672.100000
672.119900
672.397200
672.611900
672.621500
672.968300
673.077750
673.082350
673.177250
673.205300
674.267400
674.359300
674.457750
675.452050
676.552250
676.764200
677.640800
677.833050
677.895700
678.053650
678.523800
678.824050
678.827650
679.158500
679.352700
679.997100
680.122500
680.713650
680.813350
680.895350
680.920850
681.214750
681.613900
681.653800
681.781250
681.921250
681.948200
682.026800
682.054050
682.108650
682.492900
682.534300
682.539500
683.005900
683.107900
683.140000
683.473500
683.594900
683.930100
684.174500
684.365700
684.368550
684.379250
684.386300
684.453500
684.458600
684.588300
685.567600
685.570500
685.624900
685.628500
685.719200
685.728450
685.819900
685.830900
685.834700
686.060450
686.067350
686.334050
686.483150
686.502500
686.507000
686.522450
686.545400
686.567550
686.641250
686.663850
686.667150
686.684650
686.830850
686.851950
687.019500
687.515450
687.623900
687.707700
687.939250
687.942400
688.447300
688.550550
688.834200
689.016900
689.172450
689.559250
689.572800
689.602700
689.744100
689.748950
689.761250
689.961850
691.795450
692.075900
692.079500
694.368150
694.512450
695.528800
695.893500
695.897650
695.932900
696.325500
696.331500
697.112050
697.329150
697.594200
697.666300
697.731300
697.878450
698.059900
698.278150
698.282900
698.570450
698.814050
698.822850
698.826350
699.040200
699.156500
699.163600
699.271300
699.616850
700.081000
700.084250
700.387850
700.429050
700.441100
700.490050
700.512200
700.617050
700.681600
701.131850
701.157950
701.511200
701.983450
701.995050
702.124000
702.802700
702.873400
703.130300
703.366100
703.385300
703.388300
703.415550
704.116800
704.123300
704.347200
704.370450
704.735950
704.915900
705.117350
705.196300
707.031300
708.906450
709.203050
709.561650
709.911800
709.973100
709.975950
709.980650
709.988550
710.011200
710.131100
710.183650
710.201500
710.304000
710.695950
711.106750
711.112350
711.209000
712.077150
712.099450
712.577300
712.754200
713.168150
713.497050
713.551700
713.738150
713.854600
714.061550
714.089550
714.127700
714.131850
714.144500
714.262250
714.280400
714.500550
714.552150
714.599800
714.634950
715.084650
715.193400
715.380550
715.588550
715.700050
715.766250
715.961200
716.102600
716.105700
716.146800
716.322150
716.426950
716.752000
716.934500
716.937100
717.112550
717.128000
717.472050
718.233100
718.317000
718.622500
718.721900
718.916250
718.960200
719.039300
719.246300
719.399950
719.476350
720.073950
720.218200
720.283300
720.827250
721.138750
721.144100
721.554100
721.573950
721.599250
721.626100
721.714650
723.129750
723.982350
723.987800
724.141450
724.147250
724.727900
724.842500
724.849400
725.124050
725.251950
725.256950
725.410750
725.413750
725.424650
725.668900
725.672050
726.292100
726.641000
726.650350
726.814250
727.782950
728.109650
728.152850
728.341450
728.730050
728.742300
730.530150
730.691250
730.713100
731.079000
731.184600
731.866200
731.874600
731.886300
731.978500
732.611100
733.246550
733.249850
734.045900
734.138900
734.432500
734.437350
734.780050
735.356500
735.522750
735.537700
735.542050
735.940950
736.049650
736.218950
736.709850
736.782950
736.942900
737.231500
737.641150
737.643950
738.126100
738.475750
738.585450
738.623550
738.627150
738.724850
738.754800
738.837900
739.627100
739.774150
739.853850
739.857700
740.082400
740.163700
740.463200
740.618950
740.947250
740.951650
741.088950
741.255400
742.030550
742.058100
742.070350
742.480650
742.506650
742.559200
742.562750
742.606100
742.782400
743.516700
743.528100
743.971550
743.978950
743.983500
744.919400
744.962500
744.998150
745.004550
745.018850
745.021400
745.361500
745.686900
745.851350
745.916750
746.651800
747.023750
747.140850
747.221650
747.226200
747.247250
747.254550
747.492400
747.677800
747.858350
748.327000
748.512800
748.601900
748.793450
748.798250
748.999300
749.355650
749.399500
749.453600
749.534050
749.579150
749.725350
749.765700
749.773400
749.867350
749.889450
749.904800
750.164500
750.472100
750.476350
750.594650
750.687850
751.039150
751.205350
751.795350
751.824850
751.836650
751.891650
751.973750
751.987100
752.166400
752.892200
752.918800
753.217500
753.220350
753.233550
753.663800
753.877700
754.316600
754.338950
754.363950
754.512150
754.758850
755.059600
755.079500
755.330300
756.098100
756.140450
756.627850
756.679300
756.681900
756.718800
756.814350
756.916900
756.920850
757.042950
757.261050
757.326700
757.553900
757.656750
757.777650
758.133500
758.172300
758.389950
758.599750
758.637150
758.716250
758.981650
759.049500
759.052550
759.140050
759.182750
759.255400
759.268850
759.323150
759.363000
759.896500
760.173650
760.178000
760.211450
760.668000
761.016700
761.558900
761.573350
761.724300
761.788450
762.212700
762.244600
762.446600
762.722250
762.740500
762.750950
762.799100
762.858200
763.238600
763.352550
763.440650
763.461200
763.493650
763.515500
763.692600
763.762050
763.824750
763.830400
763.934800
764.189000
764.339150
764.704300
764.707700
764.902800
764.966000
765.252050
765.381700
765.585350
765.613900
765.624050
765.713800
765.823700
766.850150
766.929100
767.053500
767.166650
767.172350
767.906850
767.913900
767.921050
768.179600
768.235000
768.237900
768.391750
768.739450
769.072400
769.473950
769.641550
769.682750
770.169600
770.286300
770.289050
770.308500
770.683500
770.821350
770.911950
770.941000
771.083350
771.121850
771.152200
771.932050
772.643200
772.711300
772.743400
772.987600
773.016100
773.340600
773.516900
773.519650
773.737050
773.808950
773.846750
773.890900
773.910100
773.926800
774.129200
774.285550
774.370150
774.418600
774.444350
774.949050
775.492700
775.598050
775.778100
776.177800
776.538000
776.647800
776.689600
777.141050
777.151750
777.166750
777.395600
777.556700
777.559950
777.887600
778.730750
778.904950
779.230600
779.268400
779.288600
779.753300
779.897500
780.033100
780.198050
780.667650
781.057100
781.060250
781.301100
781.741850
781.752750
781.781150
781.796450
781.822150
781.942650
781.946750
781.975600
782.005950
783.360500
783.372350
783.459150
783.809600
784.014350
784.477000
785.852250
786.074200
786.992650
787.169000
787.309850
787.337750
787.341700
788.626700
788.629950
788.941200
789.408000
789.908950
789.916850
790.569300
790.931650
791.051250
792.234300
792.921100
793.575450
795.420900
795.948850
795.958400
796.238200
796.789200
796.973650
797.831450
799.356400
800.031650
800.223200
800.228950
801.521350
801.525950
801.540000
801.860000
802.052050
802.134300
802.439300
802.442500
802.458100
802.630200
803.103450
804.115250
804.120600
804.150150
804.721550
804.855750
805.491900
806.347050
806.477650
806.482650
807.084500
807.087650
807.654100
807.813300
809.138050
810.416250
810.423750
810.454500
810.458650
810.461750
810.473950
810.480650
810.557400
811.149550
811.159900
812.156150
812.171550
812.339950
812.559200
813.019600
813.372700
813.849400
813.851900
814.347650
814.351000
814.368950
814.386350
814.787700
814.791550
814.910350
815.448000
815.450800
815.462250
815.474200
815.691900
815.813550
816.121150
816.124700
816.241850
816.343600
816.601900
817.120700
817.296950
817.568500
817.738900
817.820450
817.992400
818.445450
818.534900
818.920350
819.115750
819.211350
819.393150
819.717150
819.813200
819.891850
819.973700
820.278200
820.610100
820.620300
820.646250
820.729600
820.816900
821.057450
821.062100
821.335500
821.340300
821.390100
821.609350
821.903150
821.910050
822.004750
822.044900
822.824150
822.869300
822.878650
822.924750
822.971900
822.973950
822.996200
823.179600
823.182550
823.253350
824.772850
824.775650
824.910000
825.128900
825.131900
825.210950
825.383850
825.920600
825.967650
826.870850
827.008400
827.161850
827.452550
827.462900
827.490400
827.542500
828.387450
828.400700
828.417300
828.422850
828.695200
829.014700
830.350850
830.503850
830.519050
830.968800
831.266650
831.289500
831.306800
831.366250
831.739500
831.743950
831.750250
831.815000
832.157550
832.624650
832.954050
833.345850
833.373350
833.428600
833.506700
833.512150
834.655800
834.965350
835.001350
835.098050
835.310850
835.342900
835.356700
835.443000
835.624050
835.628550
835.956450
836.388900
836.504000
836.581550
836.638500
836.645000
836.851650
836.856550
836.864050
837.358950
837.387550
837.392950
837.562600
837.833800
837.847850
837.872250
838.354300
838.424950
838.470650
838.586900
838.599050
838.697850
838.903850
838.989800
840.183800
840.910800
840.967900
841.021050
841.068950
841.755500
841.932200
842.107900
842.124600
842.141150
842.801150
842.900750
843.527350
844.690950
845.071150
845.159800
845.322550
846.270950
846.664100
846.696050
846.799750
847.466300
847.477700
848.002900
848.087200
848.139300
848.143750
848.922450
848.925250
849.061950
849.682200
849.708050
849.791550
849.795850
850.252750
850.356100
850.580000
850.853200
851.058900
851.063250
851.295500
851.407050
851.554800
852.065400
852.651050
852.730400
853.388900
853.392900
853.694350
853.699400
854.076350
854.429100
854.615700
854.792550
854.809200
854.867000
854.967750
855.013700
855.427100
855.432950
857.017800
857.202150
857.908400
858.036800
858.039650
858.051600
858.153800
858.203300
858.857750
859.486100
859.593300
859.606050
859.640850
859.982450
861.192750
861.195650
861.883450
861.902450
861.908150
861.914600
862.062650
862.606200
862.705850
862.710900
862.723650
863.395900
863.430650
863.494200
863.767950
863.871950
864.463900
864.638000
865.006000
865.036650
865.626850
865.691800
865.697300
865.708050
865.797200
865.839650
866.104750
866.440500
866.447200
866.605600
866.610350
866.617800
866.812050
866.886250
867.119300
867.599600
868.214800
868.376250
868.791150
868.805950
869.112100
869.135100
870.052900
870.188500
870.541200
870.634800
870.742550
871.519600
871.675300
871.681650
871.690400
871.722600
871.928950
872.031200
872.035050
872.462500
872.817050
873.112700
873.256750
873.303350
874.117450
874.194500
874.308500
874.880750
874.885250
875.279250
875.283750
875.674250
875.970700
876.106300
876.317200
876.344750
876.357950
876.955050
877.050100
877.500250
877.833850
877.847800
878.373800
878.376750
879.682600
879.895150
879.927400
880.028000
880.037750
880.040400
880.065950
880.081850
880.693350
882.207850
882.490200
883.430550
883.650800
884.414600
884.418500
884.796550
884.998050
885.032650
885.040000
885.071350
885.234300
885.271050
885.591500
886.224150
886.972450
887.093250
887.460550
887.531000
887.859600
888.573900
888.606900
888.612350
888.680150
888.766900
888.772750
888.782500
888.958700
889.675300
890.336450
890.339150
890.349750
890.503200
890.826700
891.419200
892.487000
892.593600
892.596900
892.712250
892.746300
892.876250
893.150250
893.208950
893.228800
893.873200
894.118600
894.513100
894.546450
894.567950
894.680000
894.685600
894.692650
895.530300
895.837750
895.857000
895.874050
896.020700
896.199700
896.343500
896.368100
896.570850
896.574000
897.094900
897.195850
897.304550
897.325800
897.982550
898.036850
898.092650
898.159250
898.671000
898.855750
898.872800
899.465850
899.468600
899.672050
900.330500
900.675300
900.913850
901.672000
902.267250
902.517950
902.709000
903.210350
904.246850
904.268850
904.516750
905.251950
905.397100
905.402450
905.489150
905.506550
905.658100
907.548400
907.668350
909.445100
909.514950
909.987750
910.021850
910.104350
910.610600
910.705000
910.708250
910.732000
911.615000
911.639100
912.053000
912.987900
913.686200
913.923250
913.965300
914.000550
914.145200
914.178700
914.306700
914.309950
914.834400
915.124450
915.239100
917.113400
917.151100
917.170900
917.265550
918.455050
918.511400
918.955150
919.179600
919.726050
921.659300
921.761700
922.496700
922.502200
922.888300
922.982900
922.984950
923.024250
923.507350
923.521800
923.533700
923.863450
923.883050
923.885800
923.892000
924.105950
924.109450
924.356900
924.461950
924.605650
925.147900
925.239900
925.888750
926.203250
926.509100
926.512400
926.710650
926.774100
926.880500
926.970700
927.004100
927.026300
928.342650
928.736500
929.019050
929.024950
929.503950
929.510250
929.879650
929.925100
929.965150
930.051300
930.224550
931.177400
931.471400
931.891850
932.011100
932.500850
932.866350
933.268950
933.740750
933.955500
934.224250
934.229500
934.245050
934.366300
934.370050
934.680800
934.687650
935.101750
936.079500
936.097750
936.205550
936.266850
936.340700
936.372350
936.388400
936.954150
937.116200
937.251500
937.268000
937.273100
937.797850
937.813850
937.939150
938.913850
939.001400
939.095350
939.129150
939.292600
939.524650
939.921600
940.729800
940.872450
941.332750
941.338150
941.358050
941.435250
941.721500
942.195000
942.267600
942.653050
942.673350
943.058350
943.256550
943.267650
943.550250
944.172050
944.398550
945.731900
945.735450
946.186900
946.944350
946.949050
947.214800
947.751000
947.950550
947.993700
948.003700
948.066350
948.143350
948.314200
949.294550
949.516650
949.601150
949.680600
950.625600
950.661900
950.765500
950.770850
951.011250
951.028200
951.031650
951.299700
951.958100
951.966000
953.080600
953.143600
953.591250
953.903250
953.992100
954.602900
954.605800
955.766750
955.850500
956.222250
956.247350
956.493100
956.793850
957.024550
957.895900
958.085900
958.090100
958.113200
958.135550
959.507300
960.037650
960.136400
960.328450
960.331550
960.355200
960.960000
960.976750
961.129900
961.134700
961.302850
961.305750
961.655150
961.920200
961.947100
962.475650
962.565800
962.678900
962.724900
962.876900
963.533450
963.656850
964.217050
964.526550
964.966200
965.197350
965.885300
966.037650
967.003850
968.433400
968.676350
968.680950
968.695750
968.740500
968.916800
969.097150
969.381150
969.489000
969.689600
969.715150
970.024350
970.357400
970.436550
970.728650
971.796200
971.872900
972.305750
972.653750
973.086800
973.137750
973.580600
973.864850
974.940650
975.041300
975.537350
975.540850
975.701100
976.790550
976.820800
977.408600
977.446350
977.884750
978.199850
978.204500
978.537650
978.664200
979.144350
979.494200
979.499350
979.530000
979.534900
979.592500
979.595800
979.676750
979.942700
980.229500
980.502900
980.507150
981.665350
982.429450
982.718300
982.871900
982.902100
983.103550
983.109650
983.323050
983.809250
983.842750
983.845500
983.878550
983.885100
983.894850
983.907050
983.993800
984.306350
984.383850
985.527000
985.758650
986.616000
987.089350
987.219550
987.593200
988.348000
988.420350
988.706050
989.466450
989.832550
990.012300
990.087450
990.131100
990.463550
990.896450
990.906550
990.927650
990.940250
991.300450
992.133650
992.230150
992.233300
992.236050
992.499700
992.610800
992.650950
992.722400
992.750750
992.825950
992.961400
993.330150
993.577650
993.679550
993.814300
993.817750
993.824300
993.977450
994.034900
994.043150
994.073600
994.253250
995.213550
995.584700
995.909450
996.411150
997.630250
998.502350
998.505200
998.718850
998.721900
999.240100
999.520650
1000.355750
1000.602800
1001.674500
1002.093850
1002.097550
1002.938000
1003.713400
1004.046600
1004.099350
1004.528000
1005.463400
1005.618600
1005.621150
1005.911050
1005.913900
1005.946000
1006.359700
1006.742100
1007.086450
1007.352450
1007.464100
1007.541350
1007.544550
1007.796350
1007.800200
1008.453200
1008.772700
1008.777350
1008.788200
1008.880000
1009.183150
1009.245750
1010.428750
1010.431300
1011.696850
1012.105450
1013.580950
1014.627300
1014.631650
1014.729350
1014.733450
1014.743600
1015.171900
1015.925700
1016.303100
1016.885550
1017.198450
1017.200900
1017.214700
1017.968900
1017.990650
1017.993550
1018.202800
1018.708200
1018.711950
1018.720100
1018.749700
1019.749300
1019.977650
1020.063800
1020.073900
1020.083100
1020.401950
1020.603550
1020.607500
1020.968050
1022.263950
1023.164750
1023.451100
1023.455650
1023.762750
1024.104850
1024.221850
1024.226500
1024.272500
1026.668100
1026.671950
1026.681400
1026.861250
1026.920250
1027.676650
1027.730050
1027.766900
1027.890750
1027.894700
1027.902050
1027.913400
1028.732550
1029.536850
1029.697250
1029.715750
1030.286650
1030.402050
1030.532250
1030.538800
1031.304800
1031.575650
