0.034550
0.232750
0.542700
0.657400
1.203850
1.208700
1.400500
1.444750
1.683850
1.789000
1.930300
2.179400
2.261800
2.302800
2.546650
2.645700
2.839550
2.908750
3.194000
3.562250
4.034400
4.453400
4.701100
4.760700
4.809800
5.028950
5.033300
5.567000
5.570600
5.687750
5.692000
6.216150
6.307000
6.846750
6.929000
7.103950
7.876200
7.935850
8.251650
8.263950
8.590050
8.598100
8.769950
8.781000
9.253800
9.258700
9.311950
9.358150
10.040600
11.252850
11.407400
11.791500
11.795400
11.817300
12.004450
12.008750
12.157800
12.163250
12.513900
12.903200
12.953050
12.965550
13.663050
13.666950
14.059700
14.065300
14.129500
14.257400
14.263150
14.588000
15.364900
15.985750
16.071250
16.076100
16.309050
16.312600
16.410750
16.422350
16.427150
16.446650
16.529000
16.723450
16.765850
16.773400
16.788600
17.795050
17.856350
17.860250
18.854400
18.861450
19.338500
19.394200
19.411800
19.446450
20.469900
20.548450
20.552850
20.563650
20.569350
20.590250
20.652950
20.716600
20.799850
21.791550
21.823000
21.826450
21.838850
22.269700
22.355500
22.358400
22.393400
22.399150
22.574050
22.624000
22.831000
22.978450
22.984600
22.994800
23.335000
23.699100
23.748400
23.752300
23.764350
23.785000
23.877050
25.051450
25.054950
25.061450
25.089750
25.941800
25.950600
25.984350
26.391550
26.408200
26.472400
26.487650
26.647150
26.657450
26.668150
26.773400
26.776700
27.533100
27.880450
28.272050
28.295250
28.723550
28.740150
28.744150
28.850500
28.876600
28.932100
28.937050
29.275250
29.279500
29.823850
31.416450
31.482450
31.885450
32.005500
32.131700
32.473100
32.477450
33.366800
33.370500
33.883300
33.907950
34.455350
35.482450
35.486400
35.490300
35.516400
35.853500
36.413850
37.689650
37.709100
37.810650
38.368650
38.388750
38.444150
39.893750
40.831250
40.834450
41.011050
41.216350
41.603750
41.608550
41.835550
41.869500
41.915100
41.939350
42.451500
42.963750
42.966900
44.901550
45.493150
45.497300
46.231500
46.235600
46.653400
47.412450
47.519100
47.560900
48.291550
48.295400
48.659150
51.414650
51.614800
52.727500
52.730600
53.385300
53.392950
54.109250
54.511100
55.448700
56.062150
56.233550
56.236650
56.378350
56.409750
56.424350
56.543550
56.548850
56.704700
56.708600
56.732650
57.840250
57.845100
58.992650
59.100050
59.583900
59.615850
61.837050
62.014650
62.086050
62.688400
62.921350
62.932350
63.274750
64.859450
64.862400
65.550300
65.569050
66.233950
66.240300
66.275350
66.852600
66.856350
68.202300
68.577300
69.018550
69.034000
69.037000
69.054300
69.058250
69.385900
69.944350
71.704450
73.202400
75.324200
76.151400
76.639300
80.216300
80.555950
80.579000
80.975850
87.002850
87.450200
87.545850
89.045850
89.505850
89.545250
89.557050
89.859000
90.005050
90.009350
90.047500
90.439450
90.535300
90.551300
91.278600
91.552550
93.370700
93.779350
93.982750
94.072500
95.793350
97.292650
97.297050
97.657450
97.988300
97.993550
97.997200
98.005550
98.211450
98.215700
98.260200
98.631500
99.975900
101.047550
102.185750
102.370200
102.472150
102.649550
102.652950
102.688650
102.693300
105.257600
106.032000
106.089950
106.102600
106.119550
106.144450
106.147600
106.386350
108.208100
108.212250
108.470000
108.530400
108.559600
108.737600
110.701600
110.913500
112.792850
112.901850
112.904700
113.013350
113.091100
114.312950
115.319850
115.441400
115.446400
116.517000
116.525900
117.155850
117.159300
117.170150
117.188150
118.294650
120.910900
121.728750
121.731900
122.051400
122.695650
124.704050
124.708300
124.816850
124.884850
126.910650
126.914050
126.972250
126.980250
127.645550
127.648850
127.921650
127.926700
127.938550
127.956100
128.216150
128.267500
130.474050
131.043250
131.099200
131.188950
133.153450
133.157800
133.427950
133.433150
134.224300
134.227450
134.264300
134.318300
134.322250
134.358200
135.766050
136.045450
136.467300
136.471000
136.762900
137.074250
137.078000
137.402300
137.440950
137.505350
139.335850
139.345450
139.371900
139.384700
139.657650
140.302150
140.566550
141.492250
141.495150
141.722800
142.009900
142.013950
143.394850
143.399200
143.788250
143.966450
143.970250
144.264700
145.615050
145.618750
145.626400
146.041100
146.456350
148.757150
149.214050
149.687850
150.440700
150.513150
150.516950
150.522600
151.103900
151.375250
152.557400
152.631600
152.929250
155.226450
156.357450
157.118650
157.199600
159.373800
160.685350
160.697800
161.452850
163.593000
164.368650
164.479750
164.726450
164.730050
166.060900
166.087950
166.118200
166.311800
166.860150
170.379550
170.959150
171.104750
171.138600
171.142200
172.189700
172.193000
172.841800
173.911350
174.233900
174.243000
174.397200
174.675300
175.008400
175.866400
175.870350
175.891000
175.944700
175.959200
176.424950
177.239250
178.997450
179.567900
179.617300
179.651200
179.772100
179.775000
180.271250
180.908600
181.814300
181.967000
181.992300
181.995900
182.467800
183.502600
183.505250
184.453550
184.665450
185.333600
185.336800
186.135350
186.138900
186.832900
187.809450
187.812700
189.097800
189.158200
189.240000
189.243850
189.741050
189.744150
189.757000
190.958450
191.198950
191.202750
191.422850
192.089500
192.442100
193.545350
193.903450
193.950900
194.217150
194.222750
194.654750
195.449850
195.453300
196.548500
196.573400
196.577550
197.075050
197.078750
197.698400
197.758700
197.762400
198.309500
198.412150
198.428300
198.463700
198.476150
198.674050
199.344650
200.575750
200.579050
200.669200
200.889550
201.621150
201.625700
201.650450
201.716100
203.788750
203.813300
203.893650
206.129450
207.432850
207.488950
207.494250
207.529550
207.592550
207.665000
207.714350
207.719800
209.045050
209.409350
209.413250
210.025900
210.514500
210.519250
211.141750
211.433000
211.436950
212.811650
212.825150
212.870350
212.934000
212.968850
213.099900
214.322500
214.649900
214.749350
214.754250
214.823250
215.267200
215.372400
215.768450
215.859400
217.127650
217.160700
217.164600
217.826350
217.830450
218.218500
218.980750
219.063500
219.585800
219.667100
219.671550
220.108900
223.544850
224.037050
224.080800
224.085100
224.777750
224.781500
225.497000
225.508100
225.623150
225.626950
226.123050
226.177850
226.983550
227.459600
228.414700
228.495800
228.499850
228.895400
229.136500
229.152700
229.344600
230.169700
230.305450
231.093350
231.804400
231.808950
231.862750
231.866200
231.926400
232.149050
233.028450
233.786750
234.421200
234.772100
234.775750
235.598100
235.839750
236.346450
236.445050
237.125900
237.690600
237.767900
237.820500
237.823850
237.830400
238.831950
238.851750
238.920850
238.935850
239.145800
239.864850
239.925300
240.337650
240.558450
240.562100
240.813700
240.879950
240.883250
241.584850
242.745050
242.748700
242.835950
242.851250
242.855700
244.880600
245.910400
246.811650
246.856200
247.157450
247.250500
247.388950
247.999550
248.046450
249.929300
250.170200
251.032550
251.035800
251.180800
252.055050
252.058650
252.514200
253.255750
253.259750
253.411050
253.422500
253.539250
253.567650
254.479050
254.484650
254.805650
254.883400
254.995700
256.046700
256.416650
256.427500
256.486450
256.497650
256.512950
256.568700
256.572700
256.802400
257.016850
257.912600
258.034650
258.146050
259.077300
259.081250
259.152200
259.171200
259.606750
259.761850
260.329900
260.592750
261.199900
261.214550
261.306650
262.190550
262.700100
262.738600
262.741950
263.818950
263.851800
263.895650
264.430800
264.747000
264.931600
264.943750
264.954850
264.985000
265.081100
265.211650
265.240150
265.246850
265.456850
265.480050
265.950700
267.028250
267.168500
267.173100
269.142550
269.832350
270.620250
270.658200
271.206950
272.207100
272.689300
273.233000
273.343450
273.378250
274.020750
274.836600
274.840400
274.843100
275.678650
275.733400
275.737550
275.907650
277.821850
277.825800
278.024600
278.175950
278.192700
278.253500
278.257400
278.951150
278.955750
279.711650
279.914850
279.922150
280.362600
280.381300
280.385150
280.459050
280.989350
281.248600
281.453600
281.571950
282.151600
282.534100
283.301000
283.500450
283.511550
284.197200
284.201000
284.716600
285.452550
285.593350
285.606350
285.610000
285.701900
287.341000
287.711750
287.715350
288.371200
288.742350
289.323250
289.327550
289.894100
290.051450
291.294450
291.297700
291.573200
291.673100
292.205150
292.261300
292.308250
293.598000
294.531300
294.535300
294.623000
294.929500
295.030600
295.236650
295.745400
296.054950
296.176650
297.786450
298.034000
298.038000
298.566350
298.581950
298.595100
298.599800
300.081050
300.220600
300.498400
300.608150
300.611550
303.266750
303.507550
304.226200
304.299000
304.774050
305.196900
305.651200
306.657500
306.772400
307.636250
307.641150
307.648050
308.287100
308.530650
309.066500
309.190450
309.199550
310.172750
310.991350
311.243950
313.331300
313.335500
313.351200
313.370300
314.046050
314.066650
314.485650
314.501250
316.301000
316.554550
317.390100
317.788550
317.828050
317.874200
317.898250
317.902900
317.921600
318.165250
318.766200
318.770350
318.835100
320.424200
320.427750
320.795100
321.178200
321.712400
321.718750
321.733750
321.935550
321.942500
322.641200
322.646150
323.839800
324.388800
325.079700
325.134550
325.346750
325.350350
325.407100
326.539550
326.543050
327.284000
327.301250
328.271550
328.354400
329.316350
329.319450
329.441850
329.445850
329.486650
329.549250
330.191600
330.467250
330.696900
331.252050
331.517650
332.525650
332.578200
332.606100
333.248100
333.252100
334.071000
334.158050
335.017050
335.480950
336.316350
336.970450
337.001450
337.005100
337.151950
337.435500
337.772000
337.812650
337.878950
338.085850
339.496050
339.500350
339.521400
340.147550
340.890300
340.954900
341.434150
341.514100
341.518850
341.661250
341.730600
341.734250
342.558000
342.561400
343.530400
344.313800
344.435100
344.780300
344.843950
344.848000
345.087100
345.575100
346.587400
346.592950
346.618700
346.655000
346.714050
346.719800
347.388050
348.751250
348.754150
348.771350
349.267950
349.327150
349.330600
350.203200
350.205550
350.238350
350.711400
350.967600
351.559400
351.579100
351.583200
352.445850
353.982000
354.271000
354.274400
354.305400
354.314600
354.318200
354.665200
355.986500
357.196700
358.102150
358.106500
358.202850
358.206250
358.288100
358.480750
359.150600
359.155900
359.750100
359.797050
359.801200
360.644500
360.730150
361.225100
361.265300
363.199250
363.203750
363.527350
364.499350
364.502450
365.095900
365.881250
366.075950
366.081800
366.956750
367.039450
368.325500
368.336950
368.340000
368.591200
368.633450
368.636850
368.705150
368.854150
368.933400
368.937350
368.956850
369.442800
369.781100
369.892600
370.386300
371.687800
371.733650
372.800950
372.805950
373.692200
373.719350
374.330200
374.396500
374.505800
374.509800
375.564800
376.216050
376.720800
376.725400
376.852450
376.859250
376.987900
377.496800
378.547550
379.062950
379.068150
379.267500
379.765900
379.769300
379.836350
380.295900
381.445650
381.449800
382.002850
382.005900
382.148350
382.152300
382.451450
382.598300
382.650000
383.928750
383.945050
384.472550
384.475900
386.835800
386.840550
388.232850
388.235950
388.720250
389.174400
389.193050
389.205950
389.316150
389.320900
390.021200
390.024700
391.069350
391.204100
391.207750
391.806550
392.225550
392.228950
392.350650
392.418600
392.951400
392.956550
393.671200
394.193200
394.689300
396.104050
396.106950
396.378500
396.507300
396.510650
398.635050
399.931050
400.319050
400.327550
400.412350
401.221850
402.162950
403.126300
403.129450
403.223550
403.549000
404.199100
404.567850
404.744100
405.615550
406.350200
406.743400
406.747100
408.582900
409.810650
410.087400
410.267050
410.800950
411.104550
412.288650
412.292450
412.330350
413.169000
413.301950
414.290150
414.293950
414.643600
414.648650
415.102300
415.462050
415.498200
415.578400
415.583450
417.662450
418.984200
419.231400
419.236600
419.480200
420.006600
420.010850
420.185650
420.200250
420.573800
421.433450
421.921050
421.924600
422.310450
422.336850
422.340650
423.203250
423.300100
423.303300
424.432900
424.438250
424.660300
425.542300
425.715850
426.346300
426.937550
427.317500
427.518950
429.308900
429.355100
430.256050
430.259350
430.394300
430.398350
430.852150
431.451350
431.770350
433.268150
433.271850
434.284200
434.957400
435.648300
435.747850
435.751800
435.795900
436.337450
437.573000
437.584800
437.973750
437.978200
440.173050
440.301000
440.304550
441.269100
441.454700
443.474900
443.485150
444.142800
444.238550
445.809850
445.823900
446.482100
446.640100
446.792950
447.030500
447.034600
447.815800
447.819300
447.992500
448.073700
448.778200
448.781800
449.477650
449.574800
449.578200
449.611850
449.619900
450.570650
451.271950
451.276300
452.252800
453.659250
453.709900
453.713050
454.115450
454.120100
454.668350
454.835550
455.329900
455.332950
455.991550
456.310000
457.244300
458.676050
458.679900
460.147700
460.227400
460.237850
460.241850
460.300900
460.434400
461.070600
461.078450
461.444200
462.412200
462.418450
464.159650
464.164650
464.173300
464.177650
464.180650
464.230050
464.334350
464.337050
464.349350
465.595150
465.599200
465.697050
466.735100
466.739650
467.136600
468.553600
468.561950
469.032950
469.174150
469.176750
470.042950
472.006100
472.009750
472.429100
472.433300
473.033750
473.124500
473.230350
473.235450
473.912700
473.915950
474.208100
474.442000
474.995850
475.553000
475.557650
475.615750
475.695100
475.698600
476.402200
476.612050
476.642900
476.684400
477.312200
477.674150
477.730400
478.900050
478.998900
480.339000
480.398550
480.753500
481.287750
481.410900
481.414200
482.446450
482.576100
483.034900
483.038350
485.298850
487.149950
487.154000
487.255600
488.582100
488.696600
488.699950
489.355500
490.196350
490.295950
490.660500
490.687900
490.878450
491.551800
492.432750
493.118000
493.122600
493.158800
493.245050
493.299300
493.815800
494.263800
495.269650
496.024800
496.073800
496.163000
496.669600
496.691550
496.704100
496.708200
497.458750
499.094150
499.321350
499.438300
501.142850
501.145850
501.191450
501.648200
502.935500
502.939250
502.986900
503.015550
503.030750
503.094200
503.101950
503.632600
505.938600
506.084450
506.950700
506.988550
507.256950
507.547650
507.814550
507.820550
507.975850
508.956050
509.066650
509.070500
509.482350
509.595700
511.315100
511.445300
511.478150
511.534800
512.122400
512.832800
512.836650
513.430000
513.801350
514.239950
514.273750
514.577750
514.582950
514.657450
514.813350
515.877500
515.889150
516.080550
516.084400
516.255400
516.260700
517.189100
517.194000
517.466450
517.482050
517.777850
517.818700
517.890350
517.925400
517.952450
517.960000
518.058800
518.791200
518.896500
519.760250
519.779600
519.966100
520.241150
520.638650
520.654900
521.055650
521.067400
521.070250
521.077900
522.752700
523.560950
524.275000
524.278350
524.490500
524.501750
524.512600
524.646150
524.731100
524.734900
525.757800
525.905950
526.563300
526.626100
526.630300
527.137500
527.141100
527.248850
528.193300
528.208350
528.716750
528.722250
529.726600
529.730300
530.168150
530.396850
530.507900
530.511400
530.558250
530.562650
531.407500
531.859500
531.865200
532.548050
533.345700
533.353500
533.356950
533.855100
534.086050
534.272750
534.625000
534.629300
534.675700
534.748550
534.815750
535.051400
535.319150
535.347700
535.397500
536.769850
536.776050
537.203300
537.232450
537.238550
537.263500
537.295700
537.300250
537.408800
538.234600
538.468000
538.528650
538.536900
539.155300
539.252450
539.727150
540.172250
543.887750
543.891800
544.001550
544.005700
545.119100
545.124250
545.181950
545.528000
545.844600
546.545000
546.549300
546.826500
546.849100
546.852750
546.958050
546.961750
547.363650
547.367450
548.077150
549.304350
549.308450
549.332900
549.448750
549.686000
549.997750
550.093300
550.490400
550.493900
550.789850
550.793700
550.881800
551.109250
551.136850
551.345850
551.875150
552.333900
552.337400
552.457250
552.537150
552.570350
552.749150
552.812600
553.671000
553.674850
554.143800
554.321200
554.681850
554.764900
555.390200
555.441300
555.832000
555.934100
557.090500
557.536450
557.540700
557.923800
557.928150
558.243600
558.246700
558.287200
558.982700
559.002550
559.806550
559.938000
559.941550
560.598350
560.602450
560.624550
561.081000
561.084700
561.454200
561.457650
561.594300
561.667600
561.681900
562.238350
562.652700
562.762150
562.768000
563.063950
563.156250
563.456600
563.625600
564.106250
564.110200
564.155150
564.463450
564.737850
564.872350
564.884800
565.014400
565.018400
565.051150
565.101100
565.307450
565.429600
565.432900
565.815600
565.852200
565.869050
566.012200
566.513150
571.267750
571.441900
571.838150
572.311800
573.181750
573.189650
573.193350
573.341300
573.416750
573.442450
573.459200
573.634450
573.947800
573.953350
574.230650
574.309950
574.365950
574.445600
574.519100
575.028800
575.271700
575.456700
575.531400
576.201050
576.205150
576.241350
576.283900
576.288750
576.359100
576.411750
576.665050
576.845000
576.849000
577.273750
577.290750
577.327000
577.450800
577.454900
577.524950
577.596250
578.073400
578.087650
578.125950
578.415950
578.419450
579.871300
579.876350
580.036450
580.138800
580.794550
582.558850
582.599850
582.606450
583.307850
583.616250
583.619450
583.627500
584.012150
584.772500
586.930900
587.835400
588.382350
591.268650
591.669000
599.829850
604.716100
608.568350
609.456600
610.202050
611.825700
612.918700
612.972700
613.028450
613.572950
613.576700
613.728200
613.853500
613.857750
613.928050
614.022300
614.333700
614.695800
614.742750
614.910050
615.229000
615.478250
615.510450
615.671250
615.682800
615.724750
615.749950
615.776850
616.024350
616.058550
616.119450
616.236650
616.783600
616.834050
617.047050
617.051850
617.097150
617.161800
617.264900
617.344800
617.529350
617.599300
617.774700
618.073400
618.139100
619.333950
619.399900
620.569400
620.878650
620.882100
621.138350
624.285900
624.288900
624.756950
624.926600
624.930550
624.969450
625.364750
625.475550
625.619650
625.712700
625.717450
626.086750
626.351100
626.694450
626.830100
627.034100
627.036900
627.232200
627.370500
627.772850
627.862100
627.934300
627.987500
628.006250
628.212950
628.550850
628.766100
628.850200
628.904350
628.942500
629.032950
629.780350
629.834850
629.953650
630.063850
630.650750
630.666400
630.703200
630.715000
630.995150
631.114350
631.710900
631.717350
631.755350
631.907800
631.984550
632.133200
632.196400
632.706250
632.730200
633.050150
634.108750
634.733650
634.810650
634.825400
636.095050
638.077400
638.154950
638.158200
638.212400
639.167800
639.171550
639.688650
639.728650
639.763250
640.055200
640.274350
640.492950
640.606750
640.610650
640.672300
640.694650
640.934900
640.966550
641.123200
641.358350
641.515450
641.588200
641.704600
641.710300
641.970950
642.021550
642.110150
642.217150
642.220950
642.847500
642.851500
642.947500
642.995000
643.204200
643.342550
643.504650
643.509400
643.768700
643.772750
644.671050
644.721900
646.013400
649.244450
650.041550
650.071800
650.701300
650.712650
650.753850
651.458400
652.114900
652.313800
652.864850
652.869300
653.069250
653.205350
653.216950
653.243200
653.759050
653.854500
653.857250
653.868400
654.446050
654.530250
654.580200
654.585000
654.837050
654.885450
654.947400
655.200800
655.400550
655.404150
655.429050
655.538150
655.820300
655.989750
656.077650
656.151850
656.263600
656.293300
656.371100
656.439500
656.448950
656.531050
657.296400
657.434400
657.438850
657.447000
657.486150
657.648550
657.796950
658.362600
659.054350
659.115800
659.613950
659.668950
659.683850
659.992800
661.075500
661.110500
662.396500
667.025250
667.351950
667.356250
667.384050
668.016150
668.139350
668.143150
668.571300
668.975950
668.979600
669.051050
669.130650
669.609300
670.095950
670.099500
670.400850
670.679450
670.686550
671.389500
671.419150
671.554100
671.590900
671.741800
672.436100
672.440250
672.599950
672.605400
672.617750
672.709950
673.481250
674.196900
674.227250
674.231050
676.276750
677.838400
678.056600
678.076800
679.150150
680.732000
680.736050
680.743750
680.827600
681.147200
681.208100
681.505200
681.541650
681.588450
681.600400
681.617050
681.899900
681.905750
682.241400
682.519200
682.660450
682.981250
682.984650
683.078750
683.334350
683.545900
683.552150
683.634400
683.822850
683.924000
683.932700
684.300750
684.389400
684.393500
685.005050
685.068300
685.500450
685.507550
685.839350
685.945100
686.037950
686.153750
686.259750
686.541450
686.557200
686.636700
686.700950
687.327100
687.330750
687.412250
687.463400
687.628700
687.712250
687.780850
687.848050
688.377900
688.546700
688.838250
688.886650
689.354850
689.875600
689.881200
689.959800
690.001900
690.082750
690.171200
690.748700
690.906200
691.782750
693.179050
693.501000
693.504750
693.536250
696.281250
696.725750
696.734550
697.639500
697.676700
697.773150
697.780400
698.029150
698.290000
698.297500
698.304850
698.424700
698.474900
698.587000
698.646550
699.152000
699.267100
699.474250
699.551600
699.562200
700.060550
700.321100
700.324850
700.453850
700.621500
700.973000
701.004600
701.047500
701.269350
701.377800
701.407950
701.956650
702.129400
702.480100
702.606150
702.610950
703.126600
703.132950
703.141600
703.153100
703.244350
703.269300
703.275350
703.281350
703.397250
703.772550
704.276700
704.361350
704.675100
704.727950
705.138050
705.186000
705.198950
708.228350
708.901550
710.317350
711.206150
711.689150
713.402650
713.407050
713.529000
713.709900
713.755550
713.860100
713.896500
714.029300
714.035950
714.505400
714.583850
714.628450
714.824350
714.847050
715.107300
715.186450
715.188900
715.267150
715.377450
715.482450
715.650350
715.864200
716.110150
716.317100
716.421500
716.493150
716.748150
716.811450
716.905400
717.108150
717.475850
717.511500
717.727850
717.828350
718.205300
718.217350
718.227400
718.320400
718.460900
718.468550
718.502750
718.550450
718.626500
718.633800
718.685150
718.690800
718.724750
718.742650
718.954050
719.164750
719.186200
719.707350
719.768500
720.193500
720.250150
720.724500
720.818650
720.830150
720.903900
721.055500
721.098550
721.529600
721.533650
721.550400
721.557000
721.719650
722.765750
722.769450
723.011550
723.112900
724.040300
724.134950
724.853950
725.119050
726.177700
726.817500
727.221500
727.731350
728.148600
728.736000
728.739650
729.405650
730.688200
731.145800
731.149850
731.869300
732.428200
734.000550
734.004600
735.626650
735.936900
736.182100
737.504350
737.507850
738.706700
738.782000
738.786100
739.822150
739.825750
740.244800
740.248750
740.522400
740.597400
741.898650
742.024050
742.066550
742.252550
742.256400
742.528150
743.313450
743.318050
743.511900
743.975400
744.872200
744.875500
745.033000
745.683050
746.099900
746.103150
747.020300
747.237050
747.328850
747.503400
748.324550
749.334650
749.656200
749.661000
749.728200
749.972750
750.034000
750.085050
750.158850
750.182950
750.285850
750.341150
750.609000
750.680750
750.944550
751.027750
751.217150
751.222650
751.761250
751.813150
751.820450
751.936850
751.945650
752.143100
752.153900
752.156850
752.161250
752.511100
752.515800
752.556050
752.699800
752.887650
752.981450
753.138550
753.272650
753.347600
753.661200
753.837750
753.847750
754.096900
754.436050
754.664650
755.334150
755.477100
755.870600
756.035750
756.073950
756.636000
756.640150
756.668600
756.685100
756.703550
756.904350
757.039250
757.255450
757.321650
757.398300
757.445800
757.517100
757.863100
758.055800
758.138850
758.142050
758.190050
758.429850
758.435300
758.593450
758.707400
758.976800
759.025000
759.350850
759.436750
759.838150
759.848200
760.207600
760.761550
760.776850
760.987650
761.407900
761.432550
761.568150
761.607250
761.637050
762.247000
762.272650
762.437500
762.693000
762.753350
763.452100
763.688600
763.758200
763.827650
763.836750
763.906950
763.954050
763.956800
764.032500
764.734250
764.962600
765.248250
765.468650
765.722550
765.727950
766.339750
766.932650
767.807800
767.811900
768.160500
768.247150
768.388400
768.923750
769.958650
769.973400
769.992400
769.996500
770.291600
770.295850
770.938150
770.950650
771.004600
771.012000
771.087550
771.099700
771.596150
771.887900
771.925900
772.508350
772.553750
772.974600
772.978850
773.316350
773.803900
773.903000
773.955100
774.035000
774.422900
774.465750
774.542500
774.998700
775.770600
776.036850
776.059700
776.064000
776.644800
776.935300
777.145000
777.170800
777.174050
777.411850
777.571500
777.582400
778.465350
778.542150
778.901300
778.993600
779.226600
780.193700
780.420450
780.424600
780.944700
780.948450
781.528250
781.799400
781.803500
781.841450
781.849800
781.853550
782.385200
782.730500
782.768350
783.364950
783.374600
783.377950
783.447850
783.591550
783.629700
783.806250
784.473200
784.515900
785.093600
785.104250
785.130750
785.413100
785.462350
785.847500
786.996000
787.354950
788.227600
788.230950
788.826400
788.831400
789.580400
790.292400
790.806650
792.130750
792.764150
792.777550
792.940200
793.621100
795.952650
796.904850
796.976450
798.263750
798.450700
798.504000
798.507750
798.564500
799.177350
799.181300
799.258050
799.262950
799.906300
799.948950
799.953750
800.027400
801.355850
801.513600
802.168150
802.171850
802.212450
802.348500
803.187000
804.234900
804.241300
804.858550
804.867600
807.285650
807.296500
808.935150
809.123100
810.443300
810.447500
810.450950
810.484150
810.495600
810.499950
810.561550
811.137300
811.139900
811.694000
811.812450
811.866000
812.336450
813.311300
813.315450
813.388250
814.332900
814.860650
814.913350
815.238900
815.242500
815.267500
815.459850
816.211650
816.329100
816.598100
816.661050
816.748700
816.881150
816.917000
817.036100
817.264200
817.305650
817.309750
817.348100
817.507400
817.562350
817.856550
818.109900
818.415550
818.443000
818.722850
818.869400
818.924900
818.935100
819.189650
819.365750
819.369700
819.418550
819.480600
819.566700
819.711850
819.731850
819.821100
819.828400
819.863300
819.882450
819.948400
819.970800
819.990550
820.447250
820.602000
821.169200
821.188450
821.585200
821.687750
821.886850
822.038550
822.249900
822.833750
822.969750
822.992450
823.054950
823.172650
823.190500
823.515900
823.893600
823.897300
824.011000
824.260550
824.264850
824.354150
825.192650
825.216350
825.269800
825.337200
825.473800
825.686500
825.772700
826.198450
826.286700
826.339600
826.561900
826.566000
826.823500
826.866100
827.013150
827.074400
827.270450
827.276950
827.864050
827.966550
828.307250
828.311000
828.549500
828.689950
828.817350
829.204850
829.735700
829.983450
830.131150
830.347150
830.490250
830.965400
831.261350
831.325500
831.415850
831.508350
831.723450
831.788600
831.818650
832.002100
832.112300
832.406950
832.621000
833.085400
833.251950
833.325350
833.359450
833.627400
834.145550
834.159100
834.162950
834.652250
834.779000
835.094200
835.221950
835.279900
835.283900
835.652100
835.952750
836.586550
836.590800
836.936850
836.940500
837.255200
837.376200
837.384250
837.825050
837.829850
838.360850
838.559500
838.564400
838.589350
838.757850
839.195000
839.199700
839.229500
839.346000
840.175650
840.181500
840.602400
840.905300
840.946700
840.950350
840.972500
841.062750
841.065400
841.106800
841.467100
841.580200
841.758250
842.896550
843.519750
843.903750
843.907500
844.122400
844.127700
844.242450
844.340400
844.379700
844.644750
844.685500
845.128650
845.183750
845.325900
846.035600
846.354500
846.608900
847.059850
847.657650
847.921350
848.092300
849.310750
849.373850
849.711750
850.244700
850.249450
850.446200
850.452700
850.787750
850.879700
851.016600
851.340350
851.559850
851.785050
852.238650
852.242500
853.353000
853.565600
853.790200
853.820800
853.825750
855.481700
855.484900
855.649650
855.666850
855.731500
855.751600
855.756550
856.070150
857.821600
857.841500
857.880450
857.968250
857.973550
858.008200
859.364400
859.369250
859.451350
859.496800
859.623350
859.978350
860.954900
860.966450
861.064250
861.568250
861.879350
862.078550
862.353700
862.358050
863.042800
863.342950
863.392550
863.401300
864.049850
864.633400
865.205000
865.687150
865.705250
865.794500
866.053600
866.444400
866.450100
866.599500
866.880200
867.127900
867.216550
868.210850
868.547550
868.860900
868.865100
869.309850
869.355050
870.535550
870.553850
870.605550
870.663100
870.706200
871.037100
871.701400
872.025150
872.201750
872.260600
873.253600
874.200000
874.293750
874.356900
874.381500
874.921200
875.838200
875.842050
876.077050
876.951150
877.070750
877.115900
877.225600
877.837150
877.839900
878.048050
878.053000
878.359550
878.363500
878.527250
879.464900
880.030900
880.034200
880.046500
880.721650
880.932550
881.290900
881.294750
881.700900
881.750750
881.800850
881.859650
882.106050
882.432650
882.473300
882.487100
882.616400
883.186050
883.409050
883.425450
883.647150
884.823050
884.893800
884.994300
885.021400
885.025050
885.053500
885.061050
885.075650
885.104050
885.110250
885.551750
885.555200
886.146950
886.396450
886.537550
886.706550
886.828800
886.859700
887.485900
887.526200
887.528850
887.815900
887.947250
887.956250
888.046050
888.568850
888.656250
888.659700
888.695550
888.720400
888.800250
889.711100
889.715050
890.154100
890.582600
890.831600
890.845900
891.388300
891.397150
891.726000
891.734800
892.716550
892.852350
892.878950
893.153350
893.238500
893.242200
893.403300
893.489250
893.883900
894.507200
894.542500
895.972850
896.195200
896.251950
896.308450
897.038500
897.060750
897.091800
897.174150
897.190000
897.704650
897.708000
898.004650
898.108950
898.257550
898.955200
899.207150
899.245750
899.967900
900.058400
900.090500
900.342450
900.586250
900.670950
900.749400
900.910850
901.667100
901.981150
902.044200
902.048300
903.205150
903.534050
903.537750
903.689750
903.915600
903.918650
903.926700
904.008850
904.544000
904.548050
904.982150
905.130700
905.540500
906.353750
906.356950
906.425850
906.585100
907.076800
907.577050
907.706950
907.711450
908.150950
908.311150
908.481500
908.830300
908.834750
909.227950
909.282150
909.323100
909.517300
909.679800
910.106850
910.596200
910.780750
911.076100
911.611050
911.643500
911.674150
912.161600
912.165450
912.683950
912.687600
912.983250
913.064400
913.068100
913.619250
913.622650
913.919250
913.997050
914.110500
915.235750
915.453800
915.769000
916.783800
916.902400
916.947350
917.260200
918.506650
918.949850
918.994200
919.040250
919.294250
919.721200
920.769950
920.773400
920.802150
921.561900
921.757950
922.370300
922.487450
922.491150
922.884500
922.960550
923.002850
923.120650
923.125800
923.481600
923.867750
923.901150
924.247400
924.251750
924.352000
925.243300
925.832400
925.836400
926.246300
926.250800
926.401000
926.451650
926.514700
926.705450
926.720900
926.800150
926.808750
926.872200
926.884400
926.889450
926.908800
928.338800
928.408750
928.759300
928.789850
928.794500
928.950850
929.001050
929.022050
929.129500
929.825650
929.830450
929.968150
929.974900
930.181000
930.185450
930.938800
931.118950
931.886450
931.908350
933.715500
933.719250
933.950300
934.691450
935.509700
935.513700
935.616350
936.230250
936.364950
936.950200
937.123800
937.929000
938.516200
938.666950
938.909750
939.089950
939.426900
939.635750
939.637850
939.641700
940.294100
940.299350
940.985850
941.082900
941.280050
941.723900
941.782950
942.206500
942.209750
942.271500
942.650000
943.519200
943.562250
943.567050
943.581900
943.617600
944.447000
944.615300
945.512800
945.517200
945.531050
945.637450
946.193800
947.108100
947.578550
947.644150
947.748050
947.757600
947.788350
947.889250
948.009200
948.070100
948.147800
948.214150
948.927700
948.931350
949.298050
949.677100
950.248500
950.651800
950.951850
951.013750
952.038500
952.369650
952.448450
952.851600
953.077550
953.139350
953.543450
953.546900
953.570350
953.972450
954.052250
954.056450
954.399550
954.471500
954.996450
955.616900
955.714500
955.772200
956.226800
956.279900
956.489050
956.904600
957.399850
957.403350
957.901300
957.924050
957.957150
958.115800
958.320800
958.359750
958.364050
959.949700
960.032600
960.132450
960.257150
960.305050
960.359850
960.846800
960.858050
961.054400
961.651200
962.471550
962.872400
963.070600
963.074100
963.246150
963.251150
963.283500
963.312550
963.832550
964.161700
964.165600
964.190600
964.522300
964.753050
965.520600
965.533500
965.675650
966.461350
967.000200
968.430100
968.483250
968.487200
968.912600
969.415100
969.485200
969.722700
971.143750
971.397350
971.402300
971.765200
971.769800
971.803950
971.811750
971.875600
973.055500
973.821850
973.824350
973.831350
974.480150
974.868350
974.872000
975.310850
975.315000
976.598800
976.839750
977.009950
977.073300
977.441300
978.009650
978.013000
978.702750
978.830750
978.937650
979.018600
979.110750
979.168450
979.654900
979.786650
980.532900
980.707550
981.013550
981.207050
981.382400
981.880100
982.424300
982.520300
983.026350
983.313750
983.595750
983.813750
983.873700
984.302450
984.378400
985.151400
985.995150
985.998850
986.474700
987.081350
987.085200
987.515950
987.589550
987.932550
987.937900
988.700900
989.626450
990.008150
990.108600
990.901700
991.296450
992.015000
992.214050
992.606400
992.695300
992.968050
993.083600
993.374450
993.379200
993.417250
994.039550
994.116500
994.178100
995.208400
995.588850
995.986950
996.261650
996.916100
997.595900
997.599650
998.341900
999.070350
999.074350
999.236200
999.499500
1000.078350
1000.147650
1001.135600
1001.677950
1002.089400
1002.619350
1002.622550
1003.555650
1003.559550
1004.576100
1004.607050
1004.610700
1004.737100
1004.758700
1004.801650
1004.907200
1004.938150
1005.221650
1005.245150
1005.556200
1005.627550
1005.896500
1006.240750
1006.245350
1006.348650
1006.352450
1006.738700
1006.860000
1007.347300
1007.460600
1008.291400
1008.482450
1008.931750
1008.935850
1009.140850
1009.209800
1010.298000
1010.406900
1010.410350
1011.296000
1011.300600
1014.700300
1014.703850
1015.644350
1015.648300
1016.214150
1016.257250
1016.260900
1016.310750
1017.068900
1017.072900
1017.139100
1017.843900
1017.964500
1018.099100
1018.103650
1018.205850
1018.345250
1018.393300
1018.716650
1018.736950
1018.969000
1018.985850
1019.368050
1019.372400
1019.499250
1019.874950
1019.926750
1020.908350
1020.971900
1021.131350
1021.473050
1021.631600
1021.911600
1021.917950
1022.101900
1022.106550
1022.259800
1022.756600
1022.759900
1022.958850
1023.694250
1024.083350
1024.086750
1024.233100
1024.728650
1026.854550
1027.827850
1027.863200
1029.531250
1029.549600
1030.023750
1030.520600
1030.524100
1030.596650
1031.057550
1031.061550
1031.106400
1031.299700
