5.187050
5.198800
5.293400
10.215800
10.222800
10.327950
10.351550
10.428950
10.489300
10.893200
10.913950
12.145400
12.384500
12.402700
13.042850
13.379000
14.516300
14.596050
15.849350
16.990400
16.994350
17.012600
17.469100
17.589300
17.904300
22.227000
24.479650
26.558850
27.067550
27.914450
28.943600
30.352450
30.361050
30.654600
31.654350
34.426850
34.436050
35.075050
35.079350
35.774350
35.887500
36.742750
36.941350
36.973650
37.478250
37.487000
37.492950
37.506050
39.584250
39.588350
39.594850
41.643250
41.654200
41.670750
41.690150
41.985550
42.615200
42.677800
42.703700
44.003400
44.732500
44.736400
44.741550
46.994450
48.716700
49.962650
49.971450
50.576700
50.580900
51.588550
51.598950
52.037400
52.106650
54.585950
55.112550
55.115400
55.118750
55.126200
55.212550
57.264800
57.448600
57.462400
57.713150
58.224900
58.864600
60.397650
60.494050
60.744450
60.904100
61.709300
62.727350
62.750350
64.438250
64.657550
66.164900
67.487100
67.503300
67.514500
67.529550
67.718450
68.509200
68.669100
68.978000
70.197800
71.483950
73.881900
75.320550
77.318300
79.890650
80.395500
80.576400
81.436000
82.115700
82.696000
82.885250
83.061400
83.415350
84.275950
84.855950
86.036750
86.237550
86.422300
87.002750
87.468600
88.041650
88.382650
88.400200
88.462450
89.601900
89.623150
89.627750
89.652000
90.490400
90.920000
91.415650
91.429550
94.018300
95.262550
96.106450
96.632600
96.683350
96.688200
97.647050
97.882400
99.769450
101.044100
101.490150
102.248050
102.250450
104.848900
104.862450
104.918950
104.943200
106.472200
106.754700
107.265300
107.285100
108.552450
110.500800
110.527350
111.149700
111.159450
111.163750
112.075750
113.025200
113.035150
113.065250
113.080050
113.100950
114.265900
116.256500
118.296800
118.301600
119.957850
122.220200
122.294250
123.630400
124.050000
124.064450
124.526800
125.222550
128.759000
128.764100
130.284400
130.804000
133.727400
134.170200
134.200200
135.641800
136.116650
136.524900
137.978250
138.098950
138.103750
138.118500
138.158500
139.853500
139.946400
141.995450
142.002250
142.084750
142.456350
144.355750
144.709000
146.015550
147.248700
147.277950
147.292950
147.300550
148.440650
148.651350
148.859000
148.905350
149.482850
151.348900
151.359950
151.384400
151.633100
152.558050
153.232100
153.780250
153.788450
153.798650
154.925500
155.399250
156.167600
156.200100
156.210900
160.065550
160.069900
160.075200
160.090500
160.129900
160.135700
160.195700
161.338750
161.552900
161.558100
161.567600
161.573850
161.591850
161.726350
161.796750
161.815750
164.437450
165.974650
167.655300
167.667900
168.688200
169.962250
169.990300
170.974600
172.266700
172.271750
172.276050
173.123150
173.131000
173.449000
173.455150
173.461500
173.466950
173.471800
173.485450
174.874050
174.887150
174.916550
175.103250
175.512150
175.551650
175.562350
177.136950
177.158750
177.165050
177.705150
177.714300
179.087600
179.093550
179.560400
179.567850
180.236450
182.061700
182.262650
183.258200
183.410350
184.412250
184.988150
185.318600
185.712450
187.339000
188.452150
188.869700
189.958950
190.060000
190.073350
190.707250
190.743950
193.050600
193.542900
196.058000
196.085450
196.122650
196.132550
196.138250
197.517000
197.623000
198.347250
198.400700
198.420900
199.058250
199.109100
202.208800
202.227550
202.242450
202.638700
202.730550
202.754950
203.829800
204.210600
204.928950
204.934250
205.131000
205.350000
205.427900
207.277850
208.151050
208.177050
209.262850
209.314200
209.364150
209.575200
210.367450
210.380300
210.720650
210.751100
212.396550
212.791300
213.033400
213.045250
214.863650
215.373000
216.572950
217.589450
217.736250
218.258600
218.276700
218.501900
218.882550
218.912150
219.400450
219.541050
220.438250
220.440300
220.468600
223.638100
225.183600
225.193750
225.199400
225.221600
226.253050
226.768000
228.193200
230.691650
230.694300
230.760850
230.771000
231.482600
232.726300
232.731250
232.744350
233.946500
233.988400
234.578900
235.315300
235.344550
235.869350
235.874550
235.880900
235.891100
235.919400
236.122700
236.134300
236.149450
236.169100
236.179550
236.355500
238.020500
239.025450
239.047850
239.156300
239.537000
239.553350
239.559300
240.592750
240.879950
241.349750
241.908700
242.247400
243.204550
243.208600
243.213500
243.217950
243.239700
243.338400
243.451050
244.267500
244.806150
244.837300
244.841000
246.413450
246.418700
246.436100
246.451900
249.126450
249.135050
249.148900
249.154550
249.603150
249.614350
249.623000
249.662100
251.408200
251.432800
251.956200
252.009050
252.020050
252.027250
252.938000
252.941800
252.950950
252.956600
255.090900
255.100650
255.105650
255.121700
255.724750
256.913600
257.593300
257.760300
257.766900
257.775900
259.058250
259.505750
259.764700
259.775400
260.065900
260.172550
260.510050
260.520100
260.557000
261.167250
261.518500
262.405850
262.420850
262.437150
263.077950
263.845450
263.892150
264.875550
265.094150
265.427200
265.532850
265.537550
266.197550
266.465050
266.873150
267.076650
268.507550
269.236550
270.661400
270.785150
270.805450
272.551850
272.579800
272.693300
272.704900
273.111700
273.142700
273.434450
273.494400
273.504700
273.719100
274.077450
275.785350
276.165000
277.183450
277.268600
278.022500
278.129500
278.589450
279.617950
279.622800
279.641950
279.974050
280.008800
281.142600
286.338600
288.104000
288.111500
288.418900
288.880700
288.891200
289.326700
289.339550
289.922700
290.853800
291.118600
291.613800
291.865550
292.673100
292.684550
295.036000
295.054850
295.070750
295.076950
296.107150
296.119500
296.978750
296.988200
297.188800
298.160650
298.194550
298.204300
298.461750
298.592850
298.990850
298.995100
300.261750
300.280100
300.305950
300.315950
300.804300
302.505650
302.529950
302.774300
302.799000
302.871900
302.884200
302.890700
303.245950
303.725050
303.811200
304.862400
304.867850
306.492350
306.725650
307.213600
308.027350
308.037900
309.186400
309.190650
309.211350
309.556300
309.587800
309.897550
311.044800
311.450500
311.578050
314.219850
314.246050
314.822100
314.826850
314.842250
314.853150
315.642850
315.647350
315.665200
316.046000
317.199300
317.533750
317.548350
318.105950
319.383450
319.398400
320.576150
321.378350
321.530850
321.548900
321.554150
321.559850
322.266050
322.281850
324.694150
324.726900
324.869750
325.272450
325.309900
327.778250
327.783100
327.790150
327.905500
328.179250
328.184100
328.960250
329.843250
330.409950
330.577050
330.600550
331.248100
331.633500
331.649250
332.297500
332.350750
332.617100
333.836700
334.361150
335.954250
335.980450
335.983050
336.017100
336.952900
336.971650
336.994600
337.002600
337.225450
337.411650
337.735250
338.591250
338.859300
339.217900
339.244850
339.256100
339.312400
339.956900
340.361950
340.366300
343.310800
343.344600
343.508200
344.077150
345.995500
348.168550
348.867050
348.877350
348.883750
348.996550
351.878400
352.381000
352.390400
352.394450
352.418250
352.751750
353.032050
354.280800
354.287900
354.368450
356.497450
357.134850
357.136900
357.150750
357.163850
357.876750
358.716150
358.777850
360.642750
360.998050
361.008750
361.644650
361.824050
362.867200
362.879300
363.539300
363.565650
364.197100
365.210400
365.631450
366.333000
366.348750
366.366700
366.802700
367.020750
368.118050
369.057700
370.073600
370.078500
370.093750
370.103600
370.114750
371.918150
373.754650
373.769100
373.774800
374.854650
375.501250
375.505950
376.444350
377.050450
377.123050
377.392500
377.970400
379.741800
380.784900
380.797200
380.808250
380.854400
382.932450
382.937950
382.954650
382.962700
382.971000
384.023650
384.481900
384.747200
385.360800
386.684900
387.061050
387.900600
387.904900
388.610600
388.638750
388.666000
388.964550
389.887150
390.729700
390.949300
390.980050
390.988800
391.465550
391.845950
393.126650
393.134550
393.138800
393.143850
393.154850
393.646750
393.811650
394.143100
394.701100
394.705450
395.395050
395.400150
395.770150
396.287900
396.311600
396.447550
396.452750
397.086150
397.346600
401.527450
403.283200
403.328600
406.627650
407.307250
407.884350
408.203250
408.650750
409.526750
409.543200
409.843650
415.446150
415.644350
415.724750
417.086900
417.091650
417.128250
417.134100
418.055500
419.135050
419.545600
420.550650
420.554550
420.595350
420.847400
421.919500
422.454450
422.472950
422.685100
422.940150
423.372500
423.688350
423.696750
424.241450
424.245600
425.145200
425.258100
425.274050
425.280550
426.823300
426.848700
427.126050
429.505250
429.535600
429.538000
429.553150
430.499800
430.978000
430.999850
431.026000
431.420800
431.463700
431.845200
432.289900
433.255400
434.733650
434.809850
434.968600
435.725600
435.734300
436.561600
439.042850
439.056150
439.112850
440.433250
440.437450
441.946100
444.542550
444.809250
449.351750
449.358750
449.395400
451.775050
451.903200
453.036500
454.079550
455.930450
457.248100
457.258350
457.653650
457.725250
458.142650
458.164650
458.767150
458.790400
458.795800
458.827950
459.392600
460.469150
460.586600
461.699000
461.712500
461.715550
462.659450
463.402250
463.646250
463.786400
466.578500
466.586600
467.929150
470.777100
473.022500
474.151800
474.181950
474.639800
474.923150
476.396050
477.019850
478.055050
478.515550
478.702250
478.716850
479.818950
479.980850
479.983800
480.898000
483.994250
484.009100
484.751650
484.974600
486.453500
486.952050
487.828800
487.925400
487.942550
488.460000
488.474350
489.467400
490.175900
490.649050
492.305050
492.314850
493.517650
493.523200
493.529550
494.110400
494.542100
495.218350
495.331950
495.945800
496.361250
496.847900
497.086150
497.730050
498.301100
498.308750
498.338600
498.768050
500.197900
500.208850
500.214200
500.906000
504.060950
504.067200
505.134250
505.142300
505.496850
505.587400
505.601150
508.432100
508.440450
508.756350
509.143000
509.165100
509.176900
509.740200
511.155300
511.958700
513.629100
513.649450
513.659300
515.062100
515.066750
515.093300
515.729450
515.741250
516.679550
516.726500
516.817750
517.077300
521.195350
521.236250
521.480650
523.058300
524.068050
524.085550
525.092550
525.680550
527.551750
528.008750
528.023350
528.666600
528.670800
529.909900
531.199300
531.824450
531.833750
531.844400
531.880850
532.425950
532.900350
535.301150
535.515350
535.542900
535.561500
536.442350
538.292000
540.592900
540.634700
541.484050
541.589000
541.598250
543.128800
544.719350
544.723700
545.103750
547.413450
547.722500
548.058400
548.069000
548.085050
548.843150
549.816050
549.884500
549.891750
549.919600
550.533800
550.595900
551.692350
552.033450
552.300050
552.477600
552.717950
553.195850
553.206950
554.655200
555.403350
556.737250
559.219000
559.228000
559.234250
560.441050
560.454250
561.446000
561.490650
561.753850
562.203750
562.228100
564.007200
564.009600
564.030350
564.975650
564.979500
565.394000
566.442050
566.449850
566.454400
566.681650
566.696300
567.661750
569.069550
569.094750
569.574400
569.579500
569.630550
572.190500
573.747550
573.859000
573.876600
575.468600
577.079050
577.092450
577.646750
577.666350
579.359700
579.620400
580.652550
581.678250
581.779500
582.165250
583.268550
588.290000
588.864800
590.653300
590.689350
592.548600
593.311200
597.569250
602.329750
603.089100
605.607450
605.886550
606.126850
606.366750
606.486550
606.546450
606.846100
606.886000
607.106100
607.905050
608.124700
609.303600
609.347600
610.042650
611.460650
612.180500
612.936550
612.954750
613.656100
613.683500
614.367050
615.937750
616.239950
616.456300
617.869300
617.880500
618.178000
618.819900
619.943100
620.303150
620.317000
620.326750
620.353900
620.409300
621.454100
623.740550
623.841900
623.878500
623.884700
624.190750
625.144800
626.267050
626.490650
627.257100
628.542650
628.546600
629.014450
629.769950
631.047650
631.051950
633.773150
637.637100
638.437050
639.289600
640.735400
641.336100
641.684250
643.939450
644.289700
645.108500
645.249050
645.256150
648.175500
648.517500
649.245650
650.473450
650.481800
650.805250
650.833100
651.506950
651.864900
651.873100
652.017050
652.329300
654.437950
654.459600
655.000700
655.036950
655.502250
657.142600
657.169850
657.436550
657.439300
658.432000
658.617600
658.886800
658.900050
658.922100
662.921900
663.822550
665.655750
665.678250
666.134100
666.336000
666.525600
667.321950
667.589750
668.231800
668.263250
668.735450
668.842600
668.880500
669.297050
669.492450
672.944300
673.034100
673.047150
673.058050
675.058650
676.259800
679.648950
679.920550
679.935950
680.037750
680.861250
680.959250
681.114650
681.132000
681.205150
681.896650
682.132750
683.057500
683.065250
684.700750
684.704700
685.020550
685.074450
686.378150
686.598150
689.729700
690.507850
691.893700
691.897800
691.907700
691.912150
691.938950
693.092250
693.306450
694.711400
695.491650
696.056650
696.066950
696.524950
696.537550
696.788700
696.941500
697.037250
697.527550
698.016400
698.031050
698.472350
698.600150
699.171250
699.270600
700.077750
700.812550
701.330150
701.951100
702.552300
703.121400
703.563850
703.596050
703.815800
705.983600
706.592250
707.460200
711.997750
712.001500
712.006650
712.023350
715.691250
719.357750
720.091650
720.107250
720.415600
720.421250
720.431700
720.443850
720.452200
721.273250
722.639850
723.943050
725.161250
725.806450
725.886100
725.987250
725.992300
726.081800
730.117600
730.122700
730.134100
732.347850
732.363950
733.905750
735.808600
735.817850
736.320700
736.409700
736.414100
739.770600
740.547100
740.622000
740.866250
747.176950
747.289150
749.422850
749.426900
750.753500
750.759150
750.772750
751.258950
751.680700
752.028600
752.045050
753.172750
753.994200
754.305050
754.317000
756.831600
757.333000
757.342750
757.525000
757.993100
758.007300
758.489500
758.626700
760.224650
761.742850
762.226600
762.508250
763.063500
763.068250
764.174700
764.186050
764.487900
764.500000
764.889050
765.148200
765.637800
765.647200
766.127650
766.132000
766.587700
766.794650
766.863600
766.873550
766.894200
767.749250
770.393050
770.402100
771.302300
773.212400
774.466850
774.497900
774.572650
774.592700
778.339400
779.214500
779.227250
779.250250
780.779750
782.559350
783.457100
783.460850
783.468200
783.606600
785.928550
785.944200
787.067250
787.334200
787.338750
790.211500
790.217050
790.420050
791.456950
792.873450
794.417650
794.437050
796.016850
796.533300
796.536950
796.543150
799.850000
799.855600
802.019350
804.091600
804.096200
807.143550
812.410550
812.726950
815.742100
817.137300
817.402950
817.407900
817.432100
817.435400
818.178000
819.272400
819.984750
820.055550
820.136050
820.616800
820.733700
820.741800
820.761200
820.916500
822.066300
823.080750
823.316400
823.468400
824.154800
824.357750
824.619800
824.806000
830.233000
830.764350
831.865950
831.925750
832.847700
833.216450
834.379250
834.383350
835.111850
837.598600
837.825000
841.400450
842.023100
842.043500
842.056150
843.655900
843.724050
844.178700
844.559800
844.575050
844.580850
844.665600
850.623150
851.007600
851.479400
854.567500
856.955400
856.994350
857.216750
857.699500
860.711200
862.189550
862.221900
863.277750
863.554050
863.559750
864.450100
864.976050
866.464100
868.741350
870.005450
871.137250
873.012450
873.018850
873.029800
873.035950
874.317050
874.372050
874.838250
877.573000
877.952150
878.920400
879.888800
879.909300
880.193250
880.536750
880.543750
880.571100
881.683350
882.182100
884.276950
884.527550
885.183400
885.479000
886.385900
886.686250
886.693150
887.088500
888.581200
888.584100
888.598950
888.608200
890.841500
891.166200
891.180150
891.201500
891.906950
892.327300
892.336500
893.452600
896.963550
896.970850
897.221400
898.870900
899.543550
900.767900
903.227350
903.237850
904.837300
905.847100
905.857850
905.863000
906.473300
906.493100
906.519000
907.707950
907.741500
908.862300
913.713900
913.718350
916.050500
916.261400
916.903050
916.926400
917.290400
919.242150
919.891200
920.015750
920.884250
921.634650
924.372100
925.459150
925.491700
925.781050
926.241800
927.720650
928.592550
928.754650
929.785700
930.254500
932.499850
932.512650
933.563450
933.639500
933.645850
934.853800
934.858450
937.097550
937.653750
938.459950
938.892900
938.911050
940.277050
940.516050
940.551950
941.258600
942.650100
943.742600
943.757450
943.794900
943.963200
944.508850
944.520400
946.967950
946.977000
946.982500
946.989100
948.480250
950.269200
950.273300
951.392000
952.609850
953.507800
953.573150
955.051500
955.064250
955.470350
955.498400
956.641900
957.477150
959.999000
960.020900
960.192350
961.082800
963.313100
964.435200
964.440700
964.453400
965.527100
966.666250
968.085100
969.410350
969.491800
970.452450
970.459500
970.469950
971.255850
974.942050
976.114850
976.546300
976.706700
976.710600
976.717700
977.177500
978.305150
978.586000
978.615800
978.620900
978.628700
978.646250
978.757600
978.911650
980.995950
984.432700
984.440100
986.596450
987.445700
988.314350
988.930350
988.958900
989.526200
990.549850
992.509600
993.145850
994.644300
995.442400
995.747650
1000.651300
1000.662800
1001.235800
1002.147050
1003.479100
1006.379000
1009.051100
1011.775850
1015.866600
1017.074600
1017.217600
1018.897500
1019.673700
1019.766750
1019.773750
1019.782100
1019.793700
1020.185000
1020.310500
1020.319500
1020.889950
1022.390750
1022.558850
1022.592400
1022.707850
1022.722850
