0.105350
0.124250
0.270500
0.377600
0.480300
0.498700
0.571900
0.631250
0.711050
0.808700
0.894300
0.957200
1.041300
1.175250
1.211650
1.310100
1.359150
1.415000
1.643650
1.732450
1.774000
2.021750
2.105150
2.178650
2.410200
2.543550
2.549700
2.726400
2.843250
2.896200
3.046800
3.126550
3.281450
3.401300
3.824250
3.995750
4.158850
4.204700
4.327100
4.536250
4.655850
4.715200
4.841600
5.000850
5.083850
5.128500
5.136950
5.152950
5.173050
5.182800
5.222250
5.246900
5.276650
5.309850
5.346300
5.374400
5.416450
5.435350
5.453650
5.474300
5.519400
5.541500
5.601500
5.635700
5.659950
5.740850
5.754950
5.811600
5.867950
5.943050
5.982900
6.017050
6.048650
6.132900
6.170500
6.303650
6.342650
6.386050
6.471200
6.532750
6.578150
6.685550
6.731200
6.791100
6.851250
6.910950
6.986200
7.091100
7.148300
7.198600
7.313400
7.342900
7.407000
7.537800
7.581950
7.717400
7.770950
7.802300
7.940650
7.987800
8.092800
8.196700
8.273750
8.335450
8.358250
8.405000
8.540300
8.611450
8.753100
8.777650
8.871550
8.927250
9.034800
9.153800
9.176050
9.320900
9.495000
9.587650
9.602850
9.652050
9.800600
9.941050
10.071400
10.114600
10.190950
10.195350
10.204850
10.255300
10.337350
10.610750
10.620550
10.669650
10.754800
10.848250
10.859400
10.929950
11.038400
11.050200
11.087250
11.129850
11.142750
11.173300
11.192800
11.217150
11.253000
11.273550
11.308400
11.323350
11.348650
11.368550
11.386950
11.411350
11.434900
11.473600
11.545200
11.576350
11.596850
11.644500
11.663800
11.689100
11.749950
11.812250
11.852150
11.868400
11.897100
11.916200
11.931750
11.967700
12.030450
12.062250
12.094450
12.105800
12.232400
12.266200
12.291950
12.343850
12.391150
12.416200
12.451450
12.493400
12.514750
12.536850
12.576300
12.611150
12.716300
12.738650
12.785200
12.814000
12.899750
12.963600
12.989000
13.010450
13.029800
13.059500
13.100300
13.127250
13.155900
13.210000
13.242450
13.250750
13.274550
13.328050
13.348950
13.407450
13.451950
13.472000
13.506650
13.518200
13.535050
13.569750
13.626500
13.655500
13.728200
13.755150
13.795800
13.850750
13.869600
13.897550
13.930950
13.984000
14.064500
14.088550
14.149750
14.193900
14.233900
14.257250
14.283850
14.355750
14.381850
14.436950
14.463850
14.469450
14.513050
14.543950
14.575300
14.625050
14.652350
14.722650
14.740300
14.809250
14.880900
14.925100
14.995050
15.045150
15.084450
15.131400
15.163150
15.262200
15.283100
15.326100
15.369650
15.424850
15.472450
15.500050
15.580300
15.715850
15.814250
15.855450
15.903950
15.941950
15.997150
16.064100
16.089950
16.105000
16.138150
16.229950
16.259050
16.305300
16.353100
16.425550
16.519050
16.558750
16.592350
16.625300
16.674100
16.848400
16.880300
16.902850
16.982100
16.999250
17.039600
17.091450
17.113500
17.141950
17.167100
17.205600
17.326550
17.548950
17.557750
17.593750
17.619700
17.677100
17.710350
17.811050
17.898900
17.916650
18.014800
18.043000
18.160400
18.218050
18.281550
18.327750
18.366200
18.430000
18.526550
18.556850
18.601000
18.748150
18.782100
18.846750
18.945950
19.116250
19.150850
19.196450
19.307000
19.322150
19.512350
19.527300
19.591000
19.736350
20.049450
20.054950
20.094050
20.201000
20.211100
20.263100
20.327850
20.435700
20.521950
20.583400
20.656250
20.706750
20.755100
20.795300
20.840650
20.958050
20.984150
21.034000
21.210850
21.277800
21.326150
21.360000
21.403250
21.460700
21.573850
21.740450
21.880000
21.905250
22.137650
22.222150
22.334150
22.589850
22.651800
22.692750
22.750700
22.824850
22.845850
23.000150
23.030100
23.114700
23.166750
23.230450
23.303000
23.326200
23.348100
23.594550
23.727700
23.816500
23.951850
23.980350
24.013950
24.143550
24.235900
24.369650
24.561350
24.608000
24.641900
24.663450
24.671350
24.806550
25.014800
25.133050
25.179550
25.244300
25.431200
25.444050
25.486300
25.517050
25.590400
25.627950
25.666500
25.938600
26.262700
26.342400
26.442400
26.555150
26.587850
26.654550
26.739200
26.771300
26.801650
27.063400
27.085050
27.121950
27.363600
27.593800
27.614800
27.660050
27.685550
27.830150
27.910250
27.953450
28.241900
28.296200
28.433150
28.528500
28.549000
28.705050
28.918250
29.045600
29.054550
29.102800
29.192650
29.407100
29.454900
29.637950
29.705200
29.738100
29.784250
29.862250
29.924100
30.089500
30.203550
30.221050
30.399200
30.455800
30.640550
30.981850
31.053800
31.100550
31.202150
31.261950
31.286050
31.482250
31.736300
31.747800
31.772250
31.818800
32.039150
32.045750
32.407800
32.422750
32.460200
32.753550
32.815000
32.852650
32.892250
33.119650
33.190200
33.445100
33.642250
33.739050
33.812400
34.218300
34.423000
34.534250
34.587000
34.753400
35.089200
35.129950
35.181150
35.422350
35.443100
35.521050
35.541850
35.656050
35.684300
35.961250
36.161400
36.331450
36.409450
36.430750
36.696200
36.876850
36.908800
36.965800
37.194200
37.210700
37.226200
37.554250
37.652850
37.816500
37.829350
37.861100
37.956100
38.090750
38.103950
38.200800
38.212500
38.238900
38.259650
38.332450
38.568300
38.822450
38.845750
38.881450
38.958500
39.121300
39.303500
39.424700
39.455100
39.680550
39.717050
40.163650
40.285900
40.317550
40.349350
40.599450
40.645250
40.784450
40.874250
41.164650
41.420000
41.445800
41.476950
41.515750
41.878100
41.929350
41.946100
41.963150
42.399650
42.630300
42.656600
42.796350
43.206600
43.217700
43.335100
43.344850
43.379800
43.414150
43.449300
43.720600
43.733850
43.807250
43.851250
43.952750
43.991850
44.112850
44.350750
44.390350
44.436000
45.015700
45.095750
45.307350
45.354100
45.442300
45.464700
45.731500
45.739650
45.783500
45.977900
46.128900
46.196850
46.577600
46.596050
46.805900
46.899500
47.293000
47.315700
47.332900
47.568100
47.606850
47.748850
47.901750
48.292950
48.345900
48.485000
48.837450
48.872550
49.111900
49.241750
49.272100
49.328650
49.516350
49.836050
49.886800
50.150350
50.194550
50.512550
50.557100
50.700800
50.714250
50.754950
51.148900
51.194950
51.270150
51.409000
51.447200
51.638450
51.758650
51.773550
51.901750
52.006450
52.034400
52.044700
52.330500
52.538750
52.986900
53.004250
53.120900
53.438650
53.497900
53.768300
53.794900
53.811450
53.862750
53.954250
54.115100
54.136050
54.165000
54.191000
54.513550
54.526950
54.557850
54.614300
54.651900
54.768400
54.926650
54.953000
54.970250
55.325050
55.339450
55.378150
55.414600
55.793250
55.843700
56.069400
56.425250
56.640350
56.728900
56.977250
57.124200
57.137400
57.208350
57.565900
57.579800
57.600500
57.730500
57.768000
58.181300
58.400600
58.514950
58.710750
58.738600
58.775100
58.913150
58.939550
59.310800
59.329150
59.682250
59.894400
60.355050
60.389350
60.395400
60.629150
60.671850
60.710500
60.816400
61.043150
61.071650
61.112800
61.691250
61.712900
61.882650
61.888100
62.105800
62.128150
62.223800
62.274050
62.446450
62.696350
62.736400
63.055800
63.201050
63.222450
63.273150
63.730450
63.737400
64.049850
64.057150
64.301100
64.307000
64.350250
64.433800
64.578750
64.599900
64.792650
65.003600
65.372150
65.428200
65.763500
65.906550
66.008950
66.075350
66.214150
66.476100
66.737500
67.090200
67.101900
67.152650
67.336650
67.375050
67.629000
67.636100
67.750850
67.793650
68.020050
68.274300
68.394950
68.528650
68.642350
68.651300
68.787150
68.913000
69.033900
69.320200
69.456700
69.795700
69.850700
70.048650
70.088750
70.168350
76.199900
76.314150
80.536150
84.578600
87.473150
87.695600
87.701000
87.977450
88.002450
88.357200
88.693250
88.904500
88.938250
88.973550
89.484150
89.547950
89.592950
89.738300
89.976450
89.994300
90.505150
90.519500
90.878200
90.888150
90.900600
91.187950
91.390600
91.530450
91.540000
91.578750
91.622500
91.958900
91.965000
92.190800
92.475350
92.497050
92.571850
92.895600
93.156850
93.429450
93.453650
93.753150
93.979600
93.985700
94.012750
94.027700
94.233900
94.367550
94.459900
94.622100
94.710250
94.803750
94.994650
95.014450
95.052300
95.078150
95.329100
95.667450
95.876000
95.894150
96.280250
96.352200
96.648500
96.783150
96.803150
96.826300
96.955000
97.109200
97.627250
97.744300
97.869000
97.878900
98.021650
98.287150
98.292400
98.347650
98.455050
98.460550
98.478600
98.697300
98.798200
98.836150
98.871100
98.974150
99.009950
99.402400
99.608050
99.624400
99.759750
100.049250
100.092050
100.190500
100.374250
100.387900
100.701750
100.981750
100.997900
101.132750
101.152000
101.449700
101.741950
101.906000
102.222550
102.260150
102.281450
102.464400
102.853400
103.057550
103.063000
103.271350
103.301300
103.652000
103.672250
103.889050
104.206250
104.385000
104.475500
104.480150
104.607350
104.613050
104.660000
105.101750
105.129650
105.146000
105.156700
105.306350
105.627650
105.646150
106.029950
106.037500
106.111500
106.865300
107.112750
107.278050
107.401250
107.586950
107.765700
107.939400
107.972700
108.358200
108.369100
108.561250
108.640100
109.248050
109.253150
109.264400
109.282850
109.455650
109.820700
109.906750
109.934400
110.055600
110.097750
110.211950
110.618550
110.625600
111.001850
111.025350
111.170800
111.373000
111.428850
111.714700
111.770000
111.805750
112.032300
112.072150
112.091700
112.623150
112.650700
112.696050
112.726600
112.788400
113.006500
113.202100
113.313200
113.322300
113.342850
113.536250
113.554950
113.585200
113.881550
113.889950
113.923750
114.163050
114.184200
114.203300
114.270900
114.425150
114.430600
114.494900
114.509850
114.531550
114.812000
114.816650
114.920000
114.927950
114.949100
115.188000
115.200000
115.536200
115.798200
115.809250
116.014550
116.129150
116.368850
116.400050
116.486000
116.788000
116.842850
116.910850
116.959900
117.051300
117.112750
117.361350
117.397600
117.410350
117.809400
117.979650
118.181350
118.245400
118.292500
118.380400
118.398650
118.791700
118.815700
118.829350
119.203900
119.342100
119.451700
119.708100
119.713800
119.896250
120.279450
120.391500
120.415900
120.432550
120.450150
120.770100
120.820950
120.850900
120.976950
121.025400
121.206900
121.234750
121.303750
121.350050
121.417600
121.484000
121.756600
121.795450
122.101600
122.128950
122.160350
122.192000
122.368050
122.394800
122.411500
122.792400
122.816600
122.967950
122.973650
122.989700
123.008950
123.290250
123.341550
123.565300
123.589500
124.001900
124.367900
124.515000
124.523700
124.533400
124.889550
125.184150
125.315350
125.322800
125.330150
125.349200
125.385200
125.428100
125.742100
125.752500
125.759400
125.783300
126.146700
126.385300
126.408050
126.418450
126.536450
126.717650
126.729750
126.739500
127.355500
127.359500
127.456750
127.494400
127.704900
127.929050
127.940450
128.117250
128.151550
128.436800
128.498000
128.692400
128.700000
128.879750
128.927450
129.173300
129.218700
129.360800
129.441150
129.747800
129.832400
129.900200
130.366650
130.371850
130.402500
130.486000
130.509450
130.527500
130.671750
130.887100
130.895950
130.912950
130.924100
130.935700
131.175400
131.200100
131.235050
131.264200
131.380950
131.714000
131.718600
131.761000
131.773650
132.098250
132.107250
132.131500
132.547550
132.579700
132.904100
133.430350
133.444550
133.595050
133.627000
133.703450
133.744450
134.296950
134.306450
134.374450
134.635300
134.978700
135.032150
135.255850
135.345800
135.793000
135.931950
135.962100
136.011750
136.348450
136.353050
136.479350
136.745050
136.867050
136.990500
137.174650
137.182250
137.205750
137.261200
137.476350
137.631250
137.688900
137.836700
138.090600
138.114400
138.174950
138.257500
138.277300
138.652550
138.678600
138.890600
138.903950
138.929550
138.980350
139.369800
139.379750
139.424000
139.573850
139.735200
139.748150
139.833550
139.939500
139.957300
139.975300
140.252500
140.286700
140.434450
140.450050
140.536050
140.566200
140.850700
140.922650
140.978550
141.196000
141.207350
141.270650
141.359500
141.506300
141.623400
141.660350
141.697950
141.709800
141.729000
141.972900
142.071250
142.104250
142.125000
142.163750
142.336750
142.349250
142.375000
142.407600
142.585500
142.597100
142.819100
142.866600
142.950350
143.048450
143.074950
143.395250
143.420950
143.433800
143.561900
143.618550
143.640200
143.839700
143.896300
143.963700
143.974550
143.994650
144.189650
144.200350
144.212950
144.360350
144.442700
144.905400
144.953300
145.008900
145.276400
145.299350
145.332850
145.466450
145.482500
145.495750
145.794100
145.958850
145.980400
146.063650
146.159900
146.329100
146.354550
146.378150
146.454400
146.663300
146.718100
146.867150
146.879100
147.253850
147.365450
147.386250
147.468700
147.709850
147.733550
147.771500
147.991850
148.106800
148.405650
148.412450
148.426350
148.446450
148.621600
148.632350
148.647100
148.680600
149.080200
149.182550
149.195500
149.217400
149.338550
149.349900
149.386400
149.412650
150.068650
150.080950
150.204250
150.525650
150.546350
150.690700
150.781300
151.067400
151.097400
151.292900
151.760950
151.766500
152.159350
152.168850
152.284450
152.378050
152.513450
152.549950
152.928900
153.048600
153.224050
153.392900
153.412050
153.603300
153.618200
153.884550
153.906700
153.976900
154.018100
154.230050
154.323250
154.359600
154.499900
154.802850
154.833550
154.873750
155.217350
155.414050
155.473300
155.812650
155.831550
155.867300
155.926650
156.376200
156.384850
156.421400
156.441150
156.497150
156.707350
156.802850
156.846700
156.861750
156.884050
157.139950
157.161750
157.302450
158.058900
158.073350
158.484650
158.492850
158.578900
158.641950
158.648900
159.002400
159.011400
159.037850
159.086750
159.225650
159.233200
159.424300
159.455250
159.548050
159.566650
159.601700
159.686400
160.333900
160.482700
160.520750
160.651200
160.914500
160.920750
161.274800
161.302850
161.330950
161.388350
161.658550
161.677850
161.687950
161.707600
162.013000
162.027300
162.039150
162.063950
162.168700
162.188750
162.478500
162.692600
162.733850
162.954800
163.315650
163.327950
163.338050
163.534500
163.806900
163.838200
164.185200
164.512000
164.544900
164.567650
164.799100
164.803750
164.831650
164.904900
165.106050
165.259150
165.271250
165.671200
165.765400
165.772000
165.781050
165.819050
166.079150
166.186950
166.223900
166.258850
166.287400
166.339200
166.503200
166.595050
166.607000
167.139650
167.237650
167.267900
167.310400
167.374650
167.490150
167.529450
167.764800
167.922850
167.979450
168.077450
168.092550
168.237100
168.462650
168.496850
168.542400
168.565200
168.604900
168.735550
168.868500
168.899850
169.198850
169.212600
169.245000
169.557850
169.639800
169.673800
169.802550
169.958100
169.972250
169.978650
170.001950
170.031850
170.060350
170.381950
170.406900
170.593100
170.617700
170.632250
170.760450
170.927350
170.948250
171.092200
171.158500
171.290950
171.313350
171.461000
171.492150
171.501950
171.701700
171.719950
171.760050
172.082350
172.108700
172.147800
172.332800
172.361250
172.369900
172.396900
172.553650
172.713700
172.884800
173.094100
173.101400
173.117500
173.139600
173.169550
173.533500
173.538400
173.562600
173.589450
173.813500
173.822000
173.838550
173.853000
173.866500
173.883900
174.166600
174.183200
174.202050
174.279100
174.345750
174.449150
174.732750
174.755950
174.891050
174.911200
175.059850
175.065950
175.080200
175.367850
175.431200
175.452350
175.610250
175.720900
175.788300
175.832750
175.851750
176.142200
176.178000
176.188950
176.371650
176.391850
176.610200
176.617600
177.097650
177.113600
177.155300
177.232600
177.295400
177.343700
177.367950
177.392600
177.468250
177.809700
177.914800
177.925250
177.954500
178.330550
178.547800
178.552650
178.574850
178.758050
179.228850
179.240650
179.277800
179.355100
179.611400
179.627050
179.659800
179.819000
179.839000
179.954250
179.971050
180.150300
180.178350
180.292750
180.304400
180.330350
180.361950
180.691950
180.697250
180.855300
181.005350
181.021050
181.400750
181.429050
181.440050
181.522550
181.861950
181.880150
181.912450
181.935150
182.196050
182.207500
182.232350
182.368800
182.386400
182.667050
182.740050
182.765850
182.819900
183.387100
183.397150
183.415300
183.483250
183.664100
183.833350
184.120700
184.129550
184.408300
184.571500
184.576400
184.829850
184.859150
185.098300
185.305550
185.412600
185.607600
185.636550
185.779700
186.066800
186.375400
186.404500
186.727200
186.756100
186.787750
187.014300
187.293000
187.336700
187.533600
187.555500
187.717050
187.982600
188.190150
188.458200
188.524000
188.555600
188.627150
188.866200
188.964850
189.333150
189.345600
189.395150
189.570650
189.853100
189.869450
190.163250
190.175150
190.188600
190.338650
190.424300
190.670900
191.005400
191.106400
191.126700
191.186150
191.210000
191.378600
191.395000
191.412300
191.767500
191.857300
191.869900
191.895550
192.101800
192.261700
192.432950
192.459850
192.521700
192.747250
192.762600
192.950550
193.157650
193.174350
193.349450
193.372950
193.404250
193.674400
193.785900
194.093850
194.255950
194.403350
194.747500
194.760250
194.780750
195.226450
195.245700
195.505850
195.520400
195.529100
195.550150
195.750900
195.850750
196.158650
196.659400
196.825550
196.833850
197.086450
197.141650
197.157450
197.420150
197.652300
197.981050
197.985950
198.030500
198.096650
198.309350
198.559250
198.563150
198.696350
198.702650
198.863050
198.869200
199.045100
199.273250
199.298400
199.395000
199.599200
199.630150
199.814250
199.893750
200.022700
200.099550
200.124850
200.383650
200.571650
200.726200
200.784750
201.078800
201.425150
201.624100
201.765100
202.159200
202.320050
202.429100
202.565050
202.629800
202.653800
202.857150
203.036350
203.202150
203.500900
203.530950
203.557800
203.592050
203.971400
204.050600
204.071050
204.164500
204.175750
204.181250
204.219500
204.478050
204.495850
205.044100
205.309200
205.327050
205.501600
205.537900
205.757850
205.861250
206.084100
206.094300
206.127900
206.405200
206.417150
206.427750
206.697850
206.861800
206.886100
206.918450
207.234850
207.259900
207.266100
207.284150
207.612300
207.631950
207.640350
207.792350
207.820500
208.074450
208.201650
208.315850
208.417650
208.631300
209.108600
209.129100
209.204300
209.503150
209.558000
209.609600
209.726900
209.732900
209.865650
209.924850
210.203650
210.216300
210.233000
210.474050
210.705500
211.187400
211.293450
211.310850
211.831550
211.843150
211.955750
211.974700
212.108700
212.127200
212.175200
212.502500
212.652950
212.767800
212.781700
212.811200
213.008650
213.025850
213.347400
213.371400
213.441950
213.693700
213.739900
214.046950
214.125600
214.144850
214.261900
214.401550
214.420550
214.461950
214.737600
214.986600
214.993950
215.035600
215.226850
215.652750
215.812500
215.960850
216.169750
216.190400
216.209400
216.242200
216.638050
216.881850
216.906900
217.131950
217.140500
217.636900
217.653750
217.662200
217.803350
217.940350
218.087700
218.101300
218.110500
218.158600
218.356100
218.460750
218.729250
218.754450
218.942950
218.946750
219.205100
219.228300
219.234150
219.763400
219.843550
219.879300
220.038200
220.058850
220.258750
220.302800
220.428450
220.593800
220.598650
220.916400
220.933850
221.019050
221.143100
221.156650
221.167400
221.183750
221.357400
221.465350
221.548800
222.055050
222.078500
222.102800
222.139500
222.168600
222.214850
222.461700
222.609650
222.633450
222.666050
223.030200
223.050500
223.105600
223.192750
223.404550
223.908250
224.308900
224.320750
224.353950
224.586100
224.682050
224.707100
224.760650
225.187400
225.304200
225.312950
225.645800
225.660950
225.701200
226.248350
226.432000
226.721600
226.745050
226.761500
226.942000
226.954400
226.980200
227.274600
227.285350
227.429100
227.621500
227.761050
227.802750
227.991950
228.005050
228.020150
228.042000
228.299650
228.559350
228.581450
228.695850
228.707850
228.754600
229.098400
229.428450
229.564050
229.650500
230.069350
230.097800
230.119450
230.259500
230.280200
230.311600
230.586750
230.625750
230.687850
230.937800
231.020550
231.047650
231.097450
231.284400
231.306300
231.333100
231.678300
232.027450
232.038700
232.127050
232.294150
232.339200
232.384650
232.529450
232.541200
232.564850
232.774000
232.826050
232.959350
232.980000
233.178300
233.283750
233.358900
233.531850
233.706600
233.921900
233.929050
233.941250
233.961950
234.161850
234.489100
234.665650
234.677050
234.703450
234.728500
234.761350
234.777600
234.958250
235.035250
235.052950
235.339950
235.406000
235.474200
235.899050
236.059500
236.087300
236.285950
236.295250
236.326200
236.469700
236.542350
236.696000
236.832050
237.038600
237.044550
237.075450
237.083650
237.120650
237.427750
237.437000
237.452000
237.477050
237.597750
237.638250
238.011750
238.185050
238.599000
238.729150
238.867200
238.922600
238.990200
239.137500
239.309550
239.363550
239.488950
239.623250
239.642150
239.715350
239.892350
239.909650
239.923000
239.988450
240.352100
240.428950
240.675650
240.829850
241.092350
241.138450
241.301300
241.326050
241.686000
241.706400
241.734300
241.890400
241.912700
242.432750
242.447400
242.521450
242.536650
242.576700
243.047150
243.061950
243.086450
243.111100
243.246050
243.323250
243.495850
243.689800
243.732400
243.995750
244.300650
244.310900
244.343700
244.636050
244.677900
244.721900
244.787700
244.951700
245.194100
245.312200
245.426750
245.545450
245.718100
245.873650
246.002750
246.461350
246.486800
246.667450
246.682900
246.785400
246.816100
246.836550
246.855050
246.970900
247.029950
247.074850
247.452050
247.876250
247.886950
247.899300
248.127600
248.145300
248.456550
248.669600
248.801150
248.819150
248.848100
248.895550
249.159150
249.377750
249.385900
249.592500
249.632100
249.667400
249.702600
249.747050
249.768550
249.790400
250.054700
250.081000
250.097700
250.247050
250.251750
250.620550
250.976400
251.019850
251.158800
251.181400
251.195900
251.225900
251.258700
251.418800
251.483650
251.499850
251.650300
251.700300
251.708900
251.763850
252.163100
252.181300
252.192550
252.210050
252.330050
252.515600
252.548850
252.684150
252.704750
252.914600
253.259900
253.480600
253.564950
253.679350
253.846300
253.880800
253.979400
254.145850
254.297800
254.592350
254.637450
254.662200
254.754600
254.888250
255.044750
255.078750
255.164200
255.281350
255.378800
255.408650
255.430500
255.600700
255.606800
255.634000
255.815500
255.821100
255.834550
255.999000
256.042700
256.077050
256.307350
256.553050
256.568400
256.726750
256.969700
257.584050
257.590750
257.639450
257.779400
258.072750
258.189850
258.298200
258.489900
258.516900
258.692300
258.835550
258.857150
258.987400
259.005350
259.035250
259.444000
259.651700
259.673700
259.855800
260.035000
260.046150
260.056850
260.072050
260.083800
260.284650
260.546700
260.590850
261.064750
261.072600
261.363150
261.371750
261.386700
261.398500
261.643250
261.665800
262.059950
262.079400
262.368200
262.375900
262.401100
262.623850
262.665350
262.711950
262.758650
262.794900
263.045700
263.053250
263.095150
263.437450
263.481200
263.505900
263.785700
263.803850
263.879650
264.002950
264.017400
264.037700
264.208950
264.234450
264.348500
264.464550
264.565550
264.579100
264.627300
264.721850
265.004500
265.030550
265.303800
265.316000
265.543300
265.628050
265.734200
265.835150
266.109900
266.121050
266.134600
266.193050
266.237200
266.628400
266.646350
266.862450
266.867550
266.928350
266.933550
266.943450
266.962800
267.090850
267.299900
267.306050
267.334400
267.831100
268.149850
268.168850
268.415550
268.432950
268.741600
268.778300
268.852900
269.040750
269.091000
269.224850
269.417400
269.423500
269.447400
269.671050
269.692800
269.908950
270.029650
270.036700
270.133000
270.330800
270.358050
270.414750
270.428950
270.577750
271.000300
271.015350
271.030750
271.058400
271.287250
271.300050
271.742150
271.773200
271.790700
271.816250
272.015250
272.272400
272.284950
272.750000
272.778550
273.013500
273.212650
273.395800
273.411250
273.698750
273.739200
274.057050
274.160600
274.168800
274.371700
274.467100
274.480800
274.683900
274.866250
275.099850
275.458600
275.469150
275.492500
275.609450
275.628800
275.670000
275.912450
275.941100
276.044050
276.218350
276.416100
276.430650
276.686300
276.730450
276.881000
276.918350
277.293350
277.302200
277.309450
277.333650
277.357600
277.367350
277.610700
277.623000
277.770300
277.783500
277.975300
278.110250
278.117800
278.137800
278.535150
278.627650
278.637000
278.653050
278.783900
278.810100
278.833050
279.149500
279.196650
279.230950
279.452550
279.466500
279.649900
279.735050
279.759300
280.047050
280.073700
280.210750
280.221700
280.552800
280.596150
280.619650
280.947200
280.960050
280.989300
281.138150
281.374000
281.391250
281.604800
281.778850
281.941900
281.953900
281.967750
282.134000
282.611350
282.623800
282.641950
282.680100
282.920500
282.945050
283.155650
283.172150
283.397100
283.477250
283.495000
283.613900
283.792200
283.983650
284.032950
284.042350
284.063900
284.547350
284.553500
284.581300
285.240750
285.557900
285.594200
285.728700
285.754800
285.839500
285.992250
286.016650
286.035050
286.062100
286.124000
286.334900
286.593150
286.607850
286.626150
286.634650
286.964700
286.993200
287.168550
287.216150
287.248000
287.287250
287.507000
287.671700
287.701500
287.723400
288.199750
288.209950
288.357150
288.885600
288.898250
289.013800
289.156750
289.187900
289.240750
289.265300
289.314000
289.431550
289.435950
289.465500
289.668700
289.683250
289.689600
289.918750
290.165250
290.230750
290.324700
290.435750
290.742400
290.846850
290.954400
290.971100
290.992100
291.312800
291.805750
291.825000
291.841350
291.875750
292.052150
292.073450
292.438850
292.481950
292.500600
292.786250
292.802750
292.826250
293.032700
293.223300
293.232450
293.250550
293.450100
293.954500
294.150350
294.304500
294.323650
294.357950
294.526350
294.772550
294.796400
294.970650
295.163250
295.255750
295.372150
295.531250
295.682950
295.764050
295.791500
295.956000
295.966400
296.103500
296.111300
296.334300
296.345900
296.354250
296.530400
296.547150
296.879550
297.094550
297.269400
297.286450
297.421150
297.592600
297.621150
297.785400
297.792200
297.878550
298.180800
298.252800
298.288150
298.302550
298.538000
298.550050
298.565550
298.786500
298.813100
299.250350
299.263350
299.332400
299.396200
299.443200
299.586800
299.600150
299.642000
299.941850
300.106800
300.155800
300.532500
300.761600
300.770000
300.913150
301.094450
301.141250
301.243350
301.395650
301.590100
301.630400
301.647350
302.042100
302.090450
302.127900
302.149650
302.171450
302.346050
302.537950
302.628400
302.768900
302.849000
302.895200
303.179850
303.192850
303.210900
303.239700
303.265850
303.290500
303.330850
303.586100
303.891550
304.106750
304.117850
304.210500
304.243350
304.259850
304.332000
304.486150
304.644800
304.858500
304.935750
304.958000
305.462400
305.506750
305.527900
305.593800
305.608900
305.667550
305.871750
305.883150
305.921500
305.995900
306.239300
306.271250
306.481350
306.766700
306.824350
306.877900
306.906000
307.209650
307.352450
307.454550
307.461800
307.490650
307.700050
307.719800
307.911150
307.929550
307.950100
308.012850
308.245650
308.434250
308.461650
308.482000
308.759550
308.786950
308.918150
309.363800
309.371900
309.553900
309.562200
309.567600
309.761200
309.768050
309.886950
309.916100
309.974600
309.991700
310.196350
310.218950
310.300450
310.463800
310.495500
310.515550
311.153900
311.284250
311.303250
311.427900
311.570500
311.708000
311.749800
311.813750
311.834350
311.861900
312.068750
312.226750
312.244400
312.253600
312.619650
312.638250
312.662650
313.054600
313.373900
313.464100
313.617100
313.791500
314.100500
314.210350
314.417100
314.438750
314.463000
314.782250
314.793150
314.809550
314.838750
314.877650
314.993450
315.033100
315.420300
315.719500
315.787900
316.034000
316.111350
316.147700
316.412650
316.428550
316.448600
316.459450
316.661150
316.699200
316.796300
317.043750
317.058000
317.214150
317.351350
317.542400
317.738150
317.775450
317.963050
318.236100
318.263000
318.510950
318.536300
318.779650
318.793600
318.964550
319.182550
319.230400
319.552550
319.701450
319.706150
319.734400
320.050700
320.060600
320.087000
320.522700
320.545250
320.550850
320.671650
320.682050
320.979600
320.994300
321.039750
321.245250
321.256950
321.357100
321.381900
321.668450
321.944850
321.961600
322.161800
322.350100
322.361650
322.402500
322.438800
322.468150
322.821300
322.834800
323.250350
323.268400
323.420100
323.791250
323.816200
324.073250
324.231700
324.445650
324.463850
324.472600
324.624900
324.736600
324.959250
325.030350
325.256650
325.263100
325.414100
325.536700
325.699850
325.773100
326.035300
326.273300
326.473350
326.489850
326.925350
326.940750
326.967250
326.986450
327.146550
327.324650
327.338300
327.350400
327.379500
327.436000
328.028550
328.082750
328.285700
328.311500
328.360200
328.495800
328.564950
328.797050
328.817550
328.833150
328.945250
329.451600
329.457100
329.494950
329.838300
329.974950
329.994200
330.249250
330.572750
330.809100
330.819600
330.841650
330.901900
330.987200
331.309700
331.325450
331.350850
331.553300
331.802600
331.819600
331.840850
332.046150
332.060200
332.147100
332.517000
332.564500
333.059950
333.077800
333.235800
333.256550
333.484600
333.698250
333.783100
333.796400
333.856850
334.075800
334.437550
334.555150
334.850500
334.868000
334.940700
335.046300
335.170200
335.187200
335.380050
335.389450
335.405450
335.802400
335.863300
335.952150
335.958350
336.205200
336.211600
336.228050
336.251000
336.285150
336.635800
336.659800
336.729250
336.745050
336.900250
337.153800
337.247100
337.387750
337.415850
337.425550
337.449150
337.692950
337.956850
337.966400
338.201300
338.236350
338.296050
338.597350
338.668600
338.950750
338.971100
339.082500
339.476150
339.494800
339.637650
339.882500
339.954500
340.155850
340.269750
340.460150
340.642850
340.669900
340.819100
341.028850
341.222150
341.254700
341.582650
341.834600
342.005450
342.242750
342.474200
342.507300
342.636300
342.792150
343.044000
343.307300
343.333050
343.462050
343.701450
343.719600
343.742650
343.791250
343.930750
344.066500
344.347700
344.368650
344.477850
344.508450
344.512900
344.707150
344.760900
344.786500
345.085800
345.096550
345.318800
345.484200
345.694550
345.752450
345.793900
345.968900
345.991850
346.146550
346.325850
346.339150
346.361400
346.655300
346.737750
346.765500
346.808400
347.023850
347.281200
347.294050
347.601350
348.053250
348.072150
348.092050
348.475600
348.480250
348.503800
348.537750
348.552800
348.862700
348.992950
349.033100
349.209850
349.689050
349.708750
349.720600
349.747250
350.284200
350.297850
350.439950
350.452350
350.467000
350.661600
350.995350
351.008050
351.466450
351.500200
351.997600
352.021050
352.050050
352.212550
352.241100
352.348150
353.009300
353.163300
353.342700
353.352000
353.441550
353.654450
353.663350
353.688850
353.788750
353.816850
354.065750
354.072300
354.095850
354.196000
354.403050
354.441950
354.764500
354.770450
354.818200
355.016400
355.151700
355.172950
355.408300
355.523850
355.724200
355.743800
355.799550
356.080950
356.099100
356.408600
356.508200
356.535750
356.583150
356.936800
357.004300
357.121150
357.248650
357.455300
357.789050
357.797850
358.049500
358.148500
358.284250
358.348150
358.356100
358.492500
358.711700
358.819800
358.855750
359.209500
359.346000
359.629700
359.677900
359.746950
359.761550
359.808400
360.012300
360.091600
360.346150
360.374700
360.417250
360.524000
360.638800
360.647300
360.906600
360.988800
361.000150
361.227250
361.266150
361.422450
361.719100
361.877850
361.896050
361.911800
362.033700
362.052150
362.453800
362.597400
362.745250
362.763150
362.794600
362.964250
362.989250
363.098000
363.141450
363.592250
363.672950
363.681850
363.686350
363.699000
363.891200
364.343950
364.423000
364.556200
364.612800
365.109600
365.142950
365.173150
365.196150
365.267850
365.304750
365.626650
365.702250
365.907500
365.929850
366.649550
366.654700
366.678600
366.691800
366.987500
366.998550
367.028150
367.044400
367.191400
367.325050
367.338000
367.355100
367.592900
367.627900
368.136600
368.151600
368.194650
368.210600
368.396600
368.774500
368.793550
368.808750
369.137900
369.150250
369.162200
369.613700
369.907400
370.196950
370.224750
370.324250
370.359150
370.519950
370.533650
371.379800
371.491100
371.654250
371.684250
371.699750
371.716500
372.339350
372.409900
372.660350
372.677350
372.865900
373.065300
373.282950
373.305100
373.740600
373.898050
373.905300
373.919700
373.943250
374.108650
374.354300
374.484100
374.511300
374.754200
374.794650
374.965700
375.298650
375.310950
375.730950
375.763050
375.768100
375.807350
376.267450
376.360100
376.427650
376.857550
376.926850
377.127600
377.516950
377.647700
377.667200
377.701650
378.139900
378.158350
378.445800
378.514800
379.143450
379.199200
379.301750
380.076350
380.087150
380.103850
380.126150
380.729400
380.751950
380.995900
381.137650
381.153450
381.174250
381.633550
381.877300
382.130850
382.246200
382.441950
382.465200
382.528200
382.561050
382.574050
383.140850
383.197200
383.212550
383.290850
383.474050
383.494400
383.522600
383.558150
383.591800
383.830500
383.839900
383.970950
383.981050
383.995900
384.680250
384.692650
384.723050
385.072800
385.095750
385.131050
385.478650
385.647000
385.872300
385.891700
386.302500
386.326050
386.384650
386.990250
387.025550
387.321850
387.391950
387.512800
387.672650
387.985300
387.993450
388.053000
388.528650
388.586800
388.622400
388.658250
388.892200
389.476500
389.680350
389.701200
389.727650
390.302700
390.327650
390.651000
390.674400
390.872600
390.905900
391.026250
391.169350
391.178250
391.198850
391.391500
391.406800
391.589000
391.602250
391.617550
391.764550
392.108750
392.429450
392.462600
392.898300
392.906600
393.291700
393.466750
393.683950
393.826650
393.884000
394.129950
394.236550
394.493300
394.858500
394.875800
394.924150
395.193100
395.211300
395.589800
395.604850
395.846500
396.019750
396.038750
396.274350
396.581850
396.590600
396.832350
396.841200
396.973650
397.249600
397.271850
397.284800
397.292950
397.481750
397.503200
397.518500
397.744350
397.925050
397.957650
397.983400
398.031500
398.287600
398.409950
398.670900
398.699450
399.035500
399.592900
399.877950
399.921100
399.971900
400.241500
400.270750
400.511900
400.519300
400.556150
400.742250
400.948650
401.017600
401.126850
401.817550
402.246850
402.457650
402.545400
402.691950
402.968650
402.974100
403.278450
403.291000
403.399600
403.405050
403.771450
403.984750
403.990300
404.212550
404.230050
404.243900
404.834550
405.105250
405.151750
405.437400
405.680550
406.195650
406.252550
406.320950
406.438150
406.482450
406.788700
406.886050
407.115600
407.229500
407.245750
407.279650
407.354300
407.650500
407.667800
407.719550
407.823900
407.974450
407.997750
408.112000
408.317100
408.462050
409.110200
409.250100
409.314150
409.508950
409.824200
409.847850
409.962250
410.143850
410.186550
410.404300
410.568300
410.818150
411.093900
411.269700
411.372000
411.406600
411.593400
411.693100
411.818250
412.114900
412.612600
412.624850
412.814900
413.227050
413.256300
413.449050
413.476250
413.675300
413.899650
413.918100
413.928400
413.952550
414.311250
414.554600
414.757000
414.992800
415.069050
415.098350
415.489700
415.640550
415.809500
416.142950
416.272400
416.646500
416.662100
416.674500
416.752400
417.246750
417.936650
417.944800
417.964600
417.985800
418.219800
418.233300
418.250500
418.912400
418.944600
419.089350
419.144350
419.602500
419.607850
419.625700
419.644800
420.012350
420.150750
420.168100
420.191000
420.228050
420.625500
421.062400
421.341150
421.367200
421.830850
421.868600
422.246050
422.257000
422.621450
422.630600
422.914650
422.937250
422.989600
423.000400
423.164550
423.317350
423.565000
423.595500
423.705350
423.990750
423.996300
424.029400
424.250600
424.310200
424.332350
424.607100
424.633350
425.061450
425.093250
425.141850
425.442200
425.460200
425.555500
425.564700
425.636050
425.861100
425.881150
426.176250
426.199800
426.258550
426.544250
426.563400
426.627600
427.089750
427.128300
427.228250
427.270700
427.674550
427.687150
428.019650
428.390250
428.516250
428.569000
428.775350
428.873550
429.175100
429.574300
429.671700
429.848750
430.091250
430.383450
430.414300
430.603200
430.749400
431.100800
431.117050
431.156600
431.172000
431.336650
431.346050
431.649300
431.678650
431.694600
431.933000
432.061150
432.447350
432.469750
432.669300
432.966100
433.154900
433.225450
433.288700
433.761450
433.806800
434.205300
434.227700
434.531100
434.537250
434.707350
434.930450
434.992300
435.020950
435.056200
435.176900
435.231750
435.319900
435.512200
435.622700
435.694150
435.842200
435.968850
436.739050
436.778250
437.237550
437.428600
437.466450
437.544550
437.552400
437.784350
437.823800
438.100900
438.110350
438.356900
438.510750
438.528100
438.536950
438.767000
438.852750
438.875850
439.242650
439.363800
439.775150
440.005600
440.024400
440.424250
440.440250
440.993250
441.010500
441.220150
441.619950
441.867950
441.888050
442.060350
442.257850
442.541500
442.552900
442.590900
442.684550
442.691600
442.820200
442.842150
443.317150
443.330500
443.784800
443.805600
444.530500
444.535800
444.563450
444.596450
444.891500
444.896450
445.313850
445.546900
445.557250
445.579500
445.794500
446.025650
446.496300
446.504850
446.527950
446.912950
447.107950
447.405500
447.427950
447.692450
448.103850
448.349600
448.655100
448.831800
449.035750
449.071500
449.247300
449.315450
449.766350
449.808250
449.978350
450.058600
450.370500
450.474650
451.522950
452.105350
452.110650
452.131550
452.140050
452.401250
452.690850
452.975400
453.032250
453.260200
453.279550
453.293150
453.494550
453.615200
453.629500
454.025450
454.332750
454.350750
454.355350
454.371200
454.396050
454.787200
455.184600
455.223350
455.602800
455.608900
455.975100
455.987900
456.673700
456.806050
456.819100
457.105200
457.216200
457.236500
457.487500
457.554750
457.564800
457.617300
457.834850
457.848200
458.160350
458.226400
458.394900
458.576900
458.607500
458.647200
458.905300
458.930000
459.036550
459.244800
459.763050
459.798450
459.816150
459.835600
459.876100
460.257400
460.302250
460.464450
460.572550
460.581500
460.812850
460.823000
460.835600
461.093350
461.488500
461.527650
461.940500
461.958300
462.003700
462.313250
462.333200
462.343300
462.648800
462.653700
463.139000
463.155300
463.580500
463.598650
463.611350
463.625000
463.636650
463.760900
464.046000
464.154350
464.184200
464.250600
464.416600
464.438550
464.761850
464.996850
465.002800
465.034600
465.365750
465.393650
465.766100
466.152500
466.237550
466.466650
466.764600
466.798500
467.069050
467.248950
467.273300
467.298050
467.562550
467.803700
467.984650
468.022700
468.041250
468.293500
468.587750
468.605900
468.631850
468.651250
468.969500
469.600800
469.657350
469.999100
470.011100
470.026100
470.582500
470.592000
470.735000
470.742100
470.774200
471.119150
471.888950
471.915800
471.938000
471.956400
472.689300
473.039850
473.052000
473.099200
473.503700
473.524550
473.581750
473.624800
473.911100
473.929800
473.956450
474.013150
474.438450
474.444550
474.473000
474.515100
474.780100
474.920600
475.076750
475.706450
475.716100
475.751850
475.813550
476.011000
476.220500
476.235250
476.259700
476.310050
476.391000
476.666200
477.015650
477.122550
477.267300
477.470450
478.213500
478.305550
478.322050
478.590800
478.606850
478.778250
479.021700
479.037100
479.064900
479.088850
479.659000
479.682650
479.806050
479.953500
480.197600
480.252550
480.317200
480.416700
480.539900
480.863000
481.111500
481.126350
481.217350
481.394250
481.707900
481.722850
481.915700
481.931850
481.942650
482.182700
482.340800
482.351950
482.405900
482.597800
482.704550
483.215800
483.227350
483.397000
484.090200
484.353650
484.381050
484.446950
484.859150
484.924350
485.187600
485.542200
485.771500
486.104500
486.533900
486.544050
486.566600
486.686850
486.940600
487.499450
487.531350
487.808650
487.816950
488.025800
488.042800
488.068750
488.485100
488.542300
488.551650
488.862500
489.353650
489.575650
489.596700
489.954000
489.974000
490.182700
490.205550
490.544300
490.555100
490.684050
490.689600
491.321050
491.363900
491.426000
491.445300
492.226900
492.243150
492.485100
492.519750
492.730050
492.933550
492.971400
493.274450
493.299850
493.785700
493.808350
494.374150
494.437050
494.531000
494.559150
495.064400
495.081450
495.093350
495.211800
495.293650
495.308450
495.513000
495.590500
495.618850
495.940600
496.045850
496.074200
496.109100
496.260650
496.453750
496.524400
496.553750
496.670850
496.757900
496.999150
497.065350
497.094000
497.700550
497.715400
497.741200
497.880800
497.969100
498.350250
498.518450
498.682250
498.689950
498.718650
499.069600
499.205700
499.210800
499.706450
499.822050
500.094100
500.408600
500.438200
500.459000
500.515150
500.708200
501.200000
501.219500
501.327500
501.754800
501.839400
502.189200
502.358150
502.428450
502.954500
502.972350
503.120400
503.129800
503.251500
503.436450
503.465450
503.820450
503.911050
504.241400
504.247850
504.542850
504.631600
504.687300
505.246400
505.437450
505.780850
506.288850
506.316600
506.329650
506.345400
506.535000
506.832750
506.855500
506.974950
507.030750
507.227700
507.256300
507.692200
507.830500
508.160950
508.177050
508.524700
508.758500
509.086800
509.236300
509.247550
509.364800
509.689250
509.701600
509.736150
510.037450
510.050050
510.667700
510.792900
510.804050
510.832550
511.279450
511.649500
511.907950
512.176700
512.188150
512.208850
512.388050
512.408850
512.557900
512.669950
512.948600
513.240750
513.249800
513.286000
514.048650
514.191950
514.550650
514.805200
514.938100
514.962450
514.979100
515.052700
515.293700
515.424900
515.725350
515.853500
516.130050
516.787500
516.803250
516.823800
516.835400
517.194500
517.257250
517.411000
517.417250
517.735650
518.066150
518.101600
518.213750
518.541400
518.548650
518.565750
518.803200
518.957500
519.164350
519.277650
519.311750
519.324550
519.443950
519.554850
519.800400
520.167800
520.172700
520.193250
520.269000
520.349750
520.369300
520.912700
520.949850
521.110500
521.130550
521.139250
521.394650
521.475950
521.552900
521.571350
521.716550
521.721550
521.734800
521.809500
521.840850
521.938950
522.083800
522.246100
522.492050
522.571300
522.597750
522.860350
522.868050
522.897800
523.080650
523.217850
523.271650
523.449650
523.548650
524.081000
524.512400
524.520850
524.747400
524.752550
524.960750
524.984550
525.100300
525.767450
525.849450
525.984800
526.110400
526.118200
526.214900
526.250550
526.853550
526.883350
527.054400
527.094150
527.166700
527.184750
527.341050
527.390400
527.615700
527.653550
527.840350
527.852300
528.192000
528.401950
528.419850
528.540700
528.662550
528.787600
528.954100
529.051100
529.078000
529.215900
529.583400
529.637500
529.898750
529.938600
529.944900
529.989800
530.319050
530.421250
530.431150
530.657150
530.806950
530.850950
530.886550
530.938000
531.187550
531.232750
531.269800
531.378500
531.828850
531.908000
532.151950
532.209650
532.256500
532.412600
532.419300
532.461200
532.836500
532.865200
532.997950
533.016650
533.042900
533.568100
533.698500
533.862700
533.903300
533.981250
534.106850
534.358450
534.405150
534.628000
534.761000
534.970700
534.989300
535.002850
535.213950
535.220300
535.271150
535.631800
535.735550
535.956000
535.965950
535.985450
536.578150
536.607550
536.626050
536.709550
536.918300
537.381550
537.405700
538.144750
538.262150
538.945700
538.957400
538.974750
539.030500
539.592450
539.986500
540.030850
540.239750
540.340900
540.584800
540.598850
540.616600
540.673050
540.701850
541.042800
541.264150
541.350350
541.409050
541.799550
542.101750
542.113250
542.209550
542.225450
542.621900
542.627250
542.657200
542.688600
542.780900
543.136300
543.148800
543.164650
543.200100
543.291400
543.369450
543.398800
543.475400
543.715200
543.739600
543.976050
544.189800
544.286250
544.296850
544.319500
544.360800
544.390450
544.668050
544.694250
544.993200
545.190300
545.366000
545.726600
545.760150
545.835650
545.969500
546.000150
546.093200
546.141800
546.520550
546.678050
546.705900
546.871400
547.045700
547.080450
547.254050
547.382150
547.614100
547.624400
547.637700
547.653450
547.682800
547.885750
547.893150
547.937950
548.393300
548.416050
548.978250
549.559150
549.805700
549.809850
550.172300
550.352350
550.362050
550.539300
550.982500
551.084200
551.342050
551.797200
552.463000
552.584400
552.861650
552.888500
552.991050
553.628750
553.879000
553.899000
554.138700
554.161800
554.487700
554.586950
554.953600
554.964600
554.984200
554.992100
555.391950
555.640350
555.652700
555.685950
555.700300
555.757650
555.864900
556.155900
556.215050
556.524250
556.613250
556.631000
556.674300
557.136350
557.149400
557.167900
557.177150
557.240550
557.740700
557.752550
557.916600
557.971350
558.146000
558.162800
558.318350
558.356900
558.644950
558.758400
558.771850
558.783550
558.813850
559.271650
559.758900
559.833800
559.921250
560.216350
560.266100
560.321200
560.583050
560.705850
560.717550
561.178800
561.247450
561.257200
561.740900
561.917650
562.060200
562.207850
562.213550
562.553400
562.944650
563.153450
563.226050
563.374550
563.396650
563.406900
563.836900
563.997000
564.000750
564.148450
564.203700
564.218350
564.523850
564.838800
564.859650
565.094900
565.124700
565.238500
565.472050
565.676600
565.705550
565.962350
566.107500
566.126100
566.445550
566.575600
566.603900
566.678050
566.707350
566.738150
566.824150
567.125900
567.134900
567.185800
567.225550
567.266050
567.298700
567.479350
567.501950
567.522150
567.759300
567.774000
568.738600
569.720700
569.737100
569.748100
570.293500
571.140300
571.494050
571.695750
571.904500
571.919800
572.173800
572.186800
572.357050
572.370150
572.696750
572.717300
572.880300
572.984900
573.327050
573.544900
573.549800
573.599800
574.101300
574.114850
574.134700
574.176950
574.679650
574.954800
575.191800
575.774600
575.839300
576.029700
576.517250
576.522850
576.548500
576.829800
577.485400
577.793400
577.817600
577.924200
578.341350
578.490800
578.504600
578.588400
578.925300
579.300200
579.418050
579.644900
580.006650
580.051500
580.156500
580.347400
580.490600
580.655300
580.808200
580.822300
581.594350
581.644000
582.056850
582.159050
582.167900
584.952050
585.074500
585.091950
586.805900
588.524750
592.643550
594.131500
599.172150
603.491300
604.970250
609.456600
612.504100
612.624500
612.638900
612.646700
612.769200
612.920250
613.015150
613.038450
613.051050
613.189700
613.203750
613.315450
613.327400
613.357350
613.399300
613.598850
613.788500
613.794250
613.816750
613.862600
614.004100
614.028200
614.332050
614.349650
614.386150
614.494200
614.512800
614.714100
614.745450
614.942800
615.172700
615.179600
615.195400
615.223050
615.398100
615.412200
615.572250
615.705150
615.715000
615.991000
616.018650
616.171850
616.202100
616.433900
616.452450
616.698650
616.842550
616.851450
616.897100
617.126650
617.138850
617.167150
617.430950
617.557700
617.999350
618.061550
618.078300
618.094250
618.363750
618.379350
618.405900
618.664550
618.681300
618.828650
618.961450
619.982400
622.847900
623.718300
623.722250
623.736300
624.187450
624.194700
624.217850
624.372000
624.382600
624.394750
624.629450
624.654450
625.089550
625.117450
625.197100
625.479850
625.503350
625.531750
625.590600
625.994450
626.222500
626.241700
626.260550
626.297350
626.366600
626.574050
626.752200
626.772100
626.950250
626.963500
627.132500
627.140400
627.351700
627.358400
627.372650
627.836550
627.868000
627.937250
628.478300
628.487450
628.672500
629.131450
629.166900
629.370500
629.746800
629.756700
629.763000
629.785400
630.069150
630.206250
630.484650
630.498900
630.508550
630.560250
631.176450
631.219100
631.235400
631.297000
631.516400
631.971550
632.008600
632.159400
632.173550
632.336750
632.465550
632.469300
632.474450
633.075350
633.106450
633.125750
633.277900
633.449400
634.065750
637.900650
638.511600
638.516950
638.670500
638.675400
638.689300
639.010000
639.018950
639.090350
639.099850
639.119400
639.275150
639.440550
639.586900
639.611500
639.686200
639.763700
639.970000
639.982500
640.009850
640.035900
640.514750
640.526250
640.574450
640.592100
640.660200
640.688000
640.722000
641.196350
641.208700
641.244750
641.540100
641.763500
641.792200
641.816750
641.901100
641.912050
641.989550
642.032000
642.371800
642.380550
642.400800
642.459050
642.483500
642.495450
642.543350
642.695900
642.768800
642.786500
642.807400
643.141850
643.156300
643.342350
643.424250
643.866400
643.878150
643.906150
644.110600
644.123100
644.156100
644.319100
644.387200
644.742200
644.778100
644.966600
644.975500
645.064200
645.229200
646.437150
649.953350
650.051850
650.067650
650.786300
650.792250
650.823700
650.882500
650.893750
651.139300
651.144250
651.151550
651.216400
651.378950
651.396100
651.657050
651.774850
651.789100
651.844900
652.089600
652.147900
652.289950
652.312950
652.524100
652.736350
652.749900
652.775350
653.383400
653.467800
653.533150
653.904450
653.936250
654.100500
654.124650
654.395850
654.410500
654.442500
654.922350
654.959100
654.997100
655.006300
655.043550
655.289950
655.549400
655.569450
655.674250
656.039450
656.045800
656.139200
656.479050
656.513050
656.552900
656.830050
656.895700
657.138000
657.182000
657.305100
657.449600
657.569650
657.586800
657.605950
657.745750
657.777450
657.902500
657.941500
658.031050
658.209400
658.298500
658.369850
658.574400
658.579900
658.881900
659.039750
659.080900
659.635900
659.665700
659.784150
659.856100
664.420150
665.672550
665.886550
666.261400
666.269500
666.291600
666.311600
666.490500
666.496650
666.509150
666.932650
667.020700
667.031200
667.065850
667.100200
667.356150
667.492900
667.620100
667.753150
667.778750
667.966100
668.146300
668.157150
668.221600
668.240600
668.388500
668.453100
668.470950
668.512750
668.606400
668.615350
668.666000
668.827650
668.838950
668.848500
668.877200
668.897000
669.293250
669.362400
669.390150
669.412400
669.423150
669.597600
669.606500
669.641750
669.683750
669.766650
669.788750
669.989800
670.073550
670.101150
670.275200
670.304600
670.336850
670.361850
670.655500
670.670100
670.848950
670.906250
670.992450
671.119000
671.169350
671.197850
671.205850
671.246850
671.459800
671.506300
671.606250
671.626800
672.226850
672.235900
672.262450
672.288900
672.311850
672.446200
672.460550
672.696100
672.719950
672.753550
673.060750
673.233450
673.383700
676.255900
676.700100
679.370050
680.009050
680.014400
680.033950
680.041500
680.058250
680.201450
680.428600
680.440900
680.503150
680.515400
680.546050
680.597900
681.025950
681.036000
681.120750
681.286200
681.291750
681.307200
681.393250
681.684200
681.791850
681.813750
681.836450
681.875600
681.892800
682.187450
682.199500
682.222200
682.428550
682.440950
682.584850
682.593050
682.632400
682.674200
682.841700
682.862950
682.904900
682.942950
683.229800
683.292500
683.318400
683.558250
683.572250
683.810650
683.831500
683.937200
684.132500
684.256200
684.272650
684.289500
684.308100
684.346450
684.514450
684.553600
684.740250
684.878950
684.899200
684.982500
685.007250
685.282350
685.291150
685.391350
685.525350
685.590950
685.611350
685.871700
685.899650
685.932300
686.048400
686.109500
686.148800
686.300500
686.349150
686.414600
686.594050
686.603100
686.985300
686.992100
686.997950
687.007200
687.042950
687.391800
687.440650
687.466550
687.526800
687.771950
687.777000
687.833800
687.839350
687.848200
687.864400
687.921100
688.116100
688.129250
688.144800
688.161250
688.425850
688.462800
688.564450
688.832750
689.739350
691.916950
692.296450
693.083950
696.047500
696.072800
696.797350
696.801700
696.818900
696.947300
696.953000
697.029200
697.048450
697.447000
697.464400
697.511450
697.532000
697.552300
697.632750
697.679500
697.705050
697.738400
697.767250
697.774650
698.111350
698.128050
698.141050
698.318200
698.434200
698.453650
698.594950
698.657300
698.672300
698.682900
698.717250
698.755850
698.857100
698.878350
699.013250
699.018000
699.046150
699.065350
699.166650
699.232200
699.236800
699.285000
699.296300
699.612700
699.653200
699.931800
700.024400
700.035900
700.080450
700.120000
700.279950
700.336000
700.364950
700.393850
700.419500
700.432150
700.528850
700.835500
700.888200
700.893250
700.929300
701.003100
701.024900
701.128100
701.142200
701.431250
701.437450
701.469250
701.583900
701.594500
701.607600
701.619300
701.640100
701.655350
701.690250
701.920650
701.944550
702.247550
702.268850
702.402050
702.445100
702.533700
702.569850
702.630550
702.706650
702.742350
702.747900
702.754550
702.874850
702.930250
702.988750
703.206150
703.243150
703.310850
703.509700
703.522250
703.539850
703.852300
703.949850
703.961200
703.987050
704.002000
704.206550
704.220650
704.263800
704.511600
705.014750
705.070850
705.987650
707.441850
707.453600
712.217950
712.244050
712.339050
712.354000
712.477100
712.484050
712.691000
712.697350
712.711150
712.721700
712.733450
712.757600
712.947850
712.973200
713.178000
713.194600
713.264300
713.273300
713.388100
713.423300
713.485550
713.689500
713.766100
713.828950
713.887100
714.147250
714.183400
714.201350
714.364550
714.371650
714.473650
714.674900
714.702950
714.776650
714.846350
714.979650
715.018200
715.036750
715.113250
715.369000
715.386150
715.395950
715.435650
715.490900
715.679150
715.686800
715.732850
715.783250
715.797750
715.838250
715.955250
716.022600
716.065200
716.418600
716.432750
716.441350
716.468450
716.502250
716.551950
716.603750
716.644000
716.797850
716.814600
716.830350
716.861450
717.362150
717.433350
717.453000
717.470350
717.494850
717.597200
717.646000
717.689100
717.766050
717.834750
717.854800
717.876600
718.058800
718.123200
718.131000
718.265950
718.339600
718.404450
718.525850
718.569000
718.578400
718.725700
718.745100
718.880450
719.010550
719.034750
719.081250
719.124050
719.472900
719.583550
719.635450
719.979300
719.994500
720.046850
720.426600
720.630400
720.636600
720.765800
727.540950
732.356400
733.585800
733.595450
737.166600
740.833250
741.900700
745.138500
745.142450
748.319150
749.554700
749.563150
749.624700
749.869350
749.957200
749.967600
749.978250
750.279950
750.293700
750.318900
750.332400
750.384950
750.405350
750.407500
750.488150
750.517300
750.527800
750.570250
750.732200
750.743050
750.746100
750.780700
750.783900
750.921700
750.934800
750.958400
751.017950
751.040450
751.059100
751.103850
751.119750
751.200350
751.236750
751.252550
751.270550
751.456750
751.471450
751.479900
751.491300
751.507850
751.527850
751.578350
751.646500
751.656650
751.684900
751.741750
751.772050
752.038650
752.047900
752.068150
752.158000
752.167550
752.197000
752.217900
752.255200
752.359000
752.365250
752.398100
752.444350
752.464550
752.638000
752.659250
752.686700
752.707500
752.716500
752.767000
752.947900
752.985450
753.011600
753.058250
753.261950
753.330400
753.367250
753.376600
753.386200
753.449250
753.590750
753.618900
753.636500
753.687100
753.899600
753.932950
753.961550
754.023850
754.123450
754.163000
754.295900
754.308500
754.454250
754.466000
754.547900
754.584100
754.606400
754.696250
754.722200
754.876200
755.130100
755.156600
755.196000
755.313050
755.317700
755.412550
755.575400
755.609200
755.622550
755.657850
755.936800
755.967450
755.982150
756.003800
756.089300
756.110700
756.221750
756.248500
756.387100
756.396500
756.439100
756.552800
756.571300
756.607550
756.614400
756.755000
756.816200
756.826950
756.852700
757.141950
757.157750
757.485150
757.489950
757.510200
757.548000
757.573550
757.717600
757.776550
757.796700
758.099750
758.136350
758.170100
758.222350
758.561300
758.580500
758.837050
758.875900
759.082350
759.216250
759.340350
759.346300
759.381750
759.490650
759.521050
759.605550
759.686250
759.745200
760.014700
760.152600
760.164750
760.317700
760.323700
760.345000
760.619800
760.627950
760.646900
760.687550
760.789250
760.972450
761.079700
761.170850
761.253900
761.288350
761.379450
761.888600
761.897900
761.928000
761.945900
761.969950
762.135300
762.139350
762.364450
762.401200
762.638250
762.697350
762.757800
762.957150
762.978700
763.004400
763.073750
763.082750
763.102000
763.210300
763.229400
763.237700
763.398150
763.430500
763.461650
763.475300
763.535550
763.829050
763.934250
763.981850
764.441150
764.466100
765.090800
765.152150
765.671850
767.732800
774.569400
780.790150
780.826550
783.697050
785.852150
785.856050
785.888550
786.046450
789.008000
789.754700
789.764800
790.384400
791.955200
792.114300
794.275550
796.180350
796.201800
796.206300
796.571600
796.757800
796.910350
797.157050
797.867500
799.835900
801.959750
802.182750
802.712950
805.018300
805.036150
805.897900
806.539250
806.751900
806.756150
807.993500
808.272050
808.844000
809.100550
810.314400
810.331000
810.727000
810.732050
811.175450
811.308000
812.309950
815.670050
815.678000
815.687300
815.705750
815.733500
815.950400
815.958850
815.975950
815.983300
815.996850
816.018900
816.078050
816.100500
816.400650
816.413350
816.588700
816.595900
816.601250
816.612600
816.680450
816.757250
816.813750
816.937000
816.987200
817.005250
817.040300
817.097450
817.114950
817.123450
817.149700
817.175050
817.316500
817.338500
817.352150
817.429450
817.542700
817.552500
817.564500
817.582150
817.640700
817.694700
817.798750
817.833150
817.946950
817.983400
818.094050
818.112450
818.125650
818.294300
818.358400
818.479400
818.512650
818.585300
818.612300
818.757500
818.791600
818.815600
818.854400
818.918900
819.041200
819.064750
819.077400
819.096350
819.277350
819.360800
819.371650
819.384050
819.430250
819.473600
819.510450
819.523900
819.613350
819.738000
819.749800
819.789000
819.808000
819.873450
820.087750
820.100850
820.112300
820.150450
820.179750
820.362250
820.465850
820.499750
820.548900
820.605700
820.625600
820.669250
820.728150
820.755700
820.774850
820.908050
820.992750
821.259800
821.288850
821.308450
821.321950
821.327800
821.340900
821.389650
821.455350
821.463700
821.500950
821.673350
821.712800
821.731000
821.815250
821.832350
821.852850
822.020150
822.062300
822.072350
822.209500
822.233600
822.292650
822.415650
822.425350
822.541600
822.688350
822.743500
822.803850
822.859100
822.890600
822.997950
823.030800
823.059900
823.439950
823.445800
823.455100
823.479450
823.788150
823.820750
823.841050
823.873250
823.889350
823.908900
823.934750
823.970700
824.071050
824.239850
824.288150
824.312000
824.340350
824.366800
824.581400
824.591950
824.608650
824.769800
824.801600
824.971400
824.984700
825.007200
825.080650
825.134950
825.245350
825.251450
825.279450
825.326450
825.377150
825.398550
825.438650
825.525650
825.756450
825.885900
825.892050
825.919800
825.934150
826.148850
826.172150
826.185950
826.215050
826.395050
826.440700
826.496650
826.515000
826.553700
826.733150
826.879400
826.897950
826.922600
826.972100
827.004300
827.122950
827.152850
827.186450
827.577300
827.907900
827.942450
828.015300
828.047050
828.292550
828.308300
828.574250
828.608700
828.674450
828.683800
829.225550
829.242450
829.297200
829.422550
829.506650
829.521100
829.526750
829.576800
829.693200
830.120800
830.128400
830.178400
830.310650
830.562850
830.690150
830.717200
830.755950
830.893750
830.912150
830.939650
831.022650
831.144000
831.181800
831.237650
831.489050
831.640500
831.665150
831.836150
832.157100
832.173900
832.198050
832.214550
832.230450
832.250850
832.296950
832.435300
832.486700
832.754000
832.781650
832.800000
833.036650
833.068200
833.184650
833.456550
833.535150
833.567800
833.584750
833.641950
833.823250
833.832250
833.891000
834.127500
834.159450
834.303200
834.395000
834.501900
834.527550
834.563000
834.618250
835.076650
835.203200
835.211700
835.221750
835.228550
835.458150
835.508600
835.574400
835.661050
835.959500
835.975900
835.999350
836.125250
836.130700
836.157150
836.192650
836.244750
836.316900
836.587050
836.606050
836.644850
836.789700
837.210200
837.236350
837.303200
837.737600
837.747900
837.767900
837.787600
837.940850
838.113950
838.133350
838.200800
838.518300
838.561150
838.645100
838.957000
838.988300
839.020000
839.055850
839.204300
839.249800
839.377050
839.784950
839.803250
839.827100
839.928600
839.940600
839.959400
839.986750
840.040500
840.047300
840.228600
840.450750
840.489150
840.505150
840.536300
840.916800
840.953750
841.154800
841.434500
841.525600
841.713500
841.726950
841.763350
841.779750
841.808950
842.149000
842.169400
842.193950
842.242050
842.355450
842.378000
842.410300
842.444550
842.494850
842.618650
842.858900
842.976050
842.980200
843.028700
843.116500
843.132250
843.170900
843.215150
843.337450
843.355750
843.377300
843.585700
843.650950
843.805200
843.818550
843.835600
843.891000
844.158500
844.185100
844.439600
844.454600
844.504350
844.554350
844.749450
844.772750
844.821850
844.843950
844.877700
844.927900
845.027150
845.067500
845.277300
845.298300
845.390800
845.569050
845.574650
845.783450
845.836350
845.849900
845.952550
846.346300
846.485050
846.502350
846.630450
846.644850
846.797500
846.963450
847.019050
847.035650
847.216200
847.399000
847.766300
847.789150
847.822050
847.831650
847.979250
848.225250
848.306350
848.472450
848.569450
848.774300
848.785700
849.067300
849.124100
849.144600
849.310700
849.335200
849.355000
849.500650
849.569200
849.654850
849.663700
849.825350
849.857900
849.874050
849.888400
850.153550
850.396300
850.420550
850.430700
850.608000
850.616950
850.894100
850.926650
850.960050
850.975450
851.004150
851.104950
851.124950
851.483900
851.488800
851.566000
851.679950
851.832850
851.927700
851.938200
851.951550
851.961750
851.983750
852.006950
852.325200
852.347400
852.384150
852.858800
852.881250
852.915150
853.244900
853.296650
853.342900
853.580000
853.597350
853.777550
853.799300
853.820350
854.114950
854.150550
854.189500
854.471150
854.530100
854.711400
854.759850
854.792550
854.888550
855.336600
855.348650
855.374200
855.406900
855.769700
855.801600
855.875850
855.880450
855.965000
856.003600
856.382050
856.395700
856.422950
856.563800
856.710100
856.726600
856.742000
856.950450
857.054450
857.137150
857.187300
857.222550
857.544550
857.555800
858.036350
858.055800
858.111750
858.323500
858.411500
858.420600
858.437800
858.468650
858.866500
858.872200
858.899800
859.201800
859.387250
859.407450
859.439550
859.648850
859.709000
859.838400
859.857400
859.873950
859.886850
860.171100
860.249400
860.271650
860.494200
860.703000
860.926350
861.000150
861.034000
861.070000
861.169500
861.667800
861.695300
861.705050
862.193200
862.210050
862.235100
862.296450
862.964400
862.969000
863.074150
863.169050
863.271500
863.361350
863.461850
863.541650
863.704500
863.860300
863.888050
864.204900
864.572950
864.862550
865.049000
865.263350
865.285300
865.426050
865.448600
865.513300
865.692000
865.699050
866.000600
866.178350
866.242250
866.280200
866.790250
867.016350
867.081050
867.098100
867.117450
867.226300
868.046200
868.052250
868.066800
868.101050
868.374650
868.427850
868.515150
868.776950
869.138300
869.165600
869.747500
869.760650
869.777500
870.248600
870.452900
870.615450
870.841350
871.084900
871.152500
871.608300
871.637100
871.661700
871.927700
871.955650
872.045500
872.566500
872.714850
872.735400
872.839100
872.963450
873.016600
873.321700
873.341850
873.777450
873.791450
873.930550
873.950500
874.066950
874.136500
874.161500
874.196000
874.266650
874.326900
874.335400
874.364900
874.505700
874.559350
874.610700
874.808650
874.816600
874.826350
874.844950
875.178050
875.193150
875.224150
875.584050
875.712900
875.965850
876.266550
876.301100
876.345650
876.556650
876.562200
876.627050
876.639650
876.659200
876.780300
876.805750
877.111200
877.222050
877.458000
877.463900
877.476500
878.126800
878.262650
878.280750
878.613100
878.729450
878.915050
879.031600
879.172850
879.214200
879.697850
880.100500
880.124750
880.209850
880.709250
880.721000
880.827700
880.838600
881.017900
881.172200
881.214950
881.416500
881.426350
881.451550
881.508150
881.837200
881.855500
882.026200
882.043150
882.156400
882.392300
882.434550
882.736950
882.753700
883.058400
883.096000
883.183250
883.254450
883.319450
883.357100
883.760500
883.764450
883.834050
883.871900
884.078100
884.164200
884.181150
884.236000
884.518700
884.564450
884.740950
884.986550
885.156400
885.163350
885.186900
885.197750
885.405350
885.448750
885.707250
885.877600
886.031300
886.147350
886.581650
886.586950
886.621900
886.719950
886.923850
886.935300
886.961250
887.081150
887.195350
887.223000
887.515850
887.607550
887.617750
887.646000
887.900000
887.906950
888.182650
888.443650
888.455100
888.576900
888.587200
888.617950
888.707900
888.727850
889.030100
889.541400
889.964200
889.969100
889.999600
890.054700
890.510550
890.657250
890.671200
890.832450
891.360150
891.431050
891.800550
891.830400
892.122050
892.148350
892.310300
892.442550
892.504800
892.848950
892.868500
893.065700
893.390750
893.410500
893.438850
893.614750
893.645350
893.963550
893.979650
894.010850
894.043550
894.673800
894.722850
894.809150
894.846300
895.086950
895.096150
895.304750
895.895200
896.269000
896.410650
896.433950
896.791100
897.183800
897.207850
897.231150
897.252850
897.572000
897.653250
897.820800
898.064550
898.361500
898.420950
898.469850
898.487700
898.525000
898.860050
899.057550
899.068250
899.090850
899.521900
899.778050
899.854450
899.882500
900.084550
900.115250
900.126200
900.456950
900.970300
901.069800
901.122950
901.179750
901.445100
901.466850
901.924400
901.975850
902.027300
902.618050
903.344750
903.749400
903.837900
904.091300
904.096450
904.356850
904.371450
904.502600
904.802800
904.813400
905.081150
905.190550
905.409350
905.427500
905.961650
905.966050
906.478500
906.502450
906.527050
906.938950
906.944950
906.956500
906.977700
907.374950
907.393500
907.719600
907.763750
907.804750
907.820850
907.848850
907.945600
907.977600
908.187500
908.190650
908.456600
908.717400
908.759050
908.973500
909.352300
909.356500
909.398050
909.726450
909.736300
909.867950
909.878750
909.926100
909.950850
909.972850
909.983150
910.188350
910.273950
910.583850
910.600850
910.624000
910.907500
911.561800
914.740300
915.246500
915.408050
915.417450
915.580600
915.737300
915.923850
915.966550
916.065400
916.128600
916.230550
916.480000
916.490700
916.738050
916.756450
916.777950
916.876850
916.977800
917.005750
917.248350
917.286150
917.406700
917.466200
917.715950
917.749600
917.834650
918.319550
918.327450
918.347900
918.573800
918.597250
918.758800
918.772300
918.933400
918.949400
919.001650
919.079850
919.183550
919.232300
919.679000
919.991500
919.995900
920.012650
920.023350
920.045600
920.324050
920.833100
920.880700
920.907100
921.023400
921.172500
921.453450
921.509250
921.536050
921.593850
921.812150
921.832000
922.067750
925.469050
925.868150
926.545700
926.551200
926.678550
927.020250
927.241350
927.302050
927.310650
927.358250
927.717650
927.821150
927.876100
928.060800
928.187500
928.214050
928.221700
928.579450
928.710000
928.730200
928.749950
928.767750
928.867500
928.889150
928.914850
928.925800
929.066350
929.105800
929.481550
929.499500
929.594200
929.634350
929.679150
929.773600
929.862550
929.905350
930.246300
930.251750
930.274750
930.309150
930.558800
930.765250
930.782500
931.041350
931.073250
931.184000
931.199500
931.398850
931.402950
931.566100
931.603600
931.670550
931.707800
931.927200
931.966250
932.004450
932.268500
932.519050
932.541550
932.579200
933.091750
933.185200
933.191200
937.104100
937.124900
938.336100
938.424500
938.457100
938.717400
938.721500
938.733700
939.143100
939.151650
939.329150
939.339400
939.362600
939.665150
939.671750
939.691850
939.739500
939.754600
939.870700
939.895800
940.176700
940.184900
940.199850
940.252550
940.336150
940.368300
940.508850
940.524000
940.547450
940.775550
940.919450
941.069250
941.302400
941.324100
941.490600
941.518650
941.662700
941.976200
941.985050
942.121950
942.136650
942.156700
942.518050
942.537150
942.920550
942.970050
943.001700
943.034800
943.166950
943.185800
943.209050
943.261750
943.672500
943.688100
943.696200
943.848150
943.860750
943.885200
943.972150
944.073350
944.338450
944.376350
944.442100
950.568850
950.603800
950.970600
951.016950
951.116000
951.234400
951.251000
951.563600
951.608700
951.644150
951.684750
951.797050
951.961500
952.320400
952.344950
952.356850
952.372200
952.382650
952.511350
952.534250
952.564000
952.597650
952.712800
952.978750
952.983750
953.112250
953.166650
953.240400
953.518150
953.537550
953.561600
953.590650
953.693400
953.721250
953.815900
953.929300
954.060400
954.239250
954.263650
954.540650
954.643950
954.651450
954.703200
954.790700
954.813700
955.048300
955.140800
955.258700
955.274850
955.350950
955.466350
955.479700
955.571250
955.642600
956.348750
956.507250
959.994050
961.756700
961.762150
963.494000
963.502600
963.589400
963.930700
963.936900
963.959400
963.966600
963.992650
964.005550
964.023750
964.035700
964.061750
964.315350
964.324250
964.425000
964.468200
964.474850
964.497900
964.519950
964.722700
964.946300
965.087350
965.097500
965.115400
965.160300
965.237050
965.246950
965.272600
965.291850
965.332400
965.409700
965.533950
965.591650
965.666300
965.672200
965.763250
965.815300
965.844300
965.993050
966.098050
966.152550
966.304550
966.325300
966.499750
966.568900
966.619600
966.649100
966.668300
966.901250
966.911500
966.928900
967.064300
967.237600
967.279150
967.287750
967.304550
967.435200
967.714250
967.772500
967.815000
968.044400
968.064900
968.097150
968.249100
968.264200
968.376600
968.565750
968.633200
968.918150
968.946550
968.987500
969.341000
969.356350
969.380800
969.485800
969.503500
969.646050
969.662950
970.407100
973.802950
973.807450
974.937750
974.979050
975.928750
976.061900
976.065850
976.075350
976.111700
976.364000
976.367950
976.463500
976.484250
976.500100
976.567750
976.581950
976.839550
977.014450
977.035800
977.154800
977.160950
977.490750
977.496800
977.546250
977.566750
977.646300
977.822900
977.828850
977.937700
977.961550
977.970200
977.985500
978.001200
978.023250
978.136750
978.223700
978.301300
978.342550
978.388500
978.431850
978.450000
978.521350
978.597000
978.710900
978.726350
978.741850
978.821050
978.835050
979.024650
979.253850
979.330000
979.394100
979.535750
979.567600
979.611600
979.739800
979.743700
979.868550
979.933100
980.032900
980.235050
980.288350
980.299650
980.332150
980.643600
980.657350
980.981050
981.138650
981.209100
981.618100
981.625750
981.671650
986.584800
988.295700
988.936150
988.942200
989.501550
989.514950
989.531100
989.582250
989.656300
989.670000
989.692100
989.720750
989.746800
989.776200
989.833650
989.973700
990.258750
990.302250
990.309000
990.367250
990.408500
990.547000
990.656150
990.859950
990.868950
990.878500
990.891850
990.908150
991.005750
991.258300
991.274400
991.293650
991.582350
991.656250
991.661050
991.687550
991.940250
991.954550
991.968650
991.973000
992.006750
992.248200
992.306200
992.344100
992.388100
992.408700
992.519550
992.799600
992.807250
992.839550
993.012650
993.063600
993.072550
993.106350
993.124350
993.244150
993.265150
993.472200
993.519500
993.721200
993.760850
993.992650
993.999950
994.013200
994.146150
994.240750
994.344150
994.414650
994.569200
994.591150
994.614550
994.891200
994.907350
995.190200
995.721500
1000.642700
1002.141800
1002.596300
1002.602550
1002.859800
1003.376700
1004.018150
1004.243050
1004.276150
1004.437350
1004.748400
1004.791250
1004.857150
1004.895350
1004.953650
1004.996750
1005.023200
1005.167000
1005.185450
1005.249500
1005.603150
1005.607650
1005.621200
1005.820250
1005.864000
1006.089900
1006.098850
1006.129050
1006.432450
1006.503800
1006.599600
1007.095650
1007.126350
1007.737650
1008.525150
1009.046400
1009.680900
1011.761050
1011.780750
1013.923550
1013.934050
1015.663600
1015.667950
1015.716800
1015.956050
1015.988150
1016.037150
1016.184800
1016.192500
1016.217450
1016.462100
1016.469050
1016.729350
1016.734700
1016.775600
1016.796700
1016.864200
1016.996750
1017.026400
1017.069700
1017.119050
1017.131100
1017.245700
1017.369350
1017.377000
1017.398100
1017.416450
1017.436300
1017.516050
1017.536850
1017.681300
1017.740000
1017.772050
1018.203150
1018.212400
1018.232650
1018.256500
1018.407500
1018.454450
1018.538150
1018.720750
1018.726200
1018.749250
1018.871050
1018.894000
1018.911900
1018.940250
1019.033950
1019.181200
1019.252700
1019.274900
1019.288500
1019.317700
1019.321200
1019.439600
1019.620450
1019.645200
1019.665200
1019.692250
1019.912200
1019.923450
1019.942350
1019.973550
1020.133700
1020.155350
1020.301550
1020.400500
1020.703000
1020.724900
1020.828500
1020.839250
1020.864550
1020.911800
1021.160200
1021.306350
1021.369700
1021.624100
1021.644250
1021.656650
1021.676350
1021.719450
1021.745300
1022.137800
1022.145600
1022.170050
1022.356850
1022.388050
1022.581650
1022.587350
1022.652400
1022.675050
1022.692150
1022.842600
1022.846600
1023.001950
1023.204950
1023.489400
1023.647050
1023.651300
1023.663950
1026.018600
1030.067500
1030.100300
1030.896200
1031.529600
