0.992550
4.521150
4.525050
4.938600
10.204200
10.723050
14.531400
27.193800
34.950400
38.680700
42.800300
62.770200
67.578350
76.119750
80.603900
82.515200
85.420550
86.137150
90.231600
93.662850
98.131700
98.141050
100.812100
103.455350
104.496800
105.000850
106.647900
107.295100
108.544950
109.073550
110.390100
111.188850
111.196200
111.460900
112.026250
112.539200
113.029900
114.812550
115.718100
118.567200
119.728900
120.205650
120.209850
121.973350
121.977600
122.452700
122.457150
124.508650
124.518100
125.527600
125.649600
125.654000
131.121700
131.126350
133.109000
133.112950
134.951850
134.960950
134.965500
136.257000
136.656000
137.073750
137.078400
137.525300
137.529850
138.113550
138.122000
138.286200
138.504000
139.189950
139.399100
139.404150
139.862150
140.262750
140.879500
140.884100
141.491150
141.494050
142.269850
143.594200
144.099700
144.363750
144.648750
144.753550
144.759100
145.391300
145.761050
147.336250
147.647950
148.224150
148.841850
150.542900
150.547300
151.440150
152.829000
153.663800
153.751050
155.094400
157.519050
159.281500
159.386400
160.005300
160.826250
162.930500
163.138750
163.217400
163.221750
163.664550
164.147400
164.156750
164.742450
166.494050
166.837650
167.251200
167.563600
168.402750
168.405900
168.739750
169.077300
170.868850
170.873200
171.962200
173.775400
174.218350
175.339650
175.776350
176.256000
178.020250
181.760200
181.769800
182.071000
182.098100
184.618500
185.726350
186.275150
188.915300
189.946700
190.043750
190.851450
191.261100
191.268400
191.474700
191.666450
192.542750
192.997250
193.001450
195.035050
196.806400
197.307450
197.521900
199.510550
199.515000
199.873550
200.488050
201.872650
202.493050
203.112300
203.854400
205.587450
205.591700
205.836450
205.840950
206.279550
207.344350
207.579400
208.925700
210.566900
211.570700
211.575650
211.580200
212.290600
212.931600
213.264450
214.302600
214.647700
214.652550
215.475300
216.569350
216.573300
217.378750
217.518900
217.854500
218.302150
218.887450
218.988850
219.380600
219.390950
220.436650
220.781050
221.115150
227.756450
227.762350
228.359600
229.995500
230.460700
230.469500
231.258250
231.490250
232.436800
235.194700
235.562500
235.839250
235.846400
236.183600
237.397550
237.409650
238.486150
239.511250
240.130800
240.755100
241.436700
241.440800
241.521100
242.069250
242.987550
243.008900
243.368100
244.871200
247.256150
247.260500
247.822500
248.198650
248.343950
249.483200
249.663550
250.875800
251.063400
252.021100
253.172200
253.509800
255.140550
255.670700
255.676400
256.393000
256.474550
257.440600
257.531450
258.346450
258.736100
259.360900
259.368150
259.635250
259.640750
260.517600
261.286300
261.721750
261.827100
262.019200
262.023400
263.053400
263.389400
263.688600
264.223750
264.470600
265.999900
266.424250
266.513100
266.815550
267.094800
267.098950
268.061350
268.624250
269.249800
269.767600
269.777150
270.065750
270.228450
271.109050
271.360900
271.913800
272.078300
272.922000
273.138200
273.779250
273.885650
274.373250
274.737400
275.592800
275.940150
276.526100
276.530650
277.151100
278.531650
278.933700
279.142800
280.009250
280.609800
281.175650
281.561500
281.783650
282.132750
282.335050
282.625750
282.630200
283.220950
283.271450
283.926400
285.059000
285.647200
286.369350
286.374300
287.636100
287.835200
287.842000
288.373500
288.777150
288.996200
289.145100
289.612700
289.618650
289.866750
290.552800
290.557050
290.729300
291.327700
291.659000
292.749700
292.753900
293.472600
293.541300
293.855400
293.859700
294.669950
294.889750
295.342200
295.346700
295.722400
295.727400
296.079050
296.148000
296.225850
297.757800
298.535200
299.106750
299.220050
299.419150
300.789650
300.794550
301.404950
301.764400
302.311200
303.670600
303.831100
304.042900
304.522450
305.166350
305.412150
307.286150
308.312650
308.580050
309.068850
309.472400
309.491550
309.595500
309.907900
310.708600
313.332250
313.600700
313.851250
315.156750
315.697050
316.295650
316.469850
316.721600
317.417250
317.450000
317.796950
317.959000
318.132550
318.749000
320.000000
320.388550
321.291300
321.711000
322.275200
322.632800
323.083100
324.245350
325.069150
325.822850
326.269550
326.577050
327.180550
328.194050
328.686300
330.235700
330.629800
330.712350
330.717100
331.160250
331.888950
332.498600
333.037950
333.310500
333.702750
333.723700
334.150900
334.756550
335.166750
335.550750
335.705050
335.971050
336.530600
336.965200
336.982000
337.540950
337.712100
338.043450
338.949800
339.380350
339.582600
339.984600
340.169200
340.652900
340.659050
340.863150
341.120550
342.101250
342.631050
342.683350
342.993200
342.998200
343.962700
343.966600
344.189250
344.765850
345.084700
345.124900
345.582950
346.111800
346.710900
347.435800
347.442400
347.944800
348.228300
348.644900
348.648650
349.112400
349.630300
350.096050
350.525900
351.012300
351.367650
353.210000
353.216100
353.538450
353.971400
354.934950
354.944750
356.087400
356.465000
357.368700
357.618900
358.641450
359.908850
359.913050
360.297800
360.539500
360.544000
360.777800
361.005000
361.009300
361.607500
362.894750
363.320650
363.608200
365.338600
366.243900
366.248500
367.853900
368.044750
368.329850
368.339750
369.056750
369.608000
369.635550
369.641150
370.020400
370.438750
370.443500
370.745050
371.209650
371.941000
372.037650
372.699200
373.297950
373.493650
373.691550
373.695400
374.077700
374.396150
374.402300
374.668950
374.820200
375.101600
375.384300
375.550900
376.565750
376.670800
376.676050
377.978850
378.289750
378.823000
378.827450
379.437750
379.549850
379.763900
381.308650
381.882150
381.885650
382.327650
382.820350
383.845550
383.849650
383.854400
384.574000
384.586050
384.988150
385.747200
386.145550
386.657350
387.278800
387.837000
388.491350
389.230500
389.234700
389.304100
389.426650
390.028450
391.467550
392.200200
392.231000
392.287650
392.734850
392.966850
393.204350
393.209250
393.615050
393.619950
393.713400
394.411000
394.460150
394.965700
394.976100
395.108450
396.452400
397.069800
399.227550
399.241300
399.394700
399.803150
400.420650
400.426500
401.907850
403.209450
403.603550
404.052700
404.999800
405.005450
405.510350
406.833200
408.454350
409.735100
410.061000
410.227100
410.614950
410.802950
412.379350
413.415100
414.366000
415.552450
415.905200
417.278800
419.375750
419.381350
420.145500
420.574950
420.957350
422.468100
422.473350
423.232650
424.693300
425.246050
425.277550
425.942350
426.357700
427.442700
428.061250
429.153400
429.157850
429.487500
430.560900
430.928050
430.934000
431.064400
432.549900
432.554150
433.262400
433.787900
433.792200
434.052550
434.196800
435.287150
435.757050
435.903250
436.569800
436.574650
436.742650
436.747800
438.023150
438.027050
438.776050
439.567900
440.173600
440.182200
440.654950
441.772450
443.114300
443.118350
443.122600
443.779250
443.795350
444.345150
444.705600
445.013500
445.712750
446.039150
446.183450
446.188300
447.011450
447.867400
449.373300
449.377350
449.968300
449.972500
450.295800
450.987400
451.802650
452.393700
453.737050
454.294650
455.158900
455.855000
457.461200
460.449850
460.567600
462.112750
462.181300
464.597800
464.907350
465.680100
465.840250
465.845250
466.241200
467.244300
467.453500
468.854100
469.129950
469.134350
469.494850
469.826550
469.982850
470.711400
471.496850
471.508850
473.262350
474.397350
474.890250
474.895100
475.045700
475.093650
475.621800
476.085950
476.090250
476.126050
476.149300
476.434450
476.651950
477.503600
477.732350
477.950100
478.309200
478.313950
478.931100
478.936000
479.586350
481.023100
481.341350
482.451250
484.588250
485.925700
487.069700
487.770250
487.774700
490.395350
490.529700
490.533900
491.157500
491.161700
491.602650
491.888050
494.494300
494.747800
494.996750
496.591950
497.307200
497.880200
497.886000
499.378900
500.214300
501.021850
501.908950
502.239850
502.710100
504.468000
505.337750
505.390550
506.116050
507.562650
508.046150
508.050500
509.124050
509.486600
510.171050
510.507900
511.820650
512.087800
512.662700
512.667200
513.604150
513.608500
514.006300
514.012300
514.233550
514.545350
514.683600
515.156650
515.424250
515.611550
516.554200
516.665400
516.764850
517.884700
518.144050
519.461850
520.127300
520.132150
520.740650
521.370900
522.424550
522.793050
522.797300
523.587500
523.765500
523.770050
523.786150
524.843150
524.997050
525.530400
525.777000
526.357300
526.546750
526.970600
527.442000
527.445850
527.701400
528.669450
529.891350
529.897050
530.860050
530.864250
530.872800
532.787750
533.295800
533.300050
533.546600
535.418950
535.423150
535.867200
536.751000
537.785300
538.086650
538.096000
538.857050
538.862500
541.231100
541.908350
542.211300
543.331100
543.560950
543.572300
544.200150
545.661850
547.348350
547.882650
548.269750
548.343700
548.782900
549.931300
552.345350
552.373450
552.722650
553.214550
553.646950
554.645100
554.648950
555.384100
556.707850
557.646450
559.095750
560.281200
561.444550
561.449700
562.326050
564.981800
566.113850
566.438950
566.576800
566.931850
566.936150
569.425700
570.920650
571.631950
572.507800
572.987150
573.825000
573.980150
574.992200
576.037250
577.016250
579.501850
581.346600
581.401300
581.405800
586.471050
590.508950
592.488950
593.008450
594.249050
596.589150
598.314250
600.350200
602.873800
603.668950
606.226900
607.685150
612.929200
613.248050
613.257550
613.671800
614.736300
614.740600
615.588150
616.485950
616.661900
617.819500
620.212350
622.306900
623.154250
623.475500
623.581450
623.885650
625.355450
625.757300
625.824500
626.040900
627.104900
627.581900
628.217850
629.065000
630.912700
631.116350
632.156200
635.560800
637.169850
638.107800
638.927800
639.128100
639.431350
640.216550
640.547950
641.668100
641.842500
642.048550
642.803550
643.256250
644.635400
649.000450
649.525250
649.764700
650.765750
651.056650
651.837400
652.157500
654.215700
654.845150
655.337550
655.831900
657.244200
657.836350
658.403650
658.895900
659.653950
660.072100
661.699050
662.675300
663.355000
665.715150
666.689500
666.694200
666.796600
666.809500
667.434550
667.595250
668.009000
668.055650
668.061100
669.044850
669.050700
669.490650
669.681400
670.289100
671.786550
672.187000
672.966250
673.046750
675.470600
677.153500
678.050500
678.669200
678.673050
679.604650
681.184600
681.662300
681.666900
681.680300
682.321550
682.980650
683.037500
683.704700
683.726900
683.994100
684.738300
685.400350
685.787250
686.624500
687.280350
687.665650
687.669450
688.087400
688.361500
688.366250
688.820700
688.825450
689.217250
690.305500
690.352600
691.894900
691.899350
693.958750
694.359550
696.047050
696.373150
697.147950
697.547400
697.552550
697.558650
697.991400
698.697150
699.018100
699.061200
699.995600
700.739850
700.833950
703.757650
704.114600
704.641750
704.995800
706.958700
707.006050
707.192600
707.905100
708.061250
709.471400
711.157850
711.175750
712.623800
712.628300
713.067300
713.729750
714.015850
714.810350
715.136050
716.209600
716.213700
716.280850
718.156000
718.414750
719.394500
720.823150
723.921700
724.155350
724.548650
724.617800
725.300850
726.537500
727.023900
728.416250
729.460300
729.464850
731.702850
732.764550
733.559350
734.280600
735.628250
736.379950
739.295400
741.322550
741.925000
742.611150
743.195200
743.266200
743.941250
745.450400
747.006550
750.782150
751.731150
752.087300
752.118350
754.039250
754.825500
756.010700
756.401800
756.407350
757.342050
757.533350
758.018400
758.955100
759.862050
760.965750
761.562250
761.574650
761.812700
764.311650
764.701500
765.709900
766.603500
767.055500
768.173800
772.004050
774.270050
776.349850
776.942000
777.988100
779.141500
779.958750
780.658000
781.475200
785.078600
785.082500
785.713800
785.937000
786.954900
786.959550
787.563600
788.229400
788.878800
789.616050
790.234200
791.077500
791.946350
792.375100
793.543050
794.230750
794.871750
795.666800
797.062500
797.815850
797.820400
799.499400
800.618500
802.877500
802.931800
802.937350
807.343900
807.352750
809.138550
809.554950
809.869800
810.142050
810.469850
811.250950
812.663400
812.667850
813.380950
814.280550
814.343550
815.275100
816.290000
816.324800
816.813000
816.817300
816.954850
817.244550
817.719050
818.404250
818.410050
818.414600
818.499850
819.150400
819.180250
820.072250
820.076950
821.465400
822.008450
822.068950
822.340900
822.606050
822.638300
824.214700
827.727050
828.255100
828.769650
829.034700
829.751000
830.865500
831.444650
831.573850
831.913450
832.062100
832.639900
833.750300
834.033350
835.225150
835.547150
836.126750
836.139550
836.925150
837.403450
837.443200
837.449450
838.463500
840.658450
840.663200
841.248250
841.678600
841.683150
842.046650
842.050950
842.632400
842.804900
843.560700
844.024450
844.318500
844.638300
845.610450
845.821200
846.156850
846.164800
848.570250
848.940650
849.504300
852.258100
853.337150
854.272600
854.277700
854.783300
854.788550
856.626750
856.631050
856.636700
857.450850
857.456500
859.829000
860.557050
860.799950
861.323200
861.591000
862.508450
862.513800
862.890600
863.207250
863.357600
863.655100
863.659700
864.327300
864.333300
864.925400
865.258050
865.262050
868.937800
868.949850
869.083800
869.087900
870.551750
870.986950
871.440550
872.245300
872.378600
872.383750
872.388900
873.597700
874.204850
876.177000
876.201950
876.309600
877.032950
877.037950
877.955900
879.023350
879.033050
879.908950
879.996950
881.516000
881.783150
881.836350
882.931600
883.646000
884.472300
885.080600
885.086000
885.519250
886.274150
886.973750
887.472750
888.409250
889.861050
890.189900
890.451350
890.456800
891.197850
892.566900
892.767500
894.542000
895.434400
895.537150
896.598600
896.609950
896.927000
897.548500
898.392000
898.961300
899.405100
901.004700
901.009100
901.808400
903.341150
904.007450
904.679200
905.792200
906.138200
907.261300
907.596000
907.599750
908.484550
908.488950
908.888650
909.593650
909.941300
909.946200
909.950750
910.540600
911.301100
912.754950
912.955050
913.306250
913.310300
914.027800
914.486800
914.758500
916.110300
916.774450
916.779600
917.244600
917.264100
917.536000
917.932700
918.015000
918.523250
918.742500
919.240800
919.561300
919.909850
919.934850
920.650750
920.661600
921.702550
921.751000
922.177100
922.522900
923.702900
923.708000
924.850450
925.358700
926.088950
927.600950
928.118200
929.988350
930.095900
931.878350
933.289000
933.293400
934.462600
934.467200
935.371750
935.375800
935.905050
936.066900
937.015600
937.621350
938.645300
939.425500
939.429950
940.329450
942.664000
943.535800
944.986800
947.014600
947.018600
950.562250
951.501300
951.726350
952.170500
953.037800
953.298400
953.303000
953.714150
953.718300
954.578100
956.312850
958.028950
959.892900
960.863000
960.866850
963.816600
964.173750
964.178150
964.686900
966.165650
967.130000
967.134350
968.832600
968.845200
968.983550
969.128200
971.174400
973.532900
974.023150
975.276450
975.282550
975.478750
975.781850
976.266950
976.887100
976.893900
977.315600
977.535500
977.835400
978.251300
978.952150
979.653350
979.657500
981.114250
981.979550
985.477050
986.110200
989.362100
990.778750
992.902900
992.907850
994.505050
994.672650
995.465000
995.740650
997.872500
999.101550
1000.715900
1000.720550
1001.391900
1001.854350
1002.100650
1002.105250
1003.506350
1003.851200
1004.360950
1004.365900
1004.614300
1005.216500
1006.342600
1006.347400
1007.062650
1007.414550
1007.732800
1008.069150
1008.781950
1010.686300
1012.025500
1012.397900
1012.987600
1013.498300
1013.502800
1014.261550
1015.273300
1015.782000
1016.318500
1016.603250
1017.027800
1018.105500
1019.593700
1019.598000
1020.619450
1020.625200
1021.692150
1022.119650
1022.383750
1022.425950
1023.354600
1023.670600
1025.499550
1028.010600
1029.122750
