1.158600
6.248050
10.198350
10.201850
10.208700
10.214800
10.221250
10.239150
10.251250
10.422150
10.655100
13.655150
13.701300
15.610300
15.666150
15.724550
15.727500
15.731200
15.743750
17.019600
17.793850
19.028850
19.038900
22.898250
22.915500
22.918100
23.442500
23.620850
24.092200
24.991650
25.010300
27.057300
27.140850
27.143500
27.146450
27.150000
27.154600
27.166900
27.174500
27.206000
27.626850
27.629900
28.731700
28.863150
28.896650
28.901450
28.903750
29.551800
30.004250
30.028650
32.868300
32.870950
33.096400
33.748750
34.915950
35.072450
36.807500
36.815400
36.829950
37.352950
38.678000
38.687400
40.095150
40.107750
40.112150
40.121050
40.131100
40.310300
42.580450
42.657900
42.803250
42.805700
42.811250
42.816000
42.832750
42.834950
42.838750
44.886100
45.365750
45.884700
47.330200
47.332950
47.345800
47.413550
48.664950
49.380050
50.577650
51.170500
51.372050
51.390900
51.611700
51.613800
51.637400
51.905100
51.910850
53.282300
54.749650
55.645700
56.324450
58.566150
58.569700
58.572650
58.587550
58.599950
59.509600
59.683850
61.651400
61.990350
62.546750
62.556200
62.562200
62.753800
62.759700
62.766250
62.775200
64.670200
65.508850
65.520700
65.601800
66.659750
67.319400
67.408350
67.486550
67.837300
67.849600
67.854200
67.861600
68.191950
68.194700
68.225850
69.206750
87.588250
87.599250
88.036650
88.473500
88.561150
89.797300
89.822050
90.780200
91.423000
92.152650
92.970200
92.986350
93.005900
93.306000
93.308650
93.871400
94.802050
96.064850
96.555450
97.603000
97.607900
97.752300
98.549900
99.099750
99.102450
99.118950
99.127600
100.282550
101.667250
101.952950
101.955550
101.958250
101.960850
101.964500
102.047650
102.925900
103.141150
103.768100
104.600950
105.891250
106.746600
106.859550
107.578950
107.819900
108.055550
108.262400
108.272600
108.280950
108.359900
109.581050
110.487100
110.907250
112.513250
113.159500
113.932150
113.938050
113.953450
113.958250
114.041300
115.128700
117.249550
117.980500
118.066450
118.074550
118.111400
118.250550
118.259450
119.300250
119.949750
120.155650
120.466100
120.515050
120.970450
120.973500
121.643700
122.003150
122.238400
122.621450
123.832400
123.906850
124.043350
124.052400
124.804750
124.807600
124.811050
124.884050
124.998850
125.208750
125.370700
125.377400
126.131950
126.614550
127.047950
127.173100
127.234900
127.237750
128.198850
128.221400
128.238200
128.242250
128.245250
128.249450
128.619000
129.048800
129.051250
129.616700
129.619250
130.012750
130.710750
130.718950
130.837400
130.840800
131.095950
133.046750
133.230300
133.348250
133.473850
133.476550
134.116650
135.246300
135.249350
135.861550
136.463400
137.728150
137.730950
137.734400
138.117250
138.127100
138.146900
138.155050
138.510000
138.538600
138.563300
139.269050
139.271900
139.800800
139.806750
139.857900
140.315750
141.020750
141.024000
141.160800
141.497400
141.501850
141.506750
141.516150
141.522950
141.911800
142.236550
142.381750
142.386750
142.394000
142.402800
142.620250
142.622900
143.313350
143.316400
143.396150
144.328200
144.334850
145.018100
145.256750
145.385900
145.625100
145.836150
145.843200
145.958750
146.222600
146.233000
146.236000
146.245000
146.247650
146.250550
146.260650
146.263050
146.266650
146.618250
148.168250
148.170800
148.667000
149.578900
149.675500
150.142400
150.363450
151.023050
151.026450
151.635850
152.694600
152.809300
152.815850
153.170500
153.349550
153.717450
153.723100
153.737100
153.740050
153.743550
153.786900
153.806650
153.954450
153.957800
154.154050
154.724200
154.997250
155.243750
155.793600
155.800450
156.379150
156.727050
157.246050
157.442300
158.152500
158.505600
159.277400
159.712000
161.124550
161.142850
161.149650
161.155500
161.249000
161.255050
161.352600
161.358300
161.553600
161.914500
161.933000
162.115400
162.118350
162.132800
162.544800
162.585300
162.729700
163.141700
163.435850
163.721300
164.231650
164.261500
164.270250
164.285300
164.326450
164.342300
164.893400
164.896000
165.128350
165.131850
165.706100
165.708700
166.489500
166.556100
166.814650
166.862950
167.012650
167.015900
167.087150
167.129050
167.238250
167.241300
168.121900
168.412800
168.417800
168.428500
168.432650
168.755900
169.185250
169.191900
170.218050
170.465350
170.469200
170.621150
170.811050
170.842600
172.765250
172.771600
172.993500
173.460450
173.487050
173.497600
173.961500
173.968650
173.972500
173.981300
174.582800
174.586000
174.608350
174.893000
174.898700
174.904950
174.993800
175.226850
175.627150
176.060350
176.544550
176.801550
176.810500
176.825400
176.839700
177.252800
177.255500
177.929650
178.415250
178.736300
179.061850
179.953850
180.153500
180.160600
181.157350
181.164150
181.615500
181.699100
181.702300
181.755900
182.243750
182.246500
183.041600
183.520950
183.633000
183.887250
184.356400
184.598150
184.600350
184.611400
184.614500
184.624000
185.360900
185.735100
185.792800
185.809050
186.407050
186.409900
186.413600
186.434900
186.932000
187.197700
187.234500
187.354250
187.558150
188.498200
188.504850
188.509150
188.639400
189.176650
189.994900
190.227600
190.230550
190.265500
190.301650
190.783950
190.786500
190.913400
190.976450
190.988900
191.009600
191.250300
191.254600
191.271900
191.275750
191.282450
191.413500
191.419250
191.466750
191.469450
191.598550
191.949800
192.267500
192.457100
192.468300
192.546950
192.565000
192.979400
192.982050
193.073500
193.768150
193.771050
193.774650
194.889800
195.969150
196.756100
196.949400
196.952100
197.282650
197.315650
198.035500
198.368250
198.422950
198.425500
198.601550
198.656900
198.661000
199.002800
199.226450
200.970700
201.435200
201.437800
202.342850
202.448800
202.456250
203.035300
203.155700
203.400600
203.737300
203.758350
203.782150
203.983450
203.989650
205.026450
205.385300
205.390400
205.401250
205.404500
205.562600
205.566400
205.576950
205.583300
205.596750
205.602400
205.768500
205.774450
206.003000
206.317000
206.320900
206.437400
206.441600
206.446800
206.456000
206.461100
206.464500
206.468900
206.482950
206.563250
207.104300
207.107050
207.558300
207.632900
207.722650
207.740900
207.779900
208.120900
208.764600
208.958350
208.961900
208.980700
209.012250
209.306350
209.317350
209.507750
209.847900
209.983000
209.985950
210.030900
210.040550
210.241200
210.247550
211.497900
211.531000
212.031400
212.191050
213.449550
213.455700
213.825000
213.834200
214.641800
215.020950
215.373400
215.719350
215.754550
215.980000
215.983100
216.039100
216.643900
217.362400
217.857900
218.166000
218.172250
218.211800
218.216600
218.931050
218.963250
218.977850
219.043600
219.233500
219.238100
219.244100
219.449300
219.782300
220.263650
220.429250
220.461950
220.485450
220.617150
220.674250
220.685350
221.339100
221.699850
223.411600
223.417050
223.727650
223.823900
223.833100
223.852200
224.866700
225.356800
226.254500
226.547900
227.436300
227.750050
228.290700
228.293500
228.488250
228.786750
229.356300
229.781000
229.950050
229.957000
230.378650
230.414250
230.419050
230.472650
230.482000
230.576500
230.582950
230.698550
231.329100
231.332100
231.836600
231.842950
231.949600
232.028150
232.134850
233.096450
233.374450
233.379450
233.404050
233.617600
233.713100
233.872700
233.878400
233.957950
233.970900
234.075200
234.184300
234.554000
234.946450
234.949150
234.960250
235.062550
235.068650
235.080900
235.190200
235.826900
235.831700
235.848550
235.888900
235.986600
236.164250
236.517700
236.865750
237.062350
237.070150
237.888600
238.355900
238.361000
238.932100
239.127950
239.199500
239.557700
240.889750
241.540100
241.548250
241.704650
242.355550
242.358150
242.413650
242.669050
242.703650
242.713600
242.799300
243.139700
243.144600
243.215150
243.784250
243.854900
244.096100
244.239400
244.345500
244.351500
244.792800
244.865000
244.874000
244.876400
245.339100
245.974750
245.977600
246.147550
246.334650
246.357900
246.384800
246.474650
246.480400
246.892300
247.132800
247.338950
247.348050
247.777900
247.780750
247.904300
247.983050
247.987600
248.166600
248.169650
248.173300
248.184500
248.484900
249.138800
249.152150
249.405650
249.878550
250.120850
250.901100
251.016300
251.021800
251.345350
251.362750
251.468950
251.495850
251.988550
252.565950
252.569150
252.750400
252.777250
253.336600
253.565400
253.567900
253.571100
253.990900
254.202300
254.667500
254.670600
254.880900
255.277300
255.280200
255.977650
256.197700
256.374750
256.377650
256.966700
257.128550
257.308250
257.480650
257.497300
257.664300
257.807000
258.548650
259.042150
259.047850
259.064150
259.074900
259.077850
259.081600
259.087100
259.517400
259.746550
259.791300
259.794450
259.798650
260.059450
260.063950
260.071400
260.080150
260.382400
260.411150
260.552350
260.558150
260.833050
261.231950
261.242450
261.249700
261.378400
262.928500
262.980500
262.994650
263.226850
263.243350
263.260800
263.815100
263.819900
263.837750
263.869500
263.875500
263.881900
264.972900
265.403300
265.745900
265.749700
265.755150
266.076150
266.080450
266.086400
266.091000
266.097450
266.101600
266.107850
266.113350
266.117150
266.126450
266.136100
266.331450
266.459200
266.880500
266.957000
266.964400
266.986300
267.068600
267.314650
267.319400
267.620850
267.682950
267.685750
267.688750
267.692150
267.974150
268.172750
268.177150
268.182500
268.189850
268.576150
268.581750
269.486750
270.682250
270.709050
270.954250
270.961000
270.965750
270.973300
271.064250
271.768250
271.921300
272.050650
272.358100
272.711000
273.160300
273.165150
273.176950
273.727350
273.974750
273.977500
273.985750
273.990800
274.067700
274.182550
274.241800
274.253400
274.291350
274.651250
274.656650
274.721850
274.735100
275.184850
275.288400
275.310400
275.317900
275.328900
275.943950
276.052800
276.058250
276.372650
276.454800
276.585750
277.022600
277.025600
277.192900
277.488350
277.491600
277.688850
277.694400
278.457100
278.484600
278.640600
278.928600
279.023800
279.031950
279.114650
279.636600
279.640300
280.474900
280.604550
280.796550
280.801850
281.225250
281.392000
281.565500
281.592750
282.024050
282.325450
282.329700
282.332600
282.822200
283.214400
283.217300
283.225400
283.244650
283.260900
283.266600
283.567950
283.608150
283.647150
283.880050
283.886450
284.334050
284.420600
284.833800
284.913600
285.091850
285.261300
285.298450
285.427300
285.545900
285.728050
285.733350
286.190650
286.357400
286.505400
286.646200
286.837250
287.150600
287.809800
287.815400
288.200550
288.212650
288.797650
289.326450
289.490400
290.839100
290.917950
291.017700
291.032350
291.149900
291.197700
291.571300
291.847350
291.850650
292.127200
292.227900
292.564400
293.172100
293.293200
293.299950
293.305200
293.311450
293.317050
293.454250
293.459750
293.549500
293.824400
294.013850
294.194150
294.196750
294.316800
294.322100
294.331450
294.340500
294.351000
294.365100
294.393850
294.397550
294.406000
294.453350
294.464650
294.645950
294.649800
294.656800
294.661700
294.883900
294.886550
294.922350
295.036700
295.064050
295.074600
295.467800
295.678500
295.690250
295.693050
296.344300
296.424650
296.459350
296.509400
296.513550
296.516600
296.599550
296.738250
296.757250
297.309550
297.321900
297.428800
297.534300
297.825650
297.965250
298.705700
298.712650
298.723550
299.165250
299.172350
299.230100
299.414300
299.537050
300.067500
300.070600
301.299550
301.578750
302.011100
302.458300
302.475500
302.691650
302.970850
303.484050
303.636850
303.759750
303.766050
303.792950
304.395400
304.718550
304.727350
304.754050
304.879250
304.884650
304.894300
305.353800
305.380200
306.669350
306.674750
306.827050
306.842700
307.189500
307.227400
307.254300
307.260150
307.357550
307.430500
307.440700
307.791800
307.794550
308.363600
308.486450
308.491550
308.497200
308.508800
309.402550
309.879600
310.166700
310.169450
310.905450
310.986500
310.999300
311.914000
312.137600
312.920900
313.224300
313.279650
313.616250
313.643650
314.573100
314.576000
314.582850
314.587050
314.645500
314.661650
314.668850
314.793200
314.798600
314.808950
314.822700
314.905450
315.415400
315.418300
315.425700
316.119550
316.122150
316.258300
316.261750
316.264000
316.289900
316.824750
317.399550
317.453200
317.608600
317.962600
318.284000
318.332500
318.335450
319.019100
319.358450
320.360400
320.363650
320.586500
321.652100
321.655950
321.658750
321.704700
321.970400
321.978900
323.345700
323.744800
323.747650
324.087200
324.089950
324.093200
324.095950
324.113900
324.252950
324.264350
324.714500
325.710000
326.045300
326.051400
326.321900
326.480450
326.486250
326.508350
326.580750
326.977150
327.402850
327.505150
328.386650
328.403400
328.413800
329.245250
330.040700
330.231000
330.497900
330.507800
330.528350
331.050000
331.174800
331.178150
331.315750
331.320600
331.329750
332.640700
332.792000
332.853850
333.073300
333.076350
333.265250
333.505250
333.616150
333.623300
333.954050
334.013500
334.221050
334.260000
334.262700
334.266150
334.947550
334.953450
335.662150
336.062050
336.234250
336.240450
336.534400
336.800350
336.975100
336.986750
337.186400
337.323050
337.494000
337.507800
337.601750
338.909400
339.059600
339.072200
339.087900
339.093300
339.095450
339.112000
339.483700
339.487200
340.044950
340.057500
340.504100
340.856950
341.180650
342.522900
343.096400
343.239800
343.244600
343.402700
343.737850
343.744950
343.861500
343.960200
345.312200
345.991900
346.774400
346.777350
347.137650
347.861000
348.114800
348.130050
348.319800
348.344050
348.760500
349.028700
349.163100
349.165900
349.364850
349.499200
349.553750
350.082500
350.193950
350.529250
351.015300
351.039250
351.143800
351.149550
351.545100
351.967800
351.975400
352.337050
352.339850
352.549900
352.769900
353.451800
353.555600
353.579950
353.871800
353.931350
354.586000
354.910900
354.932050
354.939000
355.342300
355.605000
355.994400
355.997450
356.212500
356.971200
357.560800
357.564050
357.931400
357.936350
357.949000
357.955250
358.247150
358.768400
358.835600
359.192250
359.233650
359.521950
359.524400
359.923100
359.925800
360.674900
360.685850
360.732150
360.741500
360.744500
360.747900
360.764400
360.771000
360.868500
360.872450
360.878550
360.890800
361.075600
361.568250
361.570900
361.574350
361.719000
361.724750
361.976450
362.458000
362.474500
362.707850
363.091350
363.352100
363.355400
363.386800
363.488800
363.493450
363.498600
363.504100
363.512000
363.516650
363.591450
364.223250
364.235250
364.237500
364.249100
364.652100
364.759600
365.299800
365.304800
366.217300
366.357150
366.388600
367.080950
367.514400
367.671450
367.810900
367.823750
367.849700
368.132750
368.138100
368.156450
368.840750
369.059850
369.395350
369.838900
369.972700
370.099100
370.869350
370.880400
371.842550
372.011800
372.014700
372.330750
372.567550
372.573800
373.070050
373.135250
373.291600
373.742850
373.777750
373.821050
373.834250
374.399950
374.870000
374.962750
375.352450
375.530600
375.784000
375.981400
376.219850
376.224650
376.855400
376.960500
377.270300
377.314150
378.431500
378.437550
378.618950
378.784250
378.788800
378.798700
380.368500
380.373800
380.559900
380.994350
381.007100
381.025400
381.124250
381.129400
382.160300
382.167050
382.172550
382.196850
382.320450
382.371300
382.451250
382.457200
382.646600
382.811600
382.889850
383.009400
383.016450
383.406600
384.204800
384.398150
384.750000
385.159600
385.168600
385.174700
385.188050
385.213000
385.316850
385.360000
385.854100
386.099650
386.108050
386.111700
386.166150
386.168600
386.171150
386.529650
386.535150
387.189250
387.205350
387.594800
387.745100
388.385300
388.402450
388.550550
388.633250
388.676950
388.742700
388.781800
388.953500
389.005650
389.263900
389.355450
389.581350
389.639200
389.986850
390.020250
390.192400
391.074100
392.046950
392.050150
392.065600
392.082600
392.137500
392.225650
392.257550
392.860050
392.863750
393.352700
393.630000
393.635900
393.708200
393.825550
393.831100
394.177900
394.216900
394.496750
394.503000
395.432500
395.460050
395.462700
395.472250
395.712100
395.772350
395.907300
395.912600
396.304250
396.455850
396.460800
396.592550
396.597100
396.602750
396.619550
397.726550
397.746250
397.761600
398.521400
398.542200
398.549500
398.583700
399.491300
399.758350
400.424300
401.024000
401.600400
401.960700
402.305300
403.117900
403.668650
403.783550
403.786100
403.808850
404.044350
405.450300
405.456250
405.938850
405.972750
406.116900
406.138850
406.486500
406.700000
407.020250
407.119750
407.127700
407.674000
407.676400
408.262900
408.492700
408.813200
408.905250
408.907700
409.109500
409.115050
409.456450
409.459400
409.718800
409.823350
409.954350
409.970900
410.197000
410.842400
411.107050
412.131350
412.160950
412.466400
413.397600
413.400150
413.695200
414.510900
415.348100
415.920750
416.489950
416.790200
418.165900
418.168400
418.559400
418.882500
419.309650
419.463400
419.470650
420.513050
420.970700
420.973850
421.678800
422.040500
422.049950
422.358500
422.439150
422.498450
423.647450
423.722100
424.056350
425.697300
425.706500
425.717150
425.727350
426.166200
426.171700
427.500000
427.518700
427.689600
427.694550
427.705100
427.900100
427.907150
428.018500
428.452250
428.707700
428.998050
429.006750
429.977000
429.995000
430.023450
430.206800
430.508900
430.774400
431.348500
431.549250
432.017300
432.244600
432.293200
432.477500
432.483500
434.568800
435.366150
435.799850
435.891800
435.907950
436.682850
436.688100
436.692250
437.131950
437.331650
437.341600
437.345700
437.348300
438.012500
438.173850
438.571600
438.591350
439.385700
439.829050
439.845950
440.113800
440.148150
440.305100
440.457350
441.914850
441.937050
442.693200
444.341000
444.369500
445.241350
445.383150
445.385800
446.590150
447.246950
448.317300
448.930300
449.417750
449.859800
450.186500
450.197100
450.200100
450.206650
450.212550
450.224950
450.230950
450.251250
450.262850
450.358250
450.459950
450.465250
450.471750
450.479800
450.576300
450.580450
450.642400
450.658300
451.970550
452.192200
452.204500
452.410200
452.416200
452.885700
453.796850
454.468900
454.653550
454.656450
454.686550
455.411600
455.719150
455.722650
455.839950
457.006200
457.009150
457.626350
457.635200
458.048050
458.050650
458.286400
458.969350
458.972450
459.407350
459.410150
459.590450
459.899600
460.456700
460.571500
460.648950
460.660550
460.746400
460.752050
461.020500
461.943200
462.298600
462.304900
462.607550
463.548400
463.860600
463.880800
463.914900
464.605950
464.609000
465.020700
465.148300
465.199150
465.439400
465.788350
465.980400
466.577650
466.593900
466.853700
466.893550
467.634550
467.642200
468.073100
469.049900
469.089150
469.092050
469.413600
469.770750
469.781050
470.478900
470.484950
470.856950
470.874650
470.895950
470.899600
471.128900
471.145650
471.148650
471.152700
471.200500
471.502000
472.901650
472.916550
472.924000
472.930300
472.937400
473.269100
473.379250
473.396150
473.411450
473.869950
474.642300
475.205900
475.215700
475.531150
476.108800
476.111750
476.117550
476.120600
476.142450
476.267750
476.274100
476.306700
476.322500
476.933550
476.950250
477.028650
477.753350
477.756850
477.953650
478.769400
479.412050
479.475300
479.478150
479.484800
480.460600
480.463650
480.992850
481.348800
481.441450
481.449000
481.854800
481.950700
481.956150
481.969250
482.695000
482.915300
482.919100
483.505650
484.006350
484.597100
484.603100
484.605200
484.623350
484.654550
484.707300
485.950550
486.389300
486.595050
486.598100
486.601850
486.608150
486.826200
487.820400
487.983150
488.261100
488.501250
488.668100
489.044200
489.077300
489.680850
489.715550
489.868050
490.031800
490.777550
490.783650
490.880250
491.089200
491.175150
491.179750
491.581900
491.982500
492.126100
492.714800
492.796150
492.799350
492.823450
494.499950
494.509400
494.738850
495.364900
495.370700
496.351900
496.357700
496.911850
496.917500
497.553600
497.664950
497.761400
497.768150
498.332300
498.390950
499.346850
499.352600
499.458150
499.469600
499.481900
499.743800
499.747450
499.839100
499.847700
499.988900
499.992850
500.081450
500.813850
500.922800
500.925850
501.686500
501.689250
501.702200
501.837250
501.867300
501.873950
502.583350
502.588600
502.787850
503.327650
503.336350
503.350400
504.049450
504.171350
504.917050
504.923200
505.322200
506.017300
506.579650
507.273100
507.275800
507.355650
507.454650
507.513250
507.519500
507.564850
507.739850
507.748150
507.996300
508.004250
508.383300
508.800200
509.358800
509.397100
509.403300
509.947750
510.319850
510.322500
510.362550
510.550550
510.574350
510.668800
510.673450
510.694500
510.706350
511.787300
512.265750
512.959850
512.962400
512.968950
513.540850
513.578300
513.966800
514.300300
514.468350
514.643100
515.048200
515.064350
515.485350
515.491000
515.494600
515.499300
515.506850
515.515650
516.007800
516.636700
516.642450
516.661500
516.685000
516.705550
517.065450
517.080650
517.090250
517.101700
517.449250
518.077250
518.389800
518.416350
519.382700
519.657150
520.222850
520.515950
520.541250
520.601600
521.214300
521.234650
521.408850
521.454250
521.457550
521.927950
522.432600
522.436450
522.725100
522.727900
522.965000
522.968400
523.394950
523.576800
523.622300
524.299350
524.308550
524.807850
525.341150
526.249950
526.973050
526.975950
527.221050
527.429950
527.681000
527.687700
528.157400
528.320600
528.323450
528.458750
528.945100
528.991300
529.371550
529.377300
530.122000
530.145800
530.202100
530.228250
531.546300
531.647700
531.832700
532.006050
533.013900
533.192600
533.400250
533.403250
533.786400
533.789450
533.872900
534.236300
534.239600
534.403800
534.409400
534.425500
534.509800
534.529950
534.889050
535.405350
535.414800
535.447000
536.020150
536.022700
536.026850
536.071750
536.796200
536.803650
537.222700
538.090650
538.832400
539.470900
540.652100
540.884150
540.886750
540.889800
541.241500
541.244150
542.483250
542.485800
542.844550
542.889850
543.552900
543.556050
544.196550
544.202600
544.326750
544.336900
544.814700
544.824800
545.463850
546.356650
546.369100
546.730550
547.089950
547.143700
547.147300
547.176150
548.276250
548.295150
548.332950
548.369450
548.375750
548.849300
548.855500
549.288850
550.268750
550.271600
550.275600
550.751100
550.858750
551.398400
551.693650
551.979950
551.987100
552.024600
552.077300
552.362450
552.367750
552.388750
552.830500
553.278800
553.642100
554.188200
554.424800
554.766250
554.772850
554.779650
554.784650
554.930850
555.256650
555.270150
555.309750
555.471900
556.981800
557.833700
558.382900
558.555600
558.944000
558.946950
558.991750
559.828050
560.042150
560.354450
560.452250
561.346400
561.440000
561.461900
561.467250
561.787050
561.792700
562.329400
562.332200
562.496000
562.750950
563.724300
563.730500
564.136350
564.141950
564.976700
566.441900
566.457850
566.728750
567.399250
567.614900
568.113550
568.442950
568.472700
568.476100
568.553900
568.822200
568.825300
569.011050
569.041500
569.045000
569.272100
569.415300
569.429100
569.869650
570.808350
570.894150
571.035350
571.045800
572.521550
572.608750
572.734950
572.738200
573.760000
574.295700
574.298500
574.717800
574.840450
575.656600
575.923150
576.661200
577.030300
577.054700
577.226450
577.229700
577.290400
577.298950
577.323650
577.508100
577.696100
578.435300
579.354500
579.473200
579.726350
580.542600
580.554850
580.585450
580.731950
581.672550
584.038700
584.048350
584.135550
584.835800
604.471250
612.774950
612.777900
612.959600
613.141450
613.144350
613.798200
613.831250
613.841150
613.844450
613.854150
614.703200
615.024200
615.063800
615.801750
616.079600
616.624650
616.631250
616.637950
616.889050
616.895200
616.951300
617.037750
617.657500
618.313150
618.424250
619.132800
620.050400
620.886450
620.889950
621.309300
622.312900
622.404450
622.407050
622.419600
622.424050
622.464650
623.161150
623.164600
624.031350
624.033900
624.151300
624.154900
624.164700
624.440650
624.474550
624.849850
625.808100
627.537900
627.576750
629.251100
629.254050
629.485750
629.636800
629.654400
629.661000
629.810500
630.008800
630.702750
630.705600
630.843850
631.207300
631.525000
631.896600
631.950150
631.952850
632.158950
632.184150
632.232000
632.676900
632.993450
633.346000
634.001750
634.004450
634.304350
634.671800
635.071100
635.223800
636.608650
637.123800
637.144250
637.453150
638.169100
638.175300
638.623500
638.628550
639.168000
640.323100
640.372900
640.396450
640.404250
640.683000
640.803050
641.163800
641.174900
641.587350
641.617350
641.620250
641.624150
641.676500
641.752050
641.760600
641.766000
641.771500
641.777400
641.786400
641.796600
642.823200
643.024600
643.936050
643.947300
644.368600
644.372400
644.512450
644.523400
644.935400
644.949750
645.256750
645.263450
646.764100
647.047850
647.835650
648.304250
648.944450
650.473850
650.481450
651.830450
652.148750
652.307650
652.313850
652.430850
652.506900
652.608850
652.617150
652.689650
652.789000
652.827500
653.344750
654.164500
654.205750
654.493450
654.629600
654.648900
654.828900
654.850250
655.824850
655.827600
655.975400
655.982400
655.987350
656.133850
656.140450
656.270350
656.303800
656.624000
656.691550
656.695000
656.951500
656.954300
657.748650
657.755150
657.771700
657.785150
657.821900
658.372400
658.374850
658.669000
659.529000
659.532300
660.025500
660.028300
660.255000
661.692000
662.669300
662.868800
662.889050
663.477550
663.656250
663.659300
663.789950
663.916950
664.562700
664.565250
665.042550
665.202300
666.114300
666.120200
666.132450
666.628900
667.144150
667.322800
667.332150
667.335050
667.351200
667.588600
667.982000
668.006150
668.067550
668.892550
668.897950
668.987650
668.995600
669.134950
669.345350
669.362950
669.487300
669.493150
669.498700
669.618750
669.625000
669.894600
670.055050
670.080350
670.626400
670.634150
670.679150
670.689300
670.919550
671.193700
671.305950
671.313550
671.463800
672.153450
672.169450
672.176250
672.517900
672.554750
672.557750
672.561350
672.677400
672.934100
672.937300
673.265000
673.498350
674.105700
674.124700
674.145850
674.543700
675.011200
676.276850
676.611800
677.078200
677.104100
678.350350
678.716550
678.722700
679.063500
679.066600
679.167550
679.597050
679.902450
680.288600
680.875400
681.676700
681.694850
681.803800
682.311450
682.748150
682.832200
683.023350
683.247400
683.462250
683.627900
683.947050
684.014350
684.286600
684.291350
684.304500
684.332150
684.433450
684.840550
684.874750
685.338650
685.341700
685.420150
686.031900
686.059900
686.666950
686.673500
687.148000
687.198000
687.310000
687.687150
689.188150
689.577700
689.580600
689.863800
689.990000
689.993550
690.873150
690.876200
690.879850
690.894650
691.115000
691.320550
691.790700
691.886650
691.891300
691.919050
692.298400
692.301850
692.768050
693.258950
693.289200
693.344900
693.831250
694.230800
694.843300
694.849950
695.273200
696.332700
696.354050
696.579850
696.701050
696.943800
697.105100
697.117700
697.312650
697.315550
698.225300
698.271450
698.503600
699.050800
699.056800
699.065100
699.374100
699.392550
699.967500
700.232450
700.389100
700.411000
700.567100
700.779450
700.807600
700.814900
700.884400
700.902950
701.307650
701.882650
701.915300
702.100450
702.429600
702.496200
702.499200
702.520850
702.749400
703.434000
703.654700
704.016000
704.345500
704.410000
704.950300
705.308600
705.388800
705.402100
706.348350
706.471150
707.186600
707.204650
707.593350
707.596250
708.156050
708.431250
709.382350
709.384950
710.325650
710.345200
710.832350
710.835050
710.837500
710.840800
711.655050
712.015700
712.377100
712.893050
714.087300
714.308050
714.311000
714.320300
714.852450
714.927900
715.546400
715.563750
715.571350
715.796300
715.808800
715.825900
716.318400
716.608000
716.900500
717.907600
717.910350
717.925450
717.967100
718.438700
718.449400
718.457750
719.283200
719.301250
719.305400
719.663100
719.666750
719.747900
719.978700
719.984850
720.119250
720.122850
720.404050
720.801100
720.804800
722.631250
722.636700
722.640150
722.879200
723.126050
723.985550
724.425150
724.428000
724.540350
725.049900
725.408000
725.536900
725.548150
726.151400
727.310600
727.678450
727.957750
729.638950
729.641900
730.375950
731.317150
731.319650
731.682950
731.698750
732.771450
733.278800
733.628950
733.632800
734.263750
734.276150
735.548900
735.554950
735.602750
735.610300
735.819200
735.945250
736.638750
737.314700
738.203350
738.213000
738.682950
739.196600
739.199350
739.297700
739.476000
739.491150
740.308200
741.305250
741.473600
741.476900
741.825600
741.899300
742.213950
742.368650
742.766750
743.200800
743.257750
743.744800
743.818650
743.821550
743.990350
744.081250
744.084100
744.093150
744.765000
745.048950
745.561500
745.804050
745.855600
745.860500
745.873250
746.514750
747.061100
747.144500
747.498350
748.028050
748.633950
748.790200
749.220150
749.596800
749.899100
749.924850
750.232800
750.360450
750.482900
750.641200
750.646700
750.682600
750.685350
750.776750
751.302450
751.335800
751.419250
751.719200
751.818950
752.138900
752.157500
752.250900
752.253900
752.275500
752.642900
752.816750
752.831700
752.850600
753.061500
753.123300
753.126650
753.279350
753.352000
753.694350
753.718750
754.005700
754.305000
754.689200
754.819150
755.692850
755.712500
755.719700
755.781350
755.973100
755.976000
756.039600
758.000800
758.371900
758.375000
758.603450
758.614600
758.620000
759.246050
759.361150
759.574550
759.700250
760.245800
760.887700
761.186050
761.293900
761.689300
762.160800
762.292400
762.548800
762.571300
762.817100
763.241500
763.248350
763.254600
763.272600
763.430500
764.139100
764.564850
764.762100
765.235500
765.409450
765.412550
765.438100
766.083600
766.920900
767.029650
767.709250
767.712450
768.309650
768.791750
769.482900
769.486550
769.570000
770.138550
770.180350
771.326250
771.807150
771.809950
771.830700
771.870600
773.986250
773.989400
775.561750
775.685950
776.585650
776.592150
778.224850
778.227400
778.483800
778.912300
778.916050
778.919250
778.966100
780.491950
780.497850
780.842200
780.911150
781.189450
781.192700
782.098850
782.653800
782.656800
783.503050
783.902600
783.909300
784.117200
784.248850
784.411200
784.431150
785.230150
785.237400
785.251100
785.254600
786.223150
786.226250
786.230100
786.236250
786.274800
786.281100
786.292250
786.703900
786.707500
787.440450
787.443450
787.758150
787.768150
788.236400
789.194900
789.201900
789.208700
789.664450
789.911700
790.200100
790.636050
790.640900
790.643750
791.553800
791.555950
791.574800
791.825500
793.241400
793.616500
794.039900
794.274300
794.278650
794.286900
794.796800
794.799550
794.808200
794.946400
795.226050
795.917800
796.885050
796.887850
796.892600
797.301900
798.183500
798.685400
799.008150
800.162850
800.166000
800.169850
800.599900
801.172300
801.644700
801.669750
801.939800
802.322100
802.325100
802.496450
802.501150
802.537300
802.557000
802.585150
804.046200
804.778950
805.223750
805.388550
806.638450
806.642800
807.142850
807.161650
808.357500
808.699700
808.747300
809.551800
809.585550
809.590450
811.501300
811.504350
811.512500
811.796450
811.818150
812.987550
813.180800
813.313200
815.390950
816.294000
816.327250
816.704300
816.775400
816.858400
816.903650
816.952500
817.339500
817.342200
817.429450
817.740100
817.999850
818.279350
818.375350
818.493250
818.528650
818.531250
818.827300
818.900950
818.955750
820.152350
820.416200
821.462350
822.378700
822.438050
822.603650
823.388550
823.644400
823.704000
824.015400
824.138950
824.175700
824.178400
824.683350
825.131350
826.056550
826.568750
826.572000
826.608550
826.655450
827.177150
827.620250
827.645800
827.668150
827.671400
828.576450
828.831550
828.901850
829.095200
829.327600
829.360900
829.806300
829.938650
830.078400
831.501500
831.827600
831.855350
831.869200
832.735800
832.870500
832.883800
834.481600
834.886400
834.889150
834.917450
834.976200
835.113150
835.220050
835.232100
835.241800
835.389500
835.772900
835.775450
836.061700
836.851200
836.943800
837.085550
837.316900
837.613000
837.627800
837.960750
837.963950
837.973250
838.339100
838.529800
838.834300
838.841050
839.129400
839.132200
839.461900
839.845250
839.851650
841.185050
841.525650
841.545350
841.689150
843.049500
843.052500
843.409150
843.411300
843.825700
844.001250
844.062350
844.065500
844.321250
844.605200
844.628050
844.645800
844.855900
844.862800
844.975700
845.614900
845.825500
846.128600
846.172450
848.490400
848.573200
848.576750
848.588650
849.366000
849.427350
849.981800
850.090200
850.094500
850.689050
851.195850
851.480750
851.585250
852.238450
852.247800
852.255600
852.808500
853.857200
854.628550
854.631700
855.239200
855.488600
855.644300
855.647300
856.440200
856.619500
857.085150
857.087950
857.950950
858.427700
858.962750
859.003400
859.452650
859.494350
859.498250
860.065600
860.781350
860.796750
861.109250
861.112200
861.115850
862.886900
862.895100
862.899550
863.210300
863.296350
863.941650
864.210950
864.267650
864.272950
864.394400
864.511750
864.515000
865.117500
865.142950
865.325550
865.637650
865.727500
865.731000
866.208300
866.211050
866.477150
866.650750
866.653700
866.662050
866.861800
866.865000
867.960700
868.743500
869.261750
869.275950
869.357800
869.547550
869.771700
869.776600
870.139350
870.156400
871.373600
871.381200
871.828000
871.870600
871.873500
872.657450
873.105700
873.108650
873.519550
873.588250
873.685350
873.887450
873.958450
874.336900
875.440050
875.597550
875.600600
876.122450
876.126350
876.128900
876.142300
876.169200
876.171350
876.174750
876.189100
876.198350
876.213600
876.330600
876.338200
876.745700
877.264800
877.347750
877.431500
877.434300
877.899700
877.902850
878.152200
879.101100
879.106800
879.120150
879.416250
880.548950
880.869200
881.186500
881.618100
881.949550
881.955600
882.150850
882.611650
884.656250
884.719850
884.736950
885.073100
885.280700
885.285100
886.440000
886.746200
886.820950
886.823800
886.898650
887.399450
887.404500
888.531200
888.536750
888.704600
888.711350
888.961000
889.075550
889.078300
889.815650
889.818500
889.889350
890.459750
891.355100
891.571950
891.615500
892.072650
892.075500
892.362900
892.562400
892.635700
893.231950
893.281350
893.299850
893.841600
893.847550
895.169950
895.409300
895.753650
895.760500
896.026950
896.104250
896.291350
896.296850
896.408700
896.600650
896.615000
897.348200
897.676900
897.690850
897.812650
897.981150
898.122850
899.398450
899.422100
899.424900
899.428450
899.753650
900.366550
900.597000
901.698750
902.116650
902.233400
902.858850
902.863200
902.881500
903.084450
903.087350
903.097500
903.103050
903.175650
903.570000
905.016200
905.022150
905.029700
905.034700
905.240400
905.294150
906.124700
906.127500
906.647400
906.744100
906.811400
906.818150
906.963250
906.967750
906.976300
906.991450
907.442200
908.630950
908.633700
908.716550
908.792700
908.799900
908.820350
909.005950
910.362200
910.381650
911.092050
911.124800
911.365400
912.417600
912.420550
912.831050
913.112850
913.115400
914.482900
914.607700
915.314500
915.707600
915.721200
916.915850
917.101700
918.022450
918.024550
918.034400
918.493800
919.188200
919.891550
919.897250
920.002850
920.031850
920.036400
920.187550
920.197150
920.834000
921.514900
921.517600
921.697050
921.726650
921.739250
922.170150
922.183500
922.381400
922.539200
923.528650
923.767800
924.001550
924.752050
924.755800
926.126300
926.129150
926.337600
926.545750
926.550600
926.560500
927.093850
927.101400
927.115750
927.141850
927.446000
927.691600
927.726750
928.107550
928.364450
928.597100
928.950550
929.189200
929.191800
929.968800
930.998200
931.655050
931.831300
931.834450
932.034850
932.096600
932.708850
932.720900
933.063550
933.283500
933.615100
934.167050
934.307150
934.699050
935.239000
935.680300
936.109800
936.526700
936.972450
937.009850
937.319150
937.967050
939.742450
939.932500
939.944500
940.246300
940.656700
940.707850
940.882950
941.080750
941.086100
941.107550
941.163250
942.278500
942.640850
942.680800
942.733300
942.739750
942.742900
943.196100
943.497050
943.883000
943.886150
943.901550
943.904450
944.245450
945.361400
945.442100
945.600900
947.191400
947.815300
947.826300
947.977300
948.953900
949.349550
949.752000
949.776850
950.494650
950.497400
950.719150
951.402250
951.852400
952.062550
952.387700
952.393150
952.433200
953.018400
953.024150
953.053750
953.056950
953.155450
953.176800
953.542400
953.981350
953.989350
953.993300
954.898350
954.908250
954.916600
955.421550
956.086450
956.164950
958.020650
958.023650
958.415550
959.102250
960.351950
960.354850
960.370700
960.736300
960.982000
962.550050
963.395850
963.831800
963.834050
964.397100
964.458550
964.691400
964.700350
964.706350
964.763300
964.766850
964.781800
965.031550
966.416050
966.428600
966.758200
966.898500
967.467850
967.566150
968.366100
968.411300
968.688800
969.006500
969.555850
969.619400
969.652150
969.741350
971.086450
971.446650
971.596200
971.603400
972.139750
973.007600
973.524200
973.668000
973.674750
974.027800
974.110350
974.113100
974.117350
974.526300
975.249150
975.255950
975.461200
975.464100
975.518150
975.522500
975.529350
975.532050
975.582700
976.062650
976.068250
976.093600
976.800700
976.962000
977.313550
977.784750
977.825450
978.314650
978.320250
978.640650
978.929300
979.390500
979.441450
979.481950
979.600650
979.603850
979.609850
979.739950
980.050900
980.696300
981.220650
981.360650
981.756250
981.984450
982.403350
982.406500
982.409900
983.619700
983.894200
983.897600
984.497600
984.749750
985.063500
985.471000
985.595950
986.180050
986.284150
987.345250
987.581150
987.584250
988.367850
988.370900
989.282000
989.285500
989.306350
989.380600
990.130350
990.597850
990.601450
990.631800
990.657800
990.865000
990.868000
992.416350
992.474650
992.491050
992.900700
993.289750
993.303600
993.351750
993.619350
993.622350
993.632300
994.280150
995.347350
995.519600
996.358050
996.627500
997.358050
997.821000
998.053500
998.056500
998.600500
998.604350
998.813050
998.816350
998.912800
999.131900
999.274850
1000.178800
1000.191350
1000.515650
1000.536850
1000.967900
1001.515350
1001.538800
1001.544400
1003.372950
1003.400750
1005.707300
1005.712650
1005.767900
1005.771300
1006.235100
1006.248950
1006.258300
1006.592600
1006.786550
1006.819450
1006.991400
1007.067050
1007.095750
1007.100150
1007.107250
1007.639800
1007.642700
1008.301300
1008.306900
1008.320100
1008.336650
1008.774600
1008.788650
1008.988850
1009.309650
1012.069150
1012.273400
1012.288700
1012.552550
1012.941100
1012.947400
1013.106050
1013.876700
1014.125100
1014.407750
1015.246350
1015.248750
1015.267900
1016.241950
1016.315700
1016.341150
1016.572650
1016.579550
1016.630650
1016.729300
1016.822800
1017.387700
1018.304700
1018.743500
1019.104300
1019.110100
1019.392300
1019.676100
1019.740650
1020.586100
1020.983800
1021.434500
1021.439850
1021.443350
1021.462300
1021.466300
1022.363550
1022.423700
1022.856500
1023.366650
1023.373500
1024.168250
1024.375250
1024.382300
1024.394000
1024.596000
1025.186700
1025.877500
1027.397850
1027.665650
1029.560050
1029.566850
1029.883750
1029.886450
1030.488500
1030.765850
1030.900550
1030.905050
