14.107900
14.113950
17.879950
17.885700
18.393350
18.396950
18.409800
21.202850
21.206050
22.888100
22.890850
22.906500
24.794150
24.797200
25.020200
26.721550
26.724450
26.988350
26.991450
29.144400
29.146850
29.149700
33.908400
34.245950
34.248600
41.021800
41.024400
41.027500
41.902750
41.918200
42.876500
42.879100
42.894000
46.209400
47.240300
47.741200
47.744350
47.922800
47.925400
47.928600
47.941100
48.658200
49.562750
49.764800
49.768050
51.407400
51.410650
52.344700
52.359950
53.352100
55.638750
55.641800
57.392800
57.395450
57.412250
58.350000
58.352850
58.772500
58.778000
58.962900
58.965900
60.244500
60.247150
60.753750
60.756950
61.032200
61.035200
61.761600
61.764450
61.786150
63.224050
64.371350
64.374150
65.340950
65.344750
65.465650
65.468350
65.480200
66.264400
67.706600
67.709550
67.723350
67.913850
67.916550
68.363950
69.762100
69.764650
73.322100
73.926700
75.520400
76.861550
77.812900
87.784550
87.787000
87.790050
87.793350
88.795000
88.797750
90.643000
90.645600
91.356600
91.638500
92.396450
92.399050
92.781450
92.784750
93.326800
93.358350
93.626300
95.128400
95.131200
95.536100
95.799550
95.802300
96.011550
96.017000
96.699800
96.702650
96.713500
97.000700
97.003500
98.333850
98.336450
99.622650
99.624850
99.627950
100.520100
100.524050
100.527900
100.904850
101.699600
102.163150
102.166000
103.491050
103.494250
104.139900
104.142800
105.515650
105.518200
105.520950
105.524650
106.049850
106.053600
106.064600
106.068000
107.420350
107.423350
107.454950
109.001650
109.004400
109.023900
109.227950
109.493800
111.008150
111.011050
111.015700
111.507400
111.942550
112.185550
112.189100
112.806950
112.809850
112.813300
113.146050
113.149700
115.232300
115.376450
115.385200
115.388600
115.396650
117.045550
117.049200
117.823650
118.778950
118.782450
118.861700
120.585950
122.054700
122.057800
122.090950
122.708500
122.711050
123.119850
123.122750
123.348400
123.351400
123.672000
123.674700
123.879200
123.882100
124.210250
124.452000
125.296550
125.810300
126.322400
128.102700
128.175600
128.179050
128.377550
128.380150
128.387050
128.907200
128.910200
129.567650
129.711300
129.714600
130.317000
130.319600
131.022800
131.026050
131.523750
132.192550
133.822700
133.829600
133.845750
134.210950
134.379900
134.389550
134.397150
134.745850
134.748400
134.752150
135.515050
135.518150
136.140000
136.142800
136.161050
136.423900
136.431400
136.928850
137.244800
137.585050
137.773950
137.780950
138.364050
138.367150
139.077400
139.087600
139.297650
139.707900
139.711900
140.067550
140.759500
140.763500
141.239800
141.243050
142.884550
142.911450
143.104450
143.793150
145.246900
145.249550
145.252600
145.618250
145.621450
145.859250
145.873750
146.109600
146.226800
146.229800
148.632500
149.138050
149.141150
150.232650
150.235200
150.238300
150.282800
150.298600
150.728700
150.731200
150.735000
151.287000
152.061400
152.064100
152.070400
152.827050
152.830250
153.512800
153.515450
154.274950
154.278300
154.818350
154.824500
155.661550
156.384050
158.402450
158.874000
159.258450
159.261850
159.409000
159.630000
159.633500
159.853800
159.857050
159.866150
159.887350
161.324150
161.326900
161.330550
161.544350
161.547950
161.577500
161.985600
161.989050
162.052200
162.054800
163.010600
163.422850
165.395600
165.398150
165.413700
165.438500
165.784200
166.347800
166.938300
166.941200
167.336550
167.338900
167.344850
167.575350
167.581850
168.249650
168.252550
168.720400
168.722900
168.961500
169.892850
169.895900
170.300350
171.839100
171.841550
172.453450
172.455900
172.458900
172.659500
173.512000
173.515350
173.675250
174.938200
174.942200
175.394900
175.855350
176.572500
176.575700
177.029150
177.116750
177.119800
177.131550
177.845450
178.074450
178.289200
178.922050
178.924950
179.697650
180.231450
180.234450
180.523050
181.920150
181.997400
182.568150
182.571850
182.586150
183.711850
183.946200
184.186950
184.376500
184.700750
185.233700
185.716550
185.719300
186.243100
186.245950
186.802250
187.638750
187.924200
188.188350
188.958150
189.047100
189.572750
189.575550
190.281750
190.508250
191.294000
191.296900
191.696000
192.923400
192.927050
192.931650
193.387750
193.536150
193.544000
194.228200
194.592000
194.594550
195.251350
195.254350
195.330050
195.922700
196.160050
196.740050
197.077850
197.080700
197.633450
197.643300
198.402500
198.867400
198.898650
199.071600
199.074900
199.714150
201.246750
201.249700
201.677300
201.929750
202.113150
202.115600
202.119600
202.366450
202.858950
202.862500
203.082100
203.562400
203.774300
203.777200
203.781050
204.073000
204.078700
204.093100
204.584950
205.208300
205.468500
205.486300
205.684200
206.011600
206.014600
206.615600
206.735000
206.744550
206.840500
207.116200
207.409750
207.422050
208.012650
208.370750
208.373350
208.755000
208.757500
208.968250
209.001700
209.604300
209.611300
209.733750
209.929350
210.173950
210.176400
210.179400
210.455600
211.176700
211.183950
211.374150
211.377850
211.855950
212.620850
213.086400
213.089300
213.193900
213.196700
213.200000
214.556500
214.559250
214.562900
215.187550
215.201800
215.315900
216.219250
216.460050
216.462800
216.820850
216.824050
216.827650
217.323600
217.325950
217.602400
217.901350
218.063050
218.130650
218.386700
218.392900
218.405850
218.831950
219.011300
220.725450
220.730700
221.275900
221.855200
222.291300
222.358250
223.050200
223.564700
223.575000
223.932100
224.435350
224.886250
224.923500
225.189700
225.490100
225.834000
226.089450
226.710100
227.006600
227.037700
227.412050
228.349850
228.776600
229.041750
229.187050
229.513200
230.047950
231.200300
231.594950
232.368850
232.371850
233.172750
233.175400
233.197000
233.200600
233.601250
233.604100
234.445950
234.448600
234.463750
235.039950
235.052800
235.609750
235.618700
235.800400
236.475900
236.985400
237.415250
237.563750
237.860300
237.863400
238.171650
238.335800
238.339350
238.399000
238.552500
238.556150
239.332000
239.714900
240.127650
240.130550
240.229900
240.583550
240.819600
241.320500
241.323150
241.326400
241.612850
241.750050
241.757400
242.303600
242.490850
242.761700
243.242750
243.549600
243.816850
243.958850
243.962300
244.011000
244.014350
244.454800
244.458200
245.453450
245.456350
246.086450
246.089500
246.445250
246.448700
246.560350
246.649750
246.652650
247.087900
247.093850
247.123200
247.468200
247.663450
247.677950
249.421100
249.521100
250.264800
250.270600
250.682450
250.684850
250.688300
250.908650
251.067200
251.073000
251.885500
252.535850
252.538600
253.007500
253.010500
253.126800
253.592400
253.598700
254.078000
254.246100
254.665300
254.740750
256.410750
256.895700
257.036150
257.038850
257.049150
257.253500
257.623900
257.626600
258.223300
258.226250
258.313400
258.702800
258.705500
258.794850
258.831200
259.088850
259.284850
259.870500
260.081050
260.091550
260.548250
260.550800
260.602100
260.605100
260.847550
260.851150
261.302500
261.400100
261.672600
262.087500
262.609450
262.881800
262.894400
263.910600
264.720700
265.122350
265.124950
265.626650
266.085200
266.396850
267.000000
267.284050
267.287050
268.012350
268.015450
268.027000
268.676150
268.687900
269.411750
269.710050
269.713000
270.083000
270.334550
270.337800
270.971400
270.974300
271.017800
271.024350
271.075450
271.105950
271.907600
271.939700
272.179100
272.182000
272.667150
273.181300
273.330200
273.333750
273.462400
273.520250
273.734550
274.104250
274.106800
274.378100
274.445300
275.283700
275.286500
275.292750
275.690200
275.692900
276.153200
276.565150
277.225550
277.229550
277.392850
277.956500
278.162900
278.582350
278.590700
278.784800
278.828550
279.291550
279.294000
279.492000
279.610450
280.183200
280.200850
280.431850
280.434600
281.129350
281.288150
281.291050
281.358900
281.448300
281.689500
281.692550
282.375850
282.592100
282.605950
282.808350
283.668250
283.746450
283.750250
283.784750
284.083350
284.464400
284.467850
284.656100
284.962900
285.204650
285.659900
286.084800
286.138600
286.170200
286.337000
286.426500
287.042900
287.650800
288.080050
288.290850
288.525050
288.690650
289.030400
289.275200
289.721300
290.112650
290.513750
291.055850
291.442200
291.446300
292.450650
292.502900
292.821600
292.835300
293.727600
294.600350
294.605750
294.614700
294.750250
294.753500
295.430700
295.510000
295.647850
295.650700
295.736950
296.135650
296.719700
296.722150
297.448050
297.930000
297.932700
298.288300
298.290900
298.306900
298.727950
298.972100
299.243600
299.246950
300.223350
300.299500
301.233200
301.235850
301.716350
301.802500
301.809400
302.209600
302.629750
302.944400
302.947200
303.881450
303.914750
303.917450
304.146200
304.471450
304.475450
305.359850
305.363100
305.380000
305.684000
305.911450
306.634600
307.368200
307.386450
307.496400
308.168300
308.172300
308.447000
308.888800
309.521200
309.524450
309.843800
310.276900
310.592850
310.595800
310.599450
310.937250
311.171400
311.174250
311.245550
311.248850
311.711900
311.880650
311.993600
311.996550
312.525950
312.530150
312.893100
313.367600
313.437600
313.722200
314.453900
314.457200
314.555500
314.710050
314.713000
315.076250
315.443600
315.498250
315.859400
316.747800
316.750150
317.276450
317.280350
317.299450
317.822750
317.826200
317.888750
317.892150
317.929900
318.245000
318.247750
318.778300
320.422800
320.654500
320.932750
321.231350
321.885550
322.172250
322.175450
322.626500
322.632150
322.641550
322.951150
324.019400
324.300050
324.500600
324.504100
324.838200
324.841000
325.322350
325.510650
325.697000
325.699800
326.238800
326.241850
326.404850
326.452850
327.234750
327.246850
327.502850
327.648350
327.971900
328.742800
328.746150
328.757000
328.989550
328.992150
329.265900
329.790700
329.799250
329.802400
330.375450
331.755750
331.977250
332.335000
332.337850
332.699250
333.066150
333.200550
333.418050
333.797900
334.400200
334.403150
334.408200
334.979300
335.765150
335.786200
337.393450
337.808550
338.625950
338.629350
338.835050
339.183950
339.186700
339.821950
341.036300
341.343500
341.346600
341.588550
341.735600
341.946950
342.007750
342.010850
342.530400
342.691600
343.259900
343.262800
343.414550
343.417600
343.454400
343.960700
343.963400
344.142950
344.242600
344.726500
345.099900
345.103000
345.488600
346.131100
346.151150
346.319400
347.620100
347.626400
348.561500
348.583200
349.141650
350.210600
350.515700
350.945050
351.431750
352.439100
352.826750
352.829900
352.841200
353.067450
353.379750
353.429850
353.439650
353.459850
354.011150
354.298000
354.491800
354.494750
354.680450
355.249150
355.797200
356.677800
356.823050
357.779900
358.207600
359.019500
361.042500
361.354350
362.061050
362.668900
363.935750
364.937900
364.940750
366.027100
366.954300
366.968350
367.237450
367.962250
369.873300
370.706350
370.999000
371.244050
372.562150
372.569600
372.633250
372.635950
372.647500
373.163750
373.462600
374.444600
375.043100
375.319900
375.325350
375.697550
376.261000
376.774850
376.778100
377.161350
377.164100
378.190400
378.711350
379.933600
380.234400
380.239600
380.305250
380.335850
380.845450
381.925850
382.626700
383.025650
383.249950
384.276200
384.445050
385.540450
386.379200
386.382250
386.743200
386.839600
386.842450
387.104500
387.824950
387.840050
388.473050
389.903950
390.216400
391.684450
391.687700
392.493200
392.497050
393.323600
393.326800
393.579450
393.786450
394.274200
394.600550
395.761050
396.267900
396.639150
397.273650
397.915200
397.918300
398.581600
399.613700
399.788850
402.424200
403.255150
403.257850
403.261850
403.347350
403.882400
404.188850
404.572850
404.577000
405.099300
406.160000
406.815400
407.783600
407.790100
407.909150
408.828350
408.980650
409.311000
409.376100
409.387750
410.378300
410.706750
410.709700
410.805550
411.225850
411.249650
411.941000
412.561750
413.233950
413.564300
413.721400
414.733850
414.737150
415.208950
415.233350
416.820550
417.865800
418.945550
419.183650
420.039050
421.014850
421.018150
421.050300
421.500750
421.649900
422.237300
422.243250
422.515100
422.676150
423.088100
423.095100
423.874350
423.876850
424.213300
424.546400
424.549950
424.904400
425.273200
425.296250
425.746300
425.937450
425.940500
426.019550
426.023250
426.425650
426.478850
427.014400
427.381700
427.850450
427.857450
427.862300
428.814200
429.509300
429.520050
430.894000
431.309150
431.612600
431.615050
432.610700
432.928100
433.168100
434.036550
434.039900
435.063600
436.198100
437.274400
437.316350
437.836050
438.091650
438.241050
438.977450
439.217400
439.220600
440.403400
440.828100
441.053500
441.415400
441.906250
442.050100
442.836550
442.839250
443.353000
443.800300
444.154350
444.157000
444.632650
444.635850
444.939450
444.942300
445.729850
445.903500
446.633150
446.654400
446.738500
448.355650
448.825850
448.829300
449.342400
449.566550
449.937000
451.223600
451.735200
451.738100
453.717000
454.168000
454.544950
455.760000
456.058800
456.643350
458.633050
458.878500
458.892150
459.301500
459.304750
459.974700
459.985400
460.402150
460.927750
460.930050
461.643800
461.652550
462.469700
462.472500
463.137900
463.140600
463.762200
463.775500
464.112600
464.133350
465.495400
465.819300
465.822300
466.015100
466.018100
466.143050
466.662050
466.665300
467.112700
468.495250
469.990850
469.993800
470.634150
470.919250
472.046050
472.137250
472.491850
472.924300
473.171800
473.175500
473.957400
474.159800
474.196700
474.889600
474.892450
474.896100
475.724350
476.764800
477.162400
477.403800
477.603050
478.081000
478.992350
478.995100
479.027500
479.187800
480.778200
480.797700
480.938400
481.208600
482.415250
482.417850
482.871550
482.874600
483.925500
483.935800
484.112600
484.424300
485.355050
486.431750
488.102550
488.105900
488.128850
488.587250
490.000800
490.256650
490.567950
490.789400
492.607900
492.627850
493.081250
493.084700
493.382950
493.916500
494.222350
494.776600
494.965400
495.124350
495.379450
495.404250
495.439200
495.892600
496.008900
496.444300
497.681250
498.265750
498.728450
498.754350
499.141100
500.041900
500.840450
500.847050
503.345450
503.348300
504.695950
504.894750
505.277600
505.280400
505.283750
505.290150
506.503400
507.529150
507.928650
508.161500
508.447700
508.844600
509.374800
511.009250
511.579950
512.001950
512.950050
512.961100
513.220750
513.487650
513.497250
514.016750
514.028550
514.357800
514.804500
514.918550
514.960050
515.758000
516.426850
517.855450
517.858300
518.762900
518.765450
520.324050
520.355250
520.742200
521.103150
521.602950
522.756100
523.056750
523.160800
523.164100
524.119650
524.889950
525.148950
525.182900
525.789800
526.146700
526.150400
526.662900
526.836650
526.839700
527.120000
527.463250
527.466100
527.716200
527.718900
528.174600
528.190000
528.681400
528.684700
528.726950
528.731150
530.418200
531.418500
531.967050
532.750400
533.198050
533.886000
535.101400
535.130450
535.661200
535.948650
536.634050
537.491000
538.028250
539.175900
539.178550
539.181600
539.938600
540.676850
540.937100
541.454700
541.583950
541.587200
542.822100
543.163550
544.097000
545.096500
545.101650
545.443000
545.925350
547.288400
547.465650
547.548950
547.551650
547.911850
547.968800
548.982550
548.985300
549.728700
549.744100
550.445500
550.933500
551.136000
551.282100
552.149700
553.229100
553.732700
553.823700
554.816750
555.795450
556.264950
556.876000
556.879000
557.767700
558.206350
558.368950
558.372300
558.782550
560.347400
560.808750
561.305950
562.284300
562.287550
562.664800
563.093000
563.104650
563.505350
563.508650
563.639000
564.126000
566.291900
566.620400
566.623350
566.776200
566.779300
566.807100
567.774500
567.858650
568.802850
568.805400
568.859700
569.272100
569.911750
570.422900
570.626550
570.838250
571.260050
571.984650
574.338900
574.341950
574.691350
575.457800
576.116100
576.119000
576.548400
576.742800
576.880100
576.902050
577.036050
577.049950
578.902300
579.184700
579.187600
581.192000
581.442100
581.922150
583.413300
583.415850
583.516750
584.045100
588.688350
589.872450
590.121950
593.291750
593.304300
593.328800
594.468300
597.849150
598.433250
598.742300
599.840000
599.868900
600.988550
601.133250
607.241300
608.024700
608.962050
609.905650
610.685250
611.001400
612.517150
614.139000
614.142850
614.488400
614.846700
615.736500
616.740800
616.743600
617.032400
617.099500
617.811200
617.814000
617.820750
618.987250
619.180450
619.183050
620.538300
622.144550
622.944300
623.420150
623.748600
624.711400
625.163650
625.564550
626.690600
627.729750
628.064950
628.685000
628.749400
629.912750
630.674300
631.083850
631.507550
632.077850
632.189350
634.719400
635.037050
635.488250
635.650250
636.377150
637.948300
639.243700
639.701150
640.956400
641.756600
642.156500
642.196500
642.199350
642.257150
642.707150
642.710100
642.727550
643.994100
644.217200
644.475950
644.478900
645.469950
646.395700
646.398950
647.572000
648.454950
648.458100
648.737050
649.025000
649.040550
649.184400
649.392700
649.795900
649.969600
650.999250
651.025150
651.477300
651.504850
651.589750
652.891850
652.894600
652.897650
654.363200
655.736950
656.728900
657.236350
657.305650
658.001850
658.260950
658.513300
658.699800
659.378900
659.567050
659.792200
660.815550
661.411500
662.969550
663.122000
664.010200
664.341200
664.566150
665.880150
666.675250
666.680550
666.683900
667.227100
667.442400
667.680350
667.855450
667.858800
668.410300
669.333550
670.415700
672.414200
672.419400
672.433450
673.305800
673.400800
673.520450
675.438450
675.916450
675.975800
676.991750
676.995150
677.164050
677.439350
679.736200
679.905100
680.454500
680.456850
681.119850
681.196600
681.199650
681.441250
681.452950
682.222300
682.532450
684.320700
685.704350
686.466950
686.983550
687.071300
687.074250
687.142700
687.519750
687.525850
687.529400
688.034800
688.037600
688.040850
688.173900
688.327950
688.330850
688.333850
688.600850
688.604100
688.631400
689.066250
689.072700
689.533850
689.660350
690.877550
691.152350
691.155100
691.454450
691.955100
692.625950
693.509300
693.544800
694.342850
694.346650
694.484550
694.915200
695.202900
695.894500
696.314500
697.536400
697.743000
697.746000
698.247550
698.387400
699.670850
699.673950
699.938300
701.025600
701.368800
703.755650
703.924100
704.135900
704.395950
705.211250
705.214900
706.255650
706.690900
707.869200
708.574250
708.837800
709.964650
709.977500
710.950400
712.957350
713.557200
713.688750
714.388750
714.395950
714.504750
714.510750
714.893450
715.404500
715.407000
715.631400
715.634150
716.143850
716.157550
717.754700
719.312200
719.953150
719.984100
720.011000
720.358250
721.654300
722.549600
722.567200
723.411450
723.546400
723.556500
723.591250
724.586400
725.325100
726.658550
726.662000
726.990950
727.640000
727.642750
728.218050
728.612400
729.760450
730.597600
732.015200
732.018250
732.025150
732.324750
732.971600
733.698100
733.701150
734.440300
734.694500
735.114400
735.117050
735.894550
736.502700
738.422250
739.463850
739.996700
741.603000
742.863900
743.019700
743.022950
744.111850
744.323700
744.347300
744.845600
745.303800
748.050550
748.660600
749.705350
749.708800
752.355050
752.357750
754.232350
754.529950
754.994200
755.645800
755.648650
756.531500
757.446400
757.710000
758.084200
758.317250
759.447800
759.450900
760.144650
760.441250
760.443900
760.715400
761.129050
762.363900
762.367100
763.275950
763.808250
764.344700
765.215050
766.152350
766.166750
766.170200
766.319850
767.950900
768.248850
769.328200
769.770800
770.151550
770.816400
771.682950
772.075900
773.178950
774.411350
775.692850
776.143700
777.109750
777.871200
779.293200
779.299500
781.410000
782.098900
784.904050
785.617800
785.882250
786.207750
786.646100
787.567350
787.596250
788.231700
788.234350
789.186850
789.822450
789.966300
789.969100
790.525900
790.546300
790.989850
791.469650
791.472950
791.767300
791.770100
792.204350
792.675000
793.133750
793.300950
794.909200
796.294650
798.013500
799.277950
799.942150
800.531600
800.534150
802.544600
802.547250
802.764100
802.785250
803.580650
803.618350
806.016200
806.019050
806.258400
806.710650
809.486350
810.448800
810.832900
810.835550
810.855650
811.172600
811.308800
811.311600
813.974800
815.350800
815.658400
816.398200
817.075650
818.322600
818.934950
818.978100
819.627750
820.520000
821.038700
821.738500
822.985900
823.367200
824.408950
825.016500
825.410750
825.818150
826.657200
828.750650
828.753300
828.756400
828.908950
829.360500
830.053450
830.373750
830.376950
830.826500
831.208050
831.438400
833.599200
833.838550
833.841800
834.289750
834.804150
835.712350
835.715450
836.198850
837.300650
837.304050
837.687250
837.690300
838.263600
838.955600
839.640500
839.910150
840.506100
840.945100
840.948050
841.614350
842.798800
843.234100
844.874200
845.136900
845.544050
846.215700
847.131450
847.134700
848.236200
848.984550
849.275750
849.278500
850.090900
851.829700
852.102700
852.105450
852.590350
852.593100
853.341100
853.876500
854.112100
854.531950
854.541850
855.899950
856.319150
857.643850
857.902600
859.107350
859.317900
859.321050
861.322150
862.423350
862.957600
862.960450
863.148650
864.000550
864.408550
864.800200
864.803000
865.464200
865.603750
866.796950
867.234750
868.530700
869.350650
869.497850
870.014250
870.866750
873.078600
873.084400
873.124300
873.127100
874.137300
874.714400
874.982800
874.986100
875.835750
875.839400
877.693800
877.836350
878.944300
879.493600
879.496350
879.844900
879.880050
880.656200
881.363100
881.365550
882.214800
882.787700
885.136300
885.138950
885.623650
886.902300
887.368900
887.389850
888.146050
888.292850
888.295450
888.306600
888.575150
889.165000
889.322700
890.227150
890.245450
890.972550
891.245750
892.011400
892.832800
892.835750
894.798950
895.898400
896.248400
896.590800
896.612350
897.386000
897.388900
897.643050
898.792550
901.742450
901.745850
902.496800
902.935650
902.938650
903.302250
903.305100
904.058650
905.170700
905.173650
905.423250
905.835600
906.144950
906.429700
907.670500
907.859800
907.862350
909.150150
910.613750
910.623700
910.912250
911.171750
911.224600
912.228100
912.928150
914.225900
914.228950
915.442250
915.531600
916.613100
917.108000
917.125550
917.165100
917.512750
918.160250
918.167000
918.985050
920.344700
920.737700
921.597600
922.616400
922.620100
922.920050
924.107650
925.128050
925.130800
925.526750
926.402250
926.404500
926.488850
927.472250
927.827400
927.830900
928.271200
929.622700
931.518600
931.618900
932.246250
933.967650
934.925750
935.315100
935.330350
936.020300
936.022650
936.756950
938.240750
939.903800
941.325550
943.241100
943.243850
945.144800
945.698900
946.786000
947.082900
947.086000
947.339600
947.872650
947.875400
950.117850
950.120400
950.123650
950.458300
950.462000
951.084800
951.576900
951.579750
953.449050
954.192900
955.317650
955.320450
957.321650
957.627100
960.358700
960.785750
962.353150
963.681800
963.684750
963.863100
964.333850
964.618950
964.918600
965.223800
965.226800
965.384600
965.387400
966.131650
966.248200
967.798050
968.029200
968.523250
968.529350
969.056200
969.407500
970.537100
971.470900
971.473900
972.604700
973.030050
973.368650
973.469250
974.556300
978.190900
979.241750
979.244800
979.552300
979.724200
980.512750
980.876350
981.399200
981.402100
983.178350
983.197900
983.209150
983.645450
983.659550
984.273400
985.647700
987.682700
987.739350
988.353800
989.499550
989.680050
989.863800
989.990050
990.013400
990.526500
990.693650
991.477850
992.923450
993.562950
993.565350
993.569000
993.733250
994.008550
994.011150
994.555500
995.341050
995.769900
996.983650
998.612300
999.874550
1001.192600
1001.208100
1001.759350
1001.762300
1002.019650
1002.553650
1004.545350
1005.838150
1006.479950
1006.549500
1006.552400
1006.852350
1007.394400
1008.779600
1009.741750
1009.836000
1011.149300
1011.151900
1012.149300
1012.152100
1012.735950
1013.378950
1013.399450
1014.223800
1015.845950
1016.357600
1016.402450
1019.598600
1020.789500
1020.792100
1022.000600
1022.003050
1022.669400
1023.072850
1024.417350
1024.568450
1027.474450
1027.664800
1028.320100
1028.928600
1029.645000
1029.650000
1030.486600
