2.157450
2.490000
3.068500
4.222350
4.817350
5.178950
5.189250
5.226150
5.292800
5.356800
5.888950
6.654350
7.561500
7.905350
8.286900
9.163500
10.208250
10.217000
10.235300
10.238850
10.244700
10.262000
10.274100
10.320900
10.334400
10.399450
10.475200
10.534400
10.587300
10.661250
10.698000
10.770800
10.845000
10.905850
11.011000
11.170750
11.228150
11.315800
11.412750
11.568100
11.619100
12.415450
12.841750
13.022850
13.729400
13.816600
13.883500
13.930350
14.418300
14.689650
15.177100
15.237050
15.742200
15.751650
15.756450
16.228850
16.385850
17.388900
17.708000
18.353200
18.401050
18.422600
19.444100
19.632550
20.211650
20.331450
20.356150
21.060850
22.083300
23.695700
25.750800
26.856250
27.357400
27.519400
28.527200
29.182850
29.539950
29.902900
33.229100
33.455650
34.163300
35.702550
36.403600
38.066750
38.630500
39.830450
44.910200
45.061200
45.073000
47.732300
47.825850
49.346600
49.813900
50.052950
50.489050
52.998000
53.944400
54.013150
54.272050
55.646800
56.890050
57.449000
58.770600
58.965300
59.147950
61.250500
61.709650
63.374750
63.383050
63.390450
64.445950
64.449600
65.908050
67.876750
68.106150
68.122050
68.151150
69.685000
69.882350
69.884550
69.909900
69.922600
70.248450
72.642400
75.000250
81.115100
85.363050
85.636750
86.482400
86.982650
87.278400
87.445800
87.582350
89.086000
89.089500
89.319200
90.447550
93.034400
93.213700
93.312700
93.326850
93.330250
95.134550
95.142250
95.606100
97.099300
97.335450
97.341350
97.355350
97.905500
97.923050
98.712350
99.160450
99.453750
99.479850
99.536450
99.634850
100.993750
101.567150
102.726850
102.968400
103.596050
103.600500
103.827350
103.910250
104.219900
104.786550
105.115600
105.553600
105.563750
111.194350
111.880600
111.939350
112.802350
113.645350
115.736600
117.357200
117.745500
118.623300
118.627600
119.177650
121.159650
121.167600
122.198750
122.455050
122.473600
124.084050
125.103800
125.808900
127.060300
127.107300
127.122150
128.005150
129.964450
132.139950
133.846700
135.391800
135.704850
136.184800
137.187750
137.200150
137.210600
137.479650
139.268750
139.282400
139.639150
140.328850
140.668300
140.674350
141.380150
141.558500
144.453400
144.800000
145.737950
147.641600
147.804700
148.066350
149.016900
149.070300
149.074700
149.092550
149.104700
149.198000
149.297400
149.331200
149.713350
149.785650
150.205750
150.284750
151.159800
151.371750
151.389350
151.392900
151.688200
152.539600
153.520750
153.723200
154.863350
154.865900
155.927150
155.933000
157.274800
158.101800
158.124850
159.020050
159.828250
160.510500
161.549700
161.560600
162.495950
163.000150
163.012550
164.114950
164.119550
164.680250
165.110200
165.514350
166.511200
166.529800
167.732600
169.013600
169.027800
170.795600
170.960950
171.663150
172.083950
172.394150
172.418650
172.902250
173.317050
175.590800
175.862600
175.919000
176.185150
176.495000
176.724650
177.331350
178.224550
178.508050
178.670350
179.354800
179.963000
180.766200
180.859550
180.892150
180.967750
181.598550
181.844950
181.972750
183.752050
184.020350
185.350200
187.164600
187.171200
187.190150
187.517700
188.016600
188.435850
188.985850
189.232950
190.069750
190.256000
190.772100
191.595550
192.180500
192.201500
192.371200
193.091400
193.602850
194.560500
194.566650
194.669800
196.158650
196.363700
196.458350
198.702850
199.228150
200.247700
200.757950
200.937600
202.370000
203.507150
204.305300
204.393250
205.266900
205.432650
205.897150
206.538450
206.866400
207.715450
208.779100
208.987200
209.608500
209.848500
210.063600
210.097400
210.150700
210.291950
210.372100
210.895550
211.117050
211.139150
211.192450
211.196300
211.200750
211.213500
211.323400
211.656900
212.107600
212.121500
212.126900
212.196650
212.199700
212.898800
213.445600
214.056750
214.815000
215.216350
215.651750
216.850600
217.890350
218.655950
219.118050
220.159750
220.190650
220.438200
221.075050
221.210500
221.514500
222.433050
222.763600
223.037000
223.676700
223.692500
223.720750
224.270700
225.104050
225.880800
227.575600
227.747650
227.952050
227.958200
227.963650
227.967650
228.087150
229.362100
230.408700
230.417350
230.921750
230.967750
232.293200
232.754950
233.626300
233.883700
233.980950
234.149300
234.347500
234.409800
234.420900
235.204250
235.734600
235.750850
236.074300
236.080450
236.142150
236.186350
236.416750
236.916350
237.078700
237.376250
237.488000
238.366250
238.651500
239.613850
240.009900
240.024400
240.028600
240.065550
240.069550
240.357350
240.611550
240.834850
241.396450
241.900250
242.191700
242.434700
242.739450
242.745200
242.749700
242.956150
243.046800
243.230850
243.271800
243.284350
243.763100
244.257700
244.591400
246.351100
246.535550
246.564750
246.574400
246.795100
246.922000
247.171750
247.174850
247.185000
248.579100
248.973000
249.621600
250.083000
250.102900
250.109700
250.124350
250.269050
251.323900
252.176000
252.316100
252.966000
253.706900
253.731100
254.182750
254.690950
254.704100
254.900750
255.123700
255.461000
255.768450
256.754200
256.766050
256.802850
257.245250
257.378350
258.326200
259.836750
261.100750
261.548900
261.716350
261.886450
263.043700
263.300200
264.113000
264.128350
264.288500
264.525850
265.128900
265.495150
266.639750
267.265350
268.226200
268.483350
268.662500
269.164800
269.716400
270.027950
270.037650
270.119650
270.406300
270.448250
270.888650
272.203050
272.402200
272.473100
272.594100
272.602800
272.660200
272.877300
273.185850
273.429050
274.219350
275.620850
276.441050
276.519800
276.579050
276.591800
276.848400
276.918500
276.956700
277.074000
277.812300
277.852900
279.334700
280.449300
281.027050
281.123050
281.440200
281.448750
281.650700
282.129150
282.366650
283.536500
283.552450
284.510500
284.581000
284.583700
284.699550
284.946350
285.179600
285.305350
286.197500
286.413900
287.759200
288.461850
288.566250
288.642250
288.717400
289.081250
289.232550
289.560000
289.883050
290.411350
291.499950
292.149800
292.421550
292.429300
292.805300
292.878450
293.083150
293.096600
293.312250
294.219750
295.387000
295.703950
295.886200
296.267450
296.270300
296.318650
296.587500
296.664300
298.033050
298.829500
299.085400
299.192950
299.270200
299.495850
299.808250
299.820950
300.280050
300.927700
301.549950
301.624000
301.825400
301.954300
301.958350
301.961100
301.967750
301.981150
302.138400
302.203250
302.434100
303.069000
304.040350
304.482900
304.488350
304.571150
305.400850
307.091750
307.495150
307.584850
308.457550
308.459650
308.769800
309.211150
310.156400
310.160100
310.890750
311.397750
312.694000
312.895100
313.225500
313.418700
313.483850
313.865550
314.466550
315.076450
315.092350
315.700700
316.031800
316.043250
316.054850
316.086700
316.101600
316.470600
316.555700
316.560000
316.657950
317.020150
319.600100
319.757550
320.059850
320.195500
320.867500
321.194450
321.346900
321.405000
321.519250
321.522250
321.528650
321.550150
321.557350
321.941050
322.240950
323.212350
323.556550
323.658600
323.835450
323.960900
324.443250
324.852500
324.964350
324.968400
324.987700
325.107850
325.212000
325.489500
326.274450
326.451150
326.773400
327.195400
327.447500
327.872850
327.911750
327.964700
329.641800
329.917050
331.297100
331.398800
331.864200
331.884600
332.627250
332.662200
332.793100
333.329800
333.340150
333.344750
333.874650
334.572250
334.588300
334.623900
334.935000
334.950400
334.953650
335.197950
336.753900
336.913300
336.956400
337.249850
337.585250
337.626450
337.634800
338.607350
338.896650
339.297450
339.456400
340.727300
340.981950
340.986400
343.418350
343.420800
343.738750
344.424600
344.466200
344.851100
345.501650
345.698500
345.847450
346.150100
346.468750
346.803550
346.977200
347.184000
348.197000
349.673650
349.681050
350.004700
350.025050
350.465350
351.108500
351.646050
352.253850
352.286450
353.158800
354.231250
355.465950
357.166350
357.726850
358.122200
358.885550
359.597500
360.814300
360.931900
360.972100
361.395500
362.193400
363.921550
363.947550
364.802550
364.808250
365.140950
365.483950
365.679850
366.181350
366.185150
366.348050
366.351900
366.354250
366.557950
366.747950
367.070700
367.221350
368.161250
368.711800
369.111650
369.816250
371.475450
371.491650
371.571700
371.755250
371.978200
372.188850
372.400550
373.204700
373.607050
374.160350
374.264250
374.819950
375.541150
375.779250
376.015800
376.257450
376.259550
376.570400
376.582750
376.683900
376.968150
377.719050
377.723500
377.733750
377.811900
377.946400
378.595000
379.068050
379.663850
380.998300
381.146650
381.206350
381.626400
382.700450
382.782250
382.934600
382.986600
383.674600
383.959200
384.326450
384.336800
385.073750
385.648450
385.750600
385.907550
386.591000
389.178150
389.568400
389.693600
389.866550
390.177500
390.180250
390.204400
390.212800
390.218100
390.516350
390.588400
391.250400
391.706700
391.711800
391.716550
391.722000
393.206300
394.334400
394.598300
395.221150
395.715450
396.350700
396.539000
396.719800
396.846300
396.944050
397.076950
397.340200
397.661300
398.244650
399.192750
399.492000
400.374150
400.436700
400.640650
401.494150
402.910650
402.914800
403.210550
403.483600
404.208550
406.375050
407.154250
407.205100
407.627750
408.237550
408.982500
409.669350
409.672800
410.040650
410.493650
410.533550
410.544300
410.599900
411.514100
412.190400
412.324100
412.771650
413.305050
413.561350
413.679900
413.922250
414.030500
414.104900
414.442750
415.353350
416.248450
416.294150
416.512250
416.640350
417.377200
418.220750
418.231850
418.611850
419.190000
419.199950
420.825950
422.236200
422.475450
422.661050
422.742100
423.784200
424.619300
424.673100
424.948700
425.416950
425.954800
426.026700
426.122900
426.202600
427.030700
427.824700
427.829000
427.960650
428.656300
428.706150
429.307900
429.507300
429.764850
430.621850
430.676200
430.850650
431.092150
431.529050
431.609050
432.210500
434.088650
434.457400
434.902450
435.091650
437.401150
439.936100
441.048700
442.148450
442.870500
443.677900
443.941800
444.520400
444.523350
445.655500
446.084750
446.237550
446.883200
447.550000
447.814950
448.299100
449.001600
449.367200
449.484150
449.540700
450.181400
450.381150
451.182550
451.206400
451.213100
451.759950
451.792100
452.614800
453.335850
453.347600
453.350000
453.966200
454.169750
454.244750
456.504950
457.071800
458.116900
458.393400
458.764150
459.853200
459.911550
459.915550
460.403450
460.730050
460.946200
460.956150
461.267600
461.689150
461.728700
462.057650
462.376950
462.637950
463.007100
463.117750
463.486300
465.192800
465.210400
465.319600
465.333650
465.393300
465.741400
466.076200
468.599650
468.901800
469.653250
470.098200
470.121250
470.666800
470.859500
471.579700
472.643400
473.155350
473.184900
473.425550
473.547550
473.625650
474.261400
474.370200
474.376600
474.964000
475.818600
475.861350
476.011100
476.015350
477.509450
477.909000
478.061100
478.115950
478.146600
478.633700
478.752950
478.912250
478.960000
478.964800
478.969650
479.078900
480.091150
480.118850
480.338350
480.366150
480.373950
481.375650
481.381200
481.951200
482.823900
483.924900
484.019800
485.572350
485.575550
485.584000
486.754800
486.958100
487.062050
487.089350
488.475850
488.640800
489.547850
490.001050
490.524300
490.909300
491.156350
491.615000
492.704600
492.710600
492.717100
492.721150
493.384000
493.583300
493.608750
494.332850
495.705750
496.079950
496.339700
496.577000
496.840500
497.385450
497.433550
497.820100
498.126100
498.471300
499.579500
499.994250
500.912550
501.322750
501.542200
501.582600
501.842700
501.849400
502.242550
502.489050
502.551850
503.893550
504.143700
504.370300
504.555450
504.590550
505.013400
505.017050
505.203700
505.256100
505.726750
505.963650
506.632700
506.855800
507.650300
507.973350
508.083600
508.183500
508.396350
508.437650
508.796500
509.220050
511.220800
511.555200
511.702200
512.059700
512.139400
512.162050
512.308500
512.608050
512.985700
513.671050
514.020800
514.529250
514.747000
515.015650
515.301500
515.379300
515.658050
515.818450
515.823750
516.384850
516.456750
516.865550
517.049800
517.553900
518.295150
518.762950
518.781350
518.795950
518.976100
520.733950
520.760400
521.923200
522.088350
522.569750
524.016450
524.404350
525.061550
525.109750
525.235800
525.404800
526.618650
526.801950
527.899850
527.905750
528.101600
528.162900
528.509200
529.355450
529.539100
530.539350
531.199550
531.724500
531.839000
532.112850
532.893800
533.067000
533.209400
533.532450
533.704950
533.741250
535.146200
535.266950
535.525900
535.848200
536.028150
536.125300
536.596200
536.642550
536.696500
536.916350
537.671100
538.012650
539.084050
539.231600
540.050050
540.062450
540.210000
540.457050
540.583700
540.661150
540.744300
541.368450
541.723800
543.191300
544.244100
544.327250
545.110350
545.643500
546.448550
546.451300
546.641350
546.736750
546.752650
546.780350
546.849450
547.243450
547.764950
548.631700
548.901600
549.464700
550.006800
550.038650
550.751700
550.788250
551.862750
551.911250
552.809700
552.849250
553.070750
553.086300
554.164350
554.521450
555.009750
555.012600
555.016950
555.548700
555.764150
555.790000
556.029250
556.162550
556.351550
556.737100
557.167500
557.230150
558.266900
558.503450
558.595700
558.922550
559.115800
559.348700
559.822550
559.886650
560.169050
560.722350
560.880150
561.200300
561.211500
561.233600
561.615600
561.781300
562.025350
562.605400
562.610200
562.923850
562.941150
562.947850
563.169300
563.339750
563.352650
564.290900
565.388100
566.983950
567.403850
568.459000
569.532650
570.215150
570.255450
570.310900
571.013500
571.022000
571.601350
571.604500
571.608050
572.255050
572.285450
572.326700
572.543250
572.943000
573.341950
573.769150
573.979700
573.987350
574.079150
574.135250
574.382300
574.897950
575.064800
575.604800
575.613650
575.805400
576.124200
576.355300
576.423600
577.901700
578.213400
578.750650
578.848400
579.065700
579.261450
579.579800
580.211050
580.352200
580.354400
580.550550
580.810550
581.246100
581.585900
582.504650
582.968800
583.615350
588.070100
589.509600
589.524150
591.768450
593.048200
593.248300
594.188550
597.028950
597.289250
599.770000
600.689950
601.909900
602.069250
604.248400
608.523900
609.702950
612.650000
612.691150
613.210950
613.303850
613.557450
613.658600
614.171200
614.619450
614.770750
615.683450
615.972500
616.076400
616.164350
616.350900
616.876850
617.404800
618.312800
619.201800
620.053500
620.057450
620.182100
620.537200
620.541600
620.548500
620.555500
620.930650
621.291600
622.025750
622.426600
622.932650
623.158850
623.527850
624.402400
624.573750
624.582200
624.823350
624.927300
624.964650
625.143200
625.330150
625.543600
625.715700
626.464200
626.636300
626.704650
627.138000
627.737650
628.002600
628.344250
628.359450
629.192050
629.348800
629.883450
630.224950
630.380450
630.405050
630.425300
631.069350
631.085350
632.869600
635.116250
635.682600
637.288550
637.646350
637.937950
637.948000
638.530850
638.543300
639.283800
639.470850
639.716850
639.721250
639.883700
639.891300
640.103300
640.817600
640.903750
641.302100
641.848900
641.852200
642.023900
642.043100
642.631400
642.707600
642.843300
643.056750
643.737050
644.877000
646.251550
647.144300
648.084050
649.436350
649.597550
649.784550
649.821850
650.320950
650.671550
651.469250
652.042400
652.476950
653.069250
653.249800
653.788850
654.024650
654.049350
654.284950
654.433750
654.789650
654.918900
655.297600
655.497300
655.689700
655.743850
655.796450
655.990350
656.056500
656.116800
656.588300
656.956600
657.268250
657.716350
657.989500
658.042200
658.341750
659.379900
659.383850
659.765150
660.140100
660.404000
660.679250
660.972050
662.057850
662.677400
663.194900
663.652050
664.316250
664.328900
664.348900
665.784350
665.797500
666.246150
666.567550
666.687700
667.041400
667.173250
667.760050
668.027900
668.043750
668.047800
668.228150
668.244650
668.335800
668.560950
668.575100
668.635250
668.746300
668.759600
668.800400
668.808350
668.999750
669.080000
669.174600
669.646150
669.667350
669.890250
670.058850
670.068500
670.701600
671.073800
671.089150
671.118550
671.259000
671.274250
671.354600
671.641200
671.854100
671.986750
671.993300
673.652500
674.272050
675.112300
675.446300
675.640100
677.648350
678.055100
678.153050
678.434450
678.998500
679.374350
679.481900
679.507800
679.717350
679.934550
680.237100
680.908250
680.968900
680.973550
681.233950
681.508950
681.528400
681.701400
681.988300
682.000250
682.168350
682.227850
682.307800
682.379600
682.464150
682.553150
682.727650
682.732600
682.821750
682.847300
683.072950
683.075850
683.081000
683.088000
683.094050
683.393150
683.411850
683.447550
683.540150
683.627850
683.714350
683.739600
683.907650
684.000100
684.080600
684.135450
684.192800
684.300300
684.647800
684.907250
684.916050
685.087600
685.360400
685.439600
685.773550
686.387050
686.433600
686.998700
687.345750
687.556350
687.616600
688.072450
688.928000
689.132450
689.654100
689.668700
689.680050
690.855050
691.472000
691.507050
692.318850
692.321900
692.626400
693.617950
693.827750
694.045150
694.602300
696.652800
696.656000
697.162150
697.255700
697.659600
697.752900
697.756650
697.780450
697.792250
697.937600
697.946800
698.848050
698.854250
699.305750
699.387750
699.954250
700.073900
700.886300
701.188500
702.111200
702.555050
704.051200
704.717800
705.251500
706.451950
706.808600
707.694900
707.882300
709.300800
710.843150
711.372850
711.888800
711.893250
712.577250
713.323050
713.444800
714.176700
714.191250
714.608550
715.359300
715.533950
715.613100
715.991600
716.068400
716.191700
716.298700
716.962250
716.992900
717.633550
717.753150
718.006500
718.652350
718.713550
719.371900
720.105850
720.536000
720.556750
721.062000
721.094100
721.107650
721.113200
721.133250
721.326750
721.579450
722.049850
723.820300
723.835600
724.603250
727.120950
727.363900
731.826800
731.830350
731.840650
731.853600
731.877650
731.881200
732.154300
732.159600
732.500600
733.911650
734.119250
734.866000
735.243900
735.374100
735.538050
736.603850
738.111600
738.728500
740.612950
743.079900
743.207500
743.252800
744.268950
745.994500
746.017050
747.045400
747.418850
747.859550
748.535550
750.138100
750.291050
750.521950
750.557650
750.781950
750.785250
751.342900
751.731400
751.816050
751.958000
752.060050
752.400950
753.154550
753.494650
754.014150
755.568900
755.915700
756.018150
756.758000
756.817950
757.320450
758.834150
759.108850
759.111750
760.493850
761.029200
761.191500
761.799350
762.135400
763.587500
763.943400
764.544150
764.629000
764.903450
765.016300
765.710450
765.723700
766.113150
766.493500
767.276550
767.447000
767.612150
767.623500
767.652850
767.807750
768.250550
768.460050
768.867850
770.036100
770.215150
774.275200
774.349800
774.370500
775.995950
776.441100
777.505650
777.511800
777.519500
777.968050
782.269050
782.272850
782.279850
782.760300
785.471950
785.581200
786.024500
788.666450
790.149900
790.382950
793.448050
793.515500
794.163900
796.094450
797.084050
797.696050
799.122750
799.396350
799.399550
801.617650
801.742650
801.765850
804.559100
805.035450
806.647700
808.023150
809.353950
809.818100
810.075550
812.263800
812.335900
812.361950
813.301500
813.472250
813.486100
814.374750
815.237250
815.421450
815.632350
815.938700
816.019850
816.583600
816.837400
817.301550
817.720750
818.148000
820.072300
820.182650
820.391500
820.895700
821.061900
821.315050
821.376000
821.411950
821.625400
822.634150
823.336450
823.542650
823.777150
824.289050
824.321050
824.334400
824.339150
824.397350
824.872800
824.910050
825.186050
825.242200
825.389350
825.998250
826.620350
828.756050
829.166850
830.311300
831.099250
831.322900
831.468950
833.333250
833.487700
833.951450
834.063300
834.460250
834.933600
835.005650
835.668850
835.778850
836.203600
836.216150
836.546900
837.646500
838.155650
840.139350
840.151750
846.442250
846.779350
847.216950
847.395700
847.813050
848.828900
848.950350
849.285150
850.704200
850.766250
852.858800
852.864800
852.941800
852.983500
853.074500
853.234950
854.885250
855.204850
856.012200
856.018150
857.233250
857.683200
857.687550
858.669300
858.878200
858.900150
858.988800
860.295000
860.344050
860.348400
860.807750
860.811000
861.695050
862.441400
862.936600
863.537650
863.648100
863.662550
864.004450
864.457450
864.902500
865.160200
866.466050
866.784050
868.665900
869.136050
869.259200
869.483350
869.726750
871.349700
872.727300
873.120800
874.515650
874.700950
875.741200
875.996100
876.549450
877.487800
877.504350
877.547750
879.036200
879.441850
879.546750
880.585000
881.342800
882.396250
882.435300
883.069750
883.955100
884.124950
884.288750
885.156550
885.312700
885.427250
885.431050
886.475600
886.633300
887.267700
887.621800
887.693650
888.789950
889.018800
889.337500
889.739500
891.399200
892.084550
894.551300
894.554550
894.558500
894.564250
895.842600
895.860650
897.152300
897.509950
899.413650
899.814150
899.914150
899.918650
900.160150
901.909850
903.320750
903.553900
904.291300
904.602600
906.521050
906.758050
906.906250
908.739550
909.124400
909.196850
909.918900
910.350850
911.542550
912.024300
912.251500
914.608150
916.198850
916.380500
916.922800
917.642450
918.193150
918.303250
918.532450
919.431900
920.328300
920.330550
920.338250
920.341800
920.590000
922.045550
922.789600
925.027900
925.584550
929.137900
931.549200
932.220400
933.210100
933.372150
933.995400
934.977100
934.980600
935.657550
935.718750
936.175500
936.345550
936.466750
937.121200
937.959900
938.234300
939.991300
940.015050
940.559850
943.993100
944.019100
944.692150
944.991450
944.997950
945.126900
945.769950
946.307350
946.516950
947.003850
947.309450
947.340150
947.347800
947.836550
948.063150
949.666650
951.637400
952.389900
953.202000
953.415550
953.418450
953.422800
953.840350
956.067950
957.448350
957.859600
958.529300
959.618500
962.011550
962.143000
962.652050
962.766750
965.754150
967.313500
967.326200
968.691500
968.971150
969.463900
969.782450
969.855950
971.087250
971.458400
972.112100
972.150100
973.286250
973.290700
974.496000
974.629700
974.992400
975.460400
975.465850
975.739650
976.098650
978.705600
979.034100
979.647850
979.658150
981.419850
981.747500
981.991600
982.365850
983.028700
983.913700
984.876500
986.909700
986.917450
987.683600
988.109700
989.627100
989.661700
989.692500
989.702200
989.757800
990.217850
990.373700
990.521950
990.722100
992.017600
992.542250
992.948900
992.979950
993.792600
994.374050
994.544150
994.568650
994.683650
995.031150
995.447300
996.964600
997.066000
998.174550
998.927250
999.449450
1000.612400
1001.534650
1001.946950
1003.341400
1004.264900
1004.315600
1004.341650
1004.968250
1006.170900
1006.939900
1006.962900
1007.726200
1008.114100
1008.450050
1009.102250
1010.519700
1011.556000
1012.683450
1013.786150
1014.112950
1016.767000
1017.057650
1018.294700
1018.331200
1019.629600
1020.279650
1020.549100
1020.947350
1021.867400
1022.026950
1022.038200
1022.302650
1022.336950
1023.151100
1025.456250
1026.035000
1026.479150
1028.460000
1030.254600
1030.396300
