0.039800
0.483100
0.488000
0.725350
1.245050
1.249450
1.480350
1.729250
1.833150
2.477650
3.055850
3.077450
3.241600
3.344250
3.541100
3.545900
4.163850
5.068550
5.095850
5.203400
5.207400
5.213150
5.221300
5.646150
5.650000
5.686550
5.946100
7.328000
7.950550
8.278600
9.693650
10.201350
10.204750
10.208400
10.225000
10.244000
10.334550
10.381650
10.386050
10.604300
11.509750
13.661850
15.456850
15.765500
16.800000
19.050300
20.040600
21.085300
23.011250
23.355850
23.540400
24.114700
25.262500
25.268400
25.362400
26.065250
26.612700
28.311350
28.316600
28.652200
30.712550
31.130000
33.880900
33.973750
34.871950
36.094300
36.789200
38.407700
39.834700
39.838600
39.844400
43.393950
45.071650
45.074600
45.297850
46.226100
47.217700
50.922050
53.776750
54.270650
54.274250
54.286250
54.807550
55.369700
55.823750
58.904550
59.877800
61.237350
61.250350
61.691050
61.696450
61.700150
62.001550
63.387750
63.392950
64.535300
64.539200
64.728550
64.827750
66.693500
66.698950
69.809350
70.061850
70.225800
70.244100
70.269250
70.644350
70.723850
73.758250
75.259100
76.230450
77.856600
78.156550
78.575300
82.930400
84.271550
84.675550
84.875450
86.401250
86.408050
87.289550
87.997400
89.274900
91.717200
91.721250
92.140850
92.913450
94.661450
94.665800
96.279700
98.371250
98.380950
99.781400
101.559000
101.563450
101.571300
102.664800
105.153650
105.157050
105.561350
105.565200
105.570800
106.901050
109.326450
109.330650
111.829400
112.665450
113.750050
113.754150
113.760500
115.210800
115.734800
115.738200
118.072850
118.870650
119.010650
119.362300
119.365950
119.368200
121.158700
122.470200
122.473350
122.479100
122.496900
122.559650
122.577200
125.981350
127.656100
127.673200
127.677200
127.869400
127.873750
128.330500
129.939750
129.950950
130.314550
130.326150
131.494350
132.960650
132.964150
133.182950
133.592450
133.960200
133.963650
134.114800
134.119750
134.447000
134.450750
138.098250
138.101650
138.196550
138.596150
138.600450
139.268500
142.308850
143.229550
144.245350
144.250650
145.139200
146.550400
147.543400
147.652350
147.663350
148.740000
151.384100
151.389250
151.465600
151.469450
151.476400
151.622300
152.915700
153.676350
153.898200
154.422900
156.126850
156.130700
156.136350
157.240000
157.571800
158.924550
159.275850
159.293500
159.297200
159.302250
159.310350
159.452400
159.805700
159.810800
159.816400
159.823800
160.884150
161.235300
161.873950
162.490650
162.494500
162.499700
162.649000
164.681250
164.692050
166.184700
166.658650
167.512100
168.133550
168.791350
169.027750
169.734750
170.793200
170.797650
170.801400
170.807750
171.495250
172.097950
172.102950
173.056750
173.061450
173.313300
173.335100
173.339200
173.350900
174.170900
174.176150
174.673050
175.587000
175.676900
175.682100
177.353450
177.392900
177.397350
177.489850
177.509400
178.000150
178.005650
178.411700
178.533850
178.543800
178.671900
178.683200
179.465650
179.473700
179.479550
179.550900
180.919300
180.925200
180.952850
181.043800
181.602550
181.606050
181.611000
182.011350
182.025750
182.029950
182.041200
182.078000
182.463600
183.140500
183.171750
183.175800
183.259450
184.130750
185.037100
185.335450
185.347850
185.421150
186.450150
187.079950
187.520550
187.522650
187.529950
188.038700
188.454600
189.104300
190.074700
190.078200
190.081750
190.090900
190.443100
190.452750
190.789200
191.221750
191.234900
192.325950
193.608200
193.611650
193.616400
194.565850
194.569500
194.660250
194.671600
194.675300
194.679000
194.691800
194.839350
194.845550
196.211050
196.308150
196.312350
197.723200
198.861700
200.164150
200.230300
200.584150
201.257200
201.261050
201.269500
201.419600
203.194500
203.361250
204.185000
204.205650
204.223800
204.405450
204.409050
204.415500
206.033150
206.036950
207.200250
207.632800
208.271050
208.649700
208.653550
209.583800
209.853100
209.865100
209.895500
209.975100
210.061750
210.072350
210.579850
210.935150
210.938450
211.074550
211.078550
211.102100
211.155350
211.160300
211.530200
212.121400
212.140800
214.047850
214.051400
214.056100
214.060900
214.064850
214.227800
215.790050
216.735800
217.080100
217.083850
217.095800
217.570050
217.573850
217.645550
217.649200
217.695800
218.969400
219.117900
220.173950
221.206450
221.418150
221.430350
221.531550
221.550850
223.291800
223.310350
223.634350
224.330850
224.334550
225.618400
225.977750
226.609700
226.970300
227.112450
227.116100
227.432700
227.900050
227.904150
227.965600
227.970650
227.973550
228.799150
230.140300
230.143700
230.148100
230.963300
231.639550
232.199200
232.596150
233.532750
233.536750
233.544200
235.700750
235.725450
235.738500
235.750800
236.082400
236.087750
236.092900
236.175850
236.180500
236.420350
236.424250
236.430250
237.014950
237.019650
237.086050
237.089950
237.095950
237.362450
237.464300
237.780250
239.348150
239.352100
239.558550
239.674600
239.937500
240.019600
240.042100
240.071000
240.414650
240.798250
240.801900
240.806800
240.819400
240.909550
240.915400
241.424550
241.429150
241.952650
241.961300
241.977700
242.093750
242.203850
242.207950
242.215800
242.397050
242.405950
242.434200
243.054000
243.240000
243.244100
244.395450
244.597150
244.601100
244.606050
245.499900
245.537300
245.541000
246.500150
246.893050
247.184850
247.188800
248.247900
248.571550
248.974300
248.980550
249.948200
249.982800
250.587450
250.591050
250.600700
250.609600
251.345400
251.412650
251.424500
251.627350
252.539600
252.600600
252.656200
252.690150
254.191300
254.195800
255.515550
255.520900
255.776850
255.780900
255.951200
256.056800
256.061950
256.093000
256.333650
256.338250
256.738000
256.763650
256.767250
257.243950
257.248250
258.020650
258.761000
258.794400
259.551950
259.570100
259.574950
259.917800
260.114650
260.119000
260.364500
260.368750
260.724950
260.728750
260.734400
261.768050
261.772500
261.894200
261.898600
261.900850
262.040400
262.081500
262.814250
262.823700
262.833100
262.986600
262.990600
263.618100
264.112850
264.117950
264.123150
264.133450
264.148450
265.011550
265.015850
265.137000
265.141000
266.096750
266.304250
266.312500
267.308550
267.313400
268.221500
268.225900
268.623350
268.662550
268.666600
268.672150
269.412350
269.419000
269.423350
269.429500
270.021900
270.025400
270.038950
270.042550
270.047950
270.216950
270.236600
270.974300
271.067400
272.043600
272.594150
272.596350
272.604100
272.606950
272.609100
273.300750
273.303150
273.781100
273.792150
273.799150
273.809000
273.947500
273.970500
274.376650
274.380600
274.889450
275.372700
275.376350
275.389950
275.397600
275.401350
275.405000
275.421700
275.610700
276.373050
276.377800
276.521550
276.525800
276.729550
276.733800
276.813500
277.326850
277.331950
277.613900
277.617650
277.625200
277.738700
278.082350
278.161250
278.325550
278.452050
278.600850
278.604950
278.612400
279.115650
279.492250
279.501700
279.580850
279.638100
279.643400
280.760450
281.084500
281.156400
281.162200
281.566700
282.119750
282.123400
282.177750
282.239700
282.500300
282.505150
282.861500
282.864450
282.867700
282.992200
282.997500
284.422750
284.427450
284.860850
284.946400
284.950800
285.578800
286.168250
286.276700
286.278850
286.582650
286.662100
287.291650
287.538500
288.120050
288.124100
288.717900
288.768300
289.327200
289.756900
289.761300
290.001400
290.381300
290.392350
290.395800
291.599000
292.019350
292.606400
292.610600
292.879150
292.882700
293.165350
293.228000
293.231900
293.236800
293.755900
293.765850
293.778050
293.783000
294.271500
294.392950
294.397050
294.400850
294.935300
294.969100
295.312700
295.697650
295.701150
296.290200
296.293750
296.298050
296.304050
296.601650
296.752050
296.755950
296.923250
296.928550
297.154500
297.339150
298.193050
298.203000
298.600650
298.705650
299.439400
299.443150
299.448950
299.482350
299.493950
299.499000
299.683100
299.687400
299.841650
300.279450
300.382750
300.416500
300.544050
300.547800
300.559150
300.785350
301.616650
301.626900
301.713200
301.717550
302.161650
302.165650
302.526650
303.076200
303.117350
303.779600
303.782750
303.786750
304.051000
304.060200
304.064550
304.071200
304.267050
304.272350
304.360650
304.875050
304.894600
305.138250
305.148950
305.402200
305.410050
305.414000
305.611150
305.649100
305.653300
305.661050
305.910100
305.915000
306.038550
306.868500
306.874350
306.888500
307.131750
307.820850
307.825000
307.830050
307.836000
308.571650
308.575900
308.636450
309.244100
309.249450
311.061450
311.434450
311.444050
311.530700
312.371400
312.571200
312.646850
313.282800
313.881200
313.885000
313.891500
314.403200
314.406950
314.774300
315.122550
315.126500
315.233100
315.237700
315.269900
315.308300
315.312650
315.348300
315.385200
315.612900
315.700600
315.710450
315.972000
315.976250
316.027200
316.031250
316.054750
316.420100
316.860250
316.976500
316.980500
316.991850
317.131700
317.749450
318.049300
319.264250
319.589650
319.593350
319.598150
319.852700
319.984750
320.238950
320.367750
320.374250
320.498900
320.503200
320.510000
320.973450
320.977300
321.669050
321.672750
321.803200
322.269300
322.595200
322.697100
322.701000
322.717900
322.741700
322.745450
323.533500
323.658550
323.662400
324.054950
324.208300
324.449500
324.453650
324.459100
324.545850
324.550600
324.572150
324.970100
324.973050
324.976350
324.979000
324.984050
325.000550
325.198600
325.580350
325.584450
325.591550
325.599850
326.327850
326.331950
326.909950
326.913850
327.575250
327.578750
327.613200
327.637750
328.850900
329.758850
329.763700
329.774700
329.917950
329.921950
329.928800
330.139250
330.329050
331.187950
331.404600
331.408900
331.806700
331.810100
331.815650
331.857650
332.285300
332.289950
332.608450
332.612100
332.782600
333.340150
333.372500
333.376150
333.401300
333.405500
333.476300
334.144350
334.148850
334.224800
334.229300
334.325850
334.330750
334.491000
334.495950
334.533250
334.537550
334.851350
334.953650
335.948550
335.952500
336.370150
336.374000
336.669400
336.675150
336.773150
336.779850
336.953350
337.351500
337.606600
337.614350
337.618000
337.623250
337.637200
337.785550
338.388800
338.403950
338.627950
338.632700
339.110000
339.523300
339.536800
339.540700
339.544800
339.546900
339.562900
340.146550
340.193150
340.201800
340.986400
341.424100
341.612050
341.615950
341.664550
341.669150
341.971750
341.973900
341.983950
341.991100
342.236800
342.559250
342.925600
342.929800
342.993250
343.097450
343.335100
343.339350
343.776200
344.067300
344.096100
344.100000
345.163950
345.637700
346.005400
346.516100
346.519850
346.803650
346.881600
346.973750
346.978500
347.222400
347.244600
347.371600
347.375650
347.380700
347.385150
347.455450
347.581250
347.585700
347.591500
347.722950
348.012650
348.018050
348.528550
348.824100
348.906250
349.131400
349.440450
350.063250
350.067400
350.114250
350.117850
350.123800
350.200850
350.227200
350.232750
350.314100
350.318850
350.378000
350.693800
350.698450
350.831350
350.835900
351.143450
351.451400
351.699150
351.776800
352.281150
352.286200
352.310300
352.415100
353.324650
354.129400
354.485550
354.488250
354.492650
354.772400
354.777200
354.784000
354.789450
354.854000
354.859150
355.169750
355.173700
355.182500
355.393450
355.720050
355.735500
355.739000
355.797650
355.801600
355.856950
355.859400
355.865250
355.944450
355.950000
356.265650
356.795200
356.802550
356.806950
356.813500
356.819950
356.894300
357.248850
357.254000
358.127350
358.131800
358.135600
358.153100
358.162150
358.165950
358.407000
358.412250
358.532100
358.871250
358.882850
358.929900
358.933100
358.955950
359.354050
359.498200
359.502050
359.507400
359.621300
359.819500
359.830300
359.833000
360.326100
361.633950
361.637850
362.305900
362.608500
362.612800
362.739000
362.743300
362.749500
363.175500
364.305550
364.320500
364.324000
364.326250
364.329100
364.333350
364.809550
364.840550
364.844900
365.096650
365.444750
365.961050
366.208200
366.213250
366.350350
366.354100
366.359450
366.362100
366.748050
366.752250
366.760500
366.767800
366.789850
366.824200
366.827950
366.880750
366.885900
367.135450
367.450200
367.454100
367.595450
367.619800
367.624250
367.955300
367.959100
368.039850
368.135800
368.611800
369.073700
369.112050
369.141900
369.146600
369.150400
369.528250
369.569100
370.032600
370.328800
370.357500
370.361300
371.470500
371.474600
371.479650
371.526950
371.941050
371.997500
372.005100
372.179150
372.183650
372.498300
372.579100
372.727000
372.731600
372.741400
373.011200
373.104950
373.739300
373.775750
374.476300
374.675350
375.186450
376.036850
376.041100
376.206150
376.210900
376.223650
376.576050
376.585650
376.597250
376.837050
376.919550
377.270900
377.274500
377.278750
377.288150
377.341700
377.346750
377.607300
377.723900
377.728450
377.734400
378.227500
378.232450
378.238250
378.244650
378.306450
378.488700
378.499450
378.821350
378.826100
379.126500
379.748600
380.180000
380.682950
380.686650
380.691450
380.742650
380.913200
381.405550
382.529950
382.550100
382.553850
382.714350
383.630200
383.634250
383.641750
383.721650
384.121000
384.124850
384.130850
384.248500
384.252750
384.382750
384.966250
384.970350
385.080850
385.087000
385.161850
385.386350
385.783250
385.808900
385.906100
385.910000
385.928950
386.102850
386.105250
386.107450
386.116000
386.724500
387.076250
387.079500
387.197400
387.913250
388.282700
388.774800
389.146950
389.562700
389.566600
389.571900
389.696750
389.853500
389.857650
389.863150
390.025800
390.030200
390.233250
390.239000
390.330700
390.336450
390.641400
390.650450
390.655500
390.667350
390.734150
391.110550
391.949850
392.923050
392.927250
393.120600
393.133800
393.307600
393.407750
393.600700
394.017550
394.224700
394.234150
394.638050
394.986200
395.480450
395.900750
396.908900
396.912850
397.165100
397.168900
397.173450
397.181500
397.221200
397.541750
397.549000
397.563500
397.661450
397.666300
398.329200
398.333400
398.763900
398.768500
398.960300
399.597550
399.736600
399.917300
399.923150
400.339800
400.406400
400.410200
400.415600
400.565250
400.569900
400.600300
400.604600
400.774550
400.779450
401.274650
401.279000
401.447600
401.749100
401.753650
402.066850
402.071100
402.077600
402.290200
402.579000
402.830250
402.834550
403.034750
403.112250
403.410300
403.480500
404.008700
404.012800
404.018350
404.217600
404.234850
404.260050
404.264400
404.374550
404.618800
404.623400
404.737550
404.776300
404.780900
405.227250
405.615550
405.619800
405.626950
405.873900
406.250650
406.908350
407.156400
407.161100
408.013450
408.017300
408.034500
408.038050
408.308300
408.318750
408.692000
408.753200
409.203400
409.301500
409.306500
409.645350
409.649200
409.656900
409.660950
410.222800
410.530900
410.784600
411.259450
412.529000
412.771400
412.775550
412.784450
412.860850
413.619400
413.821250
413.825500
413.851650
414.241450
414.245250
414.250800
414.349150
414.432550
414.927850
415.376550
415.687900
415.691650
416.196050
416.305600
416.313000
416.371700
416.866100
417.455550
417.460450
417.500650
417.948100
418.383600
418.388300
418.490450
418.565600
418.567800
418.575600
418.655750
418.660300
418.692100
418.696550
419.406200
419.409850
419.898450
419.902750
419.969650
420.840900
420.844800
420.863200
421.450550
421.454750
421.466150
421.612800
421.741600
421.770600
421.774650
421.781000
421.915850
422.127800
422.131750
422.415150
422.454150
422.458600
422.815950
422.840700
422.874800
422.878800
422.883350
422.956300
423.002150
423.091600
423.104300
423.557950
423.627700
423.633750
424.248800
424.254000
424.501500
424.641850
424.846650
424.850650
424.907550
424.917550
425.099800
425.170400
425.209950
425.214150
425.803400
426.317150
426.706850
426.710550
426.720500
426.738500
426.749550
427.174650
427.179450
427.184950
427.189550
427.463700
427.651150
427.677000
427.858650
427.864000
428.286600
428.291000
428.303300
428.311650
428.542200
428.586300
430.049250
430.355600
430.362950
430.389450
431.355400
431.360100
431.542550
432.068950
432.072500
432.210450
432.363200
432.722400
433.287550
433.433900
433.441700
433.445600
433.450650
434.889850
434.894400
434.898400
434.911300
434.978950
434.983450
435.368700
435.770400
436.932300
436.941700
437.019250
437.024000
437.647650
437.655100
437.657300
437.665750
438.211250
438.921350
439.463450
439.686600
439.724000
439.786700
439.791650
439.795900
439.818800
440.139450
440.143850
440.148150
440.153250
440.756050
440.761000
441.012100
441.016550
441.026150
441.105250
441.108950
441.219300
441.380900
441.785700
442.262950
442.432550
442.436700
442.584900
442.596650
442.608200
442.696050
442.700500
442.726350
442.879950
442.884450
442.897750
443.429400
443.682700
443.832700
444.265450
444.447050
445.166800
445.479300
445.483500
445.545650
445.819450
445.823950
445.829950
445.955700
445.960650
445.966600
445.971000
446.546800
448.241900
449.219700
449.223300
449.228350
449.408100
450.738900
451.109950
451.592500
451.597050
451.659400
451.663550
452.062150
452.066200
452.074700
452.187550
452.192450
452.337300
453.337550
453.343700
453.354800
453.364550
453.379850
453.455200
453.672550
453.982100
453.986600
454.295200
454.306550
454.656400
454.664400
454.705150
455.125750
455.664250
456.559850
456.563650
456.910500
458.055050
458.058900
458.065200
458.075550
458.079500
458.092500
458.949750
458.953800
458.989550
459.227650
459.234700
459.451950
459.456150
459.917250
459.927800
460.221600
460.224700
460.246950
460.253400
460.719100
460.724600
460.983400
461.456200
461.797400
461.814650
461.836950
461.840950
462.392850
462.471500
462.475600
462.828400
462.832900
462.933300
463.002300
463.006950
463.646050
463.649600
463.861200
463.866150
464.040400
464.589950
465.162450
465.166150
465.172550
465.558600
465.701850
465.706600
465.719500
466.075700
466.080500
466.832750
466.838650
467.411650
467.509400
467.514050
468.668250
468.672800
469.088300
469.094600
469.528750
469.732600
469.736550
470.176450
470.682550
470.686750
470.846400
470.854900
470.994500
471.203100
471.411250
471.970150
472.730600
472.984600
472.988950
473.200650
473.243450
473.247100
473.256850
473.425450
473.430000
473.456000
474.032150
474.393750
474.397800
474.404650
474.953150
474.955300
474.959950
474.971100
475.233400
475.238450
475.316450
475.533500
476.222600
476.226300
476.238900
476.385800
476.394150
476.397900
476.456500
476.468750
476.472550
476.476750
477.028300
477.032650
477.888650
477.892900
477.896050
477.968850
478.120400
478.143250
478.153650
478.160400
478.748100
479.563200
479.599400
479.604400
480.721100
480.725150
481.285850
481.838400
481.951300
482.253500
482.706850
483.032250
483.036500
483.054400
483.229600
483.245850
483.290250
483.906150
484.115750
484.121150
484.753300
484.857350
484.945050
484.955050
485.008750
485.021600
485.865350
486.435900
486.440050
486.517400
487.921050
487.925050
487.989350
488.620750
488.977750
489.098400
489.102450
489.129800
489.241750
490.285350
490.690400
491.036850
491.141600
491.145650
491.156200
491.860850
492.009500
492.077350
492.120750
492.151100
492.155350
492.707400
492.733200
493.233250
493.279200
493.430800
493.434900
493.715050
493.719050
493.794450
493.812400
493.861200
494.030600
494.340250
494.345150
494.357100
494.381750
494.802700
494.805800
495.291150
495.296600
495.671400
495.764150
496.195900
496.550600
496.756500
496.766900
496.784050
496.830750
496.836350
496.864450
497.057700
497.062450
497.075050
497.107300
497.111600
497.163800
497.552800
497.676250
497.689050
497.698700
498.144950
498.155400
498.252500
498.256800
498.539800
498.981800
498.985600
499.674350
499.861250
499.868350
499.872100
499.876250
499.889800
500.225800
500.630350
500.686850
500.699650
501.206300
501.382450
501.813400
501.824000
501.927700
502.033700
502.038950
502.049350
502.187600
502.197800
502.332050
502.625950
502.630300
502.979500
503.810900
504.129200
504.762200
504.768350
504.781050
505.043200
505.047300
505.052250
505.063100
505.123700
505.129000
505.155500
505.650250
505.821300
506.003650
506.310500
506.315800
506.608250
506.669500
507.157300
507.161300
507.169700
507.201600
507.411400
507.416200
507.961000
507.964900
507.976650
507.979250
508.003050
508.392300
508.395950
508.750600
509.117050
509.122250
509.430400
509.564950
509.569200
509.920050
509.974500
510.266450
510.301200
510.305050
510.368400
510.518100
510.660850
511.063500
511.085900
511.089900
511.102750
511.814750
512.200600
512.205250
512.221850
512.244150
512.247800
512.253250
512.434450
512.439450
512.482550
513.048450
513.053500
513.618750
513.875400
514.187550
514.707850
514.760350
514.764600
514.770050
514.775750
514.779200
514.816500
514.871750
514.976850
515.418200
515.427100
515.551600
515.874450
515.879850
516.007900
516.010350
516.017000
516.039950
516.043900
516.067400
516.300200
516.829300
517.228900
517.232150
517.236200
517.243600
517.248450
517.360650
517.674350
518.124700
518.129150
518.219350
518.247250
518.703650
518.783600
519.064500
519.069300
519.076100
519.219050
519.238500
519.476050
519.482000
519.780300
519.941500
520.500300
520.777300
520.782550
520.920150
520.933200
521.342500
521.780850
521.835150
521.839850
521.936150
522.275900
522.492650
522.496600
522.500900
522.512000
522.792650
522.797650
522.923300
522.928350
523.003050
523.320800
524.037100
524.784850
524.788750
524.794300
524.893900
524.898100
524.902100
524.905400
524.960350
525.094600
525.392750
525.397050
525.414050
525.422400
525.616700
525.619600
525.905650
526.010650
526.014550
526.021150
526.238100
526.446300
526.448650
526.493700
526.497500
526.522650
526.638700
526.974550
527.056150
527.224050
527.452250
527.688850
527.937100
527.941400
528.358600
528.452350
528.514250
528.595950
528.665500
529.143100
529.207450
529.211000
529.215850
529.224800
529.514800
529.765300
529.960700
530.263150
530.338350
530.358550
530.816850
531.104650
531.303000
531.601700
531.606350
531.613700
531.704550
531.712150
531.965250
531.969500
531.978800
531.987350
532.015100
532.860750
532.926850
533.209150
533.287000
533.301950
533.335700
533.341000
533.701600
533.826100
534.283900
534.716800
534.760900
534.764700
534.769100
534.874100
534.925350
534.930250
535.104750
535.187900
535.192150
535.285700
535.349200
535.374300
535.474350
535.701500
535.831450
536.057200
536.061450
537.063000
537.138850
537.147700
537.349750
537.482850
537.487200
538.012300
538.110250
538.215300
538.268600
538.541000
538.567100
538.661000
538.665550
538.783300
538.928450
539.098850
539.103850
539.346250
539.351800
539.415750
539.425650
539.794750
539.803100
540.049150
540.052200
540.062450
540.089050
540.121750
540.335900
540.430600
540.435800
540.444600
540.448750
540.455050
540.495950
540.500150
540.505100
540.507550
540.510200
540.601000
540.661200
540.901100
541.050550
541.309250
541.343700
541.359100
541.363450
541.372950
541.376700
541.383050
541.471550
541.598200
541.996650
542.037750
542.109850
542.689850
542.695550
542.856500
543.091350
543.095500
543.125400
543.290750
543.294900
543.397150
543.503650
543.809750
543.970850
543.975300
543.998350
544.111200
544.534850
544.591750
544.939900
544.951650
545.083900
545.087250
545.090850
545.100200
545.110450
545.221450
545.269250
545.273800
545.309950
545.363550
545.630250
545.723700
545.727600
545.735950
545.743150
546.393400
546.564350
546.643100
546.743200
546.751400
546.753450
546.773000
546.791450
546.915350
546.971100
546.976050
547.209400
547.263250
547.289450
547.373450
547.617300
547.992450
548.270350
548.408200
549.356150
549.418750
549.423100
549.482750
549.487100
549.749300
550.038800
550.144200
550.264500
550.394750
550.628800
551.003000
551.094800
551.168800
551.171450
551.358200
551.368750
551.481400
551.495350
551.501750
551.669550
551.685000
551.690000
551.805000
551.810500
552.133350
552.440100
552.569550
552.584400
552.729400
553.283250
553.674950
553.679100
553.708600
553.790100
553.798350
554.012300
554.075850
554.320850
554.415700
554.476150
554.552700
554.834500
555.024650
555.368000
555.464500
555.468850
555.496400
555.503150
555.628650
555.844800
556.191150
556.200450
556.268800
556.768850
556.783350
556.941100
556.986800
557.028450
557.729600
557.736400
557.980300
557.984550
557.989950
558.019100
558.101800
558.109700
558.231850
558.246550
558.800850
558.874050
559.137150
559.249100
559.253950
559.589100
559.868000
559.879300
559.906550
560.012050
560.035000
560.120550
560.210450
560.337600
560.699550
560.839200
561.420650
561.747600
561.753150
562.406500
562.540850
562.694400
562.818900
562.957200
563.003550
563.010850
563.023600
563.049400
563.234950
563.239350
563.350000
563.502600
563.640950
563.709400
563.971400
564.123800
564.128500
564.477550
564.758550
564.768850
565.465650
565.513300
565.783000
565.900000
566.381800
566.466450
566.694500
567.007400
567.122200
567.214450
567.289600
567.707550
568.110850
568.114650
568.143000
568.299350
568.827850
568.831950
568.873850
568.911350
568.932000
569.154750
569.443950
570.489650
571.069350
571.618150
571.731950
571.759050
571.761950
571.816400
571.882250
571.886300
571.922300
571.982850
572.172300
572.195450
572.218950
572.243700
572.303900
572.308250
572.323100
572.594900
572.599650
572.604050
572.835750
572.934450
572.939350
573.113400
573.321350
573.328350
573.429250
573.512400
573.515250
573.726650
573.731950
573.735600
573.827700
573.928350
573.983450
573.990500
574.136350
574.141900
574.288250
574.322050
574.329050
574.332900
574.633900
574.659500
574.665000
574.709500
574.773050
574.900250
575.096550
575.410250
575.661800
575.732200
575.739900
575.923650
576.365250
576.376500
576.583550
576.589050
577.050050
577.466800
577.470900
577.483400
577.489600
577.515250
577.578050
577.587000
577.762450
577.782850
578.280750
578.313850
578.587300
578.616800
578.828850
578.838800
578.924050
579.172750
579.592250
579.596550
579.827100
579.832050
579.879650
579.893750
580.289850
580.869650
580.878350
580.891250
580.946500
580.990700
581.183500
581.316600
581.357900
581.383550
581.388850
582.667950
582.848800
582.853100
582.961600
582.966050
582.968750
582.998000
583.182350
583.308250
583.312650
583.322350
583.355800
583.359650
583.493000
583.868400
584.995150
585.306950
585.751100
586.034100
587.009550
587.289900
587.709500
587.728350
587.733300
587.768650
587.912750
587.929900
589.288350
589.524100
589.647300
589.813400
590.466900
591.851850
592.008050
592.332450
592.731400
593.087200
594.226100
596.984050
597.029300
597.692500
598.268400
598.688050
598.712350
599.074000
599.712350
600.560000
600.648650
600.808550
600.932400
601.113750
601.120950
601.292650
601.909550
602.727850
602.767050
603.611750
603.752950
603.937550
604.192050
604.252450
605.331400
605.490250
605.924750
606.477950
606.482050
607.980300
609.985300
611.145200
611.683950
612.019350
612.024650
612.063250
612.609450
612.690000
612.704800
612.739250
612.942300
612.978400
613.229250
613.239950
613.275500
613.392100
613.442700
613.448100
613.500300
613.709350
613.716600
613.975200
614.012250
614.077150
614.095800
614.189750
614.196150
614.251450
614.360050
614.689050
614.742650
614.890350
615.096300
615.155250
615.159600
615.168850
615.399000
615.620300
615.781400
615.785950
615.793000
616.124600
616.143250
616.147650
616.162800
616.551550
617.224550
617.250800
617.411900
617.420450
617.493500
617.498250
617.759750
617.770150
617.774800
617.985550
617.989450
617.998650
618.032750
618.135500
618.231100
618.252750
618.303300
618.308050
618.312900
618.347550
618.438100
618.746300
619.342950
620.474300
620.478650
620.745250
620.923100
620.926000
620.929350
621.419200
621.429150
621.433000
623.005000
623.494000
623.603600
624.274950
624.560400
624.569850
624.732700
624.774100
624.902650
624.989600
625.001550
625.031200
625.082550
625.436650
625.531300
625.783900
625.811600
625.816300
625.822300
625.887400
625.940600
626.043400
626.048050
626.170950
626.197600
626.290750
626.639850
626.644150
626.709050
626.713350
626.750050
626.755600
626.763350
626.778650
626.864200
626.958300
627.028650
627.076400
627.084000
627.216400
627.484950
627.489500
627.575000
627.578650
627.584150
627.621450
627.732200
627.970750
627.990400
628.064350
628.144150
628.164000
628.169800
628.409600
628.752800
628.772500
629.174100
629.231050
629.356100
629.365400
629.447000
629.583650
630.120100
630.166600
630.170750
630.228300
630.233300
630.317550
630.517450
630.617400
630.849850
630.925800
630.931100
631.111750
631.120450
631.131800
631.396200
631.757850
631.838100
631.842650
631.896450
631.956650
632.550800
632.856600
632.887500
633.171550
633.200500
633.204450
633.624750
633.916750
633.941250
633.963900
634.042050
634.047500
634.098050
634.192950
634.378050
634.426750
634.450800
634.877200
634.971900
634.976000
634.982000
635.225850
635.230600
635.245050
636.445600
636.488400
636.768600
636.772750
637.308400
637.311600
637.385350
637.518700
638.101100
638.332900
638.336850
638.428650
638.625400
638.683150
638.742050
638.746200
638.761600
638.764600
638.777550
638.835000
638.886450
638.891350
639.065150
639.069300
639.090150
639.407300
639.504550
639.508900
639.739600
639.893850
639.923950
639.955400
640.103250
640.107700
640.483200
640.488450
640.674450
640.698700
640.783100
640.982950
640.987050
640.990200
640.992950
641.065050
641.238700
641.243450
641.264300
641.538450
642.072150
642.135000
642.383950
642.402150
642.627850
642.631250
642.638800
642.649800
642.655150
642.730550
642.785400
642.885050
643.123500
643.173500
643.463300
643.467500
643.556500
643.627450
643.663700
643.757800
643.762550
643.839750
644.133600
644.136900
644.243750
644.798400
644.802950
644.880500
644.884350
644.984200
644.989100
645.303000
645.307800
645.489500
645.496700
646.460500
647.492950
647.495550
647.568000
647.572400
647.602850
647.606700
647.622050
647.731750
648.032050
648.569750
648.855450
648.859350
649.606200
649.627700
649.766750
649.785600
649.818650
650.398800
650.403750
650.596050
650.599600
650.604650
650.744300
650.841100
651.208800
651.524650
651.661500
651.666050
651.673700
651.805450
651.869350
651.989350
652.071800
652.241200
652.295950
652.303700
652.418200
652.450800
652.812950
652.843550
652.847850
652.856700
652.877450
653.105550
653.176850
653.189400
653.484950
653.683250
653.691450
653.839700
653.905100
653.951450
654.024800
654.144200
654.148650
654.322350
654.427900
654.498400
654.501850
654.555750
654.565050
654.569150
654.576700
655.102250
655.221950
655.246500
655.445100
655.450850
655.635300
656.031200
656.166950
656.268850
656.437050
656.912600
656.956500
656.990200
656.994500
657.043200
657.289250
657.299350
657.347350
657.380100
657.442950
657.542650
657.985350
657.989400
657.993300
658.227750
658.326000
658.770050
659.000350
659.004650
659.008000
659.166400
659.170800
659.178900
659.814350
660.480650
660.512050
660.516250
660.743100
661.078900
662.960800
663.524500
663.530200
663.654200
663.660250
664.220550
665.112800
665.364850
666.042800
666.046400
666.053550
666.183150
666.344400
666.348250
666.573450
666.641000
667.127600
667.175250
667.321850
667.408050
667.412550
667.415300
667.636750
667.931500
667.940550
668.003600
668.243000
668.247150
668.430400
668.450400
668.455000
668.501900
668.555450
668.598450
668.608150
668.643200
668.792750
668.799100
668.961850
669.059450
669.518050
669.533450
669.542750
669.657150
669.738850
669.745550
669.750550
669.759400
669.775550
669.795000
669.798950
669.880100
669.894350
670.100050
670.106300
670.746650
670.814350
670.821350
670.826100
671.073800
671.218600
671.233150
671.259050
671.270900
671.274050
671.278750
671.674800
671.972300
672.007500
672.012450
672.023600
672.072850
672.278600
672.283050
672.293250
672.298150
672.373550
672.636250
672.651300
672.818950
673.706500
674.059500
674.091300
674.977250
674.981850
674.985200
675.288250
675.323700
675.327800
675.334000
675.636750
675.641600
675.932900
675.938100
676.040700
676.850000
677.626500
677.630550
677.635150
678.061500
678.169050
678.173750
678.194900
678.200850
678.458850
678.774400
678.845850
678.961050
679.413300
679.449550
680.112600
680.205450
680.225400
680.361350
680.692000
680.695000
680.737350
680.748450
680.761150
680.847600
680.880200
680.908350
680.979200
680.983250
680.989050
681.016150
681.116950
681.145200
681.428050
681.432450
681.457150
681.536700
681.562150
681.567150
681.607950
681.987000
681.996050
682.235000
682.385450
682.687450
682.693400
682.736250
682.892300
682.933400
682.936500
682.941400
683.004700
683.040950
683.080800
683.094100
683.113350
683.227500
683.232450
683.367650
683.620000
683.627600
683.654700
683.659500
683.991650
684.110800
684.115950
684.180600
684.294650
684.660300
684.756550
684.790900
684.897850
684.912700
684.915950
685.033800
685.092950
685.099150
685.103100
685.106250
685.280300
685.285150
685.419950
685.510250
685.515000
685.847800
686.024150
686.031850
686.335350
686.339850
686.347350
686.559550
686.627350
686.641500
686.654000
686.955200
686.959950
687.053650
687.481150
687.608800
687.722450
687.726400
687.734600
687.952600
688.172150
688.176800
688.308700
688.638050
688.931200
688.994700
689.274800
689.306200
689.357150
689.367000
689.664200
689.667650
689.672050
689.771350
689.934300
689.936600
690.333600
690.687350
690.691900
690.734550
691.346100
691.514400
691.518550
691.856250
692.019850
692.326150
692.444100
692.491800
692.674050
692.730950
692.979350
692.985350
693.633850
694.039800
694.369350
694.378450
694.461750
694.640300
694.646600
694.816600
695.578350
695.706500
695.718400
695.810250
695.814150
695.835550
696.544750
696.549000
696.564350
697.011100
697.015600
697.021000
697.093750
697.322300
697.341350
697.585700
697.601050
697.810050
697.814750
697.821850
697.921700
697.934600
697.939450
698.008000
698.012400
698.045600
698.540250
698.674400
698.980200
699.087950
699.092900
699.180000
699.184000
699.196350
699.251500
699.348100
699.529800
699.534200
699.538200
699.898250
699.986900
700.174050
700.179100
700.183750
700.277200
700.850800
700.967900
700.979400
701.067250
701.087300
701.260300
701.571750
701.734100
701.788700
702.093850
702.136950
702.140750
702.426000
702.725350
702.729800
702.747200
702.997400
703.097200
703.101950
703.165350
703.169700
703.226450
703.283600
703.289650
703.329600
703.336400
703.339300
703.342100
703.432950
703.576350
703.652850
703.828600
704.080850
704.229600
704.301800
704.308200
704.440800
704.445100
704.509850
704.525950
704.715750
704.718400
704.735850
704.854900
704.862400
704.865750
704.942450
705.088400
705.672350
705.774850
706.424300
707.127500
707.230350
707.233850
707.496050
708.037500
708.043450
708.380150
708.384650
708.392650
709.362950
710.239100
710.243050
710.842850
710.851550
711.172550
711.220200
711.224800
711.238100
711.571450
711.575850
711.756750
711.895050
712.403300
712.510750
712.688150
712.901650
713.081500
713.090900
713.099750
713.217350
713.281550
713.316350
713.384000
713.530350
713.534400
713.543850
713.554400
713.586000
713.740050
713.744500
713.794850
713.799450
713.851100
714.115500
714.149850
714.153750
714.157350
714.220400
714.310950
714.395150
714.399150
714.413250
714.450450
714.464250
714.617700
714.622300
714.642750
715.067250
715.401500
715.411250
715.544550
715.547950
715.564950
715.591100
715.601550
716.085550
716.093650
716.121500
716.166650
716.175950
716.506650
716.528650
716.532850
716.591300
716.773600
717.038700
717.461800
717.465600
717.473650
717.573950
717.606150
717.745800
717.750050
717.765700
717.886200
717.940650
718.139350
718.170800
718.176150
718.205450
718.209900
718.484300
718.708900
718.730700
718.765100
718.984050
718.988800
719.380300
719.529200
719.660050
719.716050
720.033600
720.052450
720.056300
720.346700
720.556850
720.750800
720.755500
720.958950
721.094050
721.106400
721.118550
721.128550
721.151650
721.352050
721.358400
721.440000
721.644250
721.648300
721.651750
722.466900
722.573350
722.579500
723.265300
723.580800
723.940250
724.098250
724.484800
724.646650
724.650700
724.988450
725.133450
725.453200
725.542750
725.553050
725.579800
725.694650
725.953150
725.957150
725.963350
725.970550
726.620200
726.833900
726.838250
726.934600
727.283250
727.462750
727.467150
728.065400
728.598550
728.605350
728.891950
728.896000
728.962250
729.585950
730.377850
730.382700
730.856600
730.882350
730.891100
730.919200
730.924050
731.089600
731.813500
731.817150
731.823200
731.839950
731.857000
731.970900
732.164500
732.430150
732.434550
732.447200
733.165900
733.665200
733.671000
733.932900
734.304550
734.550000
735.074300
735.079300
735.387400
735.639600
735.792450
735.866700
736.135750
736.561800
736.783600
737.221300
737.773300
737.784150
738.000800
738.279250
738.536100
738.540500
738.548700
738.700300
739.359650
740.633500
740.637400
741.337600
741.342650
742.277900
742.358300
742.362250
742.499500
742.725150
742.735750
743.028750
743.033950
743.173250
743.274750
743.279700
743.609000
743.704150
744.055400
744.420700
744.561700
744.588050
744.593700
744.598150
745.229750
745.357500
745.383100
745.478350
745.590800
745.595000
745.601550
745.652950
745.775250
746.458400
747.061700
747.066600
747.125100
747.169050
747.173350
747.460200
747.465100
747.929400
748.000550
748.204350
748.248600
748.253650
748.293450
748.530150
748.992700
749.439800
749.445350
749.479750
749.731650
749.981850
749.985700
750.069200
750.121900
750.250350
750.471000
750.474550
750.487350
750.495700
750.585000
750.621150
750.649700
750.755450
750.759550
750.765300
750.781850
750.870450
751.003950
751.090100
751.123300
751.176850
751.245350
751.255050
751.280850
751.471700
751.477700
751.767400
751.771900
751.887350
751.978100
752.114150
752.218600
753.107650
753.240650
753.289900
753.598750
753.603000
753.643350
753.649000
753.702150
753.785250
753.805900
753.847100
754.124050
754.143850
754.148900
754.161400
754.181350
754.263450
754.485450
754.851150
754.855550
755.380300
755.573650
755.577700
755.825450
755.953850
755.992000
756.010600
756.023750
756.028550
756.280000
756.363050
756.476200
756.538550
756.941250
756.991350
757.055950
757.125950
757.459250
757.588000
757.691600
757.696000
758.033250
758.039050
758.166600
758.171800
758.293000
758.556050
758.561700
758.578450
758.619400
758.634800
759.166200
759.204350
759.258750
759.281700
759.283900
759.503750
759.515350
759.593350
760.017650
760.021900
760.029900
760.085500
760.093300
760.188950
760.480150
760.484600
760.492500
760.697300
760.809900
760.815000
760.830850
761.024200
761.029100
761.036050
761.053150
761.140750
761.316400
761.630250
762.053150
762.136850
762.239750
762.244100
762.351750
762.581600
762.586450
762.608850
762.645350
762.913500
762.924400
763.128350
763.131250
763.134250
763.375950
763.750900
763.803400
764.332800
764.553450
764.757250
765.134400
765.384400
765.389200
765.467750
766.054700
766.114150
766.121800
766.439400
766.443550
766.448550
766.701000
766.705800
766.710650
767.059500
767.623550
767.662350
767.674550
768.124300
768.129700
768.382100
768.534350
768.588750
768.628900
768.822300
769.357950
769.361650
769.453450
769.458600
769.866150
770.040850
770.187400
770.198000
770.202250
770.207050
770.227300
770.238150
770.515400
770.534300
770.840500
770.844750
770.849700
770.862100
771.084350
771.151850
771.636400
771.646100
771.957750
771.961800
772.084300
772.238500
772.244000
772.307950
772.765050
773.247100
774.035250
774.197550
774.372800
774.377550
774.411000
774.433600
774.529450
774.544550
774.848350
775.012600
775.075300
775.251800
775.589500
775.627950
775.754100
775.805350
775.809500
775.816950
775.828400
775.853900
777.292450
777.304150
777.308950
777.482250
777.486000
777.559600
777.563550
777.632550
778.012000
778.709250
778.981900
778.986100
779.089200
779.622000
779.841600
779.845950
779.849750
779.855600
779.972550
780.303050
780.418500
780.484600
780.489750
780.544150
780.567950
780.933150
781.128600
781.509750
782.187900
782.383300
782.410350
782.508250
782.512300
782.518450
782.694250
782.947550
783.209300
783.632950
784.020250
784.024350
784.230600
784.338950
784.423400
784.429050
784.689000
784.693800
785.012350
785.337650
785.341450
785.560800
785.675150
786.214350
786.528700
786.532750
786.667150
787.413300
787.747950
787.752250
787.759800
787.903300
787.907750
787.911600
787.937300
787.941500
788.020900
788.059500
788.425650
789.531050
789.639650
789.643950
789.651350
789.898000
790.235850
790.367400
790.575300
790.698600
790.982850
790.988300
791.059550
791.347850
792.388600
792.401150
792.596550
792.600550
793.337100
793.371150
793.577650
793.673800
793.678700
793.980650
794.016050
794.230250
794.951950
795.311750
795.623100
795.659600
795.664300
795.866600
795.980250
796.065600
796.294000
796.298000
796.552500
797.142400
797.290300
797.644850
798.544500
798.559150
798.880750
798.886350
799.314100
799.318450
799.434000
799.439900
799.544700
799.548800
799.611700
799.676300
800.035500
800.039850
800.478850
800.552050
800.632100
800.635950
800.654000
800.658400
800.818550
800.830700
800.965000
801.338450
801.386250
801.392100
801.802250
801.887250
801.891550
802.263650
802.392200
802.397300
802.906750
803.418950
803.423500
804.106300
804.753150
804.979750
804.983800
805.513000
806.023350
806.125850
807.201200
807.205500
807.213950
807.318950
807.648700
807.704450
807.708700
808.132150
808.228200
808.629850
808.636350
808.823300
808.869000
808.931400
808.935650
808.944000
809.336600
809.452300
811.005200
811.341750
812.054450
812.129450
812.295700
812.300450
812.307300
812.400100
812.404500
812.446300
812.455300
813.673950
813.978100
814.550000
814.596600
815.115800
815.134100
815.194150
815.200450
815.280350
815.403500
815.475550
815.636200
815.641900
815.828600
815.838350
815.899500
815.905200
815.959350
816.113950
816.132350
816.162250
816.636400
816.691350
816.804900
816.822550
817.182350
817.228900
817.278400
817.414950
817.720150
818.027700
818.142600
818.147800
818.158550
818.161550
818.172550
818.423300
818.523650
818.859000
818.868150
819.363900
819.672900
819.823600
819.828100
819.833100
819.926100
820.005700
820.014400
820.159350
820.237250
820.241550
820.259900
820.747400
820.873250
820.897800
821.057500
821.068400
821.212900
821.320200
821.346150
821.833400
822.080700
822.344150
822.414000
822.460000
822.816150
822.885250
823.004700
823.039300
823.303000
823.331950
823.336250
823.499850
823.556050
824.284000
824.303850
824.312600
824.317800
824.412650
824.415400
824.449900
824.460700
824.465950
824.530600
824.849700
825.112500
825.117450
825.211300
825.348650
825.353250
825.719850
825.811800
825.978650
826.094900
826.258450
826.576350
826.580650
826.645350
826.812500
827.457400
827.640200
827.930700
828.095750
828.098950
829.148300
829.166750
829.190700
829.223100
829.530950
829.957400
830.310200
830.314750
830.318600
830.372650
830.378850
830.477750
830.542850
830.776550
831.468900
831.679650
832.449350
832.705800
832.925600
832.929900
832.936300
832.970000
833.097200
833.350900
833.355700
833.539850
833.659850
833.664950
833.669650
833.688050
833.958650
833.963250
834.023450
834.028900
834.107800
834.606650
834.659950
834.778750
834.836950
834.889900
834.912650
834.917550
834.937350
835.002450
835.761600
836.048500
836.260550
836.660250
836.725400
836.919000
837.291450
837.422450
837.525050
837.531650
837.732050
838.504850
838.510000
838.552100
838.839150
839.509800
839.517250
840.065350
840.522450
840.967150
840.971450
841.415800
841.749700
842.634150
842.693850
843.061700
843.348000
843.518800
843.632100
844.170050
844.175550
844.183350
844.275050
844.524350
844.528850
844.573900
844.581350
845.881350
845.886150
845.970700
846.018150
846.098550
846.104950
846.144900
846.452000
846.456800
846.486600
846.758250
846.846500
846.859000
846.916450
847.045400
847.048300
847.148300
847.216950
848.258250
848.510500
848.515450
848.579600
848.683750
848.688500
848.830300
849.268850
849.307800
850.129100
850.133000
850.240550
850.244800
850.247100
850.269900
850.273950
850.290150
851.110950
851.114850
851.519250
851.628450
851.692150
851.737000
851.853700
851.902150
853.223300
853.282150
853.286800
853.503600
853.528400
853.957350
854.856550
854.970050
855.503450
855.508150
855.525300
855.564500
855.569850
855.799700
855.910200
857.119700
857.240500
857.244350
857.413350
857.546200
857.694500
857.698800
857.710450
857.814950
857.914050
857.918700
858.688050
858.755650
858.820500
858.926100
859.085800
859.142950
859.252750
859.412550
859.940050
859.945000
860.523350
860.622400
861.032100
861.044900
861.825250
861.866200
861.870650
862.003800
862.395900
862.995200
863.353300
863.374400
863.431650
864.044350
864.563400
864.784450
864.960100
865.275000
865.416500
865.420600
865.426000
866.074800
866.109300
866.152850
866.207100
866.212900
866.731850
867.318250
867.743500
867.749750
867.755600
867.759250
867.836050
867.915550
868.309700
868.312400
868.319300
868.655600
868.667300
869.055350
869.954500
869.974200
869.981950
870.450200
870.456000
870.665800
870.671300
870.848150
870.851550
870.855050
870.859900
870.880250
870.989300
871.136050
871.225800
871.333000
871.772550
872.707050
872.711100
872.822300
873.261050
874.091050
874.164450
874.215250
874.382100
874.402650
874.701100
874.872150
875.339050
875.488050
875.627400
875.992050
875.995750
876.283350
876.287700
876.726650
876.731450
876.819500
877.007850
877.012350
877.098900
877.559100
877.571650
877.687250
877.709150
877.744100
877.748500
877.753350
877.764500
878.875350
878.880100
878.962200
880.178800
880.184250
880.547150
880.551100
880.558550
881.611200
881.619900
881.694750
882.014200
882.172050
882.176900
882.217000
882.392300
882.405050
882.417850
882.425100
882.430800
882.449450
882.768600
882.957450
883.085900
883.171850
883.177100
883.380450
883.414100
883.641850
883.655400
883.738250
884.649350
884.657500
884.951550
884.956350
884.975350
885.277500
885.281600
885.398650
885.427200
885.439600
885.444450
885.455850
885.995500
886.024950
886.029300
886.120550
886.129600
886.142550
886.147450
886.173000
886.310900
886.316150
886.383800
886.585600
886.608700
886.613450
886.683150
886.734150
886.995250
887.078150
887.547050
887.627000
887.649350
887.652250
887.684000
887.823200
887.827050
887.831750
887.841350
887.855700
888.412200
888.551250
889.231900
889.279350
889.285550
889.731000
889.768600
889.772650
889.781500
890.213100
890.217100
890.227500
890.232050
890.241300
890.787600
890.793550
890.942550
891.114750
891.119350
891.135300
891.254450
891.416100
891.595400
891.602850
891.775400
891.807950
891.813500
892.223600
892.228900
892.815100
893.435400
893.442100
893.569000
893.990850
894.006200
894.038200
894.389000
894.534900
894.539400
894.543600
894.548150
894.552500
894.637750
894.641800
894.650550
894.664500
894.750250
894.768050
894.803600
895.402200
895.987800
896.021200
896.169300
896.507650
897.533300
897.539750
897.721300
898.216400
898.356500
898.606000
898.631700
898.852200
898.983200
899.226850
899.328300
899.346350
899.813650
899.820450
900.558600
900.744100
900.762750
900.853750
900.857050
900.949600
901.321400
901.326050
901.400350
901.587150
901.589750
901.603950
901.754500
902.990600
902.995000
903.002800
903.052100
903.138900
903.881550
903.979100
904.018350
904.022750
904.043450
904.280850
904.284300
904.297250
904.317200
904.753200
904.758000
905.676950
906.086150
906.278300
906.470900
906.488800
906.495550
906.524000
906.706000
906.710600
906.718350
906.810300
906.829250
906.961850
907.420500
907.707250
907.738400
907.747200
907.758950
907.786250
907.793750
907.959100
907.968700
907.973000
908.672200
908.751750
908.755700
908.794250
908.885050
908.939200
909.135900
909.495800
909.652600
909.864050
910.309300
910.313850
910.543050
910.939900
911.428550
911.582000
911.694450
912.296400
912.310150
912.312850
912.325750
912.411500
912.426800
912.447400
913.238250
913.244650
913.263950
913.313050
913.316950
913.321850
913.326150
913.335200
913.352550
913.499400
914.201850
914.412750
914.598850
914.603750
914.954600
914.978900
915.052250
915.155800
915.223350
915.564150
915.604450
915.731450
915.934050
916.202150
916.695400
916.810050
916.918150
916.922650
917.134550
917.245350
917.920450
918.744600
918.759000
918.796000
919.498100
919.502800
919.526500
919.636400
920.298800
920.347450
920.358250
920.501150
920.506400
921.008300
921.075600
921.613600
921.775400
921.780450
921.898300
922.239050
922.356250
922.412100
923.014550
923.019850
923.235150
923.336900
923.341250
923.394150
924.026350
924.032550
924.169900
924.424250
924.428050
924.441050
924.484250
924.621700
924.920150
924.943150
925.019800
925.024200
925.030700
925.059800
925.091250
925.096900
925.353200
925.509950
926.025300
926.103900
926.108450
926.121000
926.422650
926.470350
926.689350
927.336150
927.363050
927.370050
927.383200
927.433700
928.343650
928.684050
928.735800
929.027000
929.125050
929.138650
929.142500
929.160650
929.309300
929.438900
930.337000
930.341900
930.808100
931.013950
931.862500
931.987700
931.992100
932.720700
932.946650
933.037700
933.397050
933.401900
933.701650
933.804800
933.987950
934.195200
934.199650
934.209600
934.211800
934.604250
934.843200
934.907500
934.965600
934.969400
934.974800
934.986750
935.332200
935.930950
935.937000
936.080350
936.100050
936.188150
936.479200
936.600250
936.796450
937.514950
937.576050
937.580450
937.591550
938.034500
938.193200
938.413000
939.109050
939.420650
939.539850
940.005100
940.009900
940.578500
940.615750
940.620250
940.706900
940.972150
941.216700
941.623500
941.651050
942.043950
942.060550
942.143700
942.334350
942.442700
942.579700
942.584550
942.618600
942.812950
942.816850
943.223650
943.569000
943.626350
943.798050
944.117750
944.139950
944.674700
944.678750
944.701750
944.712850
944.795800
944.970100
944.974350
945.122250
945.221650
945.225850
945.243250
945.820400
945.824250
945.935250
946.378350
946.975700
947.029000
947.086400
947.332100
947.336200
947.343500
947.499000
947.699150
947.945500
948.029500
948.682000
948.686000
948.851950
948.924600
948.929350
948.939250
948.947950
949.154950
949.245250
949.726550
949.777650
950.196950
950.201350
950.370000
950.373450
950.378450
950.883700
951.136100
951.250300
951.568450
951.690850
951.706300
951.710450
951.751350
951.758000
951.870300
951.874650
951.897750
952.007900
952.345100
952.391450
952.476300
953.360050
953.689050
953.822450
954.822800
954.858200
955.027700
955.164600
956.370050
956.378100
956.918450
957.264650
957.646950
957.656400
957.870500
957.881150
957.970850
957.975850
958.315550
958.319950
958.333250
958.444400
959.767000
959.886600
960.093200
960.114400
960.468700
960.474200
960.830550
960.835250
960.845600
961.034150
961.259000
961.264250
961.272100
961.277350
961.481950
962.096450
962.144250
962.632800
962.637400
962.643900
962.697200
962.769600
963.422350
963.839050
964.058350
964.087750
964.159150
964.668850
964.834050
964.839100
964.897900
964.901700
964.988400
965.347200
965.351850
965.359300
965.366950
965.375750
965.438550
966.165450
966.620450
966.631600
967.149600
967.159150
967.520850
967.649400
967.787250
967.791850
968.240400
968.478500
968.482150
968.722850
968.951700
968.955950
968.979650
968.986650
968.992350
969.499750
969.505100
969.512700
969.519100
970.137900
970.369150
971.266450
971.962200
972.254350
972.258550
972.275900
972.302400
972.333800
972.401500
973.041600
973.046550
973.286300
973.306400
973.365350
974.385150
974.387400
974.390550
974.398000
974.402750
974.790150
975.463250
975.467450
975.479850
975.548800
975.682950
975.690000
975.728850
976.275350
976.454850
976.546150
976.935800
976.940600
976.947650
976.956950
976.998750
977.026150
977.033950
977.125700
977.129800
977.562850
977.902250
978.236400
978.240250
978.426950
978.715850
978.720400
978.762050
979.423550
980.223450
980.367250
981.217250
981.221150
981.404600
981.672350
981.677000
982.127950
982.662200
982.864150
983.008650
983.031850
983.036200
983.391300
983.403400
983.882600
984.349350
984.353100
984.357950
984.512800
984.517100
984.525350
984.549650
984.554150
984.821600
985.119400
985.208450
985.213000
986.156250
986.940750
986.945350
987.087400
987.173950
987.317200
987.322350
987.350000
987.358950
987.657200
987.856550
988.052350
988.110400
988.114500
988.121500
988.123850
988.329850
988.490400
988.496300
988.507400
988.625550
989.328850
989.394100
990.197200
990.215500
990.354100
990.808200
990.859150
991.123150
991.127500
991.501400
991.834600
991.838750
991.867350
992.101700
992.119050
992.470300
992.539300
992.931300
992.940400
992.944650
992.948250
993.787850
993.792550
993.798700
993.805650
994.667400
994.684350
995.038400
995.043550
995.097500
995.730150
996.231700
997.430800
998.094350
999.075650
999.079700
999.085200
999.099300
999.103750
999.204750
999.209650
999.611500
1000.445050
1000.521400
1001.306350
1001.528950
1001.596450
1001.668350
1001.672550
1001.680300
1001.971400
1002.196400
1002.200900
1002.331750
1002.336250
1002.672350
1002.756100
1003.219350
1003.224050
1003.240000
1003.338700
1003.348250
1003.446950
1003.757850
1003.779600
1003.917550
1003.932000
1004.084200
1004.223500
1004.330900
1004.507800
1004.737900
1004.809600
1004.812000
1004.816050
1004.821050
1004.835200
1005.149150
1005.314500
1005.527150
1005.538150
1005.953900
1005.980900
1005.985700
1006.094350
1006.551700
1006.650250
1006.781850
1006.988000
1006.997200
1007.073550
1007.227950
1007.250950
1007.373150
1008.130850
1008.136000
1008.564250
1009.051550
1010.097050
1010.512700
1010.516850
1010.522150
1010.535350
1010.538200
1010.568400
1010.817650
1011.635350
1011.978600
1011.982800
1012.021700
1012.027400
1012.056950
1012.061500
1012.069100
1013.466050
1013.470700
1014.686750
1014.690800
1014.700500
1014.890000
1014.894050
1014.937050
1014.944350
1015.086900
1015.607500
1015.960650
1016.669100
1016.713450
1016.739450
1016.771950
1016.977150
1016.989500
1017.656850
1017.662250
1017.782250
1017.829200
1017.921650
1018.176200
1018.330200
1018.334300
1018.339100
1018.344150
1018.485600
1018.657100
1018.661900
1018.669000
1019.282300
1019.509650
1019.533550
1019.625100
1019.865550
1019.869950
1019.877850
1019.887650
1020.830100
1021.069800
1021.310450
1021.639900
1021.672200
1021.708100
1021.714550
1021.792900
1021.854300
1021.858400
1021.867100
1021.889700
1021.893750
1022.056450
1022.060900
1022.336850
1023.181450
1023.193100
1023.321900
1023.421000
1023.425750
1024.037450
1024.070900
1024.076700
1024.082250
1024.089150
1024.104500
1025.124450
1025.610000
1025.623600
1025.630400
1025.635300
1025.726850
1025.791750
1026.425500
1026.851550
1026.855550
1027.142600
1027.541900
1028.064650
1028.068950
1028.287600
1028.483950
1028.489450
1028.879350
1029.069450
1029.089200
1029.821850
1029.854400
1029.969850
1030.258500
1030.399250
1030.619850
1030.884900
1030.906550
1030.951750
1030.956250
1031.025300
1031.179650
1031.285550
1031.311200
1031.484700
