0.610650
3.177150
3.412100
3.612950
4.203100
5.172800
5.194350
5.455350
5.715300
6.388800
6.914250
7.387100
7.716150
10.192500
10.204100
10.251550
10.303700
10.341150
10.627450
10.655350
12.388350
13.194550
13.366150
13.938350
14.250800
14.616750
14.773900
15.164350
15.633050
16.180250
16.278750
16.472250
16.564900
16.678900
16.858150
16.871200
17.102450
17.857350
18.314150
19.309850
19.589250
20.918400
21.252550
22.297000
22.523950
22.827500
23.809250
24.035350
24.084900
24.248000
24.589300
25.090450
25.329650
25.607700
25.703250
25.783500
25.982150
26.170500
26.270950
26.532750
27.105100
27.839200
27.905850
28.131150
28.275000
28.424650
29.007450
29.954350
30.236950
30.273500
30.525800
31.058950
31.232750
31.456300
31.717550
32.017250
32.215400
32.365800
33.055800
33.408150
34.218200
34.645250
34.870450
35.001150
35.849800
36.760350
37.101200
37.479700
37.740100
38.490500
39.478100
39.905200
40.962250
41.653600
42.010100
42.321800
43.654050
43.835400
44.374200
44.816800
44.881400
45.260350
46.370600
47.527400
47.600250
48.080350
48.308500
48.364800
48.575600
48.780150
49.822650
50.193800
50.381350
50.697600
51.013950
51.023450
51.117650
51.670100
52.309250
53.727900
53.812850
55.831600
56.181050
57.005950
57.530900
57.885300
59.758800
59.816850
59.890300
60.549100
60.609900
60.876050
60.968800
61.711250
62.191950
63.191500
63.504850
64.313100
65.005250
65.066300
65.394300
65.481950
67.277750
67.368050
67.794600
69.636700
69.690250
69.809700
69.825550
70.061300
70.277550
86.822600
88.214300
88.415850
88.422500
88.981900
89.351500
89.678050
90.091200
92.081500
92.419750
94.139650
94.986800
95.278450
95.414750
95.478600
95.530700
96.403300
96.874100
97.401900
97.470150
98.087350
99.373500
101.205300
101.965750
102.082400
102.524700
102.574300
104.855600
105.220700
106.589000
106.626900
106.819900
107.382200
107.935650
110.182450
110.725100
113.716600
114.694900
114.870050
116.210550
117.038150
118.745550
118.981150
119.608750
119.648500
119.711250
120.423650
120.903200
121.619300
122.080100
122.084900
122.379650
122.571300
123.150200
123.826700
125.000850
125.263250
125.621050
125.963300
126.799350
128.416100
128.806250
129.145800
129.612900
129.623200
130.155450
131.216850
131.614050
131.652350
132.920300
133.114850
134.134550
134.599600
134.997500
135.289400
135.771050
136.000850
136.821350
137.219250
138.662650
138.891500
140.864850
141.483850
142.790500
143.910800
144.057500
144.121950
144.222400
144.275250
144.634800
144.758950
145.135800
146.399300
147.372650
148.605150
149.152300
149.548050
149.830100
151.128450
153.005100
153.134600
153.456750
154.239950
154.338150
155.437250
155.502100
155.740000
156.122650
156.265200
157.203100
158.264300
158.279200
159.008750
159.075250
159.632250
163.410100
163.431000
163.778950
165.117150
165.138250
165.889250
165.928450
167.077250
167.189800
167.256250
170.630900
171.398800
172.555900
173.150200
176.240400
179.960350
180.479500
181.034900
181.349250
181.458050
181.800950
183.178850
185.532450
185.905400
186.327300
187.352700
190.184500
190.304250
190.354000
192.636050
192.710650
193.463200
196.597500
197.164850
197.171300
200.159300
200.463450
200.762250
202.476950
204.219000
205.736800
206.437450
206.445100
207.613200
209.343750
209.857200
210.763700
211.884200
212.000950
212.662800
212.813800
213.895050
214.227050
215.155850
215.479950
216.445550
216.565850
217.712400
217.719650
217.846750
218.338250
219.482500
220.036250
220.532300
221.150500
221.807600
222.071400
223.080700
223.664550
223.697300
224.412150
224.964800
225.662200
227.440500
227.545050
227.640800
229.579400
231.016850
231.800050
232.222300
233.061800
233.126300
233.391000
233.479350
233.880800
234.167800
234.947800
235.344250
235.963750
237.302550
238.782950
239.381650
239.775500
239.779700
239.901050
240.651200
240.878300
241.915550
242.052700
242.445100
243.455050
244.895250
244.944200
245.380200
245.567550
247.455500
247.506600
247.657700
248.236950
249.197900
251.276600
251.280000
252.170000
252.434050
252.438300
253.511800
253.514750
255.085750
255.317000
256.795350
257.602800
257.796650
259.286550
259.643300
260.835950
260.850450
261.840350
261.858300
262.630550
263.358050
263.788200
263.805650
264.126050
264.957150
265.223250
266.076900
266.087650
267.814350
268.177500
268.566600
268.862200
269.747650
269.800350
270.422750
270.832600
271.380950
273.192900
273.459650
274.074850
274.398400
275.287600
275.377600
275.413900
275.802000
277.485250
278.174700
278.701800
278.705750
278.713350
279.656200
280.879600
281.394650
283.144900
284.020400
284.025350
284.298250
286.072300
286.838700
287.489650
287.967250
287.974950
289.070000
290.335350
291.418050
292.188600
294.013550
294.346450
294.365450
294.370950
294.380200
295.341850
295.797350
295.800950
295.944600
296.335250
296.673450
298.731250
299.048450
299.071100
300.545550
301.356200
304.336700
305.131200
305.220050
305.390800
306.402050
306.448050
307.189800
307.525950
309.147850
310.865200
311.909200
312.782600
315.324550
315.736500
317.529900
318.518850
318.522550
318.529350
318.930600
321.917750
321.954250
323.157700
323.248650
325.710950
327.435900
328.199200
328.265450
329.257950
329.581600
331.829100
331.868750
332.125900
332.627100
333.202650
333.656450
333.999600
334.068650
335.003500
335.170650
335.681300
336.040200
336.164550
336.701400
337.358850
337.503450
338.451000
339.358300
339.473250
341.005150
341.295150
342.686400
342.979550
344.025750
344.051850
344.643450
344.954250
345.112250
346.365150
347.428850
347.437850
348.132150
348.330850
350.087300
353.072750
353.836850
354.960050
355.180250
355.184950
356.014100
356.442800
358.334400
360.637950
360.744250
363.492500
363.496200
363.681050
364.490900
365.317050
366.263000
367.643950
369.522900
369.645600
370.188650
370.307350
371.176150
373.345500
373.625950
373.827800
374.589100
377.751800
377.920700
377.924750
378.355200
379.699900
380.989800
382.633600
383.050450
383.164650
383.830250
384.350400
385.411850
385.415250
385.662850
386.168850
386.625700
387.399150
388.672650
388.935700
389.342450
390.299450
390.637000
394.307350
394.332700
395.469050
396.071150
396.455450
396.587950
396.591550
396.609900
399.755850
399.855600
399.945450
399.973800
401.895300
402.850650
402.957650
403.006150
404.247600
405.791600
407.518300
407.901550
408.061800
409.284350
409.377150
410.596050
411.853150
412.130650
412.910350
412.925100
412.941000
413.383200
413.856200
415.238350
415.457750
416.472450
416.930800
417.077000
418.013500
419.291050
419.555650
420.109800
421.076100
422.296550
422.848200
424.027700
426.696950
426.773900
430.936900
431.284600
431.350250
431.813000
432.213550
432.636350
433.715450
434.218800
435.541600
437.911050
440.215550
441.165450
442.573000
443.781200
445.547800
446.797700
447.002400
448.917600
449.421100
450.075000
452.049600
452.544200
455.017500
455.674600
455.715250
457.695750
458.533850
458.616950
458.781500
460.142600
461.732500
462.379300
462.830050
463.179600
463.873950
465.154000
465.391950
465.646750
465.848200
466.481150
467.842400
468.143100
468.948200
469.410500
469.574750
471.391000
471.434450
472.522500
472.690600
474.916450
475.310750
476.390600
477.746150
478.078600
478.788450
479.809450
480.278150
482.082900
482.242800
482.872450
483.252750
483.500600
483.906600
483.920800
484.566300
484.679500
485.319850
486.290000
487.577200
488.276150
488.321650
490.155800
492.830300
493.415950
493.442800
494.349250
496.058950
497.691800
498.587800
499.621750
500.313300
500.729950
500.813400
500.946350
501.846250
502.419600
503.036500
504.450400
504.968950
506.779650
508.057300
508.084050
510.521450
511.454350
512.670000
512.954150
513.164850
513.307750
513.720400
513.912650
515.163000
516.118150
516.370100
517.124350
517.689600
518.369700
518.763200
519.598800
520.716000
520.738250
520.959550
521.795650
521.949400
526.240800
526.833750
528.126600
528.491200
530.478750
530.564500
531.191650
531.792900
532.292850
532.425750
532.888250
533.513600
534.276400
534.448700
535.568350
536.069750
536.928850
537.369050
537.443750
538.042350
538.881350
538.942450
541.423600
542.452550
543.027900
544.329500
547.183800
549.486500
549.949450
550.944650
551.104650
551.233250
552.312850
552.344700
554.177100
555.030750
555.256450
555.288850
555.315050
555.450350
555.466300
555.475800
555.657450
556.603700
558.771750
558.775300
558.787450
558.802800
561.215550
561.242250
562.274200
562.572400
563.145250
563.442750
563.746650
564.625350
566.524900
570.808550
571.504950
572.063750
573.515600
573.875100
574.135250
575.799600
575.839600
575.864400
578.641900
588.409750
592.548450
595.108050
600.609400
608.855350
609.456600
613.199000
613.367000
613.983050
614.253550
614.523700
614.738950
614.890500
615.115950
615.771450
616.295850
616.423400
616.724250
617.038100
617.211650
617.532700
618.862000
618.935700
623.881900
624.041250
625.151950
625.303750
625.868700
626.509200
627.390550
627.911500
628.258050
629.685150
630.437250
631.502800
632.424950
633.838350
639.023500
639.115350
641.387950
641.991150
642.030550
642.068050
643.042650
643.166200
643.275100
643.384150
644.411000
644.783400
648.043650
649.624600
650.230050
650.785900
651.238850
651.518100
651.665650
651.830700
652.144150
652.164850
652.544800
654.425250
654.471050
654.704250
656.927150
657.143000
657.155800
657.182800
657.675500
657.898250
657.934000
658.702100
658.929350
658.989800
666.007550
666.236150
666.412600
666.788450
667.756250
667.844900
668.243300
668.619400
668.754550
669.037900
670.374250
671.027300
676.875700
680.064150
680.580950
680.613850
681.515250
681.628250
681.696750
681.837100
682.615250
683.859350
684.012550
684.144350
684.232350
684.418850
685.032700
685.080300
685.195250
685.672850
685.827400
685.866750
686.047100
687.408100
687.839950
688.392000
692.947900
695.778050
697.333800
697.550200
698.568200
698.848950
699.200350
700.231900
700.261650
700.608950
701.660750
702.949750
702.952900
702.970300
704.950500
705.397150
711.338700
712.709900
715.103900
715.962850
716.165150
716.576950
716.678550
716.687950
716.943000
717.318450
717.774500
718.282800
719.005700
722.631550
724.580650
730.398450
745.903250
747.366950
750.464850
750.791700
750.805550
750.815650
751.244850
751.512500
752.155150
752.683150
753.702550
753.841250
753.844050
754.551250
755.865300
755.922000
756.068250
756.075650
756.902750
757.693350
757.763800
759.137450
760.173800
760.816300
761.074850
762.279050
762.460350
762.615650
763.038300
763.609350
765.678800
765.708450
765.722900
767.949950
777.388500
788.690000
789.646750
793.546700
793.553700
794.481950
794.503250
795.741050
797.418550
800.866250
800.889700
801.669250
804.083150
806.009200
809.785400
809.889200
810.276300
812.249550
813.517200
814.463600
815.795900
815.890500
816.038300
816.053900
816.878300
816.985400
817.374550
817.717850
817.999750
818.537200
819.063350
819.097200
819.153550
820.123300
820.229500
820.812650
821.478100
821.840900
822.057850
822.443550
822.623000
822.921000
824.711400
824.938400
825.255350
826.722000
826.963650
828.633950
829.904400
830.937650
831.528450
832.029450
832.550700
833.032300
833.693650
833.943200
834.704250
835.565900
835.794900
835.932200
838.967200
840.050050
840.053900
840.087900
840.193050
840.852900
843.690800
844.825400
844.872700
844.969500
845.485250
845.945650
846.460250
846.915000
848.283400
848.441350
849.400050
849.933250
850.296150
850.518500
850.625850
850.871000
852.149500
852.253150
852.318150
852.787850
852.905950
853.486100
854.182450
854.848350
855.335100
856.354400
856.470000
858.448300
859.746850
859.749650
861.390750
861.751100
863.177500
863.611700
864.141550
864.373500
864.517000
865.630850
866.516750
866.574200
867.436100
868.210300
868.495250
868.513750
869.335550
870.584500
873.455200
876.424900
878.821100
879.536900
880.572500
880.681800
881.719300
882.496100
882.634250
883.421950
884.836300
885.215250
886.343600
886.572400
886.584500
887.337350
888.472450
889.151450
889.875300
889.929550
890.269550
890.726100
891.743300
892.201850
893.411250
894.907150
895.518350
895.535650
897.502600
900.081400
900.477150
901.438150
901.504950
901.724000
902.684200
903.252350
903.849550
903.981500
905.324850
905.377750
906.240200
907.581150
907.740850
908.225600
908.491000
910.273650
910.467150
910.736700
910.946300
913.316550
913.356350
915.164300
915.483750
915.613450
916.491550
917.313300
917.868200
918.853100
918.878050
920.047350
920.085250
920.720400
920.950650
921.382150
922.109700
924.415350
926.136050
927.458500
927.689500
928.970050
929.480200
930.220600
930.347300
930.783400
931.927350
932.322350
932.913900
933.151350
937.010900
937.106500
938.631500
940.714000
943.159650
943.163250
943.297900
943.378950
943.538600
949.138050
949.772050
949.776400
949.779800
949.961100
950.035350
950.130000
951.340200
951.938900
952.476350
952.710500
952.849100
953.415150
953.441700
954.801800
955.296200
955.921750
956.082100
956.735100
956.759200
961.205900
962.933950
963.054550
963.897650
963.954950
964.333200
965.413700
965.518500
966.357950
966.692250
966.882750
967.051400
967.997150
968.354450
969.084100
969.556100
969.783600
970.088650
975.638700
975.920850
976.548700
977.157950
977.310400
977.490900
977.629500
978.326850
978.688250
978.962500
979.417000
980.245650
980.472400
982.301850
988.902100
991.645750
992.986600
993.039650
993.496350
993.859450
994.591750
995.532000
995.856200
1002.127500
1002.362250
1003.533550
1003.545250
1003.648700
1004.061450
1004.803150
1004.874850
1005.263800
1005.415100
1006.033750
1006.055850
1006.081200
1006.899600
1007.730650
1007.875000
1015.392100
1015.688800
1015.817300
1016.260450
1016.313400
1016.755350
1016.816850
1017.179800
1017.520000
1017.835850
1018.744800
1019.418850
1019.421150
1019.831650
1020.471000
1020.815700
1021.254900
1022.371150
1022.754950
1022.844700
1028.168800
1030.446950
