2.043950
5.208750
5.406250
7.457800
10.204500
10.209700
10.234800
10.259450
10.428500
10.489900
10.642900
15.666550
18.414950
19.897200
21.710000
28.716850
29.239000
29.246400
30.037700
30.633850
30.883750
31.120400
36.667850
39.045550
40.008750
42.881700
44.627850
47.960500
48.146650
54.390300
54.412200
54.416150
57.036950
61.719550
61.753350
63.767250
69.209800
69.544500
69.917950
70.285100
70.684150
71.843650
72.483000
73.122200
73.601750
74.341200
79.400150
80.675150
84.215450
84.675800
86.036750
86.658150
91.717200
92.795700
93.305800
96.867400
97.581450
97.587300
98.400050
98.407750
98.573450
99.102750
101.255400
102.844550
102.853650
103.448050
107.432600
108.084350
110.441050
111.494800
111.832450
111.934200
115.216100
120.415100
123.687450
125.485600
127.357850
127.834200
129.165100
130.149150
130.221400
130.224750
131.562200
134.420050
134.891700
136.135150
136.142800
136.168800
138.145650
139.327500
142.357050
145.676000
145.678900
147.161000
148.874400
148.877500
151.067300
153.188900
153.958150
154.408950
155.038850
157.474150
158.091650
158.912900
159.215700
159.415550
159.918650
161.269200
163.768200
164.015600
165.205450
165.209100
165.972350
167.685500
167.694450
168.793050
171.034400
171.981650
172.048550
172.786500
173.052350
173.180350
173.837400
174.077050
176.331000
177.449850
177.773700
177.955550
177.963200
179.038550
179.427950
180.441900
180.710350
181.378750
181.761750
182.518050
182.645950
185.193150
185.196900
185.204150
185.215950
185.828850
186.070250
188.548750
189.157350
190.013250
190.286100
190.296400
195.012350
196.552300
196.586850
196.791650
196.795250
196.797550
197.655250
197.957950
200.369750
200.470500
205.728200
207.535950
209.487250
213.561200
214.783800
215.321950
215.360600
215.730400
216.096050
216.605600
217.821350
217.956950
218.627950
220.076950
221.795650
221.959650
221.965600
222.623600
222.756000
222.772600
223.170350
223.566600
223.836900
227.787950
227.886600
229.264350
231.175150
232.364250
232.429550
232.817850
234.371600
234.406650
236.585300
237.000600
237.558800
239.330950
240.350950
240.405050
241.150300
242.354550
242.787550
243.712350
243.716150
243.725450
243.788150
245.733200
245.736500
246.173250
246.699150
248.455800
249.420300
251.877650
253.538400
253.782200
255.585700
255.589650
255.592600
256.000800
256.004000
256.509150
257.068400
259.376800
260.141750
260.145650
262.374350
264.149300
265.028600
265.196500
265.754750
266.466750
267.582400
268.896050
270.504800
270.512000
270.753000
271.913750
274.285400
275.584750
275.595350
276.471500
276.473800
277.517750
278.907500
280.106700
281.019550
281.443300
283.132700
284.354050
284.745650
284.750150
286.068350
289.061100
289.264050
290.550750
290.579950
293.450200
293.588950
294.129350
294.134200
294.759100
295.325500
295.703750
295.706850
297.771150
297.888850
297.913450
298.123600
298.815650
298.819900
298.847200
299.165650
299.550050
299.849550
300.300000
302.465850
304.190400
304.378850
305.379950
306.266600
306.270700
307.311000
307.595750
308.145900
308.812550
309.460500
309.467900
310.047850
311.189550
311.193150
311.362300
311.628850
312.528050
313.110600
313.761150
314.119950
314.688000
315.241300
316.744550
316.750050
317.162600
317.220150
317.777750
318.034350
318.208600
318.803150
318.840850
319.022300
319.455950
319.474400
319.645000
319.828100
323.344450
323.751550
324.008350
325.829950
326.392350
326.398750
326.689250
326.974000
327.175000
327.281300
328.208850
328.402900
328.825800
329.120400
329.358550
330.233300
331.991100
333.417450
333.423250
333.437600
335.004650
337.521600
337.527650
339.021400
339.564750
341.648250
341.949450
345.901050
346.043650
346.380750
349.447400
349.948700
350.125100
350.750700
351.971750
353.439500
353.529400
354.365950
355.414000
355.614600
356.121300
358.246900
359.696950
360.683850
361.492200
361.705950
363.011450
363.020400
364.158100
365.411450
366.142100
368.023550
368.165150
370.403950
370.708300
370.791100
371.213500
373.655550
374.304750
376.298850
377.885650
378.476500
378.978350
379.665550
379.965700
380.943250
381.596450
382.072600
382.784250
383.465600
383.468450
383.787250
384.398500
385.125450
386.141650
386.449800
386.774200
386.777500
387.019950
387.189600
389.066700
392.030150
392.378950
392.740650
393.360250
394.152150
395.073350
395.079850
396.524300
396.755700
398.434000
400.140250
400.456800
401.300100
401.304400
402.393700
402.719550
402.808900
403.399200
403.693550
404.298000
405.333750
406.177800
408.566650
409.030150
410.472550
413.304000
413.766300
414.915500
415.618500
415.924000
416.153150
416.363100
418.323050
418.330800
419.061650
419.772350
419.808600
420.348150
420.553700
421.205300
421.211650
422.457450
429.663850
430.054200
430.231650
430.656500
432.107550
433.024700
433.683400
434.883450
435.170050
437.292100
437.326450
437.812300
437.861550
442.107150
442.328300
442.453000
443.210500
446.752400
448.399950
448.715000
449.258550
450.576600
450.662650
453.006350
454.871600
455.339700
455.346200
455.827250
456.716550
457.202700
458.226350
458.841850
458.848200
460.569550
461.410200
461.777800
461.946250
463.809300
464.714450
465.347050
465.402700
465.505000
465.511150
466.151250
467.626100
470.895800
471.519100
472.888200
472.956100
474.390950
475.855900
475.950750
477.105250
479.027400
480.945150
481.429600
481.702350
482.486350
482.648250
482.919450
482.922850
484.267500
485.346200
485.369850
486.424100
486.797450
488.657200
489.122400
490.403650
491.123850
492.256500
493.156850
493.301300
494.231500
494.811100
496.425500
497.359750
497.481000
497.563550
498.160550
499.174400
499.227650
500.409050
500.971550
502.394300
503.163250
503.683300
504.810950
506.501300
506.508150
506.517250
506.700950
506.816850
507.984550
508.510850
508.605850
509.841900
509.847300
510.130050
510.163100
511.443350
511.446000
512.625400
513.248300
513.653050
514.524550
514.600450
515.004350
515.245800
515.566550
515.684200
516.439800
516.981650
517.578400
518.304600
520.676000
523.160950
523.222700
523.596550
524.048450
524.451800
524.456300
525.301400
527.597400
530.474400
530.938600
531.131850
531.259250
531.739500
532.984500
533.539100
534.768350
535.708200
536.740050
537.072750
537.287650
537.890650
538.049250
538.776100
539.211350
539.217650
540.829500
541.488300
542.842050
542.883400
543.329000
545.189200
547.610050
547.990500
549.211350
550.510250
552.704850
553.516650
553.792300
553.842950
554.144300
554.150200
555.824650
556.703400
560.459600
560.787100
564.534650
564.693600
565.528500
566.592050
567.369750
568.838700
571.087750
571.751350
572.810150
573.767450
574.982250
575.052850
575.836250
575.963500
576.876700
577.018650
577.022750
583.824450
584.030650
584.038350
584.252400
584.592100
585.151600
589.329050
589.389350
589.769000
590.788700
595.968900
597.089200
597.569350
597.949350
597.989350
598.864450
601.194150
602.329800
602.699200
603.568900
609.047600
609.456650
611.940500
612.145000
612.783200
613.466100
614.071100
614.704100
615.876500
616.459000
616.466050
616.951550
617.712900
617.845800
619.373450
619.379700
620.016250
620.824600
620.890300
621.068950
621.811200
622.311150
622.511950
623.253500
624.222150
624.314550
624.603200
624.688100
624.908200
625.181350
626.016600
626.268100
627.657600
627.770800
628.611400
629.525850
629.712600
630.082050
630.703050
630.709500
630.849600
630.910750
635.444750
638.868500
641.513200
642.823400
643.676100
644.556300
644.576400
646.761800
646.971700
647.336400
648.944800
649.172150
649.185850
649.193500
649.224750
649.997900
651.284100
651.942300
651.945300
652.512950
652.785500
652.818650
653.336850
654.644750
655.050950
655.057300
655.064750
656.023500
656.301350
657.103300
657.107950
658.366850
658.370950
658.390650
658.439100
658.529950
658.902650
660.004600
660.791200
661.178950
662.649200
662.902150
662.911200
664.591950
666.125900
666.536700
667.663600
668.008200
668.014800
668.019350
668.054550
668.360000
668.364350
668.963450
669.415150
671.687150
672.234450
672.353850
672.446250
672.978000
673.537650
674.133650
674.884300
675.955300
676.509200
677.031200
678.136200
678.276400
678.313750
678.835950
680.476800
680.653650
680.792700
681.153850
681.193850
681.392950
681.481450
681.687450
682.533400
682.840800
683.347400
683.873950
683.880650
684.067250
684.620200
685.053450
685.073500
685.387150
685.714500
685.879850
686.032050
686.195200
686.554150
687.151550
687.312550
687.452900
688.013350
688.056850
689.388150
689.431750
691.354300
691.810450
691.847350
692.049400
692.497050
697.541400
697.578350
697.600500
697.604550
697.613000
698.922550
699.533400
699.550200
699.552850
699.693000
699.712150
699.876450
700.009250
700.568800
702.634600
702.911300
703.763750
704.139950
704.543450
704.604450
704.714350
704.742350
704.914900
706.251300
706.257650
706.261600
706.290500
708.431550
709.634650
710.026200
714.018100
715.413950
715.546750
716.045000
716.194800
717.600200
718.469700
718.476250
718.719250
718.729000
720.031300
722.026100
723.202550
723.207150
723.263450
723.579150
723.869000
724.812500
724.986800
726.203100
726.214250
727.025100
727.416900
727.432400
728.623100
728.630950
731.832250
731.862050
731.893000
733.874950
736.058250
736.061900
739.257300
741.482750
742.294750
742.337500
743.237850
743.242000
747.300950
748.418750
748.430450
748.480200
749.239800
749.411750
750.254100
750.732900
750.988050
751.670250
751.954050
751.987150
752.754400
753.459950
753.497000
753.674700
753.989950
754.043250
754.051650
754.791900
755.034750
757.101950
757.453050
759.391900
759.420950
759.434700
760.379450
763.156800
764.485250
764.489300
764.659550
767.197000
767.200700
767.446700
770.410650
770.867350
774.694000
774.902800
774.910850
775.548250
775.554750
775.936950
777.328000
779.163100
779.168700
779.680550
781.858450
782.472600
784.291400
784.442550
784.588650
784.801800
784.948900
786.883200
788.003900
790.589600
790.592300
790.598150
791.344000
796.883150
799.560000
799.588950
799.903150
799.951850
803.382200
806.642400
806.865200
807.249350
807.279350
808.678750
808.682250
808.939300
815.125200
815.392800
815.461750
816.723950
817.001950
817.416600
817.457350
818.375700
819.917850
820.299650
821.055750
822.310300
822.396850
822.890350
823.060950
824.072750
825.897000
825.924950
826.329900
827.774150
829.082350
829.804150
833.345650
833.822700
834.079250
834.104300
836.043150
837.482600
837.720350
838.985900
839.331300
839.912150
841.008100
841.856300
843.436450
843.584950
843.709900
846.750200
847.906350
848.989450
849.004400
850.725500
851.193650
854.124400
856.262300
859.411650
861.153850
862.099400
862.105250
862.650200
864.442550
864.449350
864.546450
865.275900
866.590500
868.794650
869.525750
869.536150
870.497000
871.492800
871.682650
872.721450
873.074300
873.767150
874.208950
875.859950
876.257750
876.314600
878.173900
878.435350
878.537150
878.944200
878.947650
879.679750
879.706550
879.750650
881.978000
884.298750
884.787200
885.165100
885.550200
886.532000
886.535800
888.333400
889.060200
890.405000
891.302800
892.280200
892.284300
892.287200
892.562950
894.210300
895.541350
895.545450
896.588700
896.602400
897.789900
898.293350
899.934850
900.890550
900.894100
900.914650
901.745800
902.124600
902.750350
903.056950
903.071650
903.100600
903.619650
903.955200
904.866050
905.617700
905.704550
906.630700
908.122000
908.676150
911.184600
911.368600
912.311900
914.880100
914.967150
915.592700
919.102450
919.619600
919.922050
920.022550
921.370750
924.220300
924.501500
929.228400
929.854950
930.063550
930.068050
931.536150
932.757600
933.310200
934.149750
939.182050
939.401550
941.593250
943.256250
943.785400
943.902750
944.502500
946.682100
947.050950
950.177850
950.765250
951.681850
953.575600
954.272800
955.206000
955.743800
955.815650
956.818950
962.745700
963.274850
963.934700
964.153650
965.152700
966.567150
967.936550
967.940950
971.912200
972.647500
973.558100
976.638150
976.745250
977.787750
977.824550
979.088150
983.216050
983.662750
983.674600
983.692450
987.767000
987.772800
989.194450
989.214750
989.935950
991.733250
992.641100
992.705650
1000.703750
1002.323550
1003.608550
1003.874700
1004.798200
1005.295900
1005.591650
1005.595650
1006.667000
1007.369150
1007.548800
1007.643050
1008.097450
1008.295400
1008.573750
1008.656550
1009.753500
1010.577250
1011.591700
1011.734950
1013.391950
1013.406550
1015.592000
1016.409150
1016.968150
1016.977400
1018.047100
1018.835600
1020.274450
1020.452200
1022.219250
1023.369400
1023.782250
1026.876850
1027.726950
1027.730000
1028.633750
1029.210850
