15.758450
15.760950
15.764100
18.398100
18.400800
18.405150
19.386900
19.389250
19.395100
19.401750
20.306150
20.308500
20.310950
20.313850
20.317100
20.325800
20.330850
20.345250
25.065800
25.068200
25.071050
28.521450
28.523950
28.526950
29.900100
29.902700
29.905950
35.803400
35.805850
35.809250
39.830200
39.832600
39.835500
39.846200
43.322350
43.324850
43.327550
43.331450
44.907550
44.909900
44.912700
44.916550
44.934350
45.061000
45.063950
45.066950
45.070400
45.084300
46.200250
46.202950
46.222550
54.012950
54.015350
54.018100
54.021550
54.035550
54.271900
54.274700
54.754200
54.756750
54.759550
54.770250
55.798800
55.801400
55.804450
56.201200
56.203800
56.207300
61.676400
61.678650
61.681000
61.683900
61.686800
61.690350
61.698900
63.369600
63.371900
63.374400
64.440550
64.443050
64.445850
64.449350
64.465850
69.882150
69.887100
69.890300
69.902400
70.228350
70.230900
70.233800
70.237600
70.248250
71.724500
74.290300
78.262900
78.519500
78.521900
82.824900
84.256350
85.506200
85.919700
86.648800
87.982000
87.984350
87.987350
87.995500
87.999250
88.009650
89.083350
89.085900
89.089250
89.092750
90.447350
90.450200
91.707450
91.710000
91.713450
92.129100
92.131800
93.293050
93.295400
93.301750
93.330100
94.466600
94.469200
94.472500
95.134350
95.137400
95.141150
95.155300
97.329900
97.332450
97.335600
97.346050
98.527150
98.529750
98.532650
99.945300
99.947800
99.951650
99.971200
101.540800
101.543950
101.547450
103.587100
103.589650
103.595750
103.604650
103.616000
103.827150
103.830000
104.217000
104.219600
104.223600
105.530850
105.533500
105.545900
105.551600
105.569700
106.573900
106.577250
107.452050
107.454500
107.457900
107.486500
108.198600
108.201400
108.993600
108.996300
109.010800
109.377250
109.380200
109.384150
111.692300
111.694850
111.704500
111.715250
113.109600
113.172250
113.175000
113.178150
113.192250
113.195700
113.212850
113.439000
113.442450
113.645200
113.648500
115.716300
115.718800
115.721500
115.724250
115.730850
115.736350
115.750150
115.762950
116.418050
116.423600
119.154500
119.156850
119.159400
119.162500
119.172950
119.517250
119.519850
119.523100
119.526650
121.141750
121.146850
121.150150
121.156200
121.159500
121.167400
122.444950
122.447150
122.449800
122.452850
122.456550
122.460900
122.465000
122.470400
122.481600
123.732400
123.735050
123.742550
123.746250
123.750550
124.067350
124.070300
124.073700
124.077000
124.083950
124.813500
124.816250
124.819950
126.159500
126.165300
126.320500
126.322750
126.325550
126.336450
126.564650
126.568100
127.100600
127.103250
127.107050
127.122000
127.321850
127.324150
127.330250
127.652250
127.655000
127.993500
127.997100
128.001650
129.420550
129.422950
129.425700
129.434250
129.466950
129.470500
130.188850
130.191500
130.194700
130.205200
130.214600
130.219700
130.240750
130.323750
130.339850
130.540000
130.928700
130.931300
130.937850
130.941700
130.945750
131.032850
131.036600
131.353550
131.583200
131.586650
131.830600
131.834850
132.533750
132.536350
132.539450
132.548750
132.950600
132.952900
132.955950
133.834900
133.839050
133.846500
133.870750
134.421750
134.424400
134.427550
134.441350
135.142450
135.145650
137.158500
137.161050
137.164000
137.169250
137.172700
137.182400
137.196100
137.534000
137.536600
137.540050
138.086900
138.089500
138.094150
138.103450
139.270250
139.272550
139.276700
139.290300
140.361100
140.364200
140.668200
140.670650
140.674050
141.548700
141.552200
142.476850
142.479500
142.482450
142.680350
142.683100
142.686250
142.689750
142.702450
143.790600
143.793500
143.831450
143.834650
144.784450
144.787200
144.790800
144.803150
145.306550
145.309850
146.495300
146.498050
146.501450
147.634200
147.636750
147.639500
147.642650
147.651900
148.058200
148.062250
149.086700
149.089400
149.092900
149.101100
149.104550
149.109000
149.121450
149.125650
149.713200
149.716150
149.719400
149.759000
150.200250
150.202500
150.205800
151.159600
151.162100
151.170500
151.368800
151.371550
151.376950
151.380200
151.384600
151.394450
152.119800
152.122450
152.126300
152.501850
152.504550
152.539400
152.924100
152.927500
153.593750
153.596200
153.599150
153.602700
153.804700
153.807200
153.811000
153.814800
153.820350
153.826350
154.838650
154.840950
154.843450
154.849650
154.853850
154.863200
155.926950
155.929500
155.932750
156.118250
156.121000
156.125200
156.813600
156.817350
157.024200
157.027100
157.030450
157.042950
157.160050
157.163100
157.173650
157.492050
157.494400
157.497150
158.101650
158.104450
158.109600
158.113550
158.124800
158.315600
158.318150
158.327350
158.331450
159.238250
159.245700
159.248600
159.261250
159.788650
159.791200
159.797350
159.801450
159.806100
159.820350
159.839150
159.874100
160.510300
160.513050
160.515950
160.519850
161.245250
161.248200
161.263950
161.555400
161.558250
162.029400
162.034200
162.081850
162.476900
162.479100
162.484800
162.491700
162.495850
162.501000
162.516150
162.994750
162.997000
163.003250
163.012300
163.028500
163.655100
163.658150
163.803900
164.286900
164.289850
164.293700
164.304900
164.345300
164.680100
164.682800
165.441000
165.443850
165.450950
166.221150
166.508150
166.511050
166.514100
166.517550
166.521000
166.529500
167.267850
167.270500
167.282150
167.644300
167.646750
167.649800
167.867500
167.870850
168.061050
168.989750
169.001300
169.013400
169.016400
169.024600
169.685750
169.688250
169.705100
170.662150
170.664600
170.667750
170.686300
170.690000
170.781200
170.783950
170.787200
170.791000
170.800300
171.657750
171.660100
171.662950
171.666550
172.167450
172.403150
172.405900
172.409300
172.891400
172.893750
172.896800
172.904950
173.317050
173.319350
173.322300
173.325000
173.341100
173.672900
173.675600
173.679400
173.690450
174.083000
174.085850
175.588600
175.592200
175.600100
176.181650
176.184950
176.220000
176.223300
176.585350
176.587800
176.591550
176.605300
176.724400
176.727900
177.331250
177.334400
177.403650
177.407400
177.809350
177.812000
178.207050
178.209450
178.212300
178.215900
178.231100
178.514000
178.516500
178.519200
178.522550
178.527550
178.537400
178.649750
178.662950
179.157600
179.160450
179.701550
179.704050
179.706750
179.721000
179.958050
179.961550
179.968500
180.409450
180.412350
180.415200
180.667750
180.704600
180.707550
180.748400
180.757550
180.761650
180.953250
180.955800
180.967550
181.396100
181.398450
181.402250
181.591750
181.594750
181.598350
181.601350
181.894400
181.897300
181.941000
182.283200
182.321200
182.324550
182.330050
182.333900
182.341550
182.349900
182.594250
183.068800
183.170500
183.172950
183.176400
183.185500
183.524350
183.528100
183.613800
183.616700
183.737450
183.740200
183.744200
183.753550
183.822300
184.381250
184.510350
184.513400
184.846400
184.849000
184.856000
184.860100
185.335700
185.349900
185.353800
185.815300
187.006500
187.095500
187.098300
187.110900
187.161350
187.164400
187.169450
187.415250
187.417850
187.420750
187.425700
187.429150
187.501450
187.504450
188.013450
188.016300
188.389150
188.425800
188.985650
189.057650
189.060600
189.232750
189.747000
189.750050
190.026600
190.030100
190.042200
190.048200
190.052400
190.065500
190.075650
190.085700
190.104650
191.289800
191.292250
191.393250
192.180300
192.183000
192.186850
192.190000
192.201200
192.453250
192.456400
193.029250
193.031700
193.041650
193.265000
193.268050
193.564000
193.566800
193.570050
193.578400
193.587850
193.595850
193.602650
193.607850
193.905700
193.908850
194.218850
194.352700
194.355150
194.361800
194.515400
194.518350
194.522400
194.525650
194.530000
194.539250
194.544550
194.555900
194.569300
194.658350
194.668450
194.949950
195.056650
195.060500
195.200550
195.204100
195.433600
195.437100
196.142900
196.145550
196.149100
196.155700
196.162300
196.173200
196.904100
197.333300
197.949000
197.952600
197.965750
198.213900
198.217300
198.249550
198.504600
198.507100
198.884650
198.888050
198.891950
198.903100
198.915400
199.220050
199.222750
199.242250
200.149750
200.152350
200.187750
200.190550
200.194550
200.214450
200.225750
200.377400
200.380600
200.392150
200.937350
200.941600
200.970150
200.973500
200.977850
201.735900
201.738750
202.050700
202.053450
202.235250
202.237800
202.241750
202.693550
202.696350
203.024800
203.027700
203.142800
203.292150
203.295700
203.345000
204.106200
204.108750
204.275400
204.278150
204.287650
204.297100
204.389200
204.393000
204.973450
204.976850
205.266800
205.452500
205.455300
205.461450
205.682800
205.685300
205.712350
205.715500
206.015850
206.018400
206.023000
206.255750
206.258700
206.262000
206.698600
206.701150
207.210150
207.212600
207.218900
207.225750
207.237650
207.610250
207.612900
207.616750
207.623750
208.003650
208.007450
208.407650
208.410600
208.429400
209.836250
209.838950
209.842450
209.858250
210.053050
210.055450
210.058300
210.073750
210.140850
210.144100
210.441000
210.443700
210.644600
210.647400
210.694050
210.697750
211.034400
211.037350
211.050200
211.133200
211.135700
211.138900
211.155950
211.185850
211.572800
211.575200
211.961550
211.964450
212.103250
212.106050
212.114600
212.118400
212.191250
212.194050
212.199400
212.676400
212.813250
212.944950
213.362750
213.365300
213.369600
213.380800
213.389950
213.393250
213.397600
214.040300
214.043250
214.048800
214.051800
214.054800
214.224050
214.227950
215.216150
215.218400
215.221000
215.227050
215.241100
215.651450
216.116250
216.119650
216.302550
216.553150
216.555550
216.558400
216.561400
217.060050
217.063300
217.844000
217.936450
217.939100
217.942100
217.945250
218.824350
218.827000
218.830200
218.833650
218.841700
219.117850
219.120750
219.124650
219.128950
219.870500
220.872000
220.874300
220.876750
220.880500
220.887100
220.902150
220.924000
221.179450
221.182350
221.201600
221.308350
221.311200
221.751450
221.754600
222.561400
222.564200
222.568500
223.242450
223.245700
223.252000
223.261450
223.673550
223.676500
223.713550
223.716250
223.720500
224.327750
224.340000
224.356300
224.581500
224.832650
224.835300
224.838800
225.101200
225.103900
225.563350
225.742800
225.746500
225.871400
225.884700
226.481450
226.483700
226.876650
226.879250
226.883000
227.474750
227.477650
227.882550
227.885300
227.949150
227.951800
227.957950
228.479750
228.482750
228.508550
228.582750
228.585950
228.884850
228.887550
228.901050
228.915400
229.667650
229.671300
229.856550
230.111050
230.114800
230.128500
230.132300
230.405400
230.408500
230.412450
230.861200
230.864250
230.957300
230.960800
230.964350
230.967550
230.971650
231.509950
231.747800
231.855750
231.858750
232.270200
232.279650
232.489800
232.493300
232.537850
232.670900
232.674700
232.858900
232.862200
233.496900
233.499500
233.503250
233.506800
233.517700
233.883600
233.886700
233.902550
233.977700
233.980850
234.398050
234.400900
234.405350
235.318250
235.434250
235.623350
235.627050
235.717650
235.721000
235.734350
236.053450
236.061950
236.076950
236.083700
236.104050
236.111100
236.117250
236.408250
236.410500
236.413150
236.416450
236.421750
236.944500
236.947150
237.068250
237.071200
237.472350
237.474900
237.479550
237.483700
237.492750
237.496950
237.937850
237.940700
238.166000
238.168850
238.401850
238.444450
238.447850
238.453250
238.457150
238.464850
238.795450
238.798200
238.804700
239.218300
239.221850
239.829600
239.832350
239.835400
240.005050
240.007700
240.012450
240.017150
240.021100
240.028400
240.039800
240.047800
240.055200
240.065500
240.153350
240.157300
240.611400
240.614750
240.629650
240.723750
240.788350
240.791300
240.801650
240.805450
240.816850
241.159350
241.162150
241.166400
241.407950
241.410950
241.611100
241.779450
241.799950
242.021950
242.191450
242.194150
242.730350
242.733100
242.739200
243.040950
243.043950
243.224500
243.227900
243.230700
243.242850
243.255150
243.264850
243.268400
243.275600
244.116450
244.118850
244.121850
244.125600
244.134800
244.582400
244.584550
244.587150
244.590450
244.594500
244.600250
244.611800
244.733950
244.737150
245.024400
245.028150
245.032500
245.036850
245.480100
245.483950
245.525250
245.528700
245.532450
245.539500
245.555600
245.831650
245.834550
246.000000
246.002600
246.005900
246.019600
246.040100
246.532400
246.535400
246.562600
246.995800
246.998550
247.038800
247.104850
247.114700
247.174600
247.181000
247.189100
247.478450
247.943950
247.946350
247.949800
247.955500
248.408700
248.411550
248.428050
248.432150
248.499600
248.957600
248.960200
248.964450
248.968600
249.347400
249.350050
249.357250
249.368600
249.375050
249.406650
249.648600
249.651550
249.925550
249.928400
249.942700
250.102600
250.106150
250.109500
250.115800
250.124050
250.230650
250.490250
250.492900
250.501100
250.585300
250.904700
250.907600
251.200350
251.203650
251.320350
251.323650
251.390550
251.399950
251.444650
251.612350
252.175900
252.179200
252.527100
252.965800
252.968550
252.971950
253.431900
253.435500
253.734000
253.736400
253.739350
254.069000
254.182700
254.185650
254.198300
254.322700
254.326200
254.764550
254.767600
254.780900
255.369350
255.466800
255.475600
255.581350
255.584050
255.618650
255.756100
255.762200
255.766100
255.769200
255.903750
255.906850
255.926800
255.930700
256.136450
256.138900
256.143900
256.149300
256.152450
256.606650
256.609150
256.612200
256.740750
256.743450
256.750500
257.041800
257.044600
257.234700
257.237150
257.245050
257.832750
257.835800
258.003500
258.006250
258.373750
258.376500
258.380650
258.797650
258.969700
258.972600
259.364100
259.370400
259.373950
259.462850
259.465500
259.471850
259.544500
259.548450
259.552000
259.566150
259.769500
259.771950
259.871250
260.108500
260.111450
260.356900
260.359150
260.362000
260.365550
260.376900
260.651700
260.654600
260.675300
260.958650
260.962300
260.981450
261.037350
261.064500
261.213650
261.216950
261.366050
261.372850
261.400100
261.641700
261.645250
261.898450
261.910300
261.913750
261.917450
261.921150
261.928900
262.307900
262.311100
262.322650
262.599450
262.602300
262.811450
262.814400
263.300150
263.337300
263.340500
263.503850
263.977350
263.981700
264.121900
264.505650
264.508650
264.856500
264.863050
264.866550
264.873150
265.125450
265.128500
265.131950
265.141700
265.145750
265.149700
265.600400
265.689850
265.692200
265.721900
265.838250
265.840600
265.850650
266.212850
266.215550
266.218700
266.221700
266.232300
266.246200
266.578650
266.635000
266.637900
266.667250
266.670900
267.019250
267.024300
267.027900
267.271150
267.273900
267.646150
267.649150
268.003400
268.006000
268.010200
268.480150
268.483250
268.657600
268.659750
268.666400
268.672850
268.676550
269.029700
269.032350
269.043150
269.164550
269.167250
269.182650
269.195100
269.716250
269.850600
269.853300
269.860600
269.967250
269.970200
269.976050
270.448150
270.901700
271.262850
271.265550
271.293550
271.903500
271.905950
271.909150
272.101050
272.104150
272.189550
272.271700
272.589850
272.592400
272.595700
272.598900
272.612350
272.698800
272.942600
272.945150
272.949000
272.959500
273.182250
273.185550
273.463450
273.466950
273.511400
273.670550
273.673600
273.676750
273.963200
273.966500
273.976650
274.035300
274.038650
274.044350
274.109600
274.197900
274.213200
274.224750
274.487550
274.493050
274.701700
274.906100
274.909200
275.337000
275.339500
275.822350
275.908800
276.092800
276.095750
276.226650
276.265550
276.277950
276.506600
276.510100
276.578850
276.591650
276.830400
276.840900
277.368100
277.371450
277.443400
277.615450
277.638550
277.641550
277.644800
277.654700
277.925600
278.058900
278.072500
278.076850
278.577100
278.580850
278.588000
278.594500
278.597800
278.614550
278.844600
278.847300
279.334450
279.337300
279.347600
279.351150
279.472850
279.475750
279.487850
279.492050
280.168550
280.172700
280.432700
280.439200
280.449000
280.669200
280.671950
280.709450
281.154150
281.156950
281.440100
281.442600
281.446550
281.450350
281.456300
281.464450
281.563250
281.567100
281.647250
281.650600
282.010700
282.013100
282.016950
282.047100
282.050900
282.662350
282.665150
282.683150
282.838200
282.841900
282.865450
283.218100
283.227550
283.529050
283.531550
283.535800
283.552200
283.555650
283.566250
284.041950
284.044850
284.320450
284.493800
284.496350
284.512700
284.516700
284.524650
284.532800
284.578050
284.937300
284.939650
285.198250
285.201550
285.209650
285.265600
285.269500
285.275800
285.671000
285.674050
285.939250
285.941900
285.957150
286.138300
286.141500
286.266850
286.269100
286.272550
286.276600
286.287850
286.397450
286.401150
286.470450
286.474800
286.782100
286.921850
286.924650
287.146200
287.214350
287.216950
287.510000
287.767100
287.777350
287.977800
287.980550
288.342850
288.346050
288.361500
288.642200
288.644850
288.664050
288.708100
289.075500
289.077950
289.080950
289.546800
289.553550
289.556400
289.559900
289.570250
289.704750
290.166600
290.169300
290.344050
290.348000
290.383900
291.162950
291.166250
291.174900
291.499850
291.502800
291.704700
291.707650
292.149550
292.152250
292.155700
292.421350
292.429100
292.541550
292.544400
292.878100
292.880500
292.883700
292.927800
293.096400
293.216600
293.219200
293.221950
293.225000
293.451200
293.454350
293.458750
293.552850
293.556650
293.567650
293.716000
293.753300
294.101250
294.104400
294.382900
294.740950
294.744150
294.840100
294.843100
295.023300
295.235700
295.238400
295.250650
295.529250
295.531900
295.547250
295.687350
295.695700
295.699800
295.703800
296.047000
296.058600
296.170250
296.173100
296.177150
296.270200
296.281050
296.284900
296.289450
296.533150
296.535900
296.715100
296.719000
296.915600
296.918850
296.925250
296.937900
297.168000
297.580150
297.582550
297.592200
297.912000
297.920150
298.110750
298.113950
298.826500
298.829300
299.088500
299.091350
299.106300
299.110400
299.355500
299.358800
299.679000
299.681950
299.692450
299.760150
299.763050
299.767250
300.572850
300.788900
300.792600
300.801050
301.598500
301.601500
301.606150
301.609450
301.618450
301.623950
301.904550
301.958200
301.960900
301.963950
302.262350
302.264950
302.457150
302.460200
302.525750
302.670350
302.941000
302.944400
303.069900
303.072850
303.076450
303.400800
303.706550
303.709450
303.713400
303.727100
303.780050
303.782850
303.786700
303.791000
304.033600
304.036750
304.194850
304.198000
304.207600
304.478400
304.482650
305.131050
305.134250
305.154550
305.379400
305.382100
305.391850
305.400550
305.597600
305.600800
305.895400
305.897900
305.901450
305.913050
306.128950
306.428050
306.625850
306.628750
306.788250
306.858750
306.861750
307.462600
307.465200
307.478200
307.486050
307.494950
307.977800
307.981150
308.138450
308.142850
308.444050
308.448600
308.459500
308.464500
308.647900
308.651650
309.107000
309.204600
309.208000
309.223000
309.235300
309.646950
309.649750
309.942450
309.945300
310.153650
310.156300
310.160100
310.581550
310.584450
310.587600
310.890500
311.216200
311.219300
311.382900
311.385350
311.388400
311.397400
311.707050
312.242850
312.245500
312.252450
312.256100
312.564450
312.567150
312.571100
312.580600
312.890850
312.893400
312.897250
312.910150
313.091100
313.093800
313.183800
313.186400
313.198100
313.289600
313.493150
313.860200
313.862450
313.872200
313.876600
314.103700
314.109600
314.391550
314.394100
314.407600
314.456250
314.466500
315.043900
315.076300
315.079150
315.086500
315.303300
315.337850
315.344300
315.697950
315.700500
315.705600
315.733850
315.737200
315.989100
315.991800
316.013650
316.020750
316.023700
316.032700
316.036400
316.292150
316.295000
316.298650
316.315250
316.360150
316.757000
316.759700
316.835450
316.837850
316.854850
317.125150
317.128500
317.153750
317.759150
317.761950
318.033950
318.037500
318.219100
318.222400
318.226650
318.644750
318.850500
318.854150
318.905300
318.915450
318.985350
318.989500
319.568900
319.571850
319.575000
319.585650
319.590050
320.070350
320.215850
320.218750
320.222350
320.376050
320.379200
320.488500
320.491600
320.707950
320.710600
320.714850
320.725950
320.730250
320.883000
320.885900
320.891150
321.194250
321.197000
321.209750
321.346750
321.349950
321.355950
321.519200
321.521900
321.546800
321.898750
322.240750
322.248400
322.688150
322.690950
322.699850
322.708200
322.714850
323.156400
323.158900
323.161950
323.179350
323.185150
323.212150
323.429650
323.477000
323.594100
323.701950
323.704850
323.708650
323.714550
324.047700
324.443050
324.445450
324.455000
324.491650
324.494650
324.852450
324.855150
324.859550
324.867400
325.009100
325.012450
325.024300
325.478900
325.481500
325.485350
325.739800
325.826800
325.829600
326.258750
326.261250
326.266000
326.269650
326.529600
326.532450
326.538500
326.770650
326.773100
327.046050
327.163250
327.167000
327.177850
327.190200
327.423000
327.430150
327.433700
327.442400
327.448700
327.573850
327.990350
327.992900
327.999250
328.395500
329.038900
329.041600
329.046600
329.061200
329.300650
329.307450
329.628000
329.630850
329.827700
329.830300
329.833750
329.845800
329.908800
330.371100
330.373600
330.377900
330.464800
331.239450
331.241900
331.790800
331.794300
332.010750
332.013850
332.569450
332.572100
332.937900
332.940500
332.949700
333.220450
333.223000
333.225750
333.235750
333.324600
333.327200
333.333750
333.337150
333.350450
333.830650
333.833650
333.853250
333.861550
334.134050
334.136900
334.142050
334.521550
334.524100
334.527500
334.569050
334.572150
334.926050
334.928500
334.937650
334.942350
334.953650
335.150550
335.502200
335.504550
335.507450
335.765650
335.769100
335.780050
336.504600
336.507400
336.574400
337.085000
337.088150
337.417700
337.426700
337.596500
337.599300
337.603750
337.609200
337.631250
337.670350
337.673950
337.951500
337.954350
337.963450
337.971000
337.980400
337.984200
338.601250
338.603950
338.607050
338.618800
338.761750
338.764800
338.865200
338.870500
338.878400
339.016750
339.019800
339.038700
339.456200
339.523700
339.526350
339.535250
339.696500
339.959950
339.963600
340.089200
340.120550
340.181250
340.184550
340.201450
340.480050
340.482600
340.485850
340.944850
340.947800
340.971400
340.980350
341.022250
341.026250
341.035050
341.650550
342.920100
343.258650
343.261150
343.406450
343.409500
343.412900
343.454550
343.502650
343.972000
343.974500
343.977500
343.981700
343.994450
344.232650
344.239800
344.519800
344.522600
344.732350
344.735600
344.891050
345.328150
345.331050
345.341650
345.351450
345.609950
345.613050
345.839050
345.887400
345.890650
346.149800
346.316000
346.334150
346.511950
346.514750
346.929150
346.934750
346.938700
346.947050
347.280250
347.283250
347.581950
347.586100
347.589150
348.011550
348.014450
348.046550
348.050350
348.630700
348.633750
349.213200
349.216150
349.227900
349.332500
349.341550
349.344700
349.353500
349.854600
349.857250
350.001950
350.004550
350.008550
350.218350
350.470300
350.472900
350.684050
350.738950
350.741750
350.932300
351.108300
351.252100
351.639900
351.642450
351.645700
351.663000
352.014350
352.017150
352.267200
352.270000
352.273400
352.593750
352.917900
353.112700
353.115200
353.119000
353.125850
353.130450
353.139050
353.965000
353.968150
353.980350
354.072350
354.075000
354.078450
354.088150
354.480550
354.483100
354.716250
354.732950
354.735950
354.739950
354.743600
354.756550
354.993250
354.995900
355.161300
355.165300
355.581650
355.584650
355.841350
355.844550
356.220250
356.223000
356.235000
356.242400
356.533800
356.536800
356.742400
356.745100
356.751400
356.755000
356.780750
356.783800
356.791850
356.804050
357.276550
357.279200
357.282700
357.726650
357.729400
358.122050
358.124250
358.140050
358.530600
358.533200
358.537250
358.879500
358.882100
358.885650
358.891850
358.897900
359.814850
359.823750
359.826750
360.191600
360.195300
361.010100
361.012950
361.030400
361.056050
361.613350
361.616300
361.619200
361.622900
361.926650
362.286450
362.289600
362.551550
362.554600
362.584200
362.587950
362.591600
362.596050
362.733800
362.736800
362.741300
362.745300
363.039100
363.424900
364.053800
364.063550
364.066500
364.713900
364.802300
364.957600
364.960800
364.968750
365.481100
365.484450
365.734200
365.737250
366.000200
366.003500
366.013850
366.325850
366.328500
366.338750
366.351700
366.725900
366.728800
366.738400
366.741400
366.744500
367.067100
367.070300
367.434400
367.437400
367.584300
367.586900
367.929800
367.932300
367.939450
367.954700
367.985100
368.336550
368.339700
368.531950
368.535050
368.711750
369.116500
369.126850
369.450750
369.709450
369.802100
369.804900
369.819100
369.822350
370.811150
370.820400
370.824100
371.542200
371.571550
371.574350
371.978000
371.981050
372.218350
372.221150
372.557000
372.559800
373.205150
373.270900
373.606850
373.609500
373.862500
373.865200
373.869700
374.264050
374.267450
374.270650
375.541000
375.543500
375.553500
375.559250
376.023900
376.189850
376.198350
376.202450
376.214800
377.200350
377.203450
377.589750
377.592900
377.709400
377.720400
377.724000
377.731150
378.222450
378.224800
378.237000
379.646550
379.649700
379.663650
379.986750
380.040550
380.580800
380.584100
380.593300
380.605650
380.978950
380.981700
380.998050
382.475650
382.478250
382.608450
382.611700
382.624100
383.194400
383.197100
383.200650
383.227500
383.945900
383.949250
384.314850
384.317350
384.321600
384.818150
384.821200
385.065000
385.067750
385.079100
385.083000
385.745450
385.748900
385.754300
386.346000
386.525750
386.528650
387.339200
387.939700
388.499500
388.501750
389.552750
389.555000
389.558100
389.985350
389.988500
389.997350
390.010150
390.013400
390.200900
390.203950
390.212600
390.325250
390.638600
390.641400
390.873850
390.877300
391.333400
391.684850
391.688100
391.726400
391.760350
392.051650
392.054200
393.041900
393.044800
393.105550
393.108900
393.117700
393.335300
393.338300
393.342100
393.567750
393.583100
393.791150
394.203200
394.251150
394.802100
394.804700
394.808000
394.811550
394.815300
394.983000
395.301550
395.304450
395.351900
395.358000
395.618450
395.621050
395.625400
396.120500
396.123200
396.129100
396.395900
396.399000
396.770800
396.773300
396.786050
396.794150
396.797200
396.811800
397.041850
397.044450
397.056700
397.071700
397.156500
397.160400
397.171300
397.190100
397.863950
397.983450
397.986100
398.237850
398.240300
398.244400
399.175400
399.178000
399.181350
399.190600
399.197300
399.504250
400.362550
400.371200
400.622200
400.626300
400.636650
400.640400
400.651700
400.664550
401.199900
401.202700
401.206400
401.223500
401.262450
401.265800
402.062350
402.907900
402.910400
402.914600
403.470150
403.472750
403.476150
403.479850
403.985250
403.987350
403.997750
404.010850
404.208550
404.211600
404.583200
404.585750
405.583100
406.353950
406.851700
406.854550
408.234500
408.249600
408.309150
408.595050
408.598400
408.977000
408.979650
408.990500
409.407300
409.409900
409.930350
409.933600
410.031800
410.034650
410.059800
410.075600
410.265900
410.268650
410.515550
410.518200
410.521350
410.525350
410.540400
410.766550
411.513950
411.516350
411.954750
411.957500
411.964900
412.323900
412.327800
412.426600
412.429400
412.768800
412.771550
413.304750
413.308150
413.459050
413.922100
413.925900
413.931150
414.233350
414.235900
414.301650
414.911150
414.915100
415.370550
415.373150
415.393700
415.627550
415.784550
415.788800
416.111000
416.114000
416.118450
416.280950
416.283500
416.300800
416.640150
416.642950
416.989400
416.991750
416.995350
417.372050
417.892200
418.226650
418.567800
418.571000
419.189900
419.890650
419.893400
419.915900
419.918500
419.930400
420.237300
420.239800
420.243000
420.789200
420.794250
420.798350
420.802800
421.054250
421.057000
421.771200
422.225800
422.229400
422.441350
422.444000
422.458700
422.475100
422.484750
422.497800
422.843400
422.851750
423.331300
423.612700
423.615400
423.624700
424.606750
424.609050
424.623900
424.628600
425.832100
425.835050
426.202400
426.678750
426.687700
426.707100
427.497950
427.500600
427.819750
427.822400
427.825450
427.835000
428.080450
428.083650
428.501500
428.504550
428.889450
428.892400
429.027800
429.036200
429.050500
429.477750
429.480300
429.495200
429.509750
430.345150
430.347500
430.350350
430.615900
430.618200
430.621800
430.933700
430.936400
431.289850
431.292250
431.821800
431.824900
431.828850
431.870800
432.026700
432.029200
432.469250
432.473100
432.480800
433.433750
433.436200
433.440000
433.447500
434.027300
434.030500
434.887150
434.889650
434.892500
434.900300
434.903850
435.391150
435.393800
435.989500
435.992350
436.193600
436.196600
436.426950
436.430150
436.917200
436.932200
437.944700
437.951850
437.961350
437.977450
438.596400
439.227950
439.230200
439.233450
439.236950
439.252150
439.684550
439.687100
439.935850
439.938950
439.943900
441.001800
441.006300
441.048800
441.051850
441.789550
441.792350
442.587650
442.870400
442.872850
442.876650
443.188450
443.677750
444.176800
444.218050
444.523150
444.532800
444.543200
444.921800
445.322500
445.325300
445.785800
445.789000
445.801500
445.819800
446.084550
446.869300
447.383050
447.385650
447.895450
447.897800
447.901100
448.345100
448.347700
448.367850
448.461150
449.167500
449.170500
449.213600
449.216750
449.809850
449.817950
449.829150
449.966350
449.979400
450.220700
450.245200
450.248350
450.737900
451.165150
451.168050
451.182350
451.477700
451.480700
451.789400
453.021000
453.023800
453.341950
453.344600
453.347700
453.355850
454.167450
454.170350
454.244650
454.280600
454.457350
454.460600
454.663600
454.803500
454.806250
455.061550
455.064600
455.067550
455.223150
455.538650
455.541450
456.102000
456.552400
456.671750
456.901150
456.903500
457.591950
457.594900
458.111100
458.114000
458.461450
458.464150
458.467650
458.471450
458.921650
458.924650
459.479550
459.481800
459.484900
460.397950
460.400300
460.946050
460.953000
460.955800
460.984250
461.323300
461.326300
461.345750
461.689050
461.695350
461.698900
461.728500
462.257900
462.260650
462.266950
462.372650
462.376800
462.380050
462.782950
462.786050
462.995500
463.024800
464.167350
464.170050
464.173300
464.851800
465.025200
465.027600
465.030900
465.036000
465.048650
465.058700
465.178050
465.470950
465.473650
465.476700
465.736100
465.738800
466.082000
466.245200
466.248500
468.553750
468.556650
468.561550
468.588750
468.599350
469.804250
469.806850
469.809850
470.660650
470.663250
470.666600
470.841150
470.843450
470.846450
471.667550
471.670050
471.688050
472.223650
472.250700
472.925850
472.928750
472.932700
473.184700
473.342650
473.346350
473.418600
473.421700
473.434700
474.363500
474.366350
474.369900
474.376450
474.387200
474.948100
474.956900
474.959950
475.527250
475.530050
475.544250
476.207850
476.219800
477.882300
477.884900
477.891150
477.896450
478.146400
478.149700
478.661900
478.665050
478.957750
479.471400
479.474100
480.366000
480.368550
480.371400
480.376600
480.389000
480.953100
480.956000
480.973050
481.377800
481.380900
481.792900
481.794950
483.339250
483.341500
483.344700
483.348900
483.364550
483.924600
484.102550
484.105000
484.401850
484.406000
484.757450
484.761250
484.764550
484.935600
484.941650
485.501850
485.504600
485.572200
485.575500
485.897200
486.406550
486.409100
486.412300
486.424450
487.061650
487.069600
487.080500
487.107250
489.143850
489.146650
489.149850
489.155350
489.159500
489.163900
489.528500
489.536250
489.792400
489.794850
489.798250
489.999800
490.002200
490.347650
490.350400
490.354850
490.985150
490.988450
490.993050
491.003400
491.223850
491.226700
492.141850
492.679850
492.682500
492.704600
492.716950
492.721100
493.100800
493.104000
493.676850
493.707650
493.711750
494.316600
494.318950
494.327200
494.338400
495.249400
495.253200
495.289850
495.293700
495.728100
495.730550
495.734250
496.177300
496.181150
496.453700
496.721550
496.725150
496.738800
496.745500
497.047250
497.049850
497.058100
497.649200
497.651750
497.661000
498.125900
498.128600
498.140950
498.471200
498.473500
498.935800
499.442200
499.735500
499.738850
500.555700
500.558150
500.570700
500.683550
500.687550
502.070600
502.073200
502.076750
502.488900
502.492750
502.534050
502.537200
502.548900
503.840700
503.843400
503.869750
503.885300
503.894850
504.625400
504.628200
504.998650
505.009600
505.016900
505.034700
505.255900
506.302350
506.304500
506.315250
506.613050
506.616000
507.124400
507.127200
507.137150
507.141900
507.944500
507.947200
507.951000
507.955050
507.973150
508.153800
508.156400
508.492100
508.495050
508.793200
508.802650
508.812900
510.017300
510.294550
510.297550
510.498900
510.501700
511.079900
511.091150
511.094150
511.330450
511.333200
511.345950
511.369750
511.906950
512.161900
512.165000
512.173300
512.181250
512.191600
512.602550
512.605200
513.039600
513.193950
513.204150
513.353150
514.014850
514.017300
514.020500
514.525300
515.807550
515.813600
515.818050
515.877200
516.196550
516.199550
516.348000
516.350400
516.353650
517.183200
517.185850
517.190200
517.202000
517.216550
517.231650
517.609350
518.093100
518.095700
518.104100
518.163900
518.167100
518.178550
518.182250
518.447650
518.450550
518.762750
518.765450
518.778450
519.794500
519.868550
520.731300
520.733750
520.736650
520.741050
521.644700
521.647550
521.652050
521.659750
521.663600
521.923100
521.925650
522.486000
522.488900
522.650900
524.017400
524.022650
524.026500
524.640000
524.643050
524.654650
524.780150
524.782800
524.981350
524.983900
525.388450
525.391350
525.399350
525.812700
525.815600
526.615350
526.618400
526.628200
527.882400
527.893850
528.481900
528.485500
529.020900
529.023450
529.166700
529.724750
530.439300
530.442200
530.445750
530.848100
530.869900
531.662150
531.664350
531.676400
532.478150
532.480500
532.483850
532.909200
533.063750
533.066900
533.429000
533.431400
533.436100
533.443400
534.144100
534.146800
534.663700
534.666600
535.232850
535.235650
535.266800
536.506550
536.509200
536.512650
536.528500
536.596000
536.599100
536.607150
536.904700
536.907550
538.195050
538.197650
538.202250
538.634500
538.636800
538.639400
538.648500
539.075050
539.077350
539.083700
539.097950
540.044300
540.047150
540.057000
540.236950
540.240600
540.486900
540.490150
541.026900
541.030100
541.720700
541.723550
543.006250
543.008850
543.066250
543.231850
543.234650
544.327000
544.329550
544.334150
544.344800
544.352800
544.549400
544.552000
544.598700
545.113550
545.116050
545.255850
545.261000
545.264400
545.565800
545.569600
545.617450
545.625150
546.017200
546.256500
546.736600
546.740250
546.748400
546.752450
547.127000
547.291050
547.635250
547.638100
548.631400
548.634750
549.279550
549.282000
549.285200
549.464650
549.468200
549.773700
550.452550
551.442600
551.445350
551.468950
551.472450
551.972200
551.974750
552.272400
552.275000
552.783000
552.786150
552.809600
553.059150
553.061600
553.064450
553.070600
553.077300
553.504650
554.083300
554.085700
554.101350
554.114800
554.124050
554.643700
554.646500
554.999450
555.002400
555.014000
555.774300
556.348650
556.351350
556.718950
556.721650
556.922650
556.925800
557.493300
557.957900
557.961550
557.987700
558.000200
558.500000
558.503200
559.050150
559.052750
559.348650
559.351950
559.368500
560.466850
560.473300
560.682100
560.685000
560.900050
561.200100
561.203000
561.206250
561.326200
561.331450
562.670750
562.673150
562.676850
562.913750
562.928600
562.940900
562.990800
563.336700
563.339550
563.343650
563.349250
564.006250
564.009100
564.702250
564.705300
565.689000
565.845450
565.848500
566.920000
566.922450
566.935300
566.941150
566.959150
567.107200
567.110150
567.122750
567.400450
567.403600
567.407800
568.276550
568.279350
568.359750
568.362400
568.828300
568.830800
568.833600
568.837950
570.307750
570.310650
570.391900
570.395600
570.581700
570.732350
571.013300
571.016600
571.601000
571.604300
571.807300
571.813200
571.873750
572.110400
572.320750
572.323000
572.593350
572.596050
572.939300
572.942600
573.071900
573.074550
573.341750
573.974250
574.260400
574.263100
574.277850
574.714300
574.717100
574.897850
574.901250
575.196100
575.586800
575.589900
575.610750
575.802150
575.805150
576.292950
576.295700
576.306800
576.356750
576.378000
577.354750
577.357450
577.780550
577.784550
577.899800
578.086950
578.089650
578.250700
578.523350
578.526750
578.747250
578.750550
579.567700
579.571000
579.579600
580.017000
580.020250
580.807400
580.810250
580.827350
580.844000
580.873650
581.390000
581.397450
582.002950
582.005850
582.017450
582.842800
582.845550
583.086450
583.270000
583.802500
584.702750
584.705650
585.300900
588.385550
588.672900
588.848450
589.364350
590.107650
590.884100
592.301150
593.248150
593.831550
593.834100
595.598350
596.152150
596.404300
598.172800
598.175300
600.172900
600.179000
601.174550
601.543300
601.897550
603.309950
603.622100
609.351100
612.646850
612.661550
612.669400
612.673550
612.694300
612.700900
612.714450
613.203700
613.206400
613.357350
614.627850
614.630650
614.988450
615.014850
615.156050
616.076250
616.092250
616.293650
616.296300
617.104050
618.211300
618.214450
618.960400
618.962750
618.979600
619.141350
619.144150
619.715150
619.717650
619.720650
619.991750
619.993950
620.448900
620.533300
620.537450
620.541000
620.548250
621.412900
621.415650
622.035500
622.039700
622.667900
622.670600
622.718000
622.926250
622.928850
622.932400
623.527650
623.530350
623.533450
623.873000
623.875900
624.318950
624.321850
624.547850
624.550200
624.563700
624.580400
624.798100
624.927100
624.945850
624.955500
625.894350
625.896600
625.899450
626.183500
626.186800
626.231350
626.705550
626.708450
626.752900
626.958500
626.961500
627.734550
627.737400
628.063400
629.227150
629.229700
629.343800
629.346150
629.350350
629.677600
629.680900
630.221850
630.224800
630.409550
630.412400
630.791550
630.794600
630.809050
631.066050
631.714550
631.717050
631.724100
632.294250
632.297100
632.310700
633.606700
633.609150
633.935100
633.938000
634.026050
634.794450
634.801900
634.969650
635.133300
636.240500
636.242900
636.246200
636.257500
636.746750
636.749550
637.456450
637.460500
637.472400
637.924250
637.926950
637.938000
638.316500
638.331850
638.335050
638.819150
638.822550
639.470650
639.473400
639.488350
639.699600
639.705050
639.886800
640.252700
640.255450
640.957850
640.960400
640.984400
642.023750
642.032600
642.036100
642.060050
642.443100
642.832050
642.834800
643.053850
643.056500
643.578650
643.593950
644.638300
644.670550
644.871650
644.874600
644.878150
645.068350
645.071400
645.075550
647.174850
647.177450
647.181150
647.281800
647.302700
647.554600
647.557250
647.561050
647.565250
647.580250
648.487850
648.741550
648.745800
648.749050
649.592900
649.597300
649.983250
649.985700
650.185100
650.508500
650.511450
650.514950
650.638100
650.642100
651.258750
651.261700
651.332150
651.507650
651.641500
651.647100
652.159150
652.162050
652.707650
652.710450
652.714200
653.167050
653.659000
653.661450
653.856800
654.049150
654.051800
654.135200
654.138000
654.207550
654.410650
654.413400
654.418250
654.429700
654.433600
655.084000
655.086850
655.090100
655.391800
655.394650
655.409750
655.547900
655.900350
655.903450
656.103850
656.106450
656.179950
656.700000
656.956400
656.961950
656.972050
657.686300
657.688950
657.703450
657.980100
657.982450
657.987350
658.718100
658.721150
659.276650
659.279800
659.377000
659.379800
660.712350
661.100500
661.103100
661.106700
662.055900
662.059400
662.484700
662.491600
662.840450
662.843250
664.315950
664.318550
664.638200
664.640900
664.645150
665.324600
665.327450
665.797450
665.800350
666.548450
666.550900
666.558000
666.561800
668.227900
668.230750
668.244500
668.738250
668.752000
668.755400
669.077250
669.079700
669.084050
669.564800
669.567650
669.739200
669.742000
670.058650
670.061150
670.072550
670.325450
670.803850
670.816950
671.136550
671.139150
671.267550
671.677800
671.681550
671.726350
671.729300
671.741450
672.235250
672.237750
672.241150
672.290600
672.571700
672.574600
672.913450
672.916000
672.920000
673.534450
673.552250
674.453950
674.456800
675.315400
675.318200
675.632900
675.895050
675.897450
675.900450
677.156050
677.158600
677.162350
677.440300
677.442700
677.445600
678.183500
678.186400
678.189550
678.193200
678.895150
678.897600
678.998300
679.001100
679.016000
680.152350
680.155550
680.197800
680.200350
680.898700
681.526450
682.376900
682.379500
682.383150
682.821500
682.824900
682.847000
683.069300
683.072600
683.080950
683.988750
683.991950
684.623950
684.626250
684.635700
684.639850
684.897650
684.918900
685.235750
685.238650
685.272500
685.770400
685.773250
685.786200
686.425550
686.428150
686.564750
686.567550
686.949100
686.951400
686.954350
686.965550
687.345650
687.348200
687.351050
687.354250
687.366600
688.153100
688.156000
689.103950
689.332800
689.336350
689.522100
689.524450
689.527750
689.647900
690.415100
690.421850
690.544600
690.547700
691.142150
691.500900
691.503200
691.506900
691.511550
691.720800
691.723300
691.802200
691.804900
691.808000
692.306250
692.308550
692.311450
692.318700
692.321750
692.329750
692.626300
693.827600
693.830550
693.970800
693.978250
693.991000
694.031750
694.035450
694.064050
694.069950
694.602100
694.604800
694.618400
695.655350
695.658050
695.687150
695.690250
695.700950
695.994750
695.997750
696.992700
696.995050
697.008500
697.012400
697.212700
697.215750
697.244150
697.248250
697.786650
697.789100
697.791900
698.944250
698.946850
698.969800
699.173350
699.943900
699.946700
699.950400
700.130500
700.132800
700.139650
700.161050
700.813600
700.816100
701.155800
701.158650
701.494150
701.496950
701.769550
701.771900
701.774900
702.036800
702.717600
703.070350
703.073250
703.485350
703.488100
703.532300
703.917650
703.920300
704.030400
704.033300
704.051000
704.066850
704.434550
704.437300
704.712250
704.714900
704.849600
704.852150
705.633700
705.636450
705.639850
706.560250
706.563150
706.743200
706.746100
706.795650
706.798500
707.762150
707.765700
707.779300
707.800000
707.837350
707.841450
708.519900
708.522650
708.551850
709.300600
709.303450
710.016400
710.019000
710.816200
710.818800
710.827050
710.835950
710.840350
711.631100
711.633850
711.637600
711.885200
711.888700
712.444900
712.447300
712.574700
712.578000
712.581500
713.237600
713.894250
713.897150
713.961800
713.964750
714.191050
714.193550
714.426450
715.186550
715.189250
715.398850
715.401600
715.496450
715.499850
715.511750
716.080850
716.962000
716.964850
717.348650
717.351550
717.355050
717.358400
717.462900
717.594800
717.598500
717.738950
717.741450
718.666900
718.669950
718.701250
718.704200
718.859850
719.405550
720.533250
720.535850
720.549400
721.076150
721.079050
721.082350
721.085500
721.635300
721.637550
721.645250
721.664500
722.049850
722.052950
722.056250
723.814850
723.817050
723.820200
723.835350
723.857350
724.304400
724.306700
724.634250
725.449400
725.451950
725.840500
725.843600
725.954800
726.222200
726.225250
726.867100
726.869900
726.884500
726.892500
727.226400
727.229550
727.455500
727.460500
727.472750
728.074100
728.076800
728.421450
728.434350
728.442450
728.446550
728.589600
728.593400
729.447150
729.449650
729.463200
729.715350
729.926600
729.929100
729.932350
730.614800
730.617650
730.621250
731.808650
731.811400
731.830300
731.833350
731.840650
731.855300
732.415600
732.418100
732.500450
733.926750
734.057850
734.060250
734.074500
735.692700
735.695600
735.999450
736.002000
736.015200
736.032900
736.333700
736.336400
736.345400
736.660600
736.664000
737.909300
737.911800
738.253350
738.528650
738.531150
738.534350
738.768950
738.771800
738.775750
738.786650
739.035500
739.072350
740.139650
740.142650
740.591050
740.593800
740.617400
740.631550
740.635500
741.492650
741.495750
742.206150
742.208800
742.433100
742.717300
742.720100
743.061950
743.064650
743.069150
743.596000
743.598750
743.607300
744.976550
744.979250
744.985100
745.032950
745.380100
745.383200
745.969600
745.972150
745.983650
745.994300
747.052050
747.054600
747.424950
747.568400
747.570950
747.580800
747.932550
747.936450
747.976400
749.814950
749.817600
750.343750
750.346300
750.468550
750.471350
750.694500
751.724150
751.729550
752.363600
752.366750
752.754150
752.756650
754.107850
754.110200
754.113550
754.116750
755.551300
755.553900
755.557200
755.561400
755.568700
755.580400
756.017950
756.020800
756.032800
756.049100
756.113600
756.116550
756.278900
756.281700
756.513500
756.572950
756.910900
756.913900
758.037550
758.040350
758.044050
758.048100
759.108550
759.111500
759.185150
759.189300
759.484750
759.487400
759.722600
759.725250
760.004650
760.459600
760.462100
760.478850
760.482850
761.016100
761.029050
761.045100
761.186500
761.616200
761.618950
761.621600
761.628200
762.107450
762.110250
762.559950
762.562500
762.565850
762.573050
762.902850
762.905300
762.908500
762.915800
762.991050
763.695400
763.698050
763.801250
763.804050
763.807200
764.428050
764.430700
764.434050
764.442650
764.969550
764.972450
765.322200
765.324900
765.328450
765.710350
765.712900
765.719950
765.733750
766.090050
766.092750
766.879050
767.049100
767.051900
767.055750
767.585300
767.587650
767.590800
767.601850
767.612100
767.616600
767.652750
768.563100
768.565950
769.078550
769.081100
769.398400
770.011900
770.014700
770.177250
770.179750
770.183200
770.192450
770.799550
770.802500
770.817950
770.833300
770.844350
772.656600
772.659150
772.669900
772.757300
772.761450
773.231400
773.234200
773.616150
773.618750
774.349650
774.352850
774.360000
774.543800
774.882900
774.885250
774.888800
775.711500
775.714000
775.718300
776.440900
776.443800
776.450300
776.464950
776.684800
776.687400
777.212750
777.215100
777.217850
777.221800
777.499350
777.502900
777.507550
777.707450
778.475200
778.478100
778.599250
778.976850
778.979700
779.029650
779.033200
779.615350
779.617900
779.620950
779.627150
779.837800
779.840300
779.848000
779.851400
779.888600
781.013900
781.016300
781.019950
781.472450
781.475150
781.653000
782.254500
782.257350
782.260800
782.265550
782.271050
782.285550
782.757650
782.760050
782.763400
783.341350
783.958550
783.962200
783.973950
784.398650
784.401250
784.405250
785.494300
786.290700
786.448350
786.450900
786.473100
786.486650
787.727250
787.729500
787.732300
787.735650
787.745200
788.366300
788.369200
789.205600
789.208150
789.394200
789.396850
789.453800
789.618450
790.117150
790.119650
790.123500
790.129750
790.134050
790.145700
790.383700
790.386350
790.390950
792.163100
792.165850
792.169800
792.174100
792.358200
792.361300
792.425500
792.428050
792.887350
792.890450
792.981100
792.984450
793.739300
794.211950
794.214400
794.431300
794.434050
794.441400
795.023500
795.026850
795.928900
795.931800
796.284050
796.286750
796.550000
796.552800
797.496000
797.498700
797.560950
797.563300
797.867900
797.870600
797.878850
797.882500
798.119250
799.396200
799.399350
799.629450
799.632300
799.635550
799.645100
799.664900
799.696600
800.259400
800.262150
800.458350
800.460850
800.464600
800.477450
801.629050
801.631400
801.634450
801.843350
801.846950
801.851200
801.871650
801.875250
802.715300
802.717900
802.853500
802.856550
803.739600
803.742250
803.966400
803.969200
804.095750
804.714600
804.717600
804.965150
804.968700
805.029700
805.035200
805.336000
805.339000
806.826350
806.828850
806.832500
806.870300
807.060000
807.062600
807.066150
807.075100
807.504000
807.506900
808.339250
808.342000
808.345600
808.350650
808.915950
808.918400
808.925300
809.470450
809.473100
809.481700
809.817850
809.820700
810.247800
810.250300
810.253450
810.257300
810.678800
810.681050
811.048600
811.051100
812.026800
812.029350
812.032500
812.035800
812.294800
812.298000
812.314800
812.335650
813.004550
813.457800
813.460200
813.466600
813.471000
813.876300
813.878700
813.882100
814.018050
814.667000
814.669600
815.149700
815.152050
815.154900
815.158350
815.171750
815.820950
815.823300
816.593200
816.787650
816.790950
816.794700
818.071200
818.084650
818.087650
818.599650
818.602150
819.466250
819.468750
819.559050
819.987150
819.995700
820.504500
820.507250
820.730250
820.733450
821.375850
821.378250
821.381000
822.357150
822.359600
822.683750
823.001750
823.004600
823.018200
823.032450
823.542500
823.545200
823.777000
823.779550
824.320850
824.323550
824.378200
824.381300
824.397100
824.977450
824.979750
824.982700
825.334900
826.299050
826.303050
826.320400
826.345050
826.358600
827.416450
827.817600
827.823200
827.832600
828.828350
828.831100
829.105900
829.108350
829.111850
829.115450
829.163400
829.597000
829.599550
829.603250
830.292150
830.295150
830.298400
830.368250
830.665800
830.668750
831.257300
831.260150
831.468700
831.471200
831.474900
831.872650
831.876350
831.886300
832.787150
832.790750
833.328050
833.331000
833.352950
833.357000
833.366200
833.643750
833.745950
833.748300
833.751550
833.762150
833.951250
833.954300
834.457300
834.459900
834.715800
834.718850
834.908300
834.910850
834.964150
834.967950
835.480150
835.482750
835.493800
835.516750
835.627650
836.657050
836.660200
836.663950
836.732100
836.735250
837.288300
837.302900
837.306200
837.318650
837.724000
837.731000
837.734150
837.743050
837.759100
838.685400
838.687950
840.383900
840.386300
840.390200
840.533300
840.536600
841.551600
842.105250
842.107950
842.314300
843.129500
843.132100
844.064400
844.768000
844.770750
844.935300
844.937900
844.941200
845.350150
845.353250
845.357350
845.367050
846.410650
846.413150
846.416550
846.424350
846.427800
846.437400
847.040300
847.395550
847.398450
848.058550
848.061300
848.230700
848.233550
848.494350
848.497150
848.500400
848.676300
848.679850
848.950200
848.953800
849.106650
849.109600
849.117300
850.126650
850.130150
850.451750
850.454400
850.458050
850.763250
850.766000
851.607250
851.610450
852.261600
852.264100
852.682300
852.684750
852.696300
852.858600
852.941600
852.944500
853.232000
853.234800
853.244650
853.859300
853.866550
853.878250
854.538050
854.540700
855.075350
855.078200
855.081500
855.435500
855.438050
855.441050
855.997850
856.000750
856.013650
856.293400
856.296050
856.304450
856.897500
856.900000
856.902900
857.234550
857.237700
857.496900
857.499900
857.517150
857.606550
857.660550
858.992450
858.996050
859.124750
860.084850
860.309900
860.314000
860.807650
860.810700
861.498550
861.501200
861.515050
861.980250
861.982800
861.986100
862.325500
862.328950
863.537600
863.540600
863.550400
863.554300
863.562900
863.838100
863.841800
864.005550
864.712800
864.715700
864.722150
864.726300
865.157200
865.159950
865.163300
865.185400
865.198050
865.786900
866.465850
866.468400
866.476250
866.495900
866.510050
867.040400
867.043150
867.595300
867.598250
868.314000
868.316800
868.319750
868.442100
868.444750
868.454900
868.635850
868.638800
868.650600
868.713250
869.726600
869.729200
869.903650
869.906400
870.436550
870.439000
870.443350
871.551450
871.554050
871.564350
872.348100
872.350750
872.364850
872.368550
873.103450
873.293650
874.335500
874.338850
875.468700
875.471600
875.978100
875.980900
875.984800
876.271500
876.273800
876.544500
876.703550
877.042400
877.052350
877.487600
877.537450
877.733400
877.735900
878.436550
878.439650
878.843050
878.845550
878.848750
879.033450
879.036000
879.039500
879.365450
880.456300
880.459300
880.469100
881.336450
881.339200
881.342450
881.594900
881.597550
881.620400
882.141350
882.143900
882.428800
882.431950
882.445050
883.070550
883.506100
883.508900
883.512850
883.516950
884.927200
884.929350
884.936150
885.282750
885.285550
885.289750
885.428150
885.432650
886.006200
886.009050
886.016150
886.113600
886.116600
886.599650
886.602250
886.605750
886.619500
887.341350
887.344300
887.359500
887.367650
887.618250
887.621650
887.693350
888.727050
888.730350
888.839150
889.143100
889.402050
889.405050
889.408350
889.739200
889.741750
889.748250
890.207250
890.209750
890.223450
890.947050
890.949700
890.952800
891.396050
891.398850
891.568550
891.572550
892.063800
892.066150
892.072250
892.292350
892.295300
893.203850
893.206550
893.291950
893.295950
893.728150
893.730750
894.014450
894.017100
894.227150
894.230350
894.240550
894.551000
894.564050
894.567300
894.654600
895.827100
895.830150
895.837400
895.846700
896.353750
896.356250
896.385250
896.471100
897.358000
897.360450
897.374500
897.525400
897.529150
897.696650
898.182950
898.185650
898.205450
898.223300
898.227100
898.965850
898.968100
898.971100
899.611300
899.614200
899.765050
899.776700
899.780500
899.922100
900.526650
900.529700
900.748250
900.750850
901.278700
901.281100
901.294850
901.305800
901.591700
902.059700
902.067750
902.958800
902.961650
902.965000
902.968600
902.986800
903.677350
903.680400
903.684550
905.318900
905.321700
905.324850
905.622850
905.625600
905.916900
905.920150
906.129450
906.132150
906.882450
907.686950
907.689800
908.335400
908.337750
908.344850
908.349100
908.723750
908.726850
908.734850
909.029650
909.032300
909.821550
909.824450
910.293500
910.296550
910.299650
910.303700
910.326500
911.538250
911.540700
911.720650
911.724000
912.098650
912.295350
912.298500
912.308500
912.720500
912.723650
913.220450
913.582700
913.585050
913.588450
913.593700
913.603750
914.465200
914.467800
914.470850
915.329350
915.333650
915.355350
916.198700
916.201550
916.459500
916.906250
916.908700
918.190300
918.192850
918.196850
918.303050
918.780450
918.783500
919.529600
919.532250
919.535650
920.186900
920.189650
920.192750
920.216300
920.328200
920.717850
920.720250
921.336150
921.377700
921.381700
922.042550
922.045300
922.353150
922.356850
923.258650
923.261200
924.030700
924.033550
924.111350
924.901450
924.903750
924.936750
924.940250
925.020850
925.024400
925.714250
925.843250
925.845900
925.851700
925.855200
927.205950
927.209150
927.226100
928.664000
929.131100
929.134000
929.137000
930.198050
930.200550
930.855300
930.857900
931.475150
931.478250
931.496150
932.209850
932.212450
932.483350
932.485950
933.372050
933.374600
933.965450
933.968050
934.783800
934.786350
934.795850
935.040200
935.043050
935.047450
935.071750
935.657350
935.659950
936.172350
936.175300
936.466650
936.469950
936.475500
936.491500
937.516950
938.234200
938.236850
938.751050
938.756600
939.985750
939.988150
939.990850
940.000250
940.004950
940.559750
940.562150
940.565350
941.077300
941.080000
941.369400
941.371900
942.121800
942.124650
942.184050
942.186550
942.198150
942.601250
942.867850
942.870250
942.874150
943.372700
943.375050
943.378750
943.382750
943.552850
943.555950
943.576350
944.535350
944.537600
944.544350
944.551750
944.564650
944.599700
945.103650
945.106600
945.114450
945.118100
945.122150
945.696750
945.699200
945.702550
946.002500
946.005000
946.514150
946.516650
946.519900
947.306800
947.309250
947.326250
948.498000
948.500450
948.503600
948.508300
948.912100
948.914950
948.924400
949.126400
949.129600
949.692550
949.695050
949.747150
949.758100
949.761350
950.362150
950.364650
950.367900
950.630600
950.633750
951.229750
951.232400
951.542250
951.545200
951.861900
951.865000
952.504800
952.507450
953.201750
953.204650
953.415300
953.418200
953.832250
953.834500
953.837600
953.840900
953.857800
954.369600
955.337600
955.340150
955.343150
955.633600
955.636800
956.065050
956.067750
956.071100
957.195600
957.198650
957.229050
957.241600
957.448150
957.451850
957.856950
957.859400
957.862900
957.874950
958.296000
958.298700
958.311900
959.167000
959.169750
959.628950
959.632050
959.801250
959.804000
962.011350
962.014500
962.103800
962.113600
962.138750
962.142600
962.604600
962.607200
962.610650
962.614450
962.626450
962.644150
963.591350
963.594000
964.066700
964.127200
964.130350
964.138750
964.361100
964.363650
964.865650
964.868050
964.879200
964.889050
964.901900
965.652500
967.001400
967.003750
967.007050
967.475450
968.685800
968.688850
968.978700
968.981200
968.984600
969.461200
969.463650
969.466500
969.471650
969.480400
969.826550
969.829950
970.574700
970.578050
972.097100
972.099800
972.111950
972.134100
972.150000
973.266350
973.281550
973.284800
973.772550
973.968500
973.970950
974.392100
974.394900
975.177250
975.180650
975.436400
975.438950
975.460350
975.471450
975.634950
976.210900
976.213800
976.228150
976.684100
976.686500
976.917050
976.919700
976.923150
976.960300
978.101650
978.105400
978.123550
978.429750
978.701650
978.704250
979.662000
980.509200
980.512300
980.819950
980.822550
980.825800
981.370050
981.372500
981.376000
981.419650
981.423700
981.428550
981.641950
982.167800
982.720850
982.765150
983.129700
983.133350
983.139350
984.189200
984.192600
984.697600
986.340700
986.343850
986.906700
986.909450
986.913550
986.917200
987.125350
987.128100
987.141700
988.019600
988.022050
988.025050
988.867150
988.870550
988.874500
988.887500
989.695100
989.698100
990.217700
990.220750
990.524550
990.703950
991.076950
991.089500
991.109550
991.162900
991.823650
991.826450
992.163350
992.403900
992.406700
993.356600
993.800650
993.803350
993.806300
994.248750
994.251800
994.255300
994.538350
994.541000
994.544000
994.568400
995.024650
995.027250
995.030900
995.037950
995.358300
995.447100
996.082100
996.084850
997.099650
997.102300
997.107000
997.121350
997.530500
997.532900
997.540250
997.925150
997.928500
997.943900
998.288850
998.291150
998.969100
998.971950
999.077000
999.559800
999.562350
1000.601400
1000.603650
1000.609550
1000.622200
1001.941150
1001.943600
1001.946800
1001.950650
1002.892650
1002.902950
1002.909950
1004.305800
1004.308450
1004.311850
1004.315300
1004.319300
1004.615950
1004.618550
1004.622350
1004.809550
1004.812000
1005.216100
1005.219200
1005.251450
1005.267000
1005.951250
1005.958650
1005.962450
1005.974150
1006.351550
1006.353950
1006.500700
1006.503600
1006.962700
1006.965050
1006.968550
1006.972750
1006.979400
1007.008900
1007.240350
1007.714550
1007.717050
1007.720150
1007.723850
1007.727700
1008.094750
1008.097200
1008.100550
1008.108400
1008.113900
1009.075000
1009.077900
1009.424900
1009.427550
1009.434600
1010.413450
1010.416300
1010.488450
1010.491200
1010.500050
1010.503750
1010.515800
1011.325400
1011.328900
1011.356150
1011.359600
1011.515250
1011.517850
1011.536650
1011.555900
1013.235550
1013.238200
1013.785950
1013.788450
1013.791500
1013.803650
1014.232750
1014.235000
1014.237950
1014.241350
1014.248450
1014.680200
1014.683550
1015.455000
1015.457900
1015.660850
1015.663600
1016.319450
1016.322250
1016.678050
1016.680750
1016.705350
1016.709100
1017.054850
1017.057450
1018.149900
1018.152800
1018.156950
1018.165450
1018.317900
1018.320300
1018.323500
1018.331100
1018.336100
1018.559600
1018.562650
1018.576350
1018.942450
1019.526500
1019.529050
1019.797350
1019.799700
1019.837900
1019.841000
1020.271500
1020.776300
1020.779000
1020.944650
1020.947150
1020.963000
1021.515550
1021.518900
1021.800050
1021.954550
1021.957250
1021.960600
1021.967500
1021.978950
1022.299450
1022.302350
1022.336800
1023.074200
1023.077900
1023.089100
1023.147400
1023.150750
1023.161350
1023.181350
1023.193400
1023.870250
1023.874100
1023.889500
1024.015500
1025.045950
1025.049100
1025.063600
1025.453150
1025.456100
1025.475350
1025.912600
1026.516450
1026.519800
1027.423750
1027.426500
1027.443900
1027.778900
1027.782500
1028.459800
1028.462700
1028.655050
1030.095850
1030.098750
1030.507600
1031.238200
1031.240800
1031.525600
1031.529150
1031.676250
