10.217650
10.244850
10.251550
10.254700
12.917150
12.925200
12.927800
12.935200
12.943250
12.955550
12.967650
12.977400
14.445300
14.449800
14.457600
14.474700
15.961750
15.964800
15.974800
15.984150
15.988550
16.006000
16.690850
16.694600
16.699900
16.706950
16.717600
16.721750
16.726350
16.741000
16.766200
16.780750
16.784250
16.804100
16.832250
16.856150
19.949450
19.953950
19.964000
21.085700
21.087950
21.092300
21.097750
21.106450
21.108600
21.112050
21.118900
21.134550
21.155900
21.236700
21.263700
21.285700
22.189550
22.195450
22.249900
22.268450
22.490400
23.737200
23.741500
23.748000
23.757000
23.764500
23.777150
23.782100
23.789150
23.798000
23.803900
23.827950
23.838600
23.856150
23.891100
23.913550
23.928350
23.930850
25.168800
25.173650
25.197300
25.216000
25.246550
25.264200
25.278650
25.300400
25.374550
26.940550
26.945500
26.964100
27.282350
27.286500
27.296900
27.554700
27.559150
27.613750
27.824200
28.223600
28.228250
28.236050
28.267500
29.303600
29.306850
29.311850
30.113000
30.117850
30.134850
30.456600
30.468600
30.473450
30.480550
30.487000
30.499200
30.524350
33.581900
33.588650
34.895900
34.898300
34.905200
34.912750
34.922150
36.806050
36.811350
36.831250
37.360650
37.363200
37.366400
37.370400
37.385950
37.431200
37.436650
38.618500
38.624850
38.686850
38.691750
38.712950
38.728600
38.740550
38.752650
38.780500
39.840550
39.845400
39.850950
41.187500
41.191700
41.196400
41.202150
41.212200
41.217650
41.225200
41.240200
41.267000
42.924950
42.929150
42.934450
42.955350
42.960850
42.965000
42.994300
43.017600
43.037900
43.040150
43.046800
43.057350
43.060000
43.071600
43.084000
43.570100
43.574350
43.579550
43.591800
43.598650
43.603450
43.609150
43.611650
43.625250
45.262700
45.268400
45.274650
45.283250
45.556900
45.561500
45.603350
47.035200
47.038750
47.043050
47.053400
47.060200
47.066050
47.071800
47.076150
47.080000
47.082100
47.091600
47.100250
47.117350
47.133600
47.167500
47.710500
48.123700
48.128100
48.137950
48.155050
48.818350
48.822350
48.828850
48.835850
48.863750
48.890800
48.895550
49.001400
49.006550
49.011200
49.018000
49.030350
50.072400
50.078200
50.125700
50.130500
50.902650
50.907050
50.916000
51.277850
53.141650
53.147400
53.311800
53.319950
53.325450
53.328150
53.335150
53.344000
53.347450
53.352300
53.362950
53.368600
53.381050
54.783700
54.789450
55.582950
55.586250
55.597400
55.602950
55.619150
55.622800
55.632000
55.836300
56.262550
56.266800
56.272950
56.278850
56.285500
56.292800
56.297300
56.304050
56.323400
56.562800
56.567950
56.573700
57.007050
57.011000
57.016200
57.028900
57.052150
57.057400
57.068250
57.081100
57.093800
57.108050
57.449700
57.454750
57.457200
57.460500
57.466900
57.472200
57.480700
57.498050
58.978150
58.985250
59.542300
59.546650
59.580500
59.789450
59.802750
59.807550
59.817050
61.386950
61.390250
61.394300
61.404450
61.410850
61.416950
61.421550
61.425500
61.430200
61.434150
61.441500
61.449500
61.465500
62.150850
62.922100
62.925900
62.930650
62.936500
62.943150
62.953150
62.957500
62.962450
62.975100
63.370650
63.378550
64.925850
64.929950
64.943300
65.093900
65.768850
65.772150
65.776800
65.794850
65.801550
66.956800
67.509200
67.518900
67.526550
67.551400
67.555800
67.564500
67.568800
68.552250
68.589800
68.595150
68.615050
69.558550
69.563450
69.568650
69.591600
69.596300
69.604400
69.618900
69.629100
69.652400
72.642950
73.100450
75.500150
87.593200
88.160600
88.163400
88.168200
88.171150
88.174700
88.183700
88.194850
88.204750
88.210250
88.213850
88.242950
88.763150
88.767200
89.343950
90.033150
90.036950
90.369500
90.372850
90.378600
90.651100
90.720800
90.725200
90.732150
90.756650
91.443200
91.461650
91.467500
91.471550
91.481450
91.490450
92.356300
92.361050
92.882300
92.888700
92.907650
93.618050
93.622000
93.630300
94.060600
94.068450
94.075400
94.083550
94.089400
94.107150
94.110700
94.115350
94.119800
94.135400
94.149250
94.725700
94.729750
94.734400
94.747950
94.754650
94.757750
94.762800
94.770500
94.782700
95.409250
95.416250
96.487200
96.496300
96.699600
96.705700
97.820900
97.826500
97.843000
97.847800
97.859550
98.224400
98.228900
98.236050
98.239800
98.242500
98.254750
98.261350
98.505250
98.510150
98.513800
99.227150
99.232300
99.254500
99.413350
99.419350
99.867450
99.880200
99.890100
99.892600
99.894750
99.901850
99.921800
100.281250
100.285000
101.329100
101.333900
101.466800
101.471400
101.477700
101.481150
101.510800
101.568950
101.588450
103.992900
104.999450
105.451950
105.455950
106.945150
106.949700
106.957250
106.992300
107.280150
108.255300
108.260450
108.266950
108.273300
108.537100
108.877250
108.881600
108.886450
108.891950
108.898200
108.901400
108.906150
108.908900
108.913500
108.932200
110.580300
110.594150
110.609350
110.614050
110.622150
110.783450
110.793350
111.286500
111.292800
111.297650
111.301400
111.306550
111.312950
111.319700
111.326750
111.335050
111.344100
111.353050
111.365600
111.387100
112.426950
112.432150
112.435000
112.446750
112.469750
112.481150
112.495050
112.509600
112.516800
113.196450
113.202200
113.211800
113.230800
114.423050
114.428150
114.439450
114.445500
114.457100
114.555300
114.563850
114.567900
114.574350
114.582750
114.591350
114.596250
114.610750
115.237250
115.245500
117.440350
117.444050
117.448400
117.457150
117.646100
117.740800
117.745400
117.753850
117.784200
118.642550
118.647450
118.653100
118.664600
118.678100
118.692900
118.697450
118.710800
118.747300
120.108800
120.112750
120.130400
120.153000
120.157600
120.164500
120.172900
120.196500
120.213100
120.670800
120.689950
120.705950
120.724650
120.731300
121.110700
121.114850
121.122750
121.163250
122.106350
122.118050
122.122700
122.350500
122.355500
123.387550
123.393050
123.402700
123.446350
123.452900
123.460550
123.475150
123.479700
123.486950
124.832100
124.836900
124.842750
124.848100
124.856450
125.011600
125.015700
125.021900
125.042250
125.201450
125.231100
125.400000
125.404650
125.412350
125.414750
125.464650
125.498100
125.502300
125.517850
125.600150
125.624650
125.635150
125.650650
125.663300
125.682300
127.595400
127.601850
127.694900
127.702200
127.704850
127.707350
127.710550
127.718050
127.725750
127.729500
127.747350
127.759950
127.764050
127.768050
127.779050
128.359600
128.366800
128.385850
128.391950
129.570950
129.592200
130.446100
130.451800
130.471050
130.476650
130.484150
130.488050
130.499550
131.502800
131.526950
131.555150
131.570750
132.085250
132.090900
132.254500
132.269300
132.311000
132.316150
132.324550
132.339200
132.822750
132.828200
132.839200
132.846950
132.852750
133.239200
133.243050
133.248700
133.254850
134.188250
134.193550
134.199550
134.576450
134.580250
135.018800
135.023400
135.029250
135.041600
135.559200
135.579200
135.584100
136.039400
136.041800
136.044750
136.047950
137.539850
137.545100
137.555250
137.592800
137.598250
137.844650
137.860150
138.768150
138.771900
138.791700
138.796300
138.807250
138.812300
138.826750
139.162700
139.174400
139.504800
139.509800
139.519300
139.530400
139.622400
139.627150
139.836450
139.841950
139.850900
140.029600
140.646000
140.656750
141.103400
141.108850
141.125250
141.129650
141.139200
141.153300
141.183400
141.795500
141.799300
141.981150
141.986300
142.026750
142.035150
142.048050
142.059600
143.142300
143.147400
143.152450
143.157250
143.167500
143.169600
143.174750
143.182550
144.226500
144.231700
144.246700
144.254100
144.267850
144.274050
144.741800
144.747000
144.754850
144.839950
144.845650
144.868450
144.872900
144.898450
144.911400
144.923900
144.934700
144.945800
144.954600
144.961600
144.980800
144.990250
145.122400
145.160550
145.494600
145.611400
145.614600
145.620300
145.628450
145.637500
145.676350
145.682700
146.923300
146.930800
146.954850
146.975150
146.980000
146.988750
147.016900
147.373850
147.379000
147.386250
147.392700
147.596550
147.600850
147.607800
148.332450
148.336600
148.346750
148.822900
148.827450
148.839550
148.847800
148.874550
148.877450
148.886000
148.899900
148.904800
148.923650
148.960900
149.977100
149.982100
150.002800
150.932250
150.936550
150.967800
150.969850
150.972250
150.978850
150.998300
151.136950
151.147850
151.383300
151.705250
151.764500
152.198850
152.436650
152.441900
152.719650
152.724750
152.745400
152.752150
152.928300
152.932750
152.940550
153.303850
153.309100
153.315700
153.499900
153.505350
153.536000
153.541700
153.564850
154.056150
154.060900
155.008750
155.021000
155.582350
155.587250
155.595700
156.073750
156.092250
156.364700
156.369400
157.597250
157.601000
157.685450
157.704100
157.708450
157.719550
157.836500
157.842600
157.854200
157.923200
157.943100
157.976900
158.011050
158.030300
158.380300
158.385450
158.388100
158.392400
158.420900
158.836000
158.862800
158.892000
158.896600
158.917100
158.939200
159.316400
159.320800
159.812550
159.817200
159.823750
159.907900
159.948700
160.665300
160.669250
160.796800
160.801650
160.811950
161.183950
161.193150
161.772850
161.777850
161.784800
162.216050
162.219900
162.234400
163.061800
163.068150
163.597450
163.601600
163.611250
163.625900
163.629750
163.633900
163.645950
163.667550
163.671850
163.680100
165.402600
165.412000
165.439100
165.443900
165.453600
165.470150
165.493850
165.622350
165.635600
165.662650
165.669650
165.676650
165.692450
165.696250
165.842800
166.025150
166.030350
166.046050
166.372000
166.376600
166.389850
166.743350
166.747800
166.903100
166.908050
166.924050
166.929300
166.934250
166.940850
166.961950
167.842800
167.853350
168.276900
168.285550
168.290400
168.304350
168.320950
168.351400
168.568900
168.784250
168.797250
169.806000
169.810650
169.818850
169.845550
169.850450
169.858650
169.862200
170.515800
170.691700
170.700200
170.819050
171.757800
171.761200
171.766900
171.772900
171.789500
173.685150
173.689950
173.697600
173.701500
173.709850
173.713400
173.716400
173.721000
173.724200
173.732400
174.063400
174.073300
174.080000
175.311700
175.317950
175.323450
175.337250
175.348900
175.355700
176.097900
176.102900
176.110400
176.120850
176.129950
176.137950
176.149550
176.252900
176.257050
176.263700
176.489100
176.492600
176.499250
176.511250
176.893750
176.906650
176.914000
176.924550
177.751650
177.756300
177.770900
177.776600
177.782200
177.797700
178.202550
178.209800
178.221400
178.645450
178.650600
178.656600
178.663400
179.229900
179.233800
179.467100
180.189900
180.194700
180.203350
180.213450
180.217900
180.231650
180.483050
180.487700
180.505900
181.260550
181.267300
181.269450
181.276650
181.566900
181.571700
181.578000
181.586950
181.599700
181.604250
181.846950
181.851350
181.855000
181.857900
181.865100
181.881950
181.887750
182.582200
182.587700
182.593350
182.609750
182.615700
183.733450
183.753200
184.280800
184.284400
184.718900
184.724650
184.730450
184.748400
184.752750
184.764800
185.191850
185.197100
185.207000
185.218600
185.236850
186.110300
186.204350
186.210500
186.224050
186.232800
186.477250
186.509850
186.513500
186.516500
186.518750
186.527450
186.832750
186.841200
186.889650
186.905200
186.917950
186.924600
187.186500
187.204800
187.642050
187.655900
187.761600
187.782700
187.785850
187.788050
187.795550
188.244000
189.192400
189.197600
189.204100
189.232000
189.237050
189.253850
189.397950
189.474000
189.481450
189.485500
189.496200
189.697700
189.702150
189.741400
189.753650
189.758800
189.931950
189.938850
189.958650
189.970150
189.973150
189.982800
190.009450
191.494450
191.500900
191.506500
191.595950
191.605150
191.610250
191.615050
191.620900
191.625350
191.630650
191.655400
192.385900
192.392650
193.133500
193.138600
193.142500
193.150000
193.155450
193.161150
193.293550
193.871750
193.877450
194.426050
194.432200
195.037250
195.048700
195.055250
195.071100
195.075650
195.093800
195.122900
195.396100
195.401000
195.873600
195.877250
195.883250
195.897000
195.903800
196.298900
196.305050
196.341350
196.346300
196.354100
196.406250
196.534550
196.536750
196.552600
196.559150
196.565250
196.573300
196.877300
197.396300
197.400450
197.417500
197.434550
197.483900
197.495850
197.511150
197.515000
197.526850
197.530300
197.540000
197.551900
198.500550
198.505250
198.517350
198.522250
198.529850
198.540650
199.819850
199.824150
199.829700
199.856100
199.868300
199.873000
199.880700
200.293200
200.298000
200.437550
200.448650
200.455500
201.114150
201.125450
201.869300
201.871600
201.875800
201.905950
201.925500
202.884400
202.888600
203.541850
203.546100
203.767900
203.772200
203.791850
203.796850
204.096000
204.104550
204.826000
204.830950
205.149950
205.207000
205.211650
205.218950
205.236450
205.797800
205.802250
205.831150
205.842650
205.848400
206.318950
206.351600
206.360600
206.365400
206.385550
206.828600
206.846650
206.897150
206.902500
206.919750
206.923500
206.929000
206.934350
207.886050
207.890500
207.905950
207.926000
207.931000
207.960150
207.964100
207.976050
208.100650
208.255650
208.260450
208.677650
208.683100
208.906700
208.911450
208.918500
208.925550
208.959950
208.967100
209.306800
209.352850
209.379900
209.384700
209.397750
210.076250
210.596900
210.602050
211.416350
211.422400
211.443150
211.460600
212.269550
212.310000
212.342800
212.347900
212.351700
212.356200
212.379400
212.876800
213.141100
213.785700
213.804100
213.855150
213.860300
214.782450
214.786550
214.791300
214.798350
215.185000
215.190400
215.469500
215.473200
215.533100
215.537900
215.556850
215.819400
215.824250
215.843650
216.088250
216.140550
216.146550
216.454000
217.142150
217.147550
217.158100
217.164300
217.171150
217.189200
217.511700
217.523450
217.528850
217.548950
217.554000
217.570050
217.572900
217.587750
217.594400
217.605850
219.097950
219.108500
219.161700
219.173000
219.179400
219.182950
219.186500
219.202200
219.909450
219.920350
219.927650
219.934200
219.939050
219.947400
219.962500
220.787650
220.792050
222.296250
222.308750
222.328300
222.333050
223.259400
223.268500
223.276850
223.286600
223.377200
223.382350
224.435600
224.439200
224.458700
224.463500
224.506650
224.511700
225.297500
226.521200
226.525550
226.549650
226.554600
226.560950
226.572300
227.068850
227.072200
227.158800
227.164500
227.170100
227.175050
227.186350
227.622200
227.882050
227.886100
227.892100
227.900450
227.924700
227.926900
227.929050
227.931250
228.897200
228.903000
228.910450
228.971900
229.564500
229.568500
229.575250
230.236100
230.242750
230.510800
230.540800
230.545450
230.752450
230.756350
231.186700
231.191550
231.195000
231.198050
231.201200
231.205800
231.208150
231.214700
231.227500
231.641300
231.646150
231.742500
231.748150
232.906200
232.913650
233.000650
233.005200
233.030050
233.165350
233.197050
233.205300
233.211400
233.647600
233.660300
233.665200
233.673000
233.688000
233.695050
233.703850
234.391800
234.492550
234.500950
234.514400
234.552750
234.558100
234.572600
234.788300
235.152600
235.157400
235.163000
235.168500
235.175850
235.313800
235.318200
235.616300
235.621400
235.657700
235.665000
235.669500
235.678650
235.691050
236.134950
236.138950
236.145700
236.154200
237.227800
237.283700
237.288650
237.876550
237.880450
237.886250
238.165500
238.192150
238.196300
238.201200
238.208250
238.218650
238.245800
238.263700
238.488850
238.511550
238.631300
238.635600
238.642200
238.653700
238.659800
240.150600
240.155400
240.162300
240.165900
240.176500
240.208000
240.698450
240.702700
240.710900
240.969250
240.975700
240.982650
241.474000
241.625700
241.631400
242.216450
242.220150
242.294300
242.299200
242.923750
243.221500
243.251300
243.255850
243.276400
243.329350
243.337400
243.340600
243.345250
243.347350
243.349600
243.353350
243.356250
243.359400
243.369600
243.375550
243.383350
243.386350
243.390250
243.392300
243.398750
243.402700
243.848350
243.872050
244.413750
244.418150
244.432400
245.093650
245.105750
245.116200
245.128050
245.149700
245.266000
245.270100
245.285900
245.290550
245.297800
245.322200
245.339950
245.766800
245.771450
245.773850
245.776150
245.786800
246.060650
246.075300
246.081700
246.085600
246.094500
246.226500
247.016650
247.029300
247.041650
247.048900
247.061850
247.068150
247.089600
247.514800
247.519800
247.533100
247.546600
247.564250
247.569500
248.535700
248.540000
248.561800
248.575100
248.580700
248.593800
248.983500
248.993100
248.999450
249.008100
249.014550
249.030100
249.041900
249.047400
249.078600
249.108700
249.440150
249.451200
249.482850
249.489200
250.401900
250.405700
250.410600
250.423200
250.431800
250.436650
250.440300
250.444600
250.460700
250.466000
250.491550
251.322900
251.328300
251.337600
251.535150
251.545850
252.811450
252.913200
252.917850
252.926000
252.931900
253.069900
253.074300
253.104100
253.109350
253.122750
253.127300
253.134650
253.164450
253.994700
254.298000
254.314100
254.320800
254.326000
254.336600
254.341150
254.345950
254.349250
254.355150
254.363900
255.172100
255.176600
255.181450
255.184900
255.187750
255.208200
255.213000
256.088950
256.101250
256.105750
256.110950
256.115100
256.121650
256.126850
256.811700
256.817750
257.123200
257.135800
257.145950
257.153900
257.157600
257.175550
257.188750
257.209950
258.548000
258.633100
258.638600
258.643950
258.670300
258.681150
258.686250
258.692050
258.696050
258.705050
258.708050
258.720150
258.728350
258.741050
258.751750
258.771700
258.801350
259.385750
259.390450
259.400900
259.415950
259.421000
259.433950
259.440150
259.466450
259.487750
259.681800
259.687250
259.884450
259.889950
259.932000
259.951350
259.960150
259.972650
259.976000
259.991850
260.014650
260.379500
260.385900
260.468200
260.877750
260.975500
260.980700
261.007700
261.013000
261.205100
261.211600
261.453500
261.459050
261.464250
261.500450
261.506050
261.515600
261.525150
261.795150
261.816800
262.204350
262.297550
262.332150
262.338000
262.468250
262.920450
262.935250
262.941250
262.946450
263.416250
263.425650
263.574400
263.642300
263.647550
264.350150
264.354800
264.359000
264.376350
264.381300
264.388850
264.408700
264.421500
264.429800
264.432800
264.682750
264.695750
265.094950
265.284400
265.303300
265.321450
265.329300
265.350050
265.355300
265.367900
265.415150
265.814450
265.818700
265.824350
265.832500
265.844600
266.075800
266.149800
266.274650
266.279750
266.517700
266.620350
266.627800
266.639150
266.650650
266.655250
266.809950
267.205650
267.210100
267.214800
267.379400
267.401150
267.425050
267.429750
267.437150
267.439850
267.449950
267.467600
267.503250
267.547450
267.934800
267.940100
267.944950
267.954150
267.957650
267.960650
267.965550
267.971550
267.974650
268.565450
268.633500
268.639000
269.542100
269.678450
269.681650
270.189550
270.194300
270.205650
270.209200
270.211400
270.215100
270.225600
270.240000
270.269900
270.289900
270.312150
270.770800
270.775050
270.786750
270.794100
270.811050
271.069500
271.074850
271.077850
271.086000
271.090000
271.892350
271.962100
272.621400
272.640150
272.892050
272.896350
273.284500
273.318150
273.333150
273.337400
273.344800
273.393250
273.397850
273.405400
274.160750
274.846450
274.863250
274.880350
274.885900
275.269350
275.495750
275.503050
275.505900
275.509150
275.810700
275.821800
276.097400
276.101500
276.109250
276.112500
276.120550
276.131300
276.134350
276.139350
276.146500
276.153950
276.163450
276.166600
276.170950
276.181400
276.197250
276.461250
276.467350
276.978650
276.991550
276.996650
277.011750
277.017550
277.042550
277.063100
277.095700
277.113350
277.127600
277.437900
277.483100
277.495900
277.512200
277.523500
277.539150
278.123100
278.199950
278.204500
278.208000
278.348550
278.359750
278.379600
278.686050
278.701250
279.328250
279.338700
279.354500
280.071950
280.091850
280.104500
280.111350
280.118650
280.126300
280.136150
280.170650
281.128000
281.132700
281.202700
281.208100
281.214400
281.222100
281.259950
281.264500
281.267250
281.812100
281.829450
281.836200
281.845850
281.850900
281.860000
281.995300
282.062600
282.069500
282.084800
282.777500
282.789150
283.084500
283.097350
283.100600
283.112950
283.121200
283.126250
283.135900
283.373050
283.409100
283.434550
283.470300
285.657700
285.661900
285.678200
285.682900
285.687650
285.696900
285.711500
285.750250
285.954750
285.962350
286.424050
286.671150
286.833100
286.838750
287.377700
287.381850
287.526400
287.530450
287.535850
287.542200
287.563850
287.577850
287.603250
287.888850
287.892550
288.482450
289.082300
289.086450
289.091150
289.106900
289.117200
289.121000
289.125400
289.129250
289.136550
289.144550
289.163500
289.184600
289.215850
289.991300
289.994850
290.041200
290.046650
290.254000
290.501000
291.057300
291.442500
291.446900
291.453100
291.459950
291.482750
291.959600
291.965300
291.973700
291.995900
292.893300
292.902100
293.139650
293.143150
293.332000
293.606500
293.617000
293.626950
293.637200
293.641000
293.648650
293.653550
293.871050
293.876050
293.891100
293.908050
294.511900
294.515350
294.521050
294.582500
294.588000
294.809350
295.389600
295.394000
295.401400
296.083150
296.087100
296.091100
296.097550
296.111950
296.132350
296.136600
296.148350
296.160150
296.220050
296.229500
296.247650
296.623000
296.628450
296.636300
296.641100
296.647250
296.667100
296.674600
296.680650
297.094300
297.101050
297.109750
297.118800
297.127750
297.130450
297.138450
297.141400
297.144100
297.149800
297.173450
297.214950
297.236450
298.064950
298.075750
298.082100
298.216650
298.548000
298.812600
298.817150
298.822850
298.827700
298.867050
298.871950
299.364350
299.367900
299.411450
299.426350
299.432100
299.506750
299.707100
299.712700
299.734950
299.800200
299.817350
299.836650
299.896800
299.944050
300.001450
300.221900
300.228450
300.657850
300.662650
300.903550
300.910350
301.790500
301.795450
301.799600
301.805650
301.814450
302.100050
302.297550
302.302950
302.311950
302.586400
302.594650
302.935350
302.940750
302.962400
302.967700
302.994550
303.007700
303.012550
303.020700
303.049100
303.509400
303.587500
303.594750
303.767000
303.779850
303.986150
304.507200
304.527500
304.737400
304.749500
304.758500
304.827000
305.436150
305.440650
305.446300
305.479100
305.723500
305.727450
306.111950
306.118550
306.535600
306.591250
306.603550
307.132750
307.137450
307.372900
307.379150
307.382550
307.385150
307.425100
307.430050
307.437550
307.454650
307.463950
307.474050
307.491200
308.000600
308.011750
308.165100
308.170350
308.174400
308.178600
308.190200
308.196300
308.202350
308.217100
308.494500
308.504650
308.513450
308.520050
308.564550
309.102200
309.131250
309.478850
309.483950
309.592300
310.096650
310.112200
310.131950
310.214350
310.219250
310.249300
310.283350
310.297700
310.365650
310.376800
310.420000
310.648400
310.837600
310.842300
310.848800
310.906600
310.911800
311.389750
311.874500
311.878200
311.884400
311.955100
311.960950
312.028000
312.038200
312.496750
312.502250
312.507450
312.517650
312.821600
313.367700
313.487200
313.491800
313.498150
313.617650
314.248550
314.252100
314.292000
314.306500
314.317050
314.326150
314.347350
314.601500
314.893150
315.206500
315.211200
316.139450
316.144900
316.150150
316.154800
316.162700
316.183800
316.924950
316.975600
316.982100
317.157100
317.467200
318.126950
318.687850
318.692950
318.698950
318.816550
318.823050
318.831650
318.836450
318.847850
318.860550
318.863300
318.874250
319.341050
319.357350
319.499550
319.504150
319.542600
319.548500
320.169350
320.194500
320.414700
320.418700
320.537350
320.657800
320.660600
320.676900
320.686800
320.696900
320.701850
320.709050
320.712850
320.739850
320.974750
321.012850
321.018650
321.146400
321.155050
321.454650
321.463400
322.053400
322.058850
322.077000
322.098250
322.923450
322.929750
322.966100
322.971750
322.976700
323.315250
323.319550
323.976950
324.077100
324.081650
324.088150
324.091100
324.097750
324.345050
324.348200
324.350400
324.374250
325.145200
325.160350
325.172500
325.192100
325.201800
325.306350
325.610700
325.619650
325.624800
325.629550
325.658300
326.114700
326.120500
326.126150
326.748100
326.902100
326.907200
327.202550
327.206900
327.322550
327.742750
327.927350
327.933150
327.938400
327.943900
327.962400
328.333400
328.336600
328.342600
328.345950
328.361900
328.820000
328.824500
328.832050
328.967500
328.971500
329.258850
329.269450
329.647400
329.657900
329.677500
329.682750
329.694600
330.448500
330.655100
330.660150
330.663950
330.673450
330.680700
330.685600
330.693550
330.719200
331.197350
331.377950
331.382100
331.385950
331.390750
331.705650
331.714100
331.743150
331.748150
331.873300
332.226150
332.231500
332.766050
332.857450
332.944000
332.949100
333.250950
333.256400
333.867400
333.872900
334.117800
334.257400
334.262500
334.279950
334.291200
334.324350
334.851300
335.066600
335.111950
335.116850
335.128600
335.568600
335.571050
335.592600
335.594900
335.618650
335.624000
336.484400
336.866350
337.051950
337.055450
337.061750
337.101000
337.106500
337.128100
337.197050
337.206750
337.213150
337.221350
337.225650
337.228150
337.235200
337.242700
337.256650
337.262000
337.275350
337.832950
337.837500
337.845200
338.138300
338.307250
338.756400
339.029900
339.335450
339.348500
339.360600
339.365250
339.388950
339.705550
340.681300
340.687500
340.943450
341.955550
341.969750
342.099850
342.109600
342.117850
342.149200
342.181350
342.537900
342.548800
342.915450
343.098200
343.198200
343.203050
343.232900
344.118100
344.129200
344.151500
344.168800
344.173900
344.181350
344.198100
344.221700
344.611350
344.837250
344.841650
344.848300
344.852750
344.857800
344.865050
344.966150
344.971200
346.242000
346.247250
346.257900
346.483050
346.487150
346.532750
346.538550
346.667450
346.725400
346.730300
346.736850
346.748800
346.767550
347.469650
348.209350
348.382700
348.387550
348.402400
348.452000
348.457500
348.466700
348.480600
348.489750
349.069200
349.073200
349.079050
349.091050
349.105200
349.110200
349.540050
349.768900
350.385800
350.392000
350.545150
350.553400
350.558200
350.564900
350.573000
350.588750
350.594600
350.828500
352.106250
352.110500
352.527850
353.132350
353.174400
353.178850
354.322800
354.327600
354.334400
354.338450
354.343650
354.377200
354.384650
354.389900
354.598200
354.603350
354.620850
354.635150
354.641000
354.656650
355.026250
355.032000
355.046250
355.189600
355.193500
355.293550
355.309050
355.317750
355.335650
355.341450
355.645200
355.650100
355.850450
357.265350
357.270150
357.273450
357.278200
357.282950
357.295200
357.300750
357.308100
357.330500
357.339850
358.465100
358.469150
358.485250
358.490800
358.505350
358.521750
359.643200
359.646950
359.656600
359.662000
359.668250
359.674200
359.683300
360.237050
360.755300
360.759600
360.773450
360.806400
360.811300
360.825500
360.840150
360.863200
360.915450
360.962550
360.969600
360.974700
360.982550
361.343800
361.348100
361.353700
361.358900
361.410200
361.419550
361.429000
361.434150
361.444550
361.956600
361.978050
362.005800
362.333350
362.653000
362.665650
362.676900
362.896600
362.901550
363.458300
363.493150
364.010300
364.015050
364.022900
364.263800
364.440900
364.446450
364.472300
364.475250
364.478900
364.487050
364.496300
364.508250
364.917800
364.997000
365.470300
366.198100
366.202100
366.215600
366.228050
366.234450
366.239350
366.245800
366.253550
366.265750
366.968000
366.973150
366.978900
366.985600
366.992250
367.115500
367.150100
367.156150
367.231100
367.242750
367.774150
367.778550
367.787900
367.803100
367.810900
367.817900
367.821350
367.834650
367.839450
367.843550
367.882100
367.887050
367.891400
367.894550
367.903250
367.906100
367.910850
367.914800
367.921600
367.928650
367.932000
367.944450
367.993200
368.022650
368.027900
368.045450
368.047550
368.552750
368.711450
368.717200
368.733350
368.752150
369.671050
369.683050
369.697400
370.300100
370.305150
370.308900
370.312350
370.788650
370.793850
370.909850
371.183550
371.198000
371.575900
371.588350
372.114900
372.120950
372.140500
372.171850
372.176100
372.182550
372.189600
372.206850
372.233750
373.589000
373.608300
373.702100
373.707100
373.722450
373.758750
373.986350
373.991800
373.999400
374.009700
374.358300
374.362050
374.367500
374.375100
374.394350
374.399750
374.855050
374.859700
374.862050
374.867750
374.903050
374.908200
374.916100
374.931100
375.628550
375.632550
375.878650
375.905050
375.909950
376.304200
376.309200
376.315850
377.436800
377.441100
377.446000
377.900250
377.909800
377.915150
377.929500
377.934850
377.942450
377.975000
378.644900
378.650450
378.657050
378.672700
378.677850
378.743150
378.762800
378.890950
378.951950
378.979150
379.838100
379.841750
379.847450
379.859500
379.878450
379.883450
379.899200
380.443450
380.447550
380.460100
380.474200
380.479700
380.502500
380.521750
380.527550
380.572850
381.107550
383.033350
383.036600
383.041500
383.043650
383.048600
383.501650
383.505700
383.521350
383.674350
383.741350
383.748900
383.753350
383.760900
383.859000
383.877200
383.909850
384.846850
384.883650
384.888150
384.901050
385.763650
385.900450
386.384550
386.389700
386.628050
386.633100
386.640300
386.678250
386.683100
386.733850
386.846050
386.866400
386.875800
386.886950
387.495600
387.517550
387.525650
387.531600
387.552050
387.571800
388.222200
388.226850
388.232950
388.238450
388.246150
388.266700
388.272550
388.286350
388.306500
388.340000
389.234550
389.238700
390.262350
390.268100
390.278600
390.427450
390.439900
390.446550
390.456800
390.461900
390.470500
390.560500
390.567750
390.570550
390.589700
391.067900
391.073350
391.257650
391.283100
391.966750
391.970500
391.976200
392.636150
392.643200
392.673250
392.678200
392.695350
393.041750
393.056500
393.158650
393.164500
393.578400
393.582450
393.587500
393.592950
393.600350
393.606600
393.635450
394.287650
394.301900
394.339000
394.780150
395.015050
395.281450
395.285350
395.403800
395.415900
395.427750
396.749300
396.752900
396.814500
396.819300
397.047950
397.056400
397.060350
397.079850
397.095300
398.081250
398.086300
399.165600
399.176450
399.206950
399.212000
399.528350
399.533850
399.551000
400.078650
400.101450
400.115500
400.163450
400.870850
400.882400
400.887700
400.906250
401.909400
402.330350
402.335200
402.343200
402.349000
402.356200
403.205650
403.211200
403.432800
403.437650
403.511100
403.517450
403.534400
403.564800
403.569900
403.808800
403.814000
403.842100
404.027850
404.048150
404.076700
404.086550
404.091550
404.101300
404.125600
404.647650
404.652950
404.659350
404.663650
405.870150
405.875500
407.033100
407.038150
407.053900
407.469850
407.809500
407.814550
407.830750
407.834200
407.837500
407.844900
407.861700
407.871500
407.890900
407.901800
407.917350
408.131450
408.144200
408.150950
408.764750
408.771300
408.787050
409.291650
409.297250
409.305150
409.863150
409.874250
409.879800
409.893850
409.906300
409.930300
409.989350
410.024300
410.402600
410.409200
410.607650
411.846200
411.850050
411.881800
411.886250
411.889400
411.892050
411.894300
411.901400
411.909300
411.925100
411.940700
411.948500
411.952100
411.970800
412.037800
412.655600
412.660100
412.929150
413.044850
413.048700
413.054300
413.059300
413.065000
413.074300
413.809950
413.814600
414.915650
414.922950
414.937850
414.943100
415.231700
415.236200
415.369250
415.374100
416.348900
416.702900
416.707250
416.988400
417.765850
417.781800
417.786150
417.790450
417.793800
417.803350
417.813050
418.330850
418.341700
418.375900
418.383550
418.531250
418.535950
418.760350
418.765200
418.770250
419.151600
419.158300
419.165450
419.172400
419.187450
419.191450
419.199850
419.204700
419.212300
420.272750
420.277800
420.283800
420.300750
420.529300
420.555650
420.558900
420.576450
420.581200
421.294000
421.308300
421.339300
421.430500
421.440100
421.457050
421.629900
422.642150
422.645700
422.689800
422.695450
422.699050
422.706150
422.711100
422.713650
422.718100
422.733050
423.215200
423.980100
423.984850
424.560750
424.607800
424.613550
424.629400
424.634000
424.638350
424.668700
425.213600
425.219100
425.753550
425.758850
425.973600
426.080050
426.310250
426.461650
426.466500
426.907150
427.561250
427.566550
427.577350
427.585350
427.874050
427.879100
427.884250
429.027400
429.652700
429.658550
429.665000
429.680800
429.685500
429.694700
429.713200
430.024700
430.562800
430.568100
430.577300
430.595900
430.618300
430.623050
430.628250
430.633550
430.637800
430.665150
430.670250
430.681850
431.427950
431.460200
431.467000
431.472550
431.491750
432.248550
432.267000
432.281400
432.291350
432.296500
432.861350
432.866550
432.877300
432.882150
432.885400
432.887550
432.890700
432.897800
432.906700
433.002700
433.561850
433.567000
434.249950
434.255700
434.338000
434.347550
434.391750
434.404750
434.468200
435.126450
435.171600
435.179250
435.389700
435.829500
435.876900
435.882200
436.275000
436.777400
436.781950
436.794000
437.126050
437.313400
437.846750
438.206050
438.210350
438.253100
438.258450
438.269950
438.274900
439.061500
439.066350
439.337300
439.350700
439.929550
439.935150
440.126400
440.161100
440.176450
440.185750
440.191200
441.031800
441.036750
441.042250
441.049450
441.231950
441.236200
441.734350
441.751900
441.757250
442.344950
442.369000
442.376950
442.388950
442.392800
442.418950
443.039500
443.617250
443.640850
444.235800
444.240750
444.250050
444.319150
444.330800
444.335900
444.347900
445.017350
445.023250
445.034350
445.118400
445.122500
445.127500
445.133400
445.147700
445.154200
445.809300
445.819950
445.827450
445.848100
445.853350
445.960150
445.966200
445.968700
445.975500
445.979750
446.254650
446.372600
447.143450
447.928900
447.936400
447.944950
447.951900
447.956850
447.959800
447.962600
447.975500
448.362300
448.366900
448.398500
449.151050
449.153100
449.156950
449.162150
449.167700
449.170950
449.174800
449.182800
449.623650
450.576800
450.580800
450.612650
450.717550
450.722600
451.819400
451.823250
451.827350
451.831100
451.837150
451.844000
451.853000
452.383300
452.387550
452.399400
452.406650
452.413400
452.424600
452.434150
452.446750
452.464400
452.479850
452.490550
452.516350
453.195700
453.365050
453.369300
453.692400
453.698200
453.799100
454.002300
454.006600
454.175000
454.181000
455.253550
455.257650
455.263050
455.273800
455.293850
455.298800
455.803200
456.748200
456.760200
456.956050
456.962450
457.001050
457.011150
457.016350
457.045800
457.081850
457.120300
457.416400
457.421400
457.430300
458.420200
458.424400
458.436550
458.454650
458.468200
458.473100
458.504150
458.734050
458.738250
458.744700
458.757750
459.635550
459.640800
460.068850
460.403300
460.452800
460.457950
460.481900
461.115150
461.118800
461.820350
461.824550
461.898950
461.904600
462.345350
462.357000
462.374000
462.389250
462.403850
462.674150
462.681600
462.702500
463.190500
463.206800
463.933350
463.938350
464.028900
464.033400
464.047850
464.054550
464.377100
464.379800
464.394900
464.814150
464.876850
464.907250
465.127100
465.152200
465.158950
465.523550
465.889400
465.893500
466.085750
466.092650
466.695600
466.935400
466.941100
467.375450
467.380200
467.872050
467.877300
467.882350
467.888850
467.900150
467.926100
468.018550
468.781950
468.791200
469.206250
469.249950
469.254900
469.363200
469.484500
469.824800
469.830750
469.868700
469.875400
469.908550
469.916650
469.933850
469.970450
471.010400
471.014850
471.777400
471.782000
472.271950
472.276800
472.281800
472.288450
472.296600
472.316150
472.540600
472.556400
472.997650
473.002550
473.195000
473.202400
474.416850
474.861650
474.871900
474.879050
474.883550
474.891200
474.906900
474.918200
474.921850
474.929750
474.935800
474.950500
474.960450
475.485550
475.952700
475.958500
476.828400
476.972300
476.976450
476.989650
476.994950
477.012450
477.063800
477.073300
477.081100
477.084200
477.090000
477.558250
477.563100
477.578450
477.585550
477.587750
477.617550
477.623600
477.884950
477.888700
477.893700
477.957050
477.963000
477.991050
478.015300
478.019050
478.033750
478.050450
478.751850
478.756300
478.761900
479.293050
479.296550
479.314200
479.319150
479.327250
479.335400
479.338050
479.355150
480.051700
480.055250
480.059250
480.308500
480.601100
480.606250
480.913900
480.919200
481.740800
481.744900
481.761600
482.023300
482.030200
482.254400
482.441750
482.447100
482.481850
482.488100
482.792400
484.110200
484.116200
484.121300
484.137200
484.140650
485.464950
485.469600
485.570250
485.579250
485.607500
485.625950
485.651850
486.794750
487.647100
487.653850
487.684450
487.691100
487.695950
487.703800
487.741350
487.776450
488.041250
488.236650
488.247450
488.620700
488.624850
488.743150
488.817350
488.822800
489.102950
489.111800
489.129550
489.181050
489.534800
489.926750
490.028150
490.655350
490.660650
490.684450
490.689050
490.699100
490.723450
490.728350
490.747350
490.750350
491.057550
491.062650
491.069050
491.210450
491.436850
491.441950
491.488350
491.496150
491.977250
491.981800
492.133450
492.138700
492.154700
493.042700
493.050650
493.056800
493.069000
493.085250
493.093050
493.101850
493.105700
493.123200
493.146200
493.163400
493.927400
493.930900
493.937050
493.951050
493.957350
493.983700
493.989100
495.249150
495.254150
495.279450
495.431250
495.443600
495.450500
495.470700
495.473200
495.478250
495.487100
495.513750
495.527600
495.810950
495.815700
496.598350
496.604800
496.620650
497.565450
497.579950
498.185350
498.190050
498.198250
499.522650
499.541950
499.897150
499.901350
499.906350
499.912150
499.920400
499.924900
499.933300
499.947000
500.358900
500.361900
500.366150
500.373050
500.379100
500.998650
501.002350
501.008000
501.013600
501.027050
501.931000
502.219250
502.223950
502.231300
502.236800
502.248050
502.494650
502.675100
502.723250
502.734600
503.411500
503.422800
504.243800
504.432150
504.437050
504.483250
504.488050
504.492400
504.496100
504.508650
505.172500
505.176600
505.182850
505.482100
505.561400
505.568500
505.596750
505.612050
505.659750
506.496300
506.504300
506.511900
506.606250
506.621500
506.624600
506.627700
506.634950
506.637250
506.649300
506.673750
506.698250
507.142650
507.148650
507.170950
507.187400
507.216350
507.758650
507.764550
508.906200
508.917150
508.926050
508.932200
508.947850
508.952700
508.961800
508.965600
508.976350
508.982200
509.004000
509.119650
509.130200
509.440550
509.446450
509.464400
509.847450
509.884000
510.476950
510.482450
510.491450
510.494400
510.505000
510.510250
510.526900
510.558550
511.016450
511.027000
511.464900
512.253700
512.258650
512.268500
512.661500
513.007250
513.014100
513.036300
513.062150
513.064350
513.077750
513.088850
513.114000
513.136350
513.713950
513.719950
513.724400
515.712000
515.716250
515.722650
515.729550
515.742700
515.755900
515.767400
515.779900
515.859500
515.901450
515.911900
516.287600
516.291450
516.298450
517.065450
517.069400
517.077100
517.132850
518.947600
518.951800
518.985550
518.990450
519.010500
519.026550
519.107500
519.842700
520.061950
520.066700
520.079150
520.100600
520.113650
520.124200
520.141100
520.677350
520.703800
520.719600
521.111900
521.179950
521.187000
521.236600
522.077400
522.089350
522.320350
522.329850
522.347400
522.412400
522.418750
523.120250
523.125400
523.480200
523.485300
523.491650
523.499150
523.502400
523.517250
523.519850
523.524250
523.530500
523.540350
523.557600
523.561550
523.576950
523.581100
523.596100
524.165850
524.170350
524.175900
524.189650
524.863450
524.870900
524.875650
524.882150
524.889600
524.899150
524.904950
525.483850
525.487800
525.516750
525.522400
525.527450
525.533200
525.536250
525.551250
525.562400
526.477550
526.481500
526.491950
526.550950
526.564650
526.574250
526.586800
526.603800
526.617850
527.039200
527.050050
527.096150
527.111300
527.245000
527.907850
528.257150
528.872600
528.949700
529.147800
529.650500
529.725150
529.730600
529.745500
529.759200
530.557450
530.562400
530.894250
530.912700
530.923200
530.956000
530.971100
531.451050
531.456400
532.142750
532.545500
532.579600
533.065850
533.191900
533.301800
533.306950
533.320750
533.325800
533.353300
533.433750
533.446050
533.715500
533.720450
533.753700
534.422700
534.426450
534.894750
535.024950
535.048600
535.838800
535.843250
535.848600
535.851400
535.865900
535.868650
535.875850
535.878650
535.890700
536.122600
536.127850
536.137450
536.143800
536.154100
536.161350
536.168800
536.183500
536.201650
536.234700
536.264250
536.288600
536.335200
536.416550
536.965450
537.470300
537.484550
537.910300
537.915700
537.953350
537.957900
537.968900
538.003450
538.018700
538.045050
538.909550
538.915050
538.926250
538.930900
538.937000
539.004000
539.195600
539.919300
539.924350
540.091400
540.096600
540.104700
540.118350
540.562700
540.568250
540.581450
540.904000
542.040150
542.043450
542.062400
542.068100
542.073000
542.099300
542.862000
542.875700
542.882200
543.044450
543.049900
543.054850
543.064450
543.085250
543.310150
543.315500
543.320800
543.494600
543.498600
543.520950
543.527850
544.305450
544.321000
544.324100
544.329700
544.917500
544.922650
544.930700
545.523850
545.528150
545.531200
545.537150
545.554300
545.558800
545.566750
545.648750
545.662300
546.750500
546.755250
546.761000
547.248800
547.254950
547.258550
547.261800
547.263950
547.273600
547.280050
547.289550
547.315300
547.751800
547.757100
547.823550
548.156100
548.582950
548.767350
548.963350
548.969700
549.039400
549.044750
549.078100
549.083750
549.687600
550.203500
551.661600
551.671800
551.681500
551.686200
551.703550
551.721700
551.897050
552.573600
552.577950
552.586350
552.705300
552.713900
552.738100
552.748200
552.754000
552.776500
553.376550
553.380650
553.535550
553.541050
553.556650
553.982800
554.162800
554.170050
554.175200
554.178100
554.183050
554.191150
554.196400
554.213050
554.243250
555.095300
555.126550
555.155650
555.166600
555.172100
555.191000
555.498500
555.503650
555.512050
556.921500
557.606850
557.620100
557.635700
558.647100
558.651900
558.990700
558.994850
559.001300
559.456700
559.489100
559.494450
560.090850
560.095050
560.122550
560.129500
560.138300
560.155050
560.601950
560.762350
560.805550
560.810900
561.363100
561.371050
562.622500
562.636400
563.257800
563.279600
563.308450
563.608350
563.612000
563.625600
563.647600
563.652500
563.666250
564.466550
565.772750
565.782100
565.795100
565.799700
565.806250
565.814500
565.826700
566.343950
566.348700
566.353900
566.409700
566.414950
566.429000
566.927800
566.931000
566.937850
566.947050
566.949800
566.962000
566.976050
567.617950
567.620550
567.625100
567.662050
568.584350
568.593300
568.599850
568.619000
568.627500
568.662900
568.677100
568.689100
568.693700
568.701000
568.710450
568.759400
569.224800
569.478750
569.497650
569.608550
569.616750
569.648500
570.976600
570.980500
571.016800
571.026100
571.039800
571.359300
571.364400
571.843500
571.851300
571.998250
572.028400
572.034200
572.044100
572.059550
572.112100
572.586250
573.809700
573.821200
574.633000
574.637150
574.665850
575.410050
575.421900
575.440450
575.444800
575.453050
575.463650
575.474250
575.477950
575.829100
575.859750
576.077300
576.084300
576.110350
576.289250
576.299650
576.345600
576.351050
577.175300
577.179600
577.185500
577.249650
577.263550
577.279200
577.306900
577.321000
577.338450
577.370600
578.202000
578.372850
578.417750
578.435900
578.441050
578.449400
578.463700
578.503000
578.513550
578.518400
578.811200
579.741400
579.748800
579.757100
579.773500
579.809900
579.818550
579.823500
579.848600
579.887100
580.281850
580.287900
580.715450
580.721300
580.741000
581.244500
581.253000
581.265500
581.311400
581.317800
581.370550
581.380950
581.395550
581.401650
581.457250
581.469850
581.496600
581.979550
582.536900
582.858400
582.868900
583.217500
583.223150
583.440400
583.445950
583.539900
586.701050
587.220150
588.448350
588.625050
588.627850
589.149800
589.524050
590.449100
597.792250
599.032350
600.949650
604.143500
608.903600
609.456600
611.736000
612.975000
612.984350
613.006900
614.902550
614.910150
614.918200
614.930350
614.949000
616.943000
617.246650
617.251450
617.257950
617.260050
617.273100
617.301100
617.305850
617.308350
617.312950
617.757300
617.762650
617.772850
617.781250
617.789400
618.109350
618.479100
618.495950
618.542850
618.548200
618.555050
618.560000
618.578150
618.599400
619.339450
619.355100
619.454950
619.460450
620.260350
620.265300
620.603350
620.609200
621.011750
621.017450
621.023750
621.035000
621.794650
621.800500
621.816550
622.088100
622.101800
622.137450
622.158150
622.162300
622.167100
622.173600
622.496600
623.483900
623.546750
623.551400
623.556150
623.559950
623.563750
623.578950
623.594700
623.601950
623.606250
624.029300
625.248700
625.255300
625.271500
625.276250
625.283550
625.408200
625.826350
625.835450
625.842800
625.852400
625.861550
625.871350
625.894950
626.628450
626.637900
626.675500
626.680800
626.811350
627.472350
628.022950
628.039900
628.085200
628.090150
629.033500
629.053450
629.069350
629.088450
629.096500
629.104000
629.558600
629.568850
629.594000
629.605000
630.318100
630.717700
630.722150
630.950150
630.992400
630.997700
631.447200
631.452700
631.465200
631.475850
631.730350
631.734200
632.214500
632.810150
632.898200
632.903100
633.005300
633.012650
633.024350
633.029750
633.357450
633.480250
633.487600
633.492250
633.499350
635.116550
635.130700
635.633750
635.648800
637.008000
637.030850
637.033300
637.038050
637.058500
637.796200
637.804100
637.936200
638.503900
638.513550
638.531500
638.552850
639.517150
639.520300
639.522550
639.531750
639.559900
639.565500
639.584450
639.609900
639.795200
639.853800
640.079500
640.084200
640.442750
640.446800
640.955850
640.960350
640.997050
641.432450
641.435550
641.440750
641.449950
641.464850
641.793050
642.144550
642.177300
642.182700
642.782350
642.787450
642.906250
642.910750
642.917250
642.924250
642.955800
642.962100
643.239450
643.247250
643.271350
643.676250
643.686600
643.695150
643.987550
644.423600
644.428650
644.829400
644.836200
645.344550
645.348200
645.368100
645.399450
645.417700
645.422600
645.492250
646.570100
646.581800
646.595350
646.950450
647.104100
648.112050
648.116050
648.525250
648.528950
649.242100
650.186100
650.218750
650.933650
650.937200
650.968400
650.991800
650.997050
651.006000
651.023900
651.048200
651.943750
652.106800
652.111400
652.130150
652.137350
652.158150
652.171250
652.185450
652.896100
652.903350
652.913800
653.137150
653.141050
653.800200
653.804800
653.810350
653.817600
653.824650
654.490850
654.501150
654.677550
654.683100
654.690000
654.710400
654.715350
654.737900
655.043200
655.092850
655.116300
655.120250
655.123600
655.135250
655.141850
655.160500
655.963800
656.604100
656.629650
656.634400
656.650850
656.654700
656.668900
656.697150
656.756400
657.079700
657.083850
657.091000
657.318750
657.369250
657.372300
657.377350
657.402700
657.409050
658.362800
658.367600
658.374300
658.378150
658.381450
658.386000
659.151000
659.165150
659.378100
659.383150
659.392450
659.506800
659.542050
659.547050
659.555850
659.952850
660.143550
661.147250
661.152250
661.166400
661.245400
661.250350
661.754800
661.764350
662.374700
662.379600
662.391350
662.502200
662.862350
662.878750
663.341050
663.369050
663.388950
663.698300
663.710650
664.230800
664.236250
664.241450
664.462400
664.476250
665.704300
665.711200
666.393600
666.400350
666.759200
666.763450
667.259500
667.268600
667.280900
667.900150
667.906100
668.717650
668.723400
668.729050
668.733500
668.932000
669.132800
669.154700
669.160850
669.242250
669.726700
669.730650
669.818450
669.827600
669.833550
669.839850
669.865150
670.420350
670.425800
670.431500
670.470150
670.476700
670.547950
670.553600
670.558500
671.649650
671.667450
671.674600
671.684850
671.698900
671.704500
671.711350
671.713700
672.648750
672.653900
672.720250
672.770450
672.775850
672.800200
673.240900
674.026150
674.033000
674.037550
674.046300
674.338000
674.351400
675.154900
676.043900
676.048800
676.358050
676.363500
676.374650
676.390200
676.406350
677.295950
677.318750
678.030050
678.034450
678.522200
679.040550
679.046300
680.182900
680.200800
680.211450
680.218150
680.222950
680.229000
680.234350
680.246750
680.269000
680.300300
680.579000
680.586500
681.037550
681.045350
681.061600
681.073100
681.079350
681.171050
681.175050
681.198350
681.207750
681.425550
681.436150
681.501550
682.003800
682.510500
682.515950
682.983450
682.987700
683.167500
683.235250
683.535500
683.539650
683.698950
683.705050
683.840250
685.187200
685.198950
685.236600
685.741250
686.226950
686.231400
686.234850
686.238950
686.242200
686.248050
686.252350
686.258750
686.265650
686.268000
686.273100
686.275150
686.277350
686.286400
686.302150
686.304550
686.766250
686.776100
686.783850
686.800400
686.808600
686.814250
686.828600
687.653450
687.657050
687.661700
687.672700
687.699050
687.704300
688.240350
688.243000
688.245500
688.248250
688.275900
688.287300
688.289900
688.292850
688.308300
688.314600
688.319300
689.306350
689.316450
689.533000
689.538400
689.555450
689.751850
689.756200
689.762650
689.773050
689.785300
689.790000
690.275650
690.293050
690.300650
691.149500
691.317000
691.907000
691.918850
691.925800
692.167200
692.170350
692.181600
692.204400
692.209600
692.512750
692.526000
693.413650
693.425800
693.433050
693.867450
693.876900
695.039650
695.047200
695.229350
695.807450
695.814600
695.827200
695.858800
696.666350
697.196150
697.928150
697.932700
697.974200
697.994850
697.999500
698.010350
698.022100
698.034050
698.037600
698.051100
698.795500
699.450750
699.455000
700.080550
700.084000
700.095900
700.114050
700.119250
700.130100
701.074600
701.079400
701.085150
701.631450
701.635750
701.642250
701.784350
701.788650
702.470750
702.475450
703.006850
703.015950
703.059300
703.064100
703.076350
703.086700
703.124600
703.145400
703.620050
703.631250
703.676950
703.681100
703.692850
703.752200
703.775350
703.830450
704.341250
704.346250
704.614550
704.638500
704.651600
704.658300
705.158000
705.161900
705.168150
705.594850
705.617750
705.675650
705.864600
706.717250
707.570750
707.576750
707.626600
707.631950
708.565200
708.785200
708.791900
708.980450
708.985800
708.996500
709.004550
710.321950
710.326500
711.209000
711.214050
711.797500
711.821150
711.846750
711.854950
711.882200
711.887200
712.815300
712.820350
712.823050
712.829300
712.860000
712.865350
713.084350
713.115000
713.568400
713.572050
713.574150
713.576750
713.582050
713.588900
713.592200
713.618250
713.642350
713.667450
714.507600
714.512100
714.517600
714.523550
714.529450
714.535650
714.542050
714.553050
714.562200
715.212550
715.486150
715.493650
715.500600
715.507000
715.512200
715.527900
716.073200
716.077450
716.083400
716.090400
716.107750
716.124500
716.130250
716.642000
716.649950
717.157400
717.161500
717.169050
717.176250
717.185000
718.273850
718.281950
718.287550
719.032000
719.043950
719.133350
719.138600
719.159800
719.202600
719.678100
719.683750
720.509400
720.520850
721.189350
721.195000
721.202400
721.426800
721.443650
721.450850
721.826700
721.832850
721.839150
722.617950
722.628100
722.631950
722.918700
723.750450
723.766650
724.297250
724.309200
724.311850
724.319650
724.331000
724.338900
724.469000
724.475200
724.477350
724.480600
725.078700
725.083150
725.090850
725.495950
725.500450
726.104500
726.115450
726.519150
727.246500
727.253750
727.296700
727.300100
727.304450
727.306800
727.317350
727.322750
727.327050
727.333900
727.337400
727.351200
727.354250
727.357800
727.684800
728.161450
728.166750
728.195800
728.199950
728.570200
728.591450
728.598100
728.612100
728.618500
728.630200
728.967400
728.983400
729.314200
730.127700
730.156650
730.215050
730.218200
731.204600
731.276550
731.281250
731.291900
731.312700
731.318600
731.348050
732.687400
732.693450
732.704300
733.202200
733.206200
733.649800
734.160700
734.560450
734.567650
735.807600
735.813400
735.821650
735.831400
736.049950
736.054300
736.628450
736.633350
736.995050
737.001550
737.008550
737.308900
737.312850
737.319900
738.105700
738.991350
738.995950
739.315850
739.352200
739.810600
740.160600
741.302400
741.310650
741.318250
741.855950
741.861500
741.990500
742.006150
742.848800
742.853150
743.007050
744.053250
744.067650
744.070850
744.706700
744.710850
744.715950
744.719300
744.723450
745.135950
745.643850
745.648600
745.654450
745.972050
745.977750
745.990250
747.638800
747.981700
747.987400
748.243450
748.303200
748.307950
748.815300
748.822650
749.166450
749.170650
749.176650
749.195800
749.220400
749.225100
749.357100
749.361700
749.658650
750.472500
750.477600
750.581650
750.590150
751.529850
752.311750
752.320250
752.325100
752.331550
752.344450
752.408900
752.437500
752.445650
752.447950
752.450650
752.457550
752.465100
753.157100
753.161300
753.169400
753.764200
753.769150
753.831900
754.382300
754.387100
754.400050
754.426000
754.440600
754.456100
754.470150
754.473150
754.766400
754.782600
755.826250
755.831450
755.856650
756.488650
756.492350
756.500950
756.503950
756.506150
756.532450
756.537250
756.657250
756.663500
756.961500
756.967600
757.668650
757.673350
757.680100
757.853800
757.858750
757.871900
757.876800
757.889850
757.905950
758.374900
758.381850
758.384350
758.388000
758.391200
758.425400
758.431350
758.677250
758.685200
758.690850
758.696300
758.703150
759.121900
759.127450
759.197050
759.203750
759.209700
759.222800
759.228000
759.230100
759.238650
759.244400
759.265000
760.859850
761.136450
761.141300
761.157000
761.164550
761.175700
761.182450
761.189500
761.220200
761.475900
761.492000
761.497800
762.410350
762.414050
762.424700
762.461050
762.465750
762.475450
762.485400
762.496800
762.508600
762.516750
762.527500
763.028550
763.032150
763.358700
764.083500
764.158700
764.690650
764.706700
765.285700
765.408150
766.002350
766.012300
766.156050
766.163900
766.176250
766.181100
766.187900
766.791450
766.796100
766.829650
768.310000
768.317150
768.356700
768.361200
768.365700
768.369000
768.910950
768.915000
768.925850
769.133050
769.880700
769.894200
769.908150
770.823600
771.125200
771.135300
771.148950
771.152750
771.157750
771.164750
771.169400
771.726250
773.044950
773.050200
773.060350
773.074150
773.457850
773.896850
773.902150
774.059850
774.064400
774.070250
774.795350
774.800300
774.811750
775.774250
775.784600
775.794350
775.805150
775.811700
775.818200
775.834900
775.841050
776.193650
776.199200
776.745750
776.750850
776.873750
776.879300
776.888000
777.218750
777.247300
777.259050
777.301450
777.608950
777.613200
777.799750
778.833700
778.837900
780.403250
780.406700
780.413300
780.539600
780.543800
780.550150
780.558000
780.563200
780.958550
781.531000
781.535200
781.548350
781.554450
782.184400
782.979950
782.991400
783.365150
783.377250
783.385550
783.389900
783.393300
783.410500
783.977200
783.981550
783.988950
783.995350
784.330150
784.333850
784.350200
784.377850
784.390750
784.395600
784.933550
785.414600
785.454250
786.000700
786.011400
786.141500
786.146650
786.152800
786.165750
786.180700
786.185750
786.189500
786.689450
786.694150
786.856850
787.280300
787.286400
787.405150
787.409400
787.427250
787.450250
789.263850
789.267950
789.336100
789.341000
789.353750
789.493200
789.497900
789.529400
789.539200
789.553000
790.066600
790.167950
791.225950
791.231000
791.729400
791.734850
792.689700
792.693600
792.711900
792.731500
792.736650
793.383900
793.390250
795.260500
795.264100
795.269150
795.274500
795.285000
795.289700
795.300150
795.634400
795.668200
795.673750
795.679100
795.695600
795.704700
795.709300
795.727400
796.855300
797.269550
797.274450
797.285150
797.295950
797.621200
797.625900
797.633050
797.638250
798.041700
798.048000
798.929550
799.463450
799.495050
799.499700
799.638050
799.968650
799.999050
800.819350
801.624900
802.511500
802.515950
802.576650
802.586150
802.973200
803.222150
803.228800
803.551500
803.556050
803.860250
803.863450
803.869300
803.882450
803.909150
803.930800
803.940650
803.950100
803.954750
804.970350
804.974300
804.980100
804.987200
804.994900
805.004550
805.009600
805.026100
805.309300
805.315000
805.325300
805.338950
806.617500
806.640050
806.662050
807.068800
807.628600
807.644150
807.862250
807.867450
807.881150
808.694700
808.700450
809.273000
809.276700
809.706250
809.750150
810.086100
810.089850
810.130550
810.135250
810.140100
810.154300
810.160500
810.208450
810.544050
810.578350
810.580650
810.585500
810.591950
810.796000
810.816050
811.357350
812.044350
812.050500
812.060250
812.074000
812.079200
812.091950
812.549300
812.553300
812.666650
812.671550
814.006400
814.266700
814.436350
814.458150
814.601400
814.607100
814.632450
814.723900
814.730250
814.736100
814.949700
814.957050
814.974000
814.976300
815.016750
815.023250
815.029550
815.579450
815.818000
815.841500
815.861500
815.867150
815.897700
816.091900
816.414800
816.431050
816.441500
816.447250
816.749000
816.753600
817.420450
817.426200
819.864700
819.870000
819.876850
819.889250
819.894950
819.897300
819.899550
819.935050
819.964650
820.022150
820.034850
820.054450
820.057900
820.113550
820.577450
820.621500
820.650900
820.657350
820.858950
821.013950
821.171400
821.836750
821.841150
821.847900
821.855700
821.863500
821.868200
822.308400
822.317500
822.764050
823.077450
823.245250
823.250400
823.253450
823.265950
823.549600
823.559350
823.623000
823.627650
824.013150
824.017100
824.104000
824.108700
824.123350
824.132050
824.150500
824.152750
824.164500
824.167550
824.175750
824.201150
824.492150
824.496750
824.784100
825.601550
825.606600
825.618850
825.909450
825.915000
825.932700
826.060050
826.065500
826.275900
826.280250
826.405800
826.410850
826.417250
826.421650
826.427850
826.439750
827.074650
827.079100
827.084750
827.210900
827.214250
827.220200
827.230650
827.285700
827.291050
828.858450
828.881900
828.893850
828.934600
828.945650
829.469300
829.956450
830.427550
830.762400
830.766650
830.777600
831.380550
831.385950
832.574850
832.585400
832.594800
832.663750
832.667650
832.671800
832.677750
832.684700
832.693750
832.710600
833.258400
833.552050
833.569800
833.575800
833.580450
833.597550
833.890950
833.949850
833.954200
833.971900
833.975550
833.985300
833.988300
833.991800
833.995850
834.012100
834.024800
834.996200
835.000700
835.009000
835.324500
835.818050
835.822650
835.828450
835.834700
835.840450
835.847100
835.854050
835.864700
835.874550
835.885650
835.897950
835.920900
836.397850
836.402350
836.407950
836.431200
836.461400
836.485050
836.502300
837.893400
837.898350
837.904100
837.909800
837.921500
837.935100
837.941700
837.950500
837.973400
838.720350
838.733700
839.671150
839.675850
839.700050
839.705150
839.715450
840.121350
840.135000
841.285500
841.297500
841.311700
841.315950
841.320900
841.353450
841.395700
841.915250
841.919800
842.535500
842.540550
842.611650
842.742900
842.747050
842.754550
842.770700
842.785700
842.801800
842.830750
842.855600
843.731150
843.999550
844.412100
844.450550
844.452950
844.457500
844.463750
844.471400
844.479400
844.492700
847.322250
847.605850
847.609450
847.615300
847.627650
847.632500
847.661750
847.673000
848.364100
848.384800
848.394200
848.406200
848.454500
848.916250
848.920200
848.927300
848.944000
848.982800
848.989500
849.440450
849.446300
849.503250
849.506450
849.511900
849.528550
849.842450
849.848800
850.015900
850.020400
850.030300
850.295150
850.299700
851.277450
852.526900
852.530650
852.535300
852.550550
852.557150
852.667350
853.139300
853.150500
853.162050
853.166900
853.177750
853.512850
853.516800
853.523900
853.534100
854.080900
854.127700
854.133750
854.342350
854.346550
854.358400
854.602050
854.608400
855.006900
855.023950
855.033950
855.039000
855.055250
855.200500
855.545400
856.115550
856.121100
856.126650
856.279950
856.306850
856.338800
856.343650
857.496400
857.501050
857.517400
857.578200
857.592600
857.595850
857.599650
857.601850
857.606150
857.611350
857.619300
858.737750
858.742250
858.748100
858.859200
858.870050
858.880500
858.886850
858.894250
858.912200
858.916200
858.938600
859.472700
859.521900
859.542600
859.554850
859.560950
859.973000
859.985650
860.006550
860.011500
860.031000
860.038400
860.458050
860.463400
860.505200
860.511100
860.523850
860.533600
860.548900
860.572800
860.770950
861.843200
861.877300
861.885500
861.890600
862.826350
862.831500
862.844250
863.394100
863.774000
863.842450
863.847450
863.856900
863.861650
863.865250
864.333000
864.502500
864.510100
864.838900
864.845150
865.341650
865.347400
866.127100
866.800350
866.808700
866.823000
866.841550
866.846200
866.860800
866.874450
866.892450
866.913900
866.926600
866.948850
867.215000
867.220250
867.228550
867.720650
867.725300
867.769900
867.775100
867.787650
867.790800
867.933200
867.957250
867.965000
867.970600
869.635200
869.642250
869.647350
869.665350
869.684450
869.689650
870.003450
870.925400
870.948750
871.752000
871.756050
871.789400
871.794550
871.808950
872.291250
872.296700
872.307650
872.309850
872.324900
872.402000
872.420850
872.436200
872.438650
872.444100
872.455050
872.721450
872.747900
872.753250
872.761100
872.773950
872.776500
873.565200
873.569300
873.872250
873.877400
873.916900
873.921750
873.951200
873.970600
874.608650
874.612850
874.618500
874.624300
874.943400
874.947500
874.953100
874.959350
874.964500
875.460550
875.464950
875.475750
876.105550
876.813150
876.817600
876.821600
876.832150
876.839750
876.845500
876.850300
876.866950
877.724950
878.630600
878.633000
878.646200
878.649750
878.658600
878.743300
878.748300
878.795000
878.800050
878.811500
879.248850
879.253000
879.797750
879.807200
879.810000
879.837200
879.840650
879.843400
879.854300
879.867050
879.899550
879.926150
880.494400
881.595950
881.601700
881.761950
881.765950
881.788500
881.807450
882.229500
882.234550
882.253800
882.266100
882.530500
882.561700
882.573350
882.579900
882.588900
882.911050
883.399400
883.404850
883.419900
883.675950
884.370150
884.375100
884.379600
884.382100
884.386250
884.394750
884.408750
884.424800
885.523750
885.545050
885.599400
885.604250
885.620300
885.635200
886.225750
886.539100
886.546550
886.881850
887.727700
887.732800
887.953550
887.959600
887.962700
887.969800
887.972950
888.246550
888.258050
888.264850
888.271600
888.282850
888.885300
888.890100
888.895100
889.128150
889.133400
889.263400
889.595650
889.599900
889.865550
889.870250
890.137150
890.143950
890.714900
890.718600
890.724350
890.770100
891.267450
891.272150
891.318850
891.324050
891.334800
891.358750
891.651400
891.655450
893.231350
893.237200
894.330350
894.336150
894.367150
894.417200
894.910100
894.914150
894.921150
895.378600
895.382350
895.395650
895.435450
895.440000
896.803600
896.816850
896.820050
896.824050
896.828900
897.005350
897.012550
897.072950
897.079000
897.890500
897.896100
897.908050
897.942800
898.055600
898.092050
898.097850
898.102550
898.110400
898.127550
898.606150
898.609600
898.632300
899.926600
899.930600
899.944400
899.952750
899.978450
899.984350
900.789550
900.799000
900.806850
900.822950
900.825500
900.835950
901.214250
901.422800
901.427050
902.132900
902.138800
902.230100
902.705950
903.374050
903.379000
903.394150
903.402900
903.407500
903.418950
903.432650
903.480050
904.026550
904.091000
904.100850
904.333850
904.730050
904.734900
904.744750
904.761450
904.771500
906.194950
906.198900
906.548600
906.553600
906.563750
906.577500
906.585650
906.602500
906.618350
906.622450
906.642950
907.173400
907.552200
907.591550
908.248150
908.251850
909.029150
909.041100
909.095650
909.100350
909.111300
909.136700
909.181300
909.207550
910.076000
910.928400
910.940450
910.952800
910.963700
910.968550
910.978750
911.614950
911.625050
911.630800
911.639450
911.834100
911.854300
912.215050
912.739050
912.743950
912.749500
912.770900
913.766550
913.771950
913.778350
913.785550
913.799100
913.805050
914.250050
914.286650
914.293150
914.843750
914.847300
915.510400
915.532900
915.537450
915.545500
915.560850
916.581800
916.586700
916.593700
917.201400
917.208150
917.213000
917.223300
917.290400
918.111200
918.115850
918.274250
918.280650
918.366950
918.372300
918.376250
918.380750
918.390650
918.394650
918.812250
918.818300
919.238450
919.242850
919.252050
919.261300
919.268600
919.274050
919.293450
919.296250
919.750700
919.757100
919.792750
919.814900
919.820650
920.492150
920.495500
920.497550
920.501050
920.720700
920.724950
920.749850
920.754800
920.764350
920.777100
920.793200
920.810400
922.536650
922.590250
923.209450
923.213100
923.226700
923.235650
923.254900
923.280650
924.218100
924.222700
924.230750
924.279850
925.131550
925.442100
925.445950
925.453100
926.179250
926.185150
926.479150
926.496300
926.500700
926.507400
926.514700
926.518750
926.522100
926.538500
928.989750
929.025050
930.532000
930.546550
930.575850
930.580550
930.588750
930.603250
930.626600
930.874750
931.262300
931.268950
931.277150
931.283950
931.290900
931.296050
931.815000
931.832750
932.052000
932.057850
932.064650
932.088200
933.002950
933.484450
933.488600
933.891050
933.900700
933.913350
934.417950
934.422350
934.427450
934.430700
934.435050
934.574450
934.578700
935.001650
935.007700
935.227500
935.862600
935.866150
935.871900
935.886750
935.895450
936.357300
936.365150
936.744900
936.758250
936.984950
937.660350
939.230050
939.236600
939.250900
939.255900
939.284350
940.475950
940.480600
940.804100
940.808150
940.822350
940.832850
940.847150
940.852550
941.590650
941.810500
941.826800
941.833650
941.838150
941.846150
941.854150
941.858950
941.863700
941.879450
942.029600
942.042450
942.049450
942.073700
942.446050
942.991350
943.007550
943.986500
943.994550
944.010950
944.023100
944.035150
944.056550
944.885700
944.913250
944.931700
944.936800
944.941800
944.961950
944.973650
945.427900
945.432400
945.436750
945.440150
945.445850
945.540050
946.020150
946.027050
946.037250
946.043500
946.062650
946.067600
946.112950
946.120550
946.683950
946.688750
948.217600
948.242950
948.676350
948.682400
948.999250
949.003700
950.268200
950.280300
950.994650
950.998900
951.407450
951.418800
951.438200
951.453950
951.458550
951.466250
951.480400
951.482550
951.501050
951.505300
951.511800
952.011750
952.956300
952.960200
952.976450
954.262100
954.287850
954.292700
954.307400
954.343450
954.355300
954.852100
954.856550
954.961500
954.967000
954.973250
954.979600
955.000450
955.023900
955.419300
955.906300
955.915300
955.921850
955.950500
956.364800
956.370250
956.489400
956.494550
956.507700
956.528550
956.538600
956.866250
956.948650
956.952000
956.954500
956.957500
956.972100
957.716050
957.899800
958.336100
958.342000
958.347450
958.917700
959.720400
959.724900
959.743150
959.787300
959.793300
960.525750
960.528050
960.531750
960.534650
960.538600
960.550300
960.557900
960.562900
961.519400
961.643450
961.887700
961.892900
962.025300
962.029850
962.036850
962.146000
962.149000
962.158550
963.267750
963.274150
963.436750
964.114650
964.161200
964.169350
964.985150
964.993600
965.006150
965.028100
965.949100
965.968850
965.973200
966.348500
966.352500
966.359800
966.366150
966.377500
966.420900
967.126050
967.148600
967.171600
967.215750
968.259200
968.264100
969.074650
969.078900
969.522250
970.151400
970.999050
971.530300
972.309000
972.313350
972.348450
972.363700
972.368300
972.372700
972.379600
972.382400
972.387400
972.417350
972.427900
972.965950
972.980400
973.238300
973.581950
973.586800
973.659500
973.670500
974.480300
974.484500
974.513200
975.071700
975.607450
975.612650
976.256400
976.261650
976.286400
976.328250
976.783400
976.788900
976.812150
977.071400
977.317800
977.323950
978.206050
978.210350
978.217400
978.232700
978.244400
978.586700
978.592300
979.157100
979.455750
979.459950
979.467200
979.472300
980.093400
980.490800
980.853800
981.870150
981.874900
981.881600
981.885900
981.890550
981.945400
981.959250
981.963850
981.968250
981.972300
982.285700
983.036750
983.041500
983.134050
983.144850
983.173750
983.179350
983.186600
983.192200
983.198100
983.232150
983.255850
983.750150
983.756150
983.771100
985.976550
986.534700
986.541800
987.261500
987.322750
987.327700
987.336650
987.995850
988.424950
988.630000
988.635000
989.166650
989.173000
989.206100
989.211300
989.325000
989.331700
989.334550
989.339800
989.348950
989.362100
989.374350
990.000250
990.006500
990.487900
990.500200
991.186500
991.489750
991.501350
992.103300
992.108300
992.117300
992.123900
992.633150
992.728500
992.733300
992.735350
992.744050
993.517050
993.522050
993.533400
993.539700
993.834800
993.846000
993.862050
993.869800
993.882800
993.894450
993.925850
993.932850
994.676300
994.684650
994.703650
994.740050
994.745400
995.249550
995.255200
995.856000
995.859650
995.866150
995.873800
996.392500
996.397750
996.401100
996.404750
996.419700
996.454600
996.502600
997.655550
997.668150
997.680350
997.691800
998.528850
998.533000
998.552150
999.731900
999.742000
1000.251750
1000.909400
1001.452100
1002.414450
1002.418950
1002.443250
1002.449850
1002.460550
1002.676300
1002.692550
1002.997750
1003.556800
1003.590850
1003.603550
1003.608300
1003.632850
1004.396800
1004.404200
1004.406250
1004.413250
1004.420100
1004.424750
1004.440950
1004.456300
1004.471150
1004.990350
1005.536750
1006.266000
1006.273300
1006.452700
1006.457900
1007.510950
1007.515150
1007.530850
1008.074200
1008.110150
1008.399250
1008.404150
1008.413300
1008.540150
1008.544350
1009.214000
1009.225550
1009.233650
1010.577100
1010.581400
1010.595000
1010.863000
1010.876450
1011.144600
1011.208500
1011.212950
1011.219000
1011.228600
1011.248150
1011.296650
1011.302300
1012.584450
1012.865700
1012.870750
1012.884250
1012.888050
1012.913750
1013.477750
1013.482900
1014.527850
1014.534000
1014.764950
1014.770450
1015.591450
1016.575000
1016.579400
1016.585650
1016.791450
1016.795350
1016.810800
1016.815500
1016.827550
1016.848350
1016.866900
1017.179300
1017.185100
1017.200750
1017.206450
1018.271650
1018.275050
1018.306300
1018.320400
1018.325350
1018.356700
1018.382850
1018.640450
1018.646050
1018.658900
1018.668100
1019.106050
1019.114650
1019.398850
1019.404150
1020.078000
1020.127450
1020.131850
1020.168950
1020.186850
1020.191850
1020.199250
1020.428200
1020.434050
1021.492850
1021.516550
1021.521100
1021.545650
1022.013150
1022.029600
1022.063600
1022.360850
1022.943950
1022.981950
1024.193500
1024.624000
1024.871000
1024.875650
1024.883600
1024.892050
1025.683550
1025.707700
1025.959000
1025.964050
1028.361200
1028.485250
1028.496800
1028.505000
1028.862150
1028.893650
1029.962150
1029.966900
1030.950250
1031.073100
1031.077500
1031.084900
1031.087150
1031.093900
1031.142300
1031.157450
1031.464450
