0.110050
0.130700
0.578600
0.587150
0.758550
0.855250
0.953450
1.184550
1.202850
1.343250
1.606800
2.049450
2.101350
2.177500
2.261900
2.407900
2.577750
3.374450
3.907100
4.133250
4.347700
4.523200
4.880350
4.895300
4.988450
5.160100
5.179200
5.219450
5.260250
5.283300
5.304400
5.526050
5.588600
6.700950
7.311600
7.491150
8.187050
8.378900
8.741650
9.384450
9.821000
10.205600
10.210400
10.219500
10.239350
10.259750
10.267250
10.282800
10.290250
10.298900
10.315750
10.322200
10.328300
10.334900
10.347500
10.349800
10.382200
10.399750
10.425650
10.442950
10.454150
10.524950
10.540250
10.552700
10.560950
10.588350
10.622550
10.628450
10.642200
10.655850
10.702550
10.720950
10.745850
10.758750
10.807500
10.811150
10.843000
10.883900
10.897100
10.900350
10.902900
10.954150
10.977650
10.992950
11.008900
11.030950
11.097900
11.161100
11.199200
11.211200
11.257450
11.275100
11.291600
11.304000
11.335250
11.369700
11.393900
11.398200
11.426150
11.500350
11.540600
11.568350
11.597500
11.627200
11.649950
11.695300
11.755100
11.773300
11.841500
11.902200
11.947750
12.049000
12.088200
12.094400
12.213950
12.255600
12.277100
12.312650
12.380050
12.383050
12.461200
12.534900
12.613000
12.752350
12.783850
12.940300
13.023150
13.281250
13.356950
13.412400
13.443450
13.517600
13.526400
13.599150
13.763350
14.076000
14.101600
14.114800
14.228550
14.418600
14.562850
14.832000
15.034300
15.383100
15.584900
15.633200
15.753900
15.758750
15.771250
16.218550
16.523600
16.585650
16.710700
17.722900
17.998750
18.394050
18.844850
19.537500
19.543100
19.917400
19.995400
20.488700
20.711250
22.932250
23.426350
23.696050
23.727450
23.902000
24.894300
25.165450
25.630100
25.702650
26.220350
26.391300
26.716800
26.910150
27.922200
29.163100
29.249150
29.762550
30.744850
31.752800
31.969850
35.099300
35.458350
36.030500
36.034100
36.044350
36.734550
36.750700
36.761550
37.202700
37.447650
37.502800
37.788600
38.460150
38.644500
38.670750
38.925200
39.743250
40.467250
41.250850
41.693600
41.901050
44.117450
45.061300
45.298750
45.305650
45.754200
45.967050
46.601800
46.812500
46.828400
46.860550
47.008900
47.894850
49.765500
49.960150
50.951100
51.408100
51.414000
51.445850
52.082850
52.766850
52.996000
53.396350
53.451150
53.622100
53.638450
53.881050
54.816900
54.877850
54.987450
55.712850
56.228300
56.459000
57.042350
57.250750
57.399350
57.438100
57.551100
57.722150
58.712100
58.906950
58.910950
59.163750
59.231250
59.672050
60.170050
60.643400
61.121600
61.155900
61.538550
61.969650
62.225050
62.228200
62.660650
64.552500
66.092600
66.123900
66.525700
67.264550
67.290200
67.732350
68.098200
68.122350
68.139550
68.731750
68.825750
69.065300
69.896500
69.902750
69.922950
77.747850
86.357500
87.218050
88.093050
88.647050
89.772550
89.988650
90.338350
90.905300
91.130450
91.156100
91.250850
93.313100
93.353500
93.606750
94.393750
94.469550
94.709000
94.839350
94.856500
94.900750
95.193500
95.261450
96.093250
96.214250
97.014850
97.310350
97.336050
97.460550
97.895450
97.962300
98.705600
98.893350
99.454050
99.680550
100.715250
100.736850
101.008500
101.056650
101.533000
102.009300
102.611700
102.848900
102.855950
102.882400
102.947650
103.587450
103.796450
104.296550
104.841200
104.883850
105.537600
106.033150
106.542800
106.614150
107.454850
107.821550
108.681650
109.033650
110.207200
110.488300
110.946650
111.081700
111.147900
111.179100
111.314850
112.016000
112.298400
112.368100
112.458800
112.845400
112.972550
113.126750
113.859000
113.905150
113.951750
114.546100
115.027350
115.205100
115.718250
115.826600
115.977050
116.122500
117.823650
118.564800
119.650200
119.795300
119.920300
120.174200
120.209400
120.696000
120.889450
120.898800
120.976950
121.147850
121.668950
121.672850
121.832500
121.912250
121.916100
122.187000
122.470650
122.585850
122.834750
123.755950
123.777800
124.101800
124.608750
124.777500
124.995450
125.384050
125.812250
126.529100
126.798750
127.517700
128.147250
128.640700
129.019100
129.827050
130.439950
130.488300
130.669050
131.274100
131.375300
131.435650
131.706000
131.748500
133.086550
133.180950
133.665250
133.832250
133.950600
134.103050
134.348850
134.609850
135.196400
135.772750
136.167300
136.181350
136.337100
137.066300
137.210950
137.473400
137.850050
137.961350
138.273850
139.037050
139.199600
139.799600
140.027600
140.308500
140.529600
140.746500
141.331650
141.546450
141.800900
141.817150
142.299000
142.352650
142.357600
142.683100
142.808800
143.119050
143.377900
143.448900
143.546150
143.793850
143.829200
143.932050
144.007750
144.220950
144.472300
145.383800
145.600100
145.770100
145.790850
146.079050
147.018750
147.360200
147.649550
147.975550
148.087350
148.445100
148.523350
149.002300
149.348450
150.209150
150.285050
150.539200
150.596050
150.668750
150.739700
150.781150
152.229600
152.501100
153.599550
153.714200
154.344950
154.494350
154.955850
155.317650
155.407250
156.149450
156.596700
156.919350
157.319850
157.599150
157.620450
157.775000
158.151300
158.348200
158.378700
158.399850
158.505300
158.970050
159.055650
159.060850
159.177000
159.517800
159.557100
159.651550
159.797650
159.825300
160.021700
160.230300
160.645250
160.771750
160.800450
161.364100
161.633100
161.902650
162.044000
162.187400
162.193100
162.498700
162.502500
163.003650
163.011350
163.114750
163.126500
163.166750
163.433050
163.945350
164.065000
164.152250
164.459900
164.683150
165.349900
165.625050
165.784900
165.970850
166.899050
166.917400
167.178850
167.495300
167.595200
167.770550
168.359550
168.585100
169.210150
169.373300
169.933350
169.969250
169.994700
170.665000
171.777300
171.848000
172.023100
172.148550
172.151450
172.177200
172.384700
172.684950
172.715500
173.130550
173.281000
173.317300
173.341450
173.407850
173.576700
173.624300
173.772600
173.798650
173.851000
174.591400
174.816750
174.965150
175.153850
175.398500
175.737900
176.425450
176.654750
176.804600
176.973850
177.086600
177.131050
177.138800
177.245550
177.331550
177.483350
177.550450
177.844550
178.076800
178.279150
178.439250
178.600150
178.902800
179.015500
179.231250
179.479000
179.606150
179.753650
179.878750
180.265450
180.290800
180.401650
180.506600
180.618300
180.842000
180.852500
180.892450
181.155000
181.433950
181.719700
181.728800
181.805700
181.811500
181.973100
182.382700
182.556700
182.717100
182.748400
182.825200
183.037200
183.302850
183.409600
184.391300
184.688250
184.874050
185.562150
186.272700
186.538600
186.630350
186.714300
186.753850
187.250150
187.426050
187.859000
188.642750
189.033500
189.172900
189.899650
190.092050
190.309250
190.566300
191.109650
191.842800
192.834050
193.551700
193.558200
194.084950
194.219200
194.439650
194.771200
195.007500
196.483450
196.639000
196.852750
197.273750
197.375100
197.379400
197.387300
197.426050
197.827750
198.211850
198.603100
198.842150
198.960000
199.104300
199.920400
200.421000
200.453600
200.765450
201.040600
201.165700
201.465550
201.590900
201.847600
202.860700
203.242650
203.354450
203.511300
203.635800
203.731100
203.784900
203.808150
203.912700
204.057050
204.278450
204.405500
204.478000
204.594100
204.889400
205.149300
205.563350
205.995500
206.861700
207.051200
207.808700
208.943400
208.960350
208.987450
209.976900
210.335050
211.303750
211.323600
211.326850
211.345950
211.441000
211.513650
211.718000
211.795350
211.824350
212.026200
213.482050
213.556100
213.711850
214.418350
214.438500
214.719700
214.842100
215.077250
215.230850
215.595550
216.183500
216.219950
216.461700
216.487050
216.835200
216.850900
216.853800
217.695900
218.576050
218.834000
219.601050
220.289700
220.421000
220.524650
220.720500
220.799350
220.832250
221.075300
221.176500
221.717450
221.755000
221.851000
222.002000
222.036900
222.235950
222.403350
222.407750
222.748000
223.134800
223.391950
223.791550
224.012200
224.034050
224.714300
224.826550
225.267350
226.095450
226.114050
226.426500
226.443400
226.931300
227.137450
227.228450
227.545800
227.664100
228.030150
228.061850
228.087450
228.126450
228.148550
229.154400
229.158950
230.102550
230.232950
230.345100
230.355950
230.522150
230.865150
231.418300
231.827250
232.377000
232.391250
232.748450
232.856000
232.862550
232.908100
232.994600
233.045350
233.474950
233.576050
233.644300
233.670200
233.981200
234.160750
234.707250
235.059250
235.278550
235.415050
235.601150
235.742800
236.376400
236.416800
236.499300
237.679400
237.751150
239.237050
239.331100
240.037250
240.104050
240.108850
240.168650
240.218950
240.449500
240.837700
241.793300
241.800300
241.835800
241.900550
242.023900
242.440500
242.458600
242.659000
242.666650
242.908700
242.939850
243.009250
243.014150
243.231050
243.406950
243.469900
244.125450
244.448000
244.752450
244.760150
245.039250
245.077950
245.080700
245.457100
245.472000
245.678750
245.933200
245.973150
246.174000
246.346000
246.878400
247.237100
247.448150
247.544800
247.819650
247.873900
248.152200
248.224650
248.321300
248.351350
248.434800
248.860600
249.220500
249.869200
250.018150
250.068850
250.072650
250.237800
250.309850
250.359750
250.441700
250.616250
250.913550
251.156350
251.165750
251.349700
251.505250
251.810650
252.052650
252.176250
252.238750
252.424500
252.695250
252.738700
252.813300
252.959400
253.011000
253.015750
253.458500
253.577150
253.715200
254.002450
254.117700
254.561400
254.602050
254.837450
254.898750
255.094750
255.101600
255.306500
255.752700
255.966700
256.232250
256.585350
256.750250
256.837900
257.037050
257.576450
257.578900
258.017250
258.170300
258.319900
258.710500
258.713400
258.716500
258.970050
258.974700
259.227250
259.284750
259.432300
259.623550
259.833950
259.840150
259.845900
259.982400
260.233100
260.338750
260.639400
261.082850
261.152050
261.500150
261.537200
261.737550
261.905600
262.098400
262.629850
262.942800
263.403550
263.444150
263.446200
263.754450
263.788250
263.829750
263.917100
264.125050
264.328750
264.375050
264.791950
264.800850
265.495450
265.636250
266.296350
266.576450
266.583450
266.947600
266.951950
266.955850
267.493450
267.667350
268.136950
268.676900
268.870550
269.280450
269.655900
269.780300
270.119900
270.350200
270.595750
270.828800
271.465100
271.476300
271.478950
272.055950
272.314500
273.125600
273.317900
273.322650
273.429400
273.613600
273.649050
274.107650
274.306100
274.501800
274.927700
275.411350
275.657600
275.751250
276.063800
276.253450
276.302300
276.331400
276.441250
276.579200
276.581400
276.711100
277.411300
278.209950
278.282000
278.465200
279.578350
279.611150
279.970050
280.477500
280.709850
281.043650
281.449050
281.651000
281.798300
281.991200
282.129450
282.206000
282.526750
282.926650
283.487350
283.655150
284.053200
284.058650
284.202450
284.946600
284.955550
285.297850
285.670200
285.734200
285.771900
286.062850
286.272950
286.589050
287.333950
287.405800
287.623400
287.687450
288.426450
289.041350
289.423800
290.021650
290.458950
290.739050
290.916700
291.141250
291.176550
291.462050
291.513250
291.695300
291.761400
291.973300
292.680650
292.806050
292.975350
293.395200
293.696300
294.165000
294.168900
294.385250
294.982250
295.154150
295.689750
295.966850
296.187400
297.033300
297.185600
297.504150
297.557950
297.827650
297.835400
297.850000
297.852700
298.046850
298.255800
298.390500
298.925750
299.270500
299.315950
299.419800
299.446400
299.702250
299.950150
300.329600
300.484000
300.712100
301.685850
302.170750
302.469750
302.661400
303.132250
303.184250
303.770400
303.799850
304.015750
304.113000
304.287550
304.478800
304.571600
304.611450
305.235800
305.280600
306.005600
306.397150
306.595650
306.732950
307.023900
307.103000
307.543000
307.655600
307.771250
308.016100
308.213050
308.444000
308.531500
308.550300
308.641500
308.675500
308.790100
309.144750
309.592000
309.750500
309.767800
309.942750
309.984650
310.368250
310.529450
310.978400
310.983100
311.181850
311.397300
311.424150
311.760200
311.793200
313.306050
313.970600
313.977150
314.277400
315.037600
316.757250
316.918950
317.025000
317.065400
317.141000
317.199700
317.214100
317.508350
318.207850
318.256100
318.313150
318.348450
318.479050
318.498750
318.589200
318.766450
318.853900
319.186000
319.497050
319.534700
319.695650
320.003600
320.197400
320.530600
320.657900
320.662950
320.817750
321.488450
321.626650
321.952750
322.317550
322.352300
322.878700
322.887800
323.472000
323.873450
324.129250
324.478950
324.483900
324.495050
324.598450
325.143000
325.393400
325.609100
325.732200
325.833350
326.049350
326.111100
326.226100
326.451450
326.470450
326.696850
326.712850
327.125500
327.190600
327.237550
327.240300
327.430500
327.464050
327.738900
327.755600
327.817550
328.076350
328.191400
328.691000
329.010050
329.515500
330.009000
330.113600
330.127600
330.376150
330.937600
330.949050
330.990200
331.016900
331.158400
331.325950
331.533150
331.870500
332.183300
332.561600
332.596050
332.837950
332.939100
333.250500
333.403800
333.424650
333.754900
333.855000
333.865900
333.882050
333.960650
334.151050
334.774150
335.282400
335.611200
335.766000
335.865050
336.168950
336.618000
337.169850
337.250200
337.801000
337.805450
337.861700
337.982350
338.301600
338.617750
339.009850
339.907350
340.847950
341.449300
342.204300
342.331600
342.648600
343.243950
343.263650
343.419650
343.789800
344.143000
344.205500
344.242150
344.840350
344.944750
345.223450
346.237650
346.451500
346.653950
346.922550
347.244750
347.573050
347.692250
348.011850
348.307800
349.889150
349.945100
350.412950
350.927000
351.234000
352.581200
353.048500
353.064900
353.070900
353.130800
353.165100
353.188450
353.259700
353.380150
354.293350
354.581950
354.873800
355.722550
355.915700
356.209700
356.451800
357.667300
357.741050
358.126050
358.331950
358.431900
358.668550
358.734550
358.836100
358.952000
359.162250
359.636900
360.032050
360.720000
362.291200
362.305450
362.357300
363.044250
363.763300
364.603500
364.648750
364.659850
364.760650
365.541000
365.744650
366.011350
366.470550
366.875250
367.507600
367.807400
368.543500
368.916900
369.628300
369.738900
370.276150
370.520200
370.606600
370.695200
370.959250
370.963750
371.024250
371.594350
371.933950
372.094800
372.329450
373.367450
373.455350
373.494250
374.558100
375.057300
375.212250
375.516650
375.521400
375.779550
376.141850
377.072750
377.830350
377.947350
378.445250
378.595300
378.606850
379.040600
379.572500
379.722950
379.792350
379.980250
380.277000
380.705400
380.740100
380.744650
381.340050
381.464500
381.663250
381.679550
382.649050
384.574150
384.819650
385.068150
385.860000
386.004550
386.176550
386.992300
387.343600
388.922300
388.952750
388.964500
389.558500
391.118400
391.303650
391.614100
391.655150
391.688450
391.941550
391.989850
392.487950
392.497800
392.759450
393.045150
393.077900
393.082600
393.343550
393.446350
393.580200
393.640750
393.986500
394.311950
394.331550
394.522400
394.610450
395.225000
395.431500
395.436300
395.983700
396.065650
396.344150
396.510850
396.514450
396.517600
397.045850
397.489050
397.661500
397.897100
397.915900
398.233500
398.322300
398.392650
398.397850
398.704150
398.896800
399.029750
399.071100
399.081200
399.509150
399.653900
399.931650
400.525600
401.124650
401.445450
401.577500
401.642850
401.753150
402.525300
403.277300
403.391550
403.455150
403.892450
403.898300
405.361250
405.691850
405.728700
406.485150
406.576550
406.583150
406.895400
407.188350
407.404100
407.784300
407.983400
407.987600
408.103950
408.536500
408.578400
408.685100
409.201050
409.207800
410.032050
410.066850
410.908750
411.138800
411.143600
411.239450
411.447550
411.472150
411.834600
412.718950
412.837550
412.993500
413.353200
413.879600
414.244450
414.248450
414.315300
414.338900
414.441500
414.883400
415.033800
415.045900
415.497450
415.737850
415.859000
415.869300
416.001350
416.154700
416.932100
417.196200
417.372350
418.469600
420.189650
420.525650
420.909000
420.969800
421.425300
421.514400
421.618200
421.794150
421.855150
422.418250
423.138400
423.497800
423.635500
423.952100
424.350900
424.548950
424.561050
424.814500
424.822600
426.399950
426.405100
426.872500
426.885150
427.361900
427.670450
427.983550
428.300350
428.825550
428.848450
429.667700
430.271100
430.537700
430.622150
431.431250
431.804850
433.245350
433.283300
433.507650
433.651250
434.109800
434.185750
434.307950
434.572950
435.052950
435.285000
435.610100
435.845450
436.197000
437.464700
437.750550
437.994700
438.154050
438.375300
438.723950
438.762200
440.203900
440.249700
440.256350
441.168150
442.834300
443.302350
444.195100
444.462100
445.168450
445.187700
446.145100
446.521400
446.535600
447.109850
447.383350
447.475100
447.656350
447.740100
447.746350
447.895750
447.943000
448.183500
448.349850
448.974300
449.028500
449.143400
450.147900
450.407700
450.530800
450.733050
450.850900
451.377500
452.433000
452.615200
453.345650
453.490550
453.967400
454.158550
454.960200
455.471650
455.715400
456.056700
456.311600
457.110900
457.593650
457.867600
458.603100
459.249950
459.302100
459.831600
460.274850
460.465850
460.519750
460.899450
461.005850
461.203650
461.241850
461.259150
461.701500
461.999350
462.132750
462.476500
462.759400
462.860950
462.907900
463.075500
463.641850
464.666150
464.676800
464.750650
465.347450
465.511900
466.666600
467.776300
467.912700
468.051000
468.191600
468.728700
468.902150
468.996050
469.313750
469.865000
469.990350
470.563600
470.837100
471.156300
471.963350
472.512600
472.664800
473.124100
473.179050
473.196300
473.820550
474.769450
475.876050
475.897900
475.998800
476.099250
476.602200
476.614150
478.091900
478.287750
478.328600
478.346450
478.787950
479.976650
480.258450
480.516050
480.775750
481.028350
481.256900
481.564200
481.856400
481.863650
482.192350
482.379700
482.859350
483.014450
483.112650
483.612650
483.718150
484.198650
484.512800
485.099100
485.170450
485.366250
485.722600
486.054800
486.072500
486.104050
486.222850
486.250350
487.266300
487.470400
487.572500
487.597100
488.096700
489.438050
489.596100
489.813900
489.822100
489.829000
489.995600
490.001500
490.178700
490.295350
490.875350
491.341300
491.381100
491.774050
491.851850
492.047850
492.298400
492.621650
492.881450
492.896750
492.909950
493.724550
494.218150
494.257700
494.712950
495.577600
495.835400
496.045900
496.445000
496.828850
497.624900
497.658300
497.878900
497.940750
498.321750
499.093950
499.248900
499.260600
499.647550
499.686500
500.453300
500.487550
500.734700
500.805650
501.201750
501.675300
502.238800
502.311950
502.996050
503.180200
503.516700
503.874700
504.096800
504.144150
504.416100
504.457200
504.905250
505.328650
505.331600
505.623950
506.344850
506.364500
507.124700
507.127550
507.189500
507.537250
507.569600
507.704750
507.711350
508.050250
508.067050
508.071300
508.317750
508.641500
508.882900
508.935650
509.043650
509.107350
509.215500
509.392200
509.403300
509.562900
510.835050
511.221800
511.490500
511.857350
512.173700
512.353450
512.445900
513.758400
514.294300
514.728550
515.704850
516.820000
516.829300
517.165650
517.416600
518.014400
518.371550
518.383150
518.555700
518.636750
518.648750
518.690050
519.002700
519.188000
519.237250
519.333300
519.368750
519.484150
519.509550
519.529300
519.781750
520.022300
520.296100
520.965350
521.051400
521.056450
521.081150
521.536050
522.316000
522.489250
522.598350
522.793400
524.115150
524.610100
524.981200
525.136250
525.140350
525.471700
526.089500
526.257150
526.261950
526.621300
526.781600
527.601450
528.117750
528.518850
528.689900
529.518200
529.625700
529.750000
529.804400
529.850600
530.015550
530.303300
530.546800
530.845650
531.205550
531.231950
531.344250
531.371150
531.744550
531.813400
532.104700
532.218050
532.485050
532.489050
532.547800
532.629600
532.646250
532.873600
533.067200
533.108500
533.200450
533.891300
534.595500
534.766950
534.987850
535.736350
536.473650
536.489400
537.050800
537.150650
537.351200
537.642600
537.652350
537.655600
537.671500
538.168300
538.603850
538.621800
539.163400
539.332100
539.382500
539.435800
539.535200
539.548300
539.989650
540.217150
541.142450
541.148750
541.959200
542.303950
542.308450
542.589500
542.810150
542.972200
543.294950
543.536550
543.702350
543.809800
543.855600
543.875250
544.106300
544.386400
544.508800
544.764900
544.997050
545.020700
545.204300
545.603250
546.236450
546.831650
546.997150
547.088700
547.124100
547.795100
549.720250
549.948100
549.956950
549.963400
550.450500
550.531000
551.009400
551.315450
552.005050
552.149000
552.472400
554.682550
554.782200
554.821400
554.923750
555.433450
555.670150
555.674950
555.925000
555.957700
556.415600
556.466700
556.670650
556.995100
557.176700
557.300900
557.384050
557.731000
557.768450
557.943000
558.088500
558.215350
558.328100
558.334550
558.378350
558.466150
558.624050
558.800750
559.309000
559.335300
560.362100
560.766500
560.781900
560.842000
561.467250
561.757600
561.889550
561.930500
562.947950
563.079950
563.418650
563.607300
563.625800
564.228950
564.286100
564.895400
565.032900
565.648050
565.714600
566.541500
566.684350
566.869100
567.055400
567.084700
567.116450
567.123150
567.171650
567.261500
567.436750
567.514550
567.623500
567.628950
567.660650
567.712100
568.367750
568.631350
568.916850
569.326100
569.345200
569.448000
570.323600
570.815100
570.819400
570.829150
570.843450
570.996400
571.564250
571.579450
571.751100
571.798150
572.671300
572.710300
572.797350
573.268500
573.440800
573.980150
574.039950
574.263500
574.833450
575.131650
575.172600
575.611050
575.964100
576.004000
576.403350
577.649500
578.228450
579.301200
579.927750
580.100050
580.371750
580.555400
580.809150
580.813000
580.990900
581.084300
581.157650
581.485850
581.559600
581.638300
582.904200
583.936650
584.016050
585.401750
585.406650
589.524050
593.498950
593.988550
601.129750
601.149800
604.528100
605.217450
605.297550
612.673900
612.733700
612.775450
612.824350
612.868550
612.879750
613.339500
613.404750
613.569000
613.602350
613.682250
613.707050
614.342750
614.379450
614.455800
614.836650
615.164650
615.311800
615.424800
616.087500
616.176250
616.420150
616.592000
616.843250
617.005150
617.045600
617.373350
617.449350
617.486300
617.533050
618.020000
618.093750
618.321000
618.654550
618.862650
618.979950
619.133400
619.735900
622.885850
623.568450
623.627650
623.715900
623.876300
624.042200
624.322150
624.543100
624.948550
625.143850
625.169400
625.248150
625.270350
626.296600
626.496350
626.949900
627.419450
627.463100
627.602250
627.804650
627.891650
627.949300
628.081400
628.468900
629.082000
629.925450
630.576450
630.812100
630.913350
631.503150
631.898600
632.198700
632.232500
633.764950
634.188750
634.192550
634.296850
635.062650
635.329550
635.659000
636.703850
637.449200
637.881250
638.204450
638.515250
638.635350
638.943250
639.271550
639.362550
639.470100
639.550850
639.568250
639.701850
639.959050
639.980300
639.999800
640.170600
640.342400
640.951950
641.315150
641.369100
641.500650
642.041200
642.046800
642.060400
642.148100
642.443450
642.708800
643.867900
643.872700
643.888450
644.608300
644.755000
644.874900
646.571300
647.675900
649.284750
649.289100
649.917050
650.094100
650.099350
650.250550
650.349300
650.524750
650.534150
650.545400
650.639900
650.693100
650.909650
651.036850
651.189400
651.456850
651.608050
651.888550
652.469300
652.869700
653.107050
653.132350
653.220000
653.238000
653.408900
653.886800
654.190600
654.648650
654.804450
654.932600
655.229300
655.269650
655.437050
655.710250
656.177650
656.234500
656.289450
656.336100
656.363550
657.379250
657.548100
657.590300
657.695850
657.834600
657.854250
658.326750
658.487100
658.701750
658.862650
659.658000
660.227400
660.376300
660.839250
661.031600
661.117950
661.564100
661.964100
664.316250
665.782850
665.795700
666.081300
666.116600
666.120000
666.211000
666.215350
666.551250
666.654300
666.795700
667.048800
667.053350
667.120650
667.183350
667.340850
667.575300
667.662300
667.677000
667.687900
667.695300
668.375350
668.596350
668.635500
668.642800
668.649200
668.983050
669.085450
669.338500
669.633900
669.898400
669.906250
669.934750
669.946600
670.285850
670.351000
670.634000
670.752950
670.918500
671.099150
671.193850
671.349600
671.453700
671.678150
672.372500
672.433650
672.689950
672.762000
672.825850
672.830750
674.313150
674.373500
675.291250
677.158950
678.036300
678.055500
678.189900
679.169150
679.363150
679.672600
679.677250
679.780550
679.932750
679.996800
680.001500
680.009000
680.102050
680.106150
680.293650
680.460650
680.651600
680.672900
680.707450
680.792950
680.813600
680.872800
680.883750
680.908600
681.121650
681.212800
681.341250
681.512600
681.750550
681.868000
681.895200
681.899000
681.941150
682.060550
682.200850
682.308150
682.327700
682.379900
682.753200
682.928800
683.028250
683.121100
683.185900
683.311450
683.379750
683.412150
683.432650
683.572600
683.667500
683.754000
684.323650
684.547500
684.613500
685.325500
685.347850
686.112900
686.598800
686.632150
686.860900
686.906450
686.953600
687.028250
687.052800
687.193900
687.216600
687.243050
687.707150
688.665650
688.689650
688.899250
688.919700
689.033150
689.251900
689.433250
689.527550
689.945800
690.009450
690.151400
690.253250
690.354850
690.527900
690.811800
690.815650
691.199150
692.319000
693.794250
695.998100
696.132450
697.440200
697.760100
697.789100
698.238050
698.350900
698.867650
699.344400
699.348450
699.544050
699.548500
699.658250
699.918700
700.020050
700.515250
700.767900
700.876300
700.907400
701.276650
701.341100
701.494450
701.517750
702.109150
702.540100
702.780650
705.385800
706.882150
707.246150
711.313650
711.534300
711.694550
712.018300
712.021400
712.243350
712.264250
712.409000
712.414850
712.755000
712.870000
712.895550
713.033350
713.090400
713.172250
713.187450
713.249350
713.259250
713.283800
713.325850
713.344150
713.699900
713.784000
713.807700
713.884550
713.989800
714.072900
714.135800
714.212000
714.426800
714.448600
714.624750
714.728750
714.998000
715.189600
715.222650
715.399200
715.405100
715.639000
716.165200
716.427950
716.717250
716.887100
716.919400
717.284850
717.647100
718.366050
718.763000
718.786950
719.345150
719.592950
719.703850
719.876750
719.953800
720.008950
720.060250
720.106150
720.150200
720.344100
720.500050
720.783700
721.165600
721.254550
721.657700
722.050200
722.053350
727.078400
727.416250
729.351850
731.940050
733.138550
734.119650
737.506900
739.217800
739.815650
740.507100
742.081100
742.429950
742.438150
743.441700
743.693850
745.308200
747.311850
748.332650
749.654450
749.869450
749.873200
749.947250
749.951750
750.069700
750.138300
750.171000
750.291300
750.309150
750.633150
750.826450
750.830650
751.181950
751.195100
751.360850
751.373400
751.460600
751.827200
751.958250
752.355700
752.453100
752.599200
752.662300
752.695200
753.040050
753.354650
753.581600
753.804150
755.296850
755.396050
755.545500
756.023650
756.115450
756.119600
756.745650
756.818250
756.914300
757.681950
758.711950
759.064200
759.624850
760.152300
760.370200
760.838100
761.515000
761.801450
763.091350
763.376700
763.804450
763.953800
764.010700
764.948800
765.903950
767.115550
767.133450
767.148100
768.171250
768.750600
769.477150
769.663850
769.750750
771.774650
772.183050
772.371100
773.298950
773.459000
774.233700
774.353150
774.526750
775.271200
776.671400
776.674000
777.112050
777.116950
778.345000
779.600850
782.265900
784.086850
784.216200
784.772250
785.843500
787.564450
789.900400
790.586750
790.607150
791.129200
791.965100
792.280850
792.860300
793.060400
794.080050
794.115250
794.933350
794.947900
797.411450
800.277950
800.460200
800.772650
802.712900
802.831850
804.147200
805.056750
806.444100
806.645050
808.533400
810.114000
811.983900
813.395700
814.381400
815.112150
815.127550
815.131400
815.461800
815.488350
815.551300
815.642650
815.646100
815.833300
815.869400
815.928600
815.939000
815.964250
816.034650
816.099150
816.126150
816.172950
816.419400
816.443950
816.624000
816.684650
816.951900
816.981900
817.127900
817.525200
817.697050
817.731650
817.833300
817.904050
818.023200
818.114700
818.153650
818.184000
818.434200
818.511100
818.522250
818.525150
818.616700
818.755250
818.856900
819.124700
819.158900
819.183950
819.522350
820.098900
820.284250
820.517500
820.777250
820.856000
821.002550
821.285850
821.542250
821.688700
821.756250
821.840600
821.908100
822.304500
822.524950
822.557950
822.634500
822.794400
822.850500
823.022150
823.096550
823.353700
823.358100
823.658950
824.238200
824.785400
824.812100
824.974650
825.242400
825.301350
825.315000
825.941850
826.429800
826.568150
826.728550
827.136450
827.264300
827.416800
827.608300
828.045600
828.051350
828.363050
829.034050
829.742300
830.070650
830.230350
830.495900
831.187000
832.170700
832.258250
832.869400
832.876950
833.028300
833.695500
833.701650
833.729700
833.750200
833.820700
833.838000
833.855600
834.706200
835.254600
835.402850
835.942750
836.054900
836.342950
837.010800
837.724950
838.042500
838.161750
838.545900
838.606950
839.546800
839.841450
839.879400
840.265000
840.584650
840.818150
841.708400
843.078300
843.220250
843.432600
843.511500
843.523650
844.145850
844.346700
844.351650
845.116800
845.421050
846.391650
846.779600
847.090400
847.194400
847.551950
847.814500
848.620450
848.676700
848.698000
848.948550
849.783350
849.944700
850.522600
851.281450
851.682900
852.510500
852.758500
853.088450
853.484550
853.606750
853.667650
853.839000
854.068750
855.253500
855.745900
856.174800
856.755100
857.016150
857.519100
858.050050
859.556150
859.673100
860.082950
860.445400
861.093000
861.338750
861.470950
861.781300
862.274650
862.304700
862.308600
863.536350
863.548250
864.201700
864.512000
865.482550
866.002300
866.784400
867.436900
867.595400
867.774800
867.778050
867.926600
868.000950
868.004100
868.111400
868.221800
869.480650
870.528150
870.906050
871.015000
871.373000
871.546850
872.351200
872.357800
872.949100
873.528950
873.718200
873.846600
874.515900
875.644750
876.411700
877.287050
877.641000
877.696850
878.132350
878.227450
878.230300
878.787300
878.969750
879.201150
879.205400
880.314900
880.860450
881.219550
881.336750
881.370200
881.640050
881.802250
882.039250
882.113100
882.313200
882.517050
882.614800
883.228000
883.299300
883.394650
883.651900
884.034700
884.117250
884.387400
884.444500
884.577300
885.100950
885.522950
886.616050
887.112650
887.390700
887.675500
889.254150
889.634050
890.333200
890.792400
890.796850
890.930950
891.003450
891.009200
891.725850
892.696300
893.198900
893.300350
893.606550
893.971950
894.238900
894.555500
894.712350
894.795200
894.818850
895.209250
895.279250
896.296050
896.299950
896.551450
896.754950
897.374850
897.486300
897.711450
898.528150
898.865400
898.932100
898.951450
898.956400
900.250350
900.558400
902.112150
903.092300
903.183500
903.188100
904.443600
905.666000
905.671750
905.674850
905.723750
905.726700
905.733400
905.993700
906.523900
906.538050
906.584500
907.171800
907.585050
907.811600
907.995000
908.095600
908.345150
908.724050
908.731150
909.436300
911.296350
911.676000
911.907650
912.464000
912.468700
912.913850
913.063800
913.966150
914.198800
915.236100
915.531200
916.375650
916.633000
916.909050
917.005800
917.614900
919.109400
919.717050
919.739550
922.619450
922.810200
923.015050
923.317650
923.701650
923.826700
925.697250
925.855650
926.772700
926.890100
928.098350
931.090100
931.125600
931.533200
931.959800
932.365300
933.965800
933.968400
934.797550
936.754700
937.037800
937.865500
938.450600
939.616300
940.325000
941.045350
942.198500
942.635250
943.876800
944.018850
945.044200
945.122450
945.191850
945.457400
945.946400
945.956500
946.520250
947.112550
947.385150
948.060750
949.664050
950.299750
950.893750
951.233500
951.966300
952.047900
952.383300
952.386900
954.726450
956.343350
956.373750
957.413700
957.426200
958.273450
958.420250
958.924350
960.370100
962.214700
962.825900
963.362100
963.376450
963.410350
963.442350
963.512000
963.516350
963.601700
963.616900
964.296350
964.301150
964.549100
964.773600
965.250350
965.656150
967.010650
968.925000
969.351350
969.519350
969.552700
969.640600
969.784850
969.826850
971.816700
971.981750
973.086600
973.109950
976.339550
976.547950
976.612450
977.807100
979.340800
980.513450
980.599300
980.705800
981.311300
981.733450
982.352100
982.356000
983.026050
983.492850
983.869950
986.336900
987.729250
988.825800
988.977700
989.520650
989.608700
989.621450
989.758150
990.196050
990.341200
990.415350
990.527150
991.378650
992.095500
992.696550
992.924050
994.922550
994.926550
995.072850
995.720100
995.724550
996.269900
997.061500
998.454300
999.411650
1000.311400
1001.514750
1002.815600
1003.021700
1003.165050
1003.549750
1003.693500
1003.698100
1003.934300
1004.069150
1005.059650
1005.433850
1006.232500
1006.503950
1006.810800
1008.063300
1008.223700
1008.297000
1008.530550
1008.533850
1008.848000
1008.883650
1009.665050
1012.527950
1013.349950
1013.635850
1014.144250
1014.471350
1015.004450
1015.007300
1015.771700
1015.783700
1015.787350
1015.859850
1015.997900
1016.049900
1016.226250
1016.243050
1016.361400
1016.749650
1016.822550
1016.828950
1017.013500
1017.017850
1017.428550
1017.805400
1017.844500
1018.850650
1018.924000
1019.421150
1019.460200
1019.551050
1019.817850
1020.559000
1021.092550
1021.867700
1022.155800
1022.314900
1023.163150
1023.306450
1027.770700
1028.617550
1030.616850
1030.718100
