0.046550
0.413000
0.456000
1.910450
2.079300
2.621400
3.716400
4.619900
4.747450
5.362550
6.617000
7.416350
8.093500
8.277150
8.441450
9.140200
10.346350
12.111500
12.533850
13.437400
13.954500
18.140400
19.068500
19.392750
22.249900
23.777450
24.475950
24.787850
25.459750
25.596200
31.061750
33.161000
33.396800
36.629250
40.661450
43.182850
44.497850
45.237450
47.260800
47.706150
51.290650
52.076150
57.104950
59.070100
60.208600
61.367800
66.259800
66.963600
69.458000
87.737350
93.339300
97.639350
100.955600
101.458750
101.622800
104.075950
111.313050
113.697300
117.132400
121.879550
127.937800
129.560950
129.661050
131.573600
131.593500
133.473250
133.616850
134.632250
136.756400
144.943150
144.967450
147.559250
150.339900
152.567800
152.897600
153.511200
156.065800
158.609850
177.717500
183.945350
184.769400
184.963250
184.995650
186.019900
187.004100
187.181350
187.818950
188.358600
189.206900
189.222450
189.350450
189.647800
189.709350
189.831600
190.477900
191.451800
191.814100
193.038100
194.023000
197.499050
203.362450
206.697550
228.052350
233.760550
247.129050
257.260400
258.681050
262.296300
262.309450
264.148750
271.224800
271.257150
271.661250
271.844300
271.862850
272.024150
272.129300
272.337850
272.415000
273.009450
273.577700
273.732200
274.133900
274.178350
274.205800
274.246000
274.254400
274.337450
274.624250
274.909050
274.956600
275.086700
275.553050
275.807500
276.035150
276.243850
276.590950
277.295250
278.049150
278.525250
278.838750
278.897700
279.205450
280.702550
280.841450
280.966750
282.011250
282.865000
283.253250
283.686050
283.966500
284.423800
284.720750
285.029650
288.915900
289.194050
289.480450
291.042100
292.310300
292.655400
292.827800
292.997400
297.594350
298.434000
299.113650
299.913200
300.105800
300.554900
300.739750
300.900150
301.852850
302.847300
304.550050
306.858100
306.921300
307.439850
310.168200
310.937600
313.970700
316.615300
317.824450
318.261850
324.353100
325.095950
330.778800
331.121450
333.656550
336.077350
337.960100
339.363500
343.022350
344.734200
347.412300
347.637950
347.993700
348.459400
348.471500
350.784050
351.708350
352.770350
353.161350
353.354450
354.546700
355.308300
355.616950
356.372200
357.700650
359.155500
359.667450
369.896000
372.581800
373.733850
376.807000
378.511350
378.951850
382.302400
383.616600
386.169100
386.175200
386.464500
387.422400
390.567250
392.238450
392.397750
392.862900
393.140800
393.635600
394.710450
396.905700
398.089950
398.299700
398.342150
398.539400
401.708100
407.022800
412.936550
415.466850
421.303600
423.985950
427.095950
427.258000
427.737100
439.996400
440.432700
441.748000
442.020700
442.411850
443.410900
443.597200
444.401600
444.682000
445.458400
445.571400
447.441200
449.172050
450.966000
455.260950
457.002200
459.859350
461.471300
465.719750
466.726000
467.747350
468.053650
472.620300
473.976250
474.591000
476.115850
477.717350
482.946300
485.050950
487.057150
490.723550
490.743300
491.540550
492.196700
492.716900
492.890050
496.179700
501.782500
502.248900
504.237000
504.932450
505.404800
510.413850
512.501000
512.958250
513.947050
514.296050
515.406300
515.722850
516.010450
518.491150
519.463250
527.903300
531.940050
532.720850
532.938050
533.044450
533.105500
533.641700
534.863300
536.295750
540.768650
540.871700
540.876850
541.356350
541.429100
542.150100
542.613000
543.415900
543.949500
545.716650
547.395900
547.868400
548.949750
549.603700
550.464300
550.643600
552.449600
555.107150
560.507250
561.530300
561.867400
561.941500
562.361200
562.953350
564.201600
566.846700
567.008250
567.629550
572.178550
573.662450
576.057150
576.303200
576.323450
578.233000
578.633150
579.003050
581.258000
589.524050
592.838550
612.363200
613.295550
613.828300
614.436650
614.961900
615.831200
616.611950
617.132150
617.268700
617.561200
618.026100
618.135150
618.461050
618.534000
618.707200
625.094300
633.375400
638.203550
638.707800
639.615600
640.676300
642.043450
642.063700
642.443700
642.856650
643.190800
643.555550
643.976950
644.936900
644.972750
649.644500
651.849250
653.996450
654.044650
655.443850
655.496050
656.435750
656.664450
656.730150
656.901250
657.008100
657.330200
657.507700
658.068150
658.271300
658.355000
667.627200
669.412350
669.574800
669.672100
669.699450
670.053500
671.094100
671.626350
671.637900
671.763700
671.958150
672.574150
672.913100
680.537600
681.567050
682.840100
682.973400
683.112400
683.180200
683.467300
683.587400
684.800350
685.619350
685.751800
686.099800
686.239000
686.332450
687.096600
687.335900
698.119900
698.840450
699.039450
699.346250
699.459050
699.520300
699.599850
700.156400
700.314700
700.375200
700.805550
700.936850
701.936200
702.036700
702.413850
703.076300
703.329800
703.409550
712.593900
714.368150
714.650300
716.546700
716.988450
717.194800
717.260300
717.316550
717.715350
717.782400
717.879550
719.270800
719.976050
722.634650
740.017650
747.838100
750.673300
750.690150
750.733050
752.089450
753.471700
753.767450
753.901000
754.076100
754.347650
754.780100
754.832250
755.346050
755.687150
756.270900
756.525450
756.566250
757.892750
758.377400
759.030050
759.096500
759.232550
759.370700
760.769550
761.187300
762.549050
763.911750
764.057050
764.550600
764.980900
765.051350
770.807000
780.670050
786.674600
790.646000
796.719450
807.846800
808.030050
816.290700
816.575050
816.680550
817.159450
817.555800
817.671500
817.885550
818.614950
819.411100
819.465000
819.721100
820.081300
820.458050
820.982450
821.784050
821.848850
822.551100
823.780850
824.006050
825.026200
825.296900
826.747650
827.585650
828.218950
828.436550
829.682150
830.144650
830.859250
831.253550
831.511800
834.267550
837.034700
837.629400
839.809650
842.091050
843.535500
844.037900
845.747150
847.747800
849.820500
851.637000
853.514150
858.897650
876.009800
878.647200
879.543750
880.007200
881.879650
882.832800
890.560600
895.396900
898.923800
902.087050
907.261550
914.146950
918.494200
920.195300
923.699350
932.269350
937.224300
937.778650
944.944900
949.654850
950.947850
953.773200
954.663900
956.591500
956.954100
956.971050
964.057900
965.689700
967.305650
967.457250
967.810150
968.848900
969.816550
969.933150
970.196150
976.498850
976.911400
977.712700
979.585500
979.652650
979.755350
981.972100
990.043200
991.220300
991.916600
993.695350
993.877500
993.897400
993.961400
994.859050
995.060600
995.521400
995.808600
1007.418900
1007.926550
1011.275100
1011.723800
1017.378650
1018.641400
1018.649900
1018.850250
1018.855000
1018.949450
1019.263900
1020.739550
1020.849750
1020.944750
1021.843550
1022.327050
1022.504150
1023.241700
1023.286650
