5.791200
10.193350
10.204100
10.283600
12.537300
12.576700
18.072950
18.075400
18.078200
19.382450
19.392850
19.408150
19.430850
21.082700
21.097400
22.199150
23.901150
24.422500
24.603850
25.133900
25.378150
27.217500
27.255800
29.295700
31.547650
44.235150
44.249600
44.252500
44.655150
45.237550
45.239950
45.253250
45.267350
47.047350
47.333650
47.706150
48.668900
49.001850
49.795450
51.245750
51.271500
52.695700
53.555650
54.934650
56.563550
57.003300
57.448300
57.468700
58.938350
58.960000
59.009700
60.591850
60.594450
60.597400
62.680050
63.325000
65.060500
65.101600
65.105900
67.182450
67.187950
68.549400
68.557350
70.004900
72.722650
80.295450
85.696350
88.109600
89.239300
89.244500
89.279350
89.303900
89.308500
89.477850
90.032600
90.035300
92.864100
92.885900
92.896250
94.755600
95.384100
95.694400
97.287950
97.823800
100.288000
101.473900
101.702450
101.706550
103.949550
103.952650
104.345150
104.371800
104.375000
105.844500
107.409400
107.927600
107.934650
110.054500
110.057750
110.592850
110.612950
111.322750
112.279150
115.215700
116.710800
116.716600
118.647700
119.179850
121.094150
121.565200
122.995550
123.001550
123.031600
123.140150
124.960550
125.446850
126.300200
127.689950
127.701950
127.706100
128.683000
128.854250
129.547050
129.550050
130.722550
130.731850
131.556350
131.559000
131.562000
131.575400
131.581400
131.650300
132.836500
134.126100
134.165600
134.171150
134.622700
135.016200
135.590450
135.596300
135.607900
136.034850
136.038050
136.397250
136.759750
137.087700
139.271450
141.155850
143.304200
143.824450
144.196950
144.265650
144.544050
144.547350
144.930500
145.304000
145.603650
146.891200
148.237800
148.241000
148.332100
148.334500
148.340000
149.758850
149.761700
149.958900
152.780800
152.920400
153.092300
153.107750
153.509050
153.557850
153.711350
155.484600
158.377600
159.281250
159.286600
159.319650
160.659700
162.989900
163.767200
164.617650
167.113050
167.857050
169.739050
170.742550
170.998800
172.483050
172.797700
172.816900
172.832250
174.217950
176.600350
177.709850
180.212350
182.277400
182.280200
182.692400
182.898000
183.679100
184.305350
184.329750
189.158050
189.350550
189.382150
190.998300
191.465400
192.553400
192.568300
192.829900
194.519450
194.525550
194.938100
196.910050
197.510700
197.889100
198.146150
200.429200
202.609000
202.687350
203.175600
203.514800
203.553650
204.486500
204.707400
204.774400
205.807850
205.867600
206.280050
206.447150
206.683850
206.689650
206.826250
207.119850
208.899750
208.913400
210.348550
212.351050
212.372250
212.856350
217.129750
217.523000
217.685250
217.695400
220.905400
222.311750
222.314200
223.267700
223.277550
223.290600
224.221050
224.433450
225.654350
226.492750
227.173550
228.052450
229.760200
229.886250
229.976500
230.212050
231.117700
231.185300
231.200900
233.145950
236.084550
236.090200
238.602300
238.614400
238.629700
239.471000
240.929000
240.959750
241.900600
241.908850
241.914500
242.660500
243.349000
243.388650
244.079700
244.433800
245.140500
245.790650
247.068450
247.339100
247.363400
249.252200
251.206450
253.109400
254.327100
255.094200
255.096450
255.432000
255.435100
256.397300
258.687950
258.691000
258.736950
258.820650
260.878750
260.881300
260.920850
260.964350
264.136250
266.559900
266.562500
267.235850
267.356350
267.956850
267.968750
268.538950
269.200650
269.684050
270.200700
272.714100
273.776700
274.134000
274.636350
274.660850
274.933900
275.835750
275.998850
276.136900
276.168350
276.212650
276.226500
276.229700
276.233150
276.467650
277.472700
277.495500
277.516200
277.632350
278.157350
278.324600
278.522050
278.897850
279.156050
279.478450
279.537200
279.641200
279.644200
280.193450
282.101250
282.571050
282.596750
282.606000
282.612100
282.622750
283.106600
285.034000
285.187250
285.608700
286.330850
286.341850
287.404150
287.863350
288.191900
289.105400
290.036750
291.214150
292.133150
292.147750
292.165800
292.912200
293.852900
293.858100
293.963500
294.066500
296.103000
296.637050
297.073450
298.051650
298.070350
298.434000
298.665300
298.760750
298.837750
299.005700
299.856250
299.882500
301.330500
302.414450
302.463450
302.914500
303.591450
303.665650
304.819250
305.239750
306.725550
307.336000
307.360600
307.456100
307.791050
307.978850
307.991300
308.006850
308.010450
309.461550
309.473650
309.955900
310.374200
310.396450
310.587800
310.590100
310.594850
311.241400
311.276900
311.833300
311.841450
311.989650
312.642600
313.411600
313.414000
313.439550
313.692650
314.018100
314.154150
314.169400
314.219700
315.484050
317.127800
318.841250
320.433200
321.810850
322.993800
324.091750
324.988600
324.995800
327.117400
327.958700
328.034600
328.342950
329.657250
330.631900
331.588950
332.750550
332.755450
333.062600
333.070550
333.148400
333.151950
333.157500
333.179650
334.577450
335.546500
335.558700
335.562550
335.567850
335.868350
335.892450
336.043200
336.054000
338.141500
339.322350
339.346900
340.173700
341.050400
341.776700
342.283700
342.287700
342.305200
342.316750
342.331550
342.340550
344.301050
344.828750
344.998050
345.005400
345.241950
346.612750
346.777350
347.018350
347.984550
347.993700
347.998000
348.455300
349.483950
350.319550
351.091000
353.447350
353.947450
354.298300
354.317450
355.293250
355.457650
356.201600
356.405800
356.420750
357.259650
357.272000
357.278550
357.284450
357.340400
357.472100
358.742350
359.152900
359.629000
359.642150
360.056800
361.591550
361.610500
362.271450
364.889500
365.828250
367.933700
370.300150
370.702850
373.992000
374.226750
374.808200
374.855900
374.921750
375.237900
376.480500
377.387900
377.395100
379.501500
379.847400
380.260450
380.283200
383.311950
383.876000
386.133700
387.527600
388.913300
388.993400
390.945100
391.035550
392.238450
392.449900
392.654250
393.841150
394.025150
394.046550
394.848650
395.698800
396.376900
396.525650
397.544700
399.426000
400.082250
400.703600
402.046400
402.099700
402.340800
403.992600
403.997500
404.389700
404.412050
404.476650
404.816300
405.076850
405.101700
405.978150
406.427200
407.138850
408.131250
408.142750
409.535850
410.364650
411.002900
412.490850
413.019450
413.633400
415.961800
416.491050
419.483050
419.487600
420.035900
420.448700
420.458350
421.320200
421.535250
422.343950
422.800550
423.384050
423.977250
425.398650
425.564500
426.455300
427.104550
428.528450
428.537250
430.573350
432.889800
432.977150
433.086100
433.731900
434.425900
435.152250
435.537950
436.175400
436.219550
436.392650
436.464800
437.094650
439.108700
439.956750
440.147650
440.153300
440.432850
440.437250
441.016150
441.020150
441.748100
442.020750
442.430650
442.867350
442.884550
444.401700
445.464550
445.567850
446.064850
447.249600
447.267900
447.382450
449.157800
449.545950
449.611850
450.397750
451.847050
452.743250
453.698150
454.247700
455.392550
457.375200
458.372700
458.376200
459.410550
459.803550
460.958350
461.844500
461.867000
461.873250
461.921250
461.948750
462.026150
462.953650
463.480500
463.527400
463.652500
464.887400
465.875650
467.415250
467.422500
467.856800
467.882150
468.014000
468.120400
470.022100
470.691250
472.252350
472.548550
472.720850
473.920350
474.048400
474.217050
475.092150
475.537700
475.822800
476.337750
476.373700
480.450050
480.536950
482.055500
482.446600
484.808000
485.579200
488.455450
489.174500
490.023450
490.401550
490.716900
490.755950
491.736700
491.943450
492.856200
493.641950
493.943100
495.243100
495.344500
495.347200
496.319650
497.012400
497.015600
497.219900
497.247900
498.985500
498.988150
499.581200
499.921300
500.982700
503.410200
503.428150
503.607300
505.823100
506.176350
506.199150
506.203300
506.205750
506.520150
506.673300
507.122200
507.729550
508.605400
508.635600
508.756850
508.762250
509.148500
510.115050
510.118100
510.489700
511.446900
511.767400
512.501150
514.520900
514.536800
515.898650
515.903650
515.924250
515.927900
515.945950
516.198200
517.175650
517.596800
517.600150
518.094000
519.581450
519.731050
519.754050
520.316900
520.645350
520.856150
524.865250
525.781550
527.020850
527.036350
527.784850
527.797850
528.750750
530.893450
531.140600
532.587250
533.300300
533.941600
534.254700
534.282400
534.315000
534.321150
535.444900
536.130850
536.163800
536.930350
537.228800
539.463600
539.743350
543.943800
544.183300
544.924300
545.267900
546.796900
548.156300
548.557150
548.600250
550.215750
550.218350
550.284350
551.498650
551.622850
552.051900
552.087900
552.095550
552.102550
552.109450
555.143950
555.147300
555.817050
557.977150
558.396150
558.527400
558.529800
558.952500
559.542450
559.548750
560.000150
560.761850
561.206300
561.530450
564.318950
564.621600
566.106550
566.725350
567.016200
567.529650
568.511850
569.625300
570.310200
570.347400
570.350100
570.362800
570.661800
571.772750
572.170850
572.842050
576.052550
576.327750
576.332300
576.337600
577.937350
578.214600
578.420400
578.520250
580.336500
580.819500
581.942250
581.945150
582.868850
587.410600
589.769350
591.049050
591.768450
592.060800
592.268750
594.028550
595.908800
597.509500
598.248950
602.149500
602.649850
602.853650
603.069250
604.128650
604.508200
605.527450
605.707300
606.067050
606.186550
606.826350
611.885800
612.796600
612.859900
614.910800
614.915300
614.930450
615.431750
615.811100
617.550750
618.239950
618.268100
618.995150
619.339050
622.107950
623.285500
623.314700
624.141900
624.388350
624.802750
626.117400
626.350750
626.917400
628.195450
629.673850
630.430300
630.433950
630.997700
631.033700
631.076150
631.743700
632.367900
632.387250
632.405600
634.856050
635.016050
637.053100
637.250900
637.284700
637.291500
639.012300
640.423150
641.075350
641.130300
641.161100
641.321750
642.037200
642.195550
642.295400
642.443850
643.268900
644.175250
645.129300
645.455450
645.976700
648.044600
648.053900
648.757500
648.763950
648.781550
649.017850
649.464800
649.470150
649.870700
649.950100
651.841550
652.093300
652.278050
652.372950
652.857900
654.266200
655.056000
655.244050
655.381850
655.513700
655.516200
656.191900
656.233350
657.156950
657.282500
657.308350
657.331300
657.505350
657.513050
658.081750
658.126300
659.166000
659.353700
659.797500
661.146900
661.342750
661.412300
662.270600
662.273250
664.201600
665.193350
665.538250
666.728300
667.140050
667.535100
668.890050
668.923750
668.946500
669.587750
669.822400
669.894600
670.395150
670.627350
671.599050
671.637900
671.685850
671.700000
672.018750
672.307100
672.506700
672.512850
673.020250
673.641800
673.706650
674.326400
674.851950
675.052000
675.783600
676.491350
677.494900
677.516750
679.442450
679.462300
679.889150
680.188750
680.289050
680.535050
680.549050
680.593000
681.016400
681.040750
681.074900
681.088300
682.027300
682.327900
682.415850
682.509300
683.827500
683.886600
684.867100
684.887900
685.807200
685.867700
686.791400
686.808100
687.093700
687.207600
687.758550
688.258650
688.306750
688.942100
689.308550
690.948000
691.925800
692.486000
692.790450
692.930850
692.955000
693.380650
694.020600
694.663000
695.020700
695.565800
696.347650
698.211300
698.367150
698.370250
699.161250
699.383200
700.167800
702.041400
703.319250
703.341750
703.656600
704.518250
709.414150
711.578950
712.373850
712.588050
712.593900
712.602450
714.970150
715.103100
715.600900
715.917650
716.113800
716.241100
716.860900
717.639250
717.642450
718.843650
719.026700
719.030750
720.293650
721.845500
724.291100
725.798500
726.098000
727.225200
727.538150
728.128850
728.240200
730.005600
732.120950
732.528100
732.534300
732.578100
733.340850
734.100800
734.971650
739.197400
739.320500
740.909950
741.312300
743.004900
744.050050
744.054900
744.587800
746.200300
748.880500
749.810900
750.047200
750.719650
750.728950
750.737900
752.115050
754.920250
755.980300
756.253750
756.568350
757.279800
757.619350
757.876150
758.294600
759.228050
759.902750
761.026550
761.233950
761.236750
761.262400
761.399650
762.061500
762.785000
762.790800
762.803450
762.808950
762.831550
762.844650
762.851150
764.069500
764.074350
764.980950
766.655850
767.688600
767.691500
768.102200
768.428350
769.319050
769.345800
770.809450
770.812350
771.494850
772.439550
773.870250
773.878400
774.229150
774.783600
775.006500
775.735600
776.765200
777.509250
777.927650
779.668850
780.888650
781.191500
781.384300
782.149650
782.396200
783.267000
784.565300
784.802350
785.960850
787.549400
788.285150
788.385650
789.407050
790.148050
790.152350
791.929350
792.418650
793.449800
793.740250
793.978550
793.989050
794.667250
799.723350
800.363800
801.119150
801.695700
802.498600
802.974550
804.361850
805.001450
805.680500
805.776150
806.245900
807.869250
809.749950
812.001600
813.487650
813.519600
814.930550
815.395550
816.388100
816.426550
816.989850
816.992250
816.995600
817.196600
817.748700
819.850100
820.779900
821.127050
823.890150
824.134900
824.827900
824.982150
825.890550
826.231700
829.329700
830.398950
830.414950
830.463350
831.018950
831.202700
831.676300
832.668200
832.908600
833.527750
835.782050
837.063100
837.077650
837.136550
837.216350
837.908100
838.271400
839.758400
841.173150
841.926050
842.297850
842.300700
842.312150
844.592250
844.645350
845.090150
845.178100
845.740800
845.746500
845.764850
846.117150
846.836350
847.256550
847.871400
848.257450
849.201900
849.817000
851.215850
851.581550
852.498250
852.623500
853.055400
855.834000
856.168950
857.436400
857.606000
858.807850
858.920000
859.440550
859.442850
861.197300
862.472150
862.477350
864.752300
865.202700
866.846350
867.589600
867.721950
867.748950
867.756300
868.777200
868.936750
869.169800
869.665250
870.022500
870.496900
871.396500
871.669600
871.680300
872.310900
873.880250
874.954600
875.007050
875.362500
875.540850
875.665250
876.296400
876.665050
876.825500
878.299000
878.461350
879.244550
879.248350
879.266200
879.275150
879.578300
879.793200
879.806600
879.828850
881.521000
881.534550
882.185950
882.226150
883.939000
883.957750
883.972150
885.069000
885.574850
886.768950
886.803150
888.196400
888.733900
889.108400
889.431500
891.677450
891.692150
891.705900
891.731100
891.734900
892.369400
892.371550
892.388800
892.767500
893.810250
894.113250
894.706950
896.372100
896.458950
896.505800
897.657950
898.017000
898.218700
898.292800
898.619600
898.923850
900.369000
900.805300
901.333350
901.363950
901.489450
903.361850
903.452800
903.570350
903.717200
904.833050
906.368600
906.537400
906.564550
907.706400
907.772000
908.067300
908.071400
908.073800
908.211500
909.193700
909.823950
910.668950
911.571650
915.460150
915.570800
917.315850
918.182700
920.213850
920.220100
920.227850
920.477650
920.982450
921.666600
921.672250
923.001650
923.477000
923.699400
924.216150
926.130550
926.520900
926.573150
926.599850
926.604850
927.955600
928.798350
929.655900
929.667650
929.809850
931.056500
933.959700
934.124700
934.978050
935.249450
935.447000
936.857850
938.189600
938.203950
938.498650
939.019700
939.203550
939.778700
939.791750
939.799500
940.457850
940.480350
940.611300
941.580050
943.797550
943.800450
943.980500
944.836500
945.426600
945.429250
946.137250
946.356650
946.832600
947.619500
950.643400
950.646200
951.388400
953.703350
954.122400
954.658750
954.671050
954.867000
954.869700
955.684050
956.486200
956.951200
957.857100
957.884600
958.868500
960.027450
960.514200
961.874150
962.870250
964.395450
964.939700
965.591200
965.746050
965.752300
965.764050
965.776100
966.969550
967.327450
968.241750
968.247800
968.254750
968.270950
968.621200
969.814450
969.816850
971.149300
971.201950
971.218450
972.309050
972.422500
973.969500
974.417950
975.354750
975.357100
976.748500
978.039850
978.073600
978.704250
978.777850
979.606000
979.618650
979.650500
980.320950
981.393050
981.871900
984.058650
984.270700
985.111100
986.495600
987.928350
988.357150
989.011300
989.384750
990.246300
990.498200
991.132550
991.440100
991.465900
992.418800
992.427950
993.043450
995.441700
995.625450
995.833600
997.119550
997.611700
997.961650
1000.339550
1000.809100
1000.904000
1002.485000
1002.551650
1003.005300
1003.082450
1003.134200
1003.173400
1005.640250
1005.657450
1006.426950
1007.419000
1007.445400
1007.458450
1008.731000
1010.072200
1010.228700
1011.227350
1011.273550
1011.284350
1013.702950
1015.540100
1015.688900
1015.822400
1016.087450
1018.166450
1018.341050
1018.523900
1020.130150
1021.847300
1021.925450
1022.502150
1022.524350
1022.527300
1022.578150
1022.710450
1022.721100
1023.698700
1024.275000
1024.875400
1027.433400
1027.436150
1027.725700
1028.512350
1028.903300
1029.757650
1030.968500
1031.457400
