38.774450
69.435350
70.112850
70.677900
71.431250
71.816900
72.531300
73.011500
73.729350
73.914600
74.382750
74.908450
75.349550
75.966700
77.306000
77.805550
79.904800
80.404950
80.784150
80.881350
82.536650
83.570100
84.410100
85.358850
85.746550
118.142800
124.961050
124.967200
152.884850
167.121550
199.311800
213.171100
269.207550
279.593350
301.962300
350.538150
431.968600
456.375050
482.697250
497.355500
500.196100
510.132700
550.028250
557.265250
565.030450
570.575450
572.839100
584.381850
584.980350
586.412300
586.677850
587.084850
587.256400
587.579050
588.404350
588.562950
588.596950
588.638800
589.050750
589.757050
589.977150
590.151150
590.623500
590.629700
590.955300
590.997150
591.015950
591.637100
592.010200
592.057850
592.295700
592.617050
592.776750
597.423000
597.435350
597.830450
598.403350
598.711100
598.716600
598.778600
598.923050
599.717750
599.836100
600.638700
600.656450
601.015150
601.251950
601.297100
601.551350
601.718700
602.823050
603.295000
603.482750
603.495250
603.550750
604.722200
605.037050
605.180450
605.767950
606.054650
606.312950
606.335350
606.372250
606.414550
606.912100
612.094400
612.314500
612.349550
612.368300
650.047200
650.419750
657.713050
658.323700
666.224900
666.333500
670.351600
679.683450
679.699350
682.422000
698.450650
750.378150
779.417900
813.046900
813.126150
856.928350
856.951300
862.234550
888.032350
907.544250
926.708500
938.499600
939.281450
939.311400
962.925550
