2.037250
3.592800
5.151250
5.183050
6.273300
7.511650
7.774350
10.575700
11.790150
16.460150
17.996400
19.390750
20.561750
21.883900
23.622250
35.782850
36.729200
37.008250
41.344200
54.970650
57.984400
58.391200
60.050600
66.620550
68.798150
69.166850
74.001300
80.603700
82.035250
92.840400
93.932550
101.916500
101.925750
101.929350
107.666700
108.920200
110.108050
110.832900
112.090500
116.745350
133.040300
133.176350
145.055600
151.036700
154.211750
161.402350
162.480450
170.872600
173.325050
174.586350
179.141100
184.456950
185.204800
185.965550
187.858100
201.176700
203.130450
204.551600
207.213050
207.216600
213.001500
216.847850
226.098500
228.429250
228.474450
230.840750
233.952300
237.002550
240.143200
240.705550
243.131600
243.167250
247.112550
247.452100
247.456200
251.325800
252.945800
253.965700
262.551150
263.595950
267.626550
267.643100
268.820200
271.810450
275.174150
278.036100
281.952200
282.891400
284.587850
287.058600
289.780300
290.379500
291.051000
292.068350
296.251400
297.183500
297.219800
299.682850
302.634350
304.818300
305.494950
306.260350
307.777450
307.856900
307.951700
310.504550
312.839850
313.824450
316.386300
316.764550
316.957050
317.817250
318.339750
319.487750
320.511550
320.887600
323.044000
323.268300
324.101000
325.543750
329.330750
331.140100
332.597150
333.291100
334.830550
337.875850
340.178450
340.784950
342.576550
343.939950
350.209200
354.581300
355.993900
358.061850
358.188600
360.249250
361.508900
364.045750
367.593350
367.890950
370.619150
370.824250
371.322500
372.289250
374.535700
375.506050
377.812400
380.621050
384.138150
391.851350
394.235900
396.150000
396.645600
397.208100
397.591800
399.513500
399.521550
399.695050
404.233600
405.248200
407.380150
412.329100
416.805100
417.992250
420.047750
422.840900
425.247250
426.232050
426.358600
426.470750
429.643400
431.372450
431.609050
432.559900
434.222950
434.939850
437.091250
438.932300
453.618900
455.300650
458.719050
460.520400
462.646350
464.071000
467.001300
469.823250
472.885200
473.492150
473.496150
473.697600
474.963900
475.674450
476.287450
476.603300
481.495600
483.946600
484.112100
484.225550
484.870700
485.251900
488.870900
489.181400
490.250600
492.335650
493.738050
494.686150
495.072550
495.650450
497.205600
500.970850
501.420400
506.513050
506.584500
507.009300
507.281600
510.363100
513.622550
519.495850
519.525950
520.069150
522.559850
523.603650
523.760750
523.895150
523.993850
524.983150
526.933250
529.998600
532.487000
536.928750
537.841500
538.869300
539.663900
541.970050
542.588650
542.817650
545.530950
550.988550
551.884950
552.797850
553.302050
556.995150
558.350600
559.049900
560.992950
560.995700
561.863900
561.954900
562.761000
563.686550
564.091450
566.976800
569.749000
570.088400
571.753600
572.052350
573.175200
573.254550
574.853850
575.139400
577.643000
578.206800
579.148700
580.618900
580.759450
580.767950
580.859950
582.756050
583.324350
583.464900
583.688600
585.551400
586.151100
586.735450
587.435400
588.229950
589.009950
589.169950
589.189500
590.029050
590.353700
590.528850
594.133350
595.848900
599.809300
600.314250
601.194550
601.814100
603.393450
608.364700
609.347850
609.463650
612.164900
612.304800
612.855100
614.377750
616.004250
616.664650
617.064450
617.101150
617.338250
618.823050
620.076000
620.136150
620.627100
622.888500
623.169150
625.516850
626.123500
626.183750
626.964100
628.488050
630.819350
631.038300
638.153000
639.131950
639.203450
639.923100
640.558100
640.812550
641.108350
641.409900
643.703250
645.563600
647.888550
648.405400
649.097050
650.392750
651.226000
652.458550
653.665550
656.544150
658.202300
658.241900
659.214500
659.506400
660.219950
660.486850
661.059300
661.507050
666.980100
667.759600
667.832450
669.514400
670.082600
670.085750
670.233350
672.160150
672.384950
672.406950
681.401250
683.400850
683.531750
683.592850
683.867100
684.231700
684.479450
684.843000
685.432450
685.767650
685.900100
688.647700
688.694450
694.531550
694.818650
694.935750
696.132450
699.621050
700.654200
702.057850
703.043150
704.326550
704.604500
705.429800
705.933500
706.517650
707.980100
711.410300
711.594100
713.902400
714.433200
720.093350
725.503100
730.525700
736.246300
739.557900
744.901100
745.511750
746.911650
747.981850
748.895500
749.327450
750.265400
751.357000
757.900400
759.036400
760.841250
762.719450
764.992700
766.191900
767.291250
768.079650
768.176800
768.498850
769.232500
769.489200
771.192500
771.895100
777.074000
779.716050
782.315200
782.909000
784.731450
787.465100
787.905400
788.767250
792.124100
793.243350
794.216250
795.483550
795.502950
796.556450
797.437800
797.441300
797.747900
800.385300
803.483550
803.873600
807.497050
812.879900
815.646900
816.978300
817.192900
819.134700
819.276850
821.534650
822.013450
822.558000
824.273900
824.352750
824.884800
826.718150
827.296850
828.832600
829.684150
830.380150
832.188000
833.707350
835.351550
836.107300
839.623200
841.172300
841.558350
841.906200
842.746800
847.683300
849.436350
850.496300
850.843650
852.002050
853.232050
854.381000
857.439050
857.658750
859.863900
863.649350
864.083950
864.226600
865.089550
865.967500
865.978500
872.938550
874.118200
875.516250
877.194850
879.084200
879.190000
882.803650
883.414150
884.719800
884.869150
887.851050
889.050000
889.571950
891.104000
891.773200
892.431750
892.435250
894.005500
894.880350
897.029200
905.498200
906.239450
907.415450
912.225650
913.551300
913.759800
914.735300
916.906950
917.877400
921.591650
924.224700
925.719000
929.251200
931.840100
935.328350
942.979850
943.976400
944.756450
944.904050
944.943150
949.459750
951.064750
951.182350
953.525500
953.583450
957.905650
958.848950
966.021900
968.608700
970.540100
971.010850
977.265900
979.752800
979.833350
980.800150
982.518800
982.788650
983.956400
985.277800
987.097900
987.386500
990.298500
995.832300
999.640650
1004.984050
1006.480850
1007.656700
1013.577100
1013.787600
1018.471150
1020.331950
1021.946100
1022.581950
1023.290450
1023.486600
1026.010900
1028.606150
1029.729900
