0.578800
1.066450
2.049600
2.154950
2.262050
2.408050
2.939600
4.179400
4.347900
4.523350
5.117300
5.131550
5.134600
5.148150
5.154600
5.174850
5.183000
5.221000
5.305300
5.357150
5.914450
6.001850
6.654050
6.848600
7.481850
8.104700
8.741800
9.329000
10.128450
10.186450
10.202300
10.205700
10.210550
10.219650
10.226650
10.231000
10.245050
10.257350
10.267350
10.271750
10.282900
10.294850
10.301750
10.315900
10.335050
10.337300
10.353650
10.375400
10.379150
10.382350
10.398700
10.407850
10.443100
10.504700
10.552850
10.560850
10.570650
10.580500
10.622700
10.642350
10.746000
10.784100
10.865850
10.903050
10.924950
10.927200
10.954300
11.000100
11.029600
11.138150
11.199500
11.211400
11.338550
11.394050
11.467850
11.476100
11.540800
11.589300
11.597650
11.695450
11.755250
11.799100
11.841650
11.938950
11.947900
12.035100
12.214100
12.312800
12.380150
12.383200
12.408850
12.415050
12.479750
12.563200
12.566450
12.571050
12.576900
12.581350
12.583850
12.752500
12.928250
12.996000
13.015900
13.114550
13.186700
13.245800
13.443600
13.576800
13.714050
13.791350
14.110650
14.358550
14.451900
14.755300
15.204200
15.207800
15.213500
15.397100
15.656400
15.661250
15.669450
15.754050
15.764650
15.771350
15.915850
16.523700
17.859850
18.394200
18.692450
19.214000
19.917550
20.205900
20.209450
20.214750
20.488850
21.099600
21.902800
22.041200
22.337750
23.440400
23.461300
23.485250
24.186400
24.807050
24.889200
25.066300
25.534700
25.679900
26.394900
26.616400
26.643400
27.000950
27.404500
28.524500
28.805300
29.179650
29.239050
29.242600
29.246900
29.253250
29.513350
29.553350
30.751950
30.908850
30.943100
31.033950
31.245050
33.046650
33.131200
33.208200
33.351600
33.713000
33.784300
33.879100
33.889700
34.249500
34.351200
34.635400
34.886550
34.911350
35.199900
35.539950
35.762350
36.261300
36.437600
37.113500
37.649150
37.788800
37.968100
38.649950
38.932200
39.003050
39.127700
39.262000
39.285600
39.753200
39.923500
39.961500
40.453200
40.747600
40.750850
40.753450
41.008750
41.224150
42.236500
42.627250
42.736650
42.907600
43.365800
45.242700
45.426800
45.431250
45.443100
45.468000
45.517500
45.642550
45.932600
45.936650
45.945950
46.601900
46.697850
46.750350
47.518000
47.895000
48.139450
48.549450
48.836100
49.055350
49.075300
49.695500
49.748200
49.765650
49.806900
49.825350
49.850450
49.854950
49.877850
49.910400
50.065550
50.319200
51.183600
51.568750
51.603250
52.072250
52.083000
52.475900
52.766950
52.969450
52.996150
53.013550
53.106750
53.157500
53.164450
53.392150
53.517200
53.623350
53.626900
53.633150
54.275200
54.682750
54.808550
54.815400
55.517400
55.632400
56.207800
56.544150
57.996500
58.093400
58.535350
58.540300
58.570250
58.907100
58.952200
59.303500
59.672150
59.704350
59.708450
60.170150
60.931800
61.176000
61.538650
61.762400
61.870100
62.223100
62.928650
63.678650
64.552650
64.848500
64.945900
65.342000
65.345550
65.641050
65.927500
66.828350
67.395600
67.521150
67.533750
67.643250
68.122500
68.308300
68.311800
68.316600
68.320400
68.333300
68.611550
68.805450
68.825900
69.050200
69.180450
69.226600
69.585250
69.621050
69.698600
69.762850
69.765550
69.843950
69.890850
70.190200
70.248750
71.429400
71.544200
72.803050
73.242150
73.702150
74.660700
78.287150
78.519950
78.776550
84.236000
84.876100
85.391600
87.098150
87.218100
87.445650
87.611900
88.010150
88.483200
88.543700
88.647200
89.751850
90.005300
90.455100
90.905400
90.972000
91.257900
91.624350
91.897750
92.697750
93.577800
93.622600
93.627150
93.717100
93.722200
93.845600
94.393850
94.469750
95.315000
95.318450
95.323400
96.029800
96.174500
96.192650
96.214350
96.427400
96.649450
96.653300
96.658500
96.664300
96.714350
97.645300
97.895600
98.446650
98.508050
99.030350
99.916000
100.274300
100.517850
101.056800
101.067550
102.252750
102.635100
102.639300
102.646300
102.947750
103.021050
103.495200
103.587650
103.796600
103.920000
103.981700
104.480050
104.840200
104.842700
104.848350
104.854000
105.068300
105.071750
105.075550
105.084600
105.519100
105.621700
106.542950
106.819450
107.143000
107.150000
108.054450
108.123150
108.351650
108.354950
108.357150
108.363400
108.371600
108.475550
108.663200
108.667250
108.675500
109.073100
109.534700
109.538350
109.543100
109.646500
110.207350
110.840800
110.844750
110.849600
110.857550
110.867600
111.035400
111.039500
111.779200
111.788800
112.016150
112.108450
112.486800
112.491150
112.826600
112.845550
112.975000
113.285200
113.757650
113.859150
113.948500
113.953050
114.126200
114.130900
115.104200
115.374900
115.377250
115.383600
115.387700
115.394950
115.397450
115.400950
115.565650
115.977250
116.094800
116.297950
116.516650
118.183900
118.455600
118.536450
118.751500
118.773000
119.157400
119.317650
119.830900
119.835700
119.920450
120.616400
120.655050
120.696150
120.889600
120.898950
121.105950
121.127100
121.619800
121.673000
121.832650
121.852000
122.304700
122.575200
122.585950
123.397150
124.035500
124.509550
124.512850
124.518050
124.705150
126.326200
126.997200
127.011400
127.023550
127.249250
127.781900
128.168400
128.620350
128.629950
128.632300
129.152550
129.296200
129.370800
130.324250
130.440100
130.475950
131.717200
131.748650
132.939950
132.944400
133.165950
133.370050
133.374750
133.738200
133.950750
134.127400
134.131600
134.143550
134.155150
134.211800
134.304250
134.672000
134.710150
134.724000
134.766800
135.310800
135.475450
135.504050
135.705250
136.143800
136.150400
136.158600
136.177700
136.222500
136.225950
136.231050
136.337250
136.619200
137.506200
137.789750
138.416450
138.535100
138.768800
139.088400
139.096500
139.292500
139.792900
140.027750
140.292700
140.300400
140.529750
141.331800
141.523050
141.546550
142.012950
142.414450
142.690300
142.808950
142.866300
143.313150
143.546300
143.750350
143.794000
143.932150
144.224950
144.229450
144.234750
144.247000
144.261200
144.365550
144.411150
144.419450
144.951100
145.131900
145.136350
145.143200
145.195650
145.770250
146.032250
146.256450
146.339250
146.469000
146.483300
146.498550
147.240000
147.244600
147.248400
147.256750
147.261700
147.265550
147.272250
147.389600
147.409250
147.652400
147.820250
148.436400
148.461800
148.920200
149.175700
149.222150
149.348550
149.976550
150.248850
150.463100
150.781250
151.490900
152.003250
152.089100
152.097950
152.128900
152.567850
152.608350
152.831100
153.449900
153.599750
154.279150
154.384250
154.651850
154.937800
155.133300
155.136650
155.140150
155.147100
155.317850
155.964800
156.005600
156.293650
156.596900
156.792600
156.853850
157.195150
157.271750
157.345100
157.349250
157.358000
157.377300
157.381300
157.748500
157.775150
158.388500
158.444650
158.806950
158.963650
158.967900
158.975800
158.979800
158.990250
159.088200
159.284000
159.573200
159.634050
159.797850
160.082900
160.213650
160.218100
160.226600
160.230450
160.986900
161.248800
161.252900
161.545200
161.701850
162.045500
162.227500
162.347550
162.351100
162.356950
162.946250
163.011400
163.114850
163.126700
163.183800
163.433200
163.453350
163.720750
164.065100
164.069350
164.077300
164.411300
164.440600
164.538100
164.705300
164.728050
164.731700
164.733800
164.737200
164.744950
164.945450
165.614400
165.785000
165.812150
165.846100
165.920050
165.976550
165.984750
166.185100
166.571100
166.919900
167.282650
167.427650
167.576250
167.595300
167.644800
167.770700
168.354900
168.358550
168.363350
168.366850
168.372000
168.455250
168.689000
169.260350
169.284650
170.084750
170.100600
170.323150
170.594100
170.604200
170.665150
170.690500
170.708950
170.826600
170.896150
170.898650
170.924600
170.934450
171.419700
171.470650
172.000100
172.384800
172.567350
172.715650
172.842400
172.846450
172.851450
172.864650
173.028750
173.061250
173.317500
173.407900
173.531700
173.725950
174.015750
174.030200
174.163550
174.344700
174.348250
174.350550
174.578700
174.590100
174.597750
174.601800
174.611700
174.816900
174.939000
175.076350
175.094550
175.099200
175.106400
175.398650
175.806100
175.810550
176.417800
176.804750
177.131200
177.334900
177.401700
177.405150
177.774450
178.242950
178.389250
178.514550
178.600250
179.231450
179.606300
179.610050
179.648050
179.652600
179.679550
179.685900
179.753800
179.985350
179.989150
179.994000
180.177450
180.204150
180.208050
180.214250
180.842100
180.948000
181.155200
181.262350
181.605000
181.805800
181.811600
181.836500
182.509000
182.542000
182.550800
182.560600
182.564350
182.570100
182.579000
182.940950
183.296850
183.334250
183.524800
183.712450
183.716750
183.723050
183.922200
184.064250
184.068500
184.072250
184.381750
184.701550
184.796500
185.249150
185.437150
186.322800
186.711150
187.250300
187.304000
187.539850
187.781750
187.846750
187.849850
187.855100
187.861350
187.872200
188.034450
188.118150
188.125250
188.129700
188.136300
188.389650
188.793600
188.965000
188.969800
189.526300
189.540400
189.544650
189.572700
189.789300
189.868200
189.941700
190.030650
190.068500
190.172350
190.272700
190.482600
190.566450
190.568950
190.831750
190.846700
191.109800
191.143600
191.413900
191.491500
191.698650
191.842900
191.850400
192.077750
192.156700
192.160400
192.164850
192.170900
192.445750
192.453800
192.592950
192.774700
193.029700
193.206300
193.276800
193.283950
193.556650
193.620400
193.881400
193.974500
194.137200
194.174600
194.441950
194.637200
194.752100
194.968100
195.397200
195.411100
196.406050
196.852850
197.053400
197.282850
197.286500
197.291550
197.426150
197.634300
197.898900
198.054150
198.057700
198.060650
198.212000
198.289650
198.603250
198.842250
199.104400
199.193650
199.324350
199.328200
199.333250
199.338250
199.460150
199.778000
199.920550
200.092050
200.263300
200.421150
201.464850
201.469050
201.474100
201.478200
201.571950
201.739300
201.847750
201.965700
202.206150
202.330250
202.600050
202.788400
202.860800
202.864800
202.935950
202.995600
203.356450
203.360200
203.365000
203.370200
203.379550
203.511450
203.781900
203.808350
203.882500
203.909250
203.912800
204.278650
204.405650
204.430900
204.478150
204.590750
204.594550
204.692150
204.787800
205.141050
205.538600
205.988350
205.995650
206.108500
206.112650
206.119150
206.198450
206.202300
206.207800
206.616450
206.879300
207.228500
207.232100
207.237450
207.459350
207.461450
208.202300
208.205950
208.211100
208.428950
208.623750
208.627600
208.943550
209.002500
209.079150
209.400300
209.547250
209.942600
210.335250
210.433600
210.558050
210.694550
211.308700
211.322000
211.348650
211.516450
211.519450
211.786750
212.026350
212.106600
212.189900
212.293050
212.448600
212.596800
213.136850
213.140300
213.146200
213.227550
213.551850
213.556450
213.562200
213.569800
213.859400
214.107600
214.338600
214.418450
214.436000
214.440200
214.447700
214.585450
214.719850
214.840500
215.308000
215.312450
215.419800
215.715550
215.875250
216.085300
216.087400
216.096750
216.204100
216.220150
216.227250
216.303650
216.327250
216.920300
216.922750
217.583600
217.611750
217.828800
218.000050
218.393700
218.576200
218.810400
218.814900
218.959300
219.639250
220.022700
220.026850
220.032000
220.128350
220.393350
220.397200
220.402700
220.465500
220.720600
220.736300
220.902650
221.276750
221.443050
221.590800
221.633800
221.637900
221.642350
221.755150
222.037000
222.046250
222.077850
222.094000
222.116750
222.476200
222.480250
222.486050
222.590800
222.658050
222.803550
223.035150
223.039700
223.135000
223.399250
223.725400
224.097800
224.283100
224.350700
224.354250
224.359300
224.516100
224.519850
224.525150
224.582000
224.714450
224.807200
225.267450
225.563850
225.743300
225.746800
225.758300
226.443500
226.449700
226.614000
226.883500
226.931450
227.348500
227.352150
227.357300
227.545900
227.568050
227.586700
227.744100
227.907850
227.911500
228.172850
228.177400
228.356550
228.409000
228.709250
228.763750
228.767350
228.771800
228.851450
228.966350
229.010800
229.159050
229.217950
229.236200
229.392650
229.433800
230.005050
230.345300
230.356100
230.391200
230.412950
230.441150
230.461650
230.481650
230.508250
230.861800
231.129500
231.418450
231.441650
231.686950
231.690900
231.696150
231.837250
232.376100
232.533350
232.538450
232.812100
232.992950
232.996350
233.000750
233.010350
233.046400
233.073250
233.602050
233.670300
233.842850
233.981350
234.083250
234.087250
234.093200
234.268750
234.464650
235.212450
235.216350
235.220150
235.222650
235.229200
235.231250
235.239500
235.415200
235.424250
235.461250
235.623300
235.688800
235.826350
235.829950
235.843850
236.283100
236.327550
236.416950
236.432550
236.451500
236.698150
236.702700
236.926600
237.079050
237.126650
237.484150
237.751300
238.162850
238.178250
238.180800
238.183450
238.187900
238.239550
238.569650
238.574350
238.613050
238.909400
238.913950
239.324400
239.928800
239.938000
240.107700
240.113550
240.230700
240.828250
240.834700
240.839350
240.897350
241.139650
241.185800
241.321350
241.617550
241.622000
242.024050
242.244550
242.284800
242.458700
242.659150
242.673400
242.677000
242.682500
242.686400
242.689800
242.695750
242.908850
242.921500
243.010500
243.015450
243.019700
243.025900
243.330350
243.365450
243.942450
243.959650
243.974800
244.116900
244.448150
244.452900
244.487200
244.675750
244.884450
245.170250
245.190600
245.194250
245.200000
245.428700
245.432450
245.436950
245.446500
245.457150
245.463100
245.608350
245.730800
245.895500
246.449600
246.596300
246.821150
246.824650
246.830350
247.004050
247.007450
247.012150
247.020350
247.038650
247.124250
247.498250
247.544950
247.667050
247.676250
247.723000
247.874000
247.948900
248.021850
248.234850
248.351500
248.614900
248.935800
249.195000
249.611800
249.869350
250.018300
250.237900
250.495250
250.500750
250.846300
251.409100
251.600900
251.624100
251.627600
251.646650
252.052800
252.155100
252.159150
252.165800
252.172400
252.176400
252.408050
252.413000
252.424600
252.683300
252.686950
252.959550
253.157600
253.458650
253.715350
253.951700
253.997300
254.002600
254.353200
254.456550
254.682450
254.793800
254.797100
254.810850
254.819300
254.998450
255.094850
255.101750
255.319800
255.323500
255.330300
255.766550
255.820050
255.823950
255.981250
255.985000
255.991050
256.127550
256.131550
256.139150
256.149800
256.196650
256.200950
256.252100
256.593200
256.597100
256.603000
256.646950
256.932100
257.018700
257.022450
257.027700
257.348700
257.377300
257.396550
257.458400
257.549650
257.553050
257.565450
257.568250
258.101200
258.320000
258.587750
258.716650
258.793050
258.798150
259.281850
259.285650
259.523900
259.526800
259.543300
259.546900
259.623750
259.846050
260.016750
260.092400
260.366050
260.373250
260.478950
260.516250
261.071950
261.098600
261.153700
261.303300
261.463050
261.852400
261.907250
261.914450
261.929450
261.944600
261.954000
262.386400
262.470100
262.646500
262.650850
262.660550
263.156000
263.163800
263.889900
263.894650
264.122400
264.125150
264.783750
264.792100
264.935750
264.939500
264.945450
264.958050
265.125950
265.185300
265.341850
265.444650
265.449250
265.456200
265.596050
265.599850
265.605700
265.782600
265.949700
265.961250
265.984300
266.001350
266.005250
266.010350
266.073850
266.576550
266.678250
266.857850
266.861500
266.866950
266.901200
266.912250
267.351500
267.355100
267.363950
267.791950
267.831150
267.920600
268.120400
268.137050
268.483850
268.508200
268.541850
268.546450
268.666950
268.677050
268.680350
268.785600
268.804450
268.893100
268.897100
268.905500
268.937600
268.951350
269.026850
269.063450
269.071350
269.100550
269.118450
269.277200
269.491600
269.929400
269.933850
269.946850
269.950600
270.217300
270.219500
270.227800
270.309750
270.315500
270.321400
270.350300
270.674800
270.708450
270.727200
270.793500
270.847150
271.245650
271.287050
271.367050
271.479050
271.691450
271.727400
271.731200
271.743300
271.769350
271.929400
271.932900
271.955900
272.046100
272.104750
272.187150
272.272250
272.494850
272.498900
272.699400
272.778600
272.828900
273.318000
273.378400
273.616000
274.073050
274.225200
274.489500
274.668050
274.859100
274.871600
274.874750
274.879650
274.886650
274.978800
275.399000
275.742450
275.751300
275.921450
276.063950
276.184850
276.188300
276.194250
276.272350
276.323950
276.331550
277.143000
277.282100
277.285950
277.413300
277.417550
277.425100
277.661950
277.812750
277.857350
277.865900
277.869650
277.876500
278.039350
278.220750
278.282150
278.440750
278.598400
278.723700
278.789650
278.795750
279.012200
279.016550
279.024000
279.112900
279.292350
279.336550
279.402950
279.683200
280.060350
280.169100
280.321800
280.363450
280.408300
280.412150
280.418150
280.534400
280.609000
280.710000
280.715650
281.156250
281.440950
281.449200
281.745450
282.259400
282.310450
282.646050
282.926800
282.946300
283.293750
283.487500
284.015050
284.019100
284.025350
284.045350
284.058750
284.265250
284.268800
284.274650
284.494350
284.546150
284.549700
284.555650
284.571150
284.944200
284.985100
284.994100
285.001950
285.004950
285.301400
285.593250
285.735500
285.739150
285.744200
286.142050
286.326700
286.345850
286.531350
286.997000
287.020800
287.024550
287.030350
287.334100
287.578900
287.582750
287.588700
287.666200
287.671000
287.690750
287.695050
287.700450
287.705200
287.712700
287.967400
288.422100
288.426600
288.590300
288.767850
289.356200
289.423900
289.881950
289.885300
289.889450
289.893850
289.897900
289.903800
289.913500
289.979100
290.094050
290.097850
290.102250
290.128700
290.302900
290.327300
290.331500
290.341550
290.411800
290.487800
290.645650
290.802100
290.872000
290.959500
291.060000
291.176700
291.513400
291.647350
291.708200
291.761500
291.905700
291.909800
291.916300
292.654400
292.967800
292.971600
292.976000
292.989550
293.118750
293.141550
293.644850
293.696400
293.735450
294.165150
294.384750
294.396700
294.399950
294.407950
294.885300
294.889000
294.894300
295.038800
295.042800
295.050950
295.164950
295.652200
295.662300
295.737750
295.885000
295.906150
296.060250
296.065900
296.069450
296.175650
296.179350
296.184250
296.242750
296.659300
296.696950
296.750800
296.888100
296.893550
297.124900
297.182000
297.341750
297.466650
297.558100
297.577700
297.580700
297.588600
297.592750
297.664000
297.777100
298.382100
298.417250
298.458950
298.623000
298.626700
298.631700
298.820000
298.886100
298.907600
298.910050
298.925950
298.995350
299.198650
299.203500
299.270650
299.419950
299.633100
300.071850
300.251400
300.306500
300.337700
300.340200
300.346750
301.502550
301.506550
301.513000
301.615900
301.619900
301.638900
301.686000
301.907500
301.931850
302.061450
302.164250
303.219750
303.223350
303.230850
303.581300
303.585900
303.759450
304.109200
304.113100
304.595950
304.611500
304.735050
304.993700
304.997450
305.004000
305.121600
305.125500
305.168950
305.178700
305.393950
305.475100
306.005700
306.121450
306.136350
306.343700
306.394550
306.624700
306.693650
306.697800
306.733050
306.984700
307.103150
307.494250
307.655750
308.037600
308.075400
308.377500
308.389000
308.790200
308.930450
309.183550
309.208550
309.739500
309.743000
309.747900
309.750600
309.767950
309.882300
310.034700
310.039500
310.055400
310.131200
310.135700
310.142300
310.384100
310.388250
310.624450
310.937850
310.941600
311.024400
311.100550
311.104300
311.219850
311.285100
311.577700
311.682500
311.686350
311.691150
311.696300
311.857100
312.100600
312.104800
312.600750
312.604350
312.615000
312.891250
312.893950
313.187000
313.339150
313.342800
313.347550
313.361700
313.451650
313.621250
313.852900
314.439450
314.568000
314.571750
314.577450
314.690600
315.036600
315.041000
315.180000
315.375900
315.447250
315.499050
315.673350
315.677200
315.706050
315.726700
315.737000
315.885850
316.074450
316.242950
316.479950
316.648550
316.757450
316.776100
317.020600
317.033650
317.037650
317.043150
317.177600
317.181450
317.186350
317.201300
317.209650
317.212400
317.221900
317.312150
317.383700
317.875950
317.955050
318.052850
318.256250
318.302400
318.750600
318.767900
318.771900
318.778150
318.843600
318.916000
318.962400
319.497200
319.553900
319.659650
319.863450
320.303600
320.411050
320.562450
320.570150
320.578500
320.658050
320.663050
320.817850
320.858900
321.031550
321.035400
321.041200
321.141000
321.246700
321.492400
321.522400
321.550950
321.629250
321.674550
321.678700
321.682350
321.770700
321.950900
321.963200
321.976100
322.022950
322.042650
322.049500
322.188350
322.241250
322.470500
322.687750
322.691350
322.701500
322.823100
322.890650
322.894350
322.900050
322.905350
323.179850
323.683100
323.873550
323.931750
324.147250
324.444150
324.469600
324.507150
324.512600
324.720750
324.725050
324.732050
324.790450
325.112250
325.344200
325.348000
325.352750
325.363800
325.393600
325.808050
326.020900
326.073350
326.105300
326.226200
326.249550
326.405650
326.453600
326.715950
326.719650
326.724000
326.729250
327.018100
327.241700
327.246200
327.364050
327.367950
327.374850
327.479100
327.560100
327.739050
327.755750
327.934750
328.191500
328.446650
328.548350
328.552800
328.560500
328.950800
328.954850
328.962400
329.312450
329.316150
329.321100
329.329150
329.335800
329.510150
329.707700
329.733000
329.846350
330.009150
330.061550
330.386000
330.799950
330.803650
330.809800
330.933450
330.937250
330.992150
331.406550
331.518050
331.521700
331.526200
331.532200
331.747400
331.792450
331.980550
332.136550
332.167150
332.183450
332.431800
332.435450
332.440550
332.499950
332.561800
332.838050
333.065200
333.343050
333.350950
333.424700
333.516650
333.520700
333.528850
333.636650
333.853700
333.879550
333.938400
333.942200
333.948000
333.990200
333.993350
333.998050
334.081350
334.134550
334.142550
334.828450
335.076700
335.080350
335.085250
335.092450
335.099750
335.520500
335.524550
335.531300
335.611350
335.766150
336.555300
336.588550
336.618100
336.647100
336.759200
336.762850
336.768600
336.971800
337.152150
337.169950
337.281900
337.330850
337.408050
337.801200
337.805600
337.880650
337.884200
337.889200
338.013100
338.019400
338.049200
338.057150
338.129000
338.204750
338.604500
338.835900
339.003200
339.007450
339.147750
339.187700
339.422400
339.697000
340.121100
340.355000
340.358750
340.364200
340.373150
340.385900
340.403350
340.407100
340.416700
340.508550
340.600250
340.603850
341.034600
341.217000
341.222300
341.418600
341.772750
341.947750
342.380500
342.384400
342.388950
342.393450
342.395750
342.405450
342.412000
342.424350
342.592700
342.596800
343.160500
343.165850
343.237000
343.244050
343.361800
343.378400
343.918350
343.922150
343.928150
344.223200
344.304000
344.307950
344.651600
344.815200
344.819150
344.833450
344.944850
345.239950
345.243950
345.251350
345.321250
345.474850
345.487000
345.536150
345.539650
345.544050
345.549500
346.201650
346.205700
346.211800
346.704450
346.947100
347.075750
347.079900
347.093300
347.704850
348.307950
348.314900
348.433750
348.731150
349.492350
349.496100
349.501000
349.799750
349.830300
350.086250
350.135350
350.267800
350.413100
350.473450
350.648650
350.661200
350.985050
350.988600
351.154200
351.234150
351.446000
351.579350
351.584150
351.766400
351.856900
351.860800
351.866450
351.880550
351.914200
351.924550
352.158100
352.758100
352.827650
352.890000
352.893600
352.905750
353.074650
353.194350
353.271250
353.377800
353.632150
354.010800
354.069950
354.505150
354.725650
354.787400
354.810850
354.832600
354.836500
354.842650
355.488400
355.722700
356.001750
356.004550
356.007400
356.013550
356.201550
356.205150
356.209600
356.473800
356.478400
356.481900
356.495600
356.690350
356.943950
356.965400
356.969600
356.976350
357.251550
357.261400
357.472450
357.482600
357.487350
357.652100
357.760350
358.051400
358.055200
358.061250
358.126150
358.200200
358.220400
358.537750
358.668650
359.112350
359.116350
359.243800
359.891250
359.958100
360.414900
360.485750
360.545650
360.627700
360.631850
361.290450
361.293950
361.298500
361.322950
361.338400
361.342500
361.349550
361.353150
361.584100
361.781800
361.785700
361.792200
362.549250
362.857700
362.861350
362.866450
363.170350
363.204250
363.573500
363.583150
363.914350
364.000600
364.092150
364.098850
364.236750
364.372650
364.377000
364.580150
364.673500
364.731350
365.178350
365.182300
365.362500
365.506450
365.541800
365.545650
365.552750
365.559150
365.744750
366.352250
366.479750
366.484050
366.491850
367.382250
367.878650
368.082300
368.344600
369.031650
369.034250
369.051250
369.070750
369.080500
369.396800
370.121750
370.156950
370.211300
370.856800
370.861650
370.961900
370.981750
370.985750
370.992400
371.348100
371.578200
371.606350
371.672050
371.958650
371.963050
372.162450
372.175800
372.180300
372.445400
372.469650
372.562100
372.566050
372.571400
372.625250
372.632200
372.637200
372.640900
372.798400
372.878700
373.448700
373.809250
374.373350
374.380550
374.384150
374.389550
374.823000
374.827450
374.849800
374.985900
375.010450
375.018500
375.024200
375.510750
375.514600
375.516800
375.521500
375.539750
375.693750
375.828650
376.117350
376.133400
376.583950
376.875850
377.283850
377.288150
377.295700
377.881050
378.114950
378.118800
378.125200
378.415800
378.595400
378.607000
378.817250
378.877500
378.881800
378.915700
378.979250
379.120650
379.724700
379.890250
379.894200
380.069250
380.277100
380.538650
380.628400
380.744800
380.944900
380.962250
380.971400
381.116750
381.340250
381.426000
381.430150
381.437300
381.617700
381.669050
381.672750
381.679200
381.710200
381.853650
381.858600
381.866500
382.041400
382.047000
382.063700
382.462200
382.466550
382.473650
382.844400
383.845400
383.850050
383.947600
384.085400
384.089400
384.095300
384.819750
385.068250
385.084700
385.088350
385.093200
385.104050
385.234150
385.238400
385.246550
385.380300
385.522600
385.860100
386.057250
386.060850
386.065800
386.782450
386.787350
386.794050
386.803250
386.978450
386.983050
386.988900
386.992450
388.004400
388.008600
388.213550
388.687550
388.825250
388.841250
388.845200
388.850850
389.016050
389.020650
389.112700
389.117250
389.296150
389.462600
389.467150
389.475100
389.989000
390.013950
390.018600
390.485350
390.494400
390.501700
390.822200
390.826200
390.844350
390.848050
390.853500
390.969600
391.118350
391.122800
391.399650
391.817550
392.145050
392.148750
392.153150
392.168250
392.794800
393.067900
393.071850
393.077750
393.133350
393.207900
393.337700
393.341800
393.352900
393.439850
393.727600
393.732400
393.983500
394.428500
395.004350
395.215250
395.218700
395.222750
395.225100
395.231400
395.344850
395.570450
395.790050
395.792100
395.796050
395.809750
395.983950
396.344300
396.397750
396.401550
396.409800
396.740700
396.749400
396.755600
396.812350
396.887150
396.996200
397.072200
397.441750
397.445050
397.801900
398.233650
398.322450
398.384150
398.408350
398.410500
398.417500
398.704250
398.949250
399.081350
399.194950
399.275150
399.279650
399.285500
399.628850
400.305900
400.310000
400.315650
400.317800
400.461250
400.465150
400.549700
400.938100
401.006450
401.405800
401.445600
401.764650
401.768450
401.779600
401.789250
402.027750
402.031650
402.111250
402.654050
403.148650
403.152950
404.016500
404.056350
404.060100
404.064800
404.070950
404.076850
404.256500
404.330500
404.403150
404.407550
404.560750
404.564950
404.702500
404.764500
404.768450
405.008800
405.247650
405.260450
405.264550
405.270900
405.911400
406.165550
406.174000
406.197400
406.820900
407.188600
407.197650
407.201600
407.204600
407.206750
407.213550
407.218050
407.226350
407.232900
407.253450
407.404250
407.467700
407.472500
407.479300
407.595250
407.784350
407.976650
407.980600
407.985800
408.042800
408.104050
408.115750
408.730500
408.795200
408.902850
409.134400
409.309850
409.318900
409.323200
409.329200
409.892900
409.921050
409.925550
409.934150
410.029100
410.379100
410.516050
410.908900
410.981150
411.121750
411.125650
411.132550
411.143250
411.148950
411.469600
411.584450
411.588400
411.844750
411.848450
411.854750
411.960500
412.055450
412.124200
412.128750
412.351550
412.719100
412.974650
412.978900
412.985850
413.201100
413.205450
413.218000
413.228800
413.334950
413.353350
413.872900
413.986000
414.215900
414.346350
414.350700
414.356400
414.457150
414.472200
414.514250
414.820850
414.824750
414.830000
415.216300
415.295700
415.299650
415.310200
415.314150
415.371100
415.456750
415.730050
415.734050
415.871500
416.001500
416.100850
416.106050
416.788750
416.848550
417.001500
417.065350
417.069050
417.074600
417.352950
417.372500
417.477000
417.481100
417.490700
417.497900
417.544150
417.631950
417.938400
417.948650
417.954800
417.968900
418.203150
418.345100
418.465850
418.469650
418.642200
419.169550
419.587450
419.885850
419.890750
420.189800
420.554700
420.572050
420.615100
420.969850
421.054700
421.746800
421.751100
421.759600
421.765500
421.855300
422.287050
422.421200
422.677000
423.010450
423.014650
423.020400
423.303100
423.733700
423.959550
424.609600
424.662600
424.822750
424.908100
425.092400
425.240600
425.244200
425.249650
425.551250
425.555400
425.783250
425.789450
426.202900
426.333700
426.358400
426.405200
426.873000
427.023750
427.027500
427.034700
427.262350
427.983700
428.042050
428.242300
428.259000
428.300450
428.749300
428.756700
428.760550
428.766250
428.866400
428.870100
428.875800
428.893650
428.898750
428.911200
428.917050
429.667850
429.982500
429.986650
429.992650
430.314050
430.655250
431.282650
431.286300
431.292150
431.432100
431.576200
431.580400
431.591100
431.628900
431.722600
431.784750
431.805000
431.896750
431.901400
432.420950
432.553050
433.403950
433.408000
433.742850
433.874900
434.820350
434.826850
434.830800
434.839100
435.066900
435.415650
435.420050
435.428350
435.819950
435.838700
435.851350
435.855600
435.897850
435.903850
435.924000
435.938050
435.972900
437.138100
437.317800
437.719000
437.785800
438.004950
438.008650
438.013000
438.185150
438.189950
438.197450
438.574750
438.578650
438.583300
438.590450
438.596900
438.605200
438.633300
438.867900
439.241650
439.986950
440.137900
440.141550
440.195650
440.199250
440.204050
440.396100
440.400500
440.404200
440.406750
440.419600
440.923100
441.118250
441.168250
441.596000
441.599550
441.605050
441.899450
441.903900
442.510900
442.612450
442.834450
442.845350
442.849300
442.857550
443.064950
443.335000
443.703700
443.801050
445.146500
446.145200
446.535750
446.911750
446.972500
447.176250
447.381300
447.383550
447.419250
447.533750
447.537100
447.541050
447.546850
447.895950
448.114150
448.350050
448.356550
449.166700
449.174400
449.179950
449.230750
449.752450
449.756200
449.761200
449.768450
450.077650
450.248850
450.690800
450.759150
450.828950
451.355900
451.377650
451.419000
451.882850
452.003250
452.117100
452.129050
452.142000
452.433100
452.702450
453.027200
453.103650
453.148750
453.477700
453.481200
453.485600
453.717950
454.073200
454.158700
454.958000
454.960350
454.966400
455.003800
455.007900
455.186350
455.201750
455.474250
455.645300
455.649250
455.653850
455.659900
455.674700
455.706400
455.720400
456.056800
456.292750
456.433550
456.437850
456.675450
457.066650
457.085050
457.111050
457.149900
457.153950
457.159950
457.526450
457.826500
457.867700
458.603250
458.909650
459.986250
460.261500
460.274950
460.519200
460.525050
460.531600
460.542400
460.548900
460.762700
460.766750
460.799600
460.839400
461.006000
461.612900
461.756700
461.767550
461.772150
461.914700
462.018300
462.023400
462.111600
462.267400
462.324400
462.476650
462.734250
462.742950
462.763000
462.775050
462.802950
462.809900
462.861350
462.996050
463.110000
463.114150
463.121050
463.186750
463.634550
463.638650
464.251500
464.527300
464.666300
464.848300
465.007650
465.362500
465.366300
465.372850
465.981400
466.451200
466.856350
466.863250
468.049550
468.053200
468.059400
469.002250
469.156850
469.894650
470.327050
470.330750
470.334150
470.340350
470.663750
470.911050
471.078900
471.082850
471.087900
471.096250
471.227650
471.484400
471.688550
471.775450
471.779650
471.786150
471.963450
472.029750
472.033550
472.039100
472.046250
472.125050
472.138100
472.144050
472.164750
472.168850
472.505050
472.619950
473.587600
473.701350
473.705050
473.710600
473.924350
474.111500
474.191650
474.439600
474.512650
474.769600
475.051400
475.722250
475.730800
475.852950
475.890900
475.899450
475.903400
475.909600
476.158500
476.164600
476.550300
477.245900
477.257950
477.518950
477.603800
477.749950
477.832250
477.836500
478.034900
478.039950
478.051500
478.150250
478.232800
478.236900
478.244900
478.432900
478.628250
478.662400
479.261500
479.267500
479.765050
479.834400
479.839050
480.305750
480.309600
480.315100
480.369050
480.775900
481.201250
481.409400
481.445900
481.449550
481.455200
481.727700
481.849700
481.854400
481.933300
481.972400
482.167450
482.192450
482.458450
483.014600
483.275000
483.421250
483.440650
483.475250
483.479450
484.020600
484.423750
484.428000
484.646150
485.099200
485.154950
485.158850
485.163950
485.363750
485.368100
485.554300
486.296750
486.579600
486.583100
486.587400
486.592250
486.598400
486.603050
486.963350
486.981250
487.076450
487.195700
487.257800
487.266400
487.577600
487.581700
487.591500
488.225600
488.589300
488.849100
488.965950
489.025650
489.078150
489.082400
489.090350
489.372250
489.582350
489.596200
489.995750
490.001800
490.074700
490.079100
490.085200
490.160550
490.771350
490.775400
490.875500
490.939400
491.329850
491.341450
491.583250
491.597050
491.607750
491.978250
491.984200
492.259150
492.263000
492.270200
492.628700
492.715450
492.881600
492.896900
493.041500
493.104550
493.750200
493.761750
493.856600
494.118350
494.317050
494.337750
494.343950
494.348350
494.355250
494.551650
494.560350
494.569250
494.934350
494.938850
494.945650
495.178850
495.356000
495.360150
495.365350
495.728650
495.838850
495.846200
496.039250
496.047500
496.373600
497.205600
497.296400
497.300100
497.304850
497.318600
497.400350
497.484150
497.488550
497.494650
497.625050
497.652250
497.700300
497.705050
497.716050
497.722800
497.819750
497.839750
497.929000
498.321900
498.493100
498.497400
498.504550
499.094100
499.581100
499.710350
499.915550
499.920600
500.006100
500.193000
500.197050
500.207300
500.274050
500.409750
500.725250
500.739700
500.844300
501.382750
501.479750
501.483400
501.488750
501.776000
501.780300
501.793300
502.082250
502.312050
503.151800
503.155900
503.165150
503.779850
503.890550
503.894800
503.903450
504.144300
504.282500
504.544750
504.561200
505.239850
505.278350
505.328850
505.624100
505.784000
505.788700
506.076850
506.364600
506.536600
507.406500
507.410450
507.415400
507.686250
507.711500
507.803600
507.947650
508.032700
508.071450
508.181700
508.383450
508.673950
508.704050
508.751250
509.323750
509.333050
509.371950
509.374400
509.379650
509.384900
509.388900
509.394650
509.425300
509.430050
509.579400
509.747700
510.163950
510.438700
511.221900
511.577100
511.581350
511.589100
512.160450
512.181700
512.356200
512.561550
512.993900
513.006450
513.010600
513.411450
513.744400
513.801300
513.805250
513.843950
513.848000
513.900550
513.907200
514.472150
514.598000
514.602150
514.805250
514.820400
515.805450
515.991600
516.062300
516.066350
516.073150
516.493950
516.498500
516.505950
516.829450
517.370200
517.416700
517.627350
517.764100
517.774550
517.778600
517.783450
517.794400
518.569500
518.578450
518.583050
518.595850
518.602300
518.612650
518.705750
518.710100
518.720250
518.960700
519.002050
519.333550
519.368850
519.508100
519.525500
519.529150
519.532900
519.836700
520.033250
520.038800
520.327650
520.404150
520.793950
520.799150
521.453550
522.156200
522.364150
522.598500
522.666650
522.670400
522.676950
523.020250
523.024650
523.033300
523.045250
523.237900
523.671200
523.675850
524.115250
524.254000
524.473150
524.648200
524.654200
524.951150
524.971200
524.976550
524.984050
525.131650
525.136050
525.140400
525.423400
525.471800
526.068350
526.286950
526.291950
527.051050
527.882950
528.025850
528.030100
528.035950
528.222250
528.234950
528.548750
529.155800
529.159300
529.371450
529.518400
529.675600
530.145300
530.149000
530.153300
530.419100
530.482200
530.516850
530.521250
531.031700
531.036400
531.046200
531.351350
531.498500
531.791650
532.009300
532.014400
532.406350
532.481000
532.629750
532.687400
532.873700
532.926500
533.086100
533.089050
533.092750
533.098450
533.339350
533.343550
533.486800
533.891400
534.147350
534.226600
534.524700
534.573900
534.667150
534.766000
534.769800
534.775350
534.793050
535.329100
535.774000
535.779100
535.970100
536.403350
536.610900
536.620600
536.624500
536.632000
536.634850
536.663000
537.064100
537.074050
537.078750
537.085950
537.351300
537.491150
537.494900
537.642750
537.707400
537.711850
537.954650
538.168400
538.254800
538.259850
539.093850
539.096500
539.102400
539.112550
539.386200
539.390300
539.396250
540.067300
540.071550
540.162150
540.503850
541.027400
542.211100
542.215400
542.221300
542.231100
542.291000
542.687150
542.706500
542.710550
542.720000
542.745850
542.777550
542.784200
542.908000
542.965100
543.151900
543.176000
543.608550
543.619700
543.870400
543.872500
543.883000
543.890250
543.971000
544.343900
544.639000
544.643100
545.020850
545.048300
545.603450
545.745600
545.749150
545.936750
546.248500
546.617050
546.620800
546.625900
546.636400
546.657450
546.708650
546.997300
547.003550
547.012350
547.025550
547.584450
547.589000
547.612350
547.635750
547.945200
547.995200
548.021650
548.025750
548.029800
548.357050
548.378850
548.928150
548.983350
549.625800
549.629650
550.056800
550.268200
550.365250
550.369850
550.377550
550.445850
550.448800
550.822850
550.890450
550.894300
551.315600
551.320700
551.328250
552.005250
552.472500
552.777750
553.036950
553.040900
553.046500
553.188950
553.200300
553.209450
553.222400
553.230500
553.408350
553.493450
553.497700
553.670000
554.672250
555.108300
555.111750
555.476350
555.770600
555.809950
555.814250
555.957850
556.248100
556.265750
556.274800
556.719850
556.723750
556.729750
556.864150
556.995250
557.176800
557.214300
557.301050
557.542800
557.547700
557.923150
558.041850
558.088600
558.321750
558.715450
558.794100
558.800850
558.993300
558.996800
559.003050
559.167250
559.171650
559.179900
559.193950
559.309200
559.362550
559.480600
559.505150
559.509500
559.516550
559.525600
559.528750
560.248550
560.271800
560.348200
560.621900
560.816800
560.820800
560.866000
560.872000
560.894350
561.034400
561.039200
561.051500
561.314800
561.483850
561.676550
561.680600
561.695900
561.901450
561.905700
561.926200
561.951200
562.065950
562.313750
562.354150
562.479600
562.634400
562.639300
562.663100
563.024650
563.080000
563.181950
563.186600
563.192300
563.437850
563.449200
563.453900
563.473950
563.506150
563.681050
563.846350
564.166200
564.286200
564.377450
565.074900
565.637650
565.641850
565.714750
566.852100
566.856450
566.869250
567.084850
567.088900
567.092750
567.098300
567.123300
567.171750
567.427350
567.431700
567.437400
567.446950
567.456750
567.514650
567.656550
568.228500
568.232300
568.238150
568.367900
568.831300
569.345300
569.445450
569.448950
569.458050
569.779300
570.060950
570.518300
570.815650
570.819500
570.828850
570.838350
571.050800
571.096700
571.100500
571.106300
571.119500
571.241000
571.260800
571.554200
571.558100
571.563200
571.599100
571.606700
571.665200
571.813800
571.938550
571.985500
572.117550
572.204850
572.424550
572.430050
572.485650
572.490650
572.506600
572.650550
572.668900
572.726950
572.832100
572.836800
573.248600
573.974700
574.510000
574.558500
574.669400
574.673500
574.680000
574.901800
574.935300
574.939450
574.998900
575.119950
575.312600
575.316650
575.323050
576.276900
576.649200
576.835650
576.844650
576.940050
577.827550
578.069000
578.077250
578.081750
578.216100
579.133350
579.188450
579.927950
579.935000
579.938750
579.949400
580.112050
580.116650
580.371900
580.475950
580.480550
580.631400
580.813100
580.826950
580.991000
581.157750
582.351600
582.494100
583.936750
584.012700
585.234400
585.474450
585.632300
585.691850
586.213750
586.331400
586.960500
587.695000
587.993000
589.109700
589.524150
590.473700
590.509150
590.653350
591.113150
592.613350
593.508450
593.948850
595.339050
595.343950
595.788900
595.973700
596.549050
599.680100
599.749150
599.794750
600.148550
600.425000
600.472700
600.929650
601.070150
601.449650
601.932550
603.728600
604.091500
605.742400
607.265750
607.405200
607.450050
607.689800
608.523800
609.456600
610.251850
610.264850
611.079650
612.385050
612.879900
613.029950
613.067850
613.168250
613.331100
613.404950
613.545800
613.569200
613.573400
613.620050
614.064350
614.386750
614.390900
614.397400
614.403500
614.408250
614.417150
614.457500
614.476700
614.631150
614.763750
614.795000
614.844350
614.849050
614.861000
614.884300
615.705250
615.814750
615.818600
615.825800
615.953200
616.076750
616.098950
616.177200
616.181700
616.296750
616.854000
616.863250
616.867450
617.026600
617.100250
617.427050
617.431300
617.438450
617.441050
617.533200
617.739000
618.039600
618.043700
618.050200
618.066800
618.093950
618.146000
618.321100
618.334900
618.746550
618.833850
618.837350
618.841950
618.862800
618.871150
618.879000
618.980150
619.133500
619.523400
619.535750
620.336150
620.563100
620.846000
621.776250
622.037900
622.096700
622.101350
622.115600
622.157350
622.163450
622.790400
622.794800
622.801300
623.627850
623.837550
623.927100
624.006700
624.047250
624.051450
624.056800
624.435600
624.633400
624.762050
624.914350
624.943300
624.951950
625.015700
625.423600
625.427600
625.434300
625.503250
625.729450
625.852400
625.863150
625.867500
625.886050
626.283500
626.403950
626.408900
626.450600
626.455050
626.477500
626.665000
626.823950
627.197450
627.218400
627.251650
627.259400
627.266400
627.340600
627.494850
627.499700
627.837050
628.269250
628.273400
628.279300
628.486550
628.656800
628.669250
628.709450
628.714300
628.721900
628.949950
629.009000
629.077150
629.103550
629.107150
629.111450
629.117650
629.209650
629.233300
629.471550
629.509300
629.565450
629.793800
629.939700
629.945200
630.222350
630.557500
630.736400
630.804750
630.852100
630.962200
631.164850
631.185300
631.258350
631.559650
631.697150
631.700850
631.711400
631.812800
631.822400
632.025000
632.179900
632.183850
632.198900
633.162750
633.170950
633.765100
634.108000
634.111800
634.120000
634.188850
634.192700
634.296950
634.344200
635.191500
635.196550
635.233500
635.255700
635.403450
635.407500
635.416000
635.957150
636.293450
636.297550
636.304550
636.750050
637.317000
637.324100
637.454100
637.458000
637.460950
637.464600
637.712150
638.317000
639.295650
639.513250
639.557200
639.635100
639.649700
639.709400
639.807800
639.929650
639.933550
640.151850
640.156900
640.217350
640.248300
640.270600
640.365600
640.370050
640.387200
640.771000
640.952050
640.954700
641.170800
641.174800
641.180850
641.315300
641.369300
641.669050
641.802250
641.813100
642.142750
642.257950
642.527900
642.537500
642.580050
642.707900
643.006550
643.012100
643.017100
643.023300
643.038400
643.099400
643.243400
643.442850
643.568650
643.655300
643.888600
644.385200
644.608400
646.096650
646.104550
646.123200
646.126850
646.132600
646.353300
646.565400
646.575650
647.569050
647.574250
647.584150
648.038350
648.042550
648.050400
648.737900
648.803550
648.807350
648.813200
649.164800
649.508050
649.523950
649.784100
649.877650
649.983700
650.094250
650.349450
650.534300
650.545550
650.909750
651.377050
651.465900
651.689300
651.762100
651.825650
652.539100
652.548150
652.685350
652.832400
652.889600
652.893700
652.899300
653.115300
653.119800
653.129400
653.159700
653.238050
653.584750
653.767450
653.770950
653.777200
654.477000
654.576700
654.624350
654.632650
654.809450
654.873550
654.878450
654.886200
654.909250
654.930550
654.938050
655.084450
655.344550
655.618250
655.882550
655.890100
655.924350
656.151400
656.163300
656.167700
656.176500
656.189100
656.260900
656.397050
656.468450
656.501100
656.692150
657.306450
657.503450
657.505900
657.561300
657.758700
657.834750
658.120600
658.124550
658.171250
658.288550
658.367200
658.514050
658.587600
658.813350
658.817150
658.821050
658.826500
658.837200
658.840900
658.850850
658.856750
659.021900
659.026750
659.037350
659.113100
659.379750
659.388550
659.979850
659.983800
659.985850
659.990200
659.996950
660.712800
660.839350
661.000700
661.005250
661.010000
661.016350
661.771400
661.776500
662.129050
662.143200
662.970300
663.189750
663.196250
664.133700
664.137300
664.142400
664.151150
664.334200
664.362800
665.620500
665.924650
665.928500
666.081500
666.120200
666.268350
666.272350
666.280500
666.349550
666.357850
666.548900
666.603550
666.608550
666.628350
666.787550
666.842400
666.847050
667.114650
667.400100
667.507500
667.671050
667.681100
667.701650
667.706300
667.715300
668.115150
668.361500
668.375500
668.594500
668.642900
668.934450
669.554000
669.614200
669.618400
669.801050
669.900850
669.934950
670.134150
670.145150
670.149450
670.154750
670.234150
670.285950
670.365900
670.370650
670.383200
670.396900
670.462100
670.594550
670.608500
670.614650
670.623550
670.782650
670.965850
671.147350
671.151750
671.157300
671.678250
671.741950
671.852800
671.931900
672.154400
672.157050
672.161100
672.166050
672.434250
672.698100
672.762000
672.766800
672.847000
672.938600
673.001700
673.393100
673.411000
673.415600
673.438500
673.450600
674.674250
674.677900
674.684700
675.083350
675.088150
675.481000
676.664800
676.669250
676.718250
676.722350
676.728700
677.301850
678.190050
678.363250
678.367100
678.746050
678.749550
678.754450
678.895650
679.109800
679.125000
679.129000
679.363300
679.572050
679.656450
679.722500
679.726450
679.731650
679.908800
680.001650
680.137750
680.188850
680.192850
680.195100
680.202650
680.208250
680.293750
680.344150
680.415650
680.460750
680.673050
680.834900
680.969300
681.101850
681.173900
681.189600
681.193650
681.200000
681.219850
681.341400
681.440350
681.512800
681.527950
681.620850
681.705500
681.758950
681.900250
681.941250
681.961100
682.036350
682.267750
682.271800
682.279100
682.672700
682.860450
682.864400
682.979700
682.995900
683.167950
683.199500
683.278550
683.287850
683.327350
683.868600
683.872900
683.880450
684.091250
684.233750
684.323750
684.624850
684.666700
684.678700
685.324100
685.338500
685.492200
685.819000
686.593600
686.953800
687.076400
687.167350
687.179000
687.183350
687.197350
687.501950
687.506700
687.661650
687.665900
687.672600
687.678600
687.695550
687.834500
687.875400
687.880000
687.920200
687.926550
688.331400
688.635400
688.639100
688.644600
688.662100
688.706200
688.712850
688.796550
688.820900
689.214600
689.356500
689.361100
689.379100
689.995050
690.039050
690.507650
690.528050
690.811950
691.199100
691.203450
691.213750
691.219500
692.501300
692.506000
692.626750
693.224700
693.228450
693.233300
693.243550
693.763250
693.773300
693.805050
693.809450
693.815350
693.899450
693.903700
695.316550
695.325050
695.334300
695.343450
695.829900
695.833950
695.924250
695.929050
695.952850
695.967650
695.972750
695.987700
696.487050
696.689800
697.001550
697.528700
697.660100
697.689200
697.693500
697.699250
697.701350
697.823200
697.827450
697.834250
698.556350
698.702050
698.706200
698.712250
698.867800
699.727500
699.731550
699.736800
699.918850
699.935450
700.095450
700.587850
700.614700
701.387700
701.390050
701.397400
701.412550
701.494650
701.517900
701.656700
701.739150
701.984400
702.097550
702.517750
702.556650
702.579300
702.583650
702.592100
703.035900
703.041700
703.045450
703.050850
703.320700
703.719450
703.743150
704.033850
704.203700
704.410550
704.414150
704.419950
704.434850
704.463400
704.473550
704.487600
704.684700
704.688500
704.693750
704.696700
705.286050
705.290450
705.468150
705.492000
707.229850
707.238700
708.431700
708.435500
708.441750
709.594050
709.598350
709.605350
710.131350
710.464400
710.757600
710.762700
710.836700
710.841350
710.846000
710.858300
711.230850
711.235050
711.595100
711.599000
711.604500
711.607150
711.610700
711.621400
711.815500
711.825300
711.829050
711.833650
711.836700
711.840200
711.854850
711.858750
711.864850
711.871300
712.004350
712.007900
712.260700
712.319400
712.325450
712.332350
712.576550
712.755150
712.761200
712.909300
713.065700
713.181150
713.184600
713.189000
713.198950
713.223200
713.302400
713.407050
713.496650
713.597000
713.601200
714.275400
714.630000
714.728850
714.859550
715.089400
715.222850
715.552700
715.771650
715.775700
715.781900
716.154900
716.165350
716.259150
716.264350
716.270850
716.345550
716.350050
716.392800
716.554750
716.557850
716.567400
716.591000
716.595950
716.717400
716.971250
716.976250
717.510900
717.739400
717.802950
718.049250
718.053250
718.057550
718.073050
718.372750
718.429500
718.433850
718.436450
718.441050
718.983350
719.292850
719.297150
719.519900
719.716400
719.720400
719.727700
719.744050
719.754150
719.937450
719.979550
720.084750
720.158000
720.237750
720.344200
720.428700
720.432550
720.437450
720.444250
720.453450
720.466000
720.705100
720.725050
720.913950
721.254650
721.657850
721.943950
722.053450
723.763400
723.767300
723.773800
723.781850
724.387900
724.392050
724.399000
724.454500
724.458850
724.469300
724.501950
724.518150
724.520750
724.700850
724.706300
726.119100
726.285400
726.290600
726.856450
726.945300
726.949050
726.954350
726.973300
727.309850
727.314300
727.938100
727.970100
727.975100
727.990150
728.197700
728.873650
728.878300
730.948350
730.952100
730.984300
730.999100
731.041950
731.046150
731.578650
731.644050
731.647800
731.653500
732.139700
732.913300
732.917550
733.127200
733.372050
733.376100
733.382350
735.032250
735.035900
735.165750
735.207700
735.948700
736.097500
736.101850
736.113150
736.460000
737.494000
737.497800
737.503950
737.909800
738.350200
738.355250
738.706250
738.710650
738.718750
739.154650
739.159350
739.173950
739.219450
739.225000
739.418750
739.597000
740.114200
740.298950
741.754450
741.759600
742.636250
742.640700
742.649300
742.653650
742.811450
742.815850
742.822400
743.020500
743.696100
743.936750
744.433500
744.436550
744.675000
744.679300
744.699200
745.197250
745.201200
745.207400
746.166700
746.605800
746.610200
746.923500
748.024700
748.113250
748.117600
748.123450
748.369950
748.418350
748.522150
748.665450
748.669900
748.679350
748.689200
748.715050
748.721950
748.741200
748.917050
748.932650
749.501450
749.869550
750.019850
750.114350
750.118150
750.171100
750.235150
750.399050
750.403500
750.409050
750.413250
750.830750
751.076200
751.179200
751.195250
751.228550
751.233400
751.239200
751.390250
751.394250
751.714450
751.807300
751.811550
752.364050
752.482600
752.499350
752.568900
752.574950
752.662550
752.688650
752.697900
752.861050
752.865850
753.040150
753.291700
753.354850
753.511800
753.971500
754.369250
754.373300
754.379950
754.479950
754.510900
754.689450
754.787500
755.265950
755.322200
755.385950
755.390350
755.551800
755.805900
755.841100
756.038050
756.182050
756.187000
756.199150
756.202400
756.210050
756.215400
756.231350
756.238950
756.450550
756.585800
756.771900
756.776050
757.105600
757.450150
757.468700
757.474250
757.582850
757.721200
757.741800
757.746550
758.152800
758.246150
758.250350
758.256600
758.320650
759.135850
759.295450
759.427350
759.471450
759.499050
759.624950
760.144750
760.645950
760.650650
760.818700
760.827150
760.829400
760.841550
760.865700
760.871150
761.016550
761.103000
761.184300
761.297800
761.801550
763.117350
763.170100
763.277600
763.280250
764.151150
764.206750
764.211050
764.217350
764.231200
764.244400
764.863350
764.868050
764.878450
765.033000
765.047650
765.205600
765.453250
765.457000
765.462250
765.484250
765.644550
765.648600
765.655250
765.860300
765.905500
765.909850
767.140550
767.150150
767.153700
767.183800
767.200900
767.280700
767.392950
767.398300
767.402500
767.419800
767.447950
767.581100
767.745550
767.962300
768.192150
768.196650
768.747900
768.751800
768.791550
768.911700
769.311550
769.705850
769.710400
770.265900
771.030850
771.035650
771.880350
772.739400
772.832500
773.048450
773.055450
773.057700
773.061750
773.588200
773.592000
773.599150
773.888950
774.327150
774.331250
774.401350
774.406250
774.413450
774.518650
774.936900
775.628900
775.633250
775.640300
776.992300
776.995950
777.003000
777.011250
777.112200
777.121700
777.302700
777.724100
778.069700
778.169700
778.174900
778.183800
779.028850
779.033000
779.040250
779.183400
779.187900
779.195050
779.457650
781.059550
781.062150
781.404450
781.653500
781.723050
781.726350
782.102150
782.195000
782.544200
782.548000
782.553150
782.574900
782.581000
782.755150
783.974400
784.714450
784.718100
784.928350
784.994150
786.208750
787.728500
787.732400
787.738650
787.960200
787.964300
788.463550
788.491600
788.495850
788.502800
788.519550
788.557100
788.566000
788.570300
788.585750
789.682900
789.686750
789.691100
789.968450
789.972400
790.783500
790.787800
790.794850
791.127400
791.131850
791.777150
791.862900
791.876600
792.222200
792.226350
792.233050
792.282900
792.287500
793.060550
793.271050
793.275600
793.658400
793.668400
793.680700
794.043250
794.047400
794.054000
794.063050
794.115400
794.119400
794.215000
794.521250
794.526250
794.993750
795.025250
795.028600
795.032750
795.040050
796.025250
796.284500
796.387400
797.452850
797.456450
797.461350
797.467600
797.561450
797.971500
799.984150
800.145750
800.304800
800.308750
800.315000
800.457550
800.461600
800.466850
800.484050
800.532350
800.722000
801.186600
801.369450
801.373600
801.530950
801.535600
801.544050
801.683750
802.158900
802.163650
803.116000
803.119750
803.124400
803.230200
803.234700
803.242100
803.523000
803.527950
803.916450
803.920900
803.926250
804.302200
804.673700
804.683350
805.139650
806.287700
806.291300
806.300750
806.438950
806.443100
806.449400
806.763050
807.011000
807.231500
807.236100
807.242100
808.545050
808.549200
808.555350
808.565450
808.576350
808.598700
808.605700
808.789850
809.192450
809.197400
809.201750
809.214150
810.017400
810.021700
810.027000
810.533800
810.697400
811.157400
811.233900
811.527350
811.652650
811.656700
811.661400
811.667200
811.675050
811.909100
812.476500
812.480400
812.486000
812.828350
813.760200
813.853550
813.875500
814.416350
814.420650
814.645650
814.648000
814.652000
814.659100
814.961950
815.127700
815.506100
815.510500
815.518150
815.551450
815.860150
815.869500
815.874650
815.878800
815.885700
815.923200
815.928750
815.964350
816.034800
816.099250
816.173050
816.179950
816.369500
816.627900
816.631900
816.883700
817.101300
817.235150
817.239350
817.245950
817.260050
817.302050
817.446700
817.517150
817.520100
817.639350
817.643350
817.646850
817.652050
817.663400
817.737950
817.833450
817.990100
818.079300
818.114850
818.203100
818.207850
818.215900
818.235350
818.434300
818.480400
818.491250
818.857050
818.935950
818.946150
819.124850
819.463600
819.559500
819.565600
819.569900
819.665100
819.668900
819.729450
819.742950
819.848650
819.960400
820.037700
820.042000
820.048700
820.255600
820.595600
820.781500
820.813350
820.817500
820.823700
820.830200
820.856150
821.170250
821.411700
821.558250
821.750900
821.903150
821.940850
822.054550
822.304600
822.335800
822.389600
822.472950
822.479000
822.558100
822.993700
822.998750
823.006850
823.209600
823.211900
823.226250
823.289750
823.310000
823.319050
823.722100
823.727150
824.112700
824.394700
824.519950
824.936100
824.991550
825.410550
825.414400
825.419100
825.427450
825.725050
825.729850
825.868950
825.874100
825.942000
826.017200
826.021000
826.029050
826.037050
826.274350
826.278450
826.318250
826.353100
826.473700
826.568250
826.728650
827.103350
827.107600
827.116100
827.415900
827.820500
827.859400
827.862350
827.902250
828.085400
828.590650
828.936800
830.057350
830.061650
830.067400
830.071200
830.096200
830.368950
830.381750
830.385750
830.391150
830.398150
830.496050
831.141600
831.145650
831.151200
831.831300
831.845150
831.886800
832.244600
833.158100
833.264450
833.268700
833.280350
833.328550
833.474800
833.478450
833.486900
833.695350
833.699150
833.703500
833.713300
833.719550
833.726250
833.732050
833.742300
833.746550
833.750750
833.763900
833.771650
834.357450
834.657000
834.660750
834.666200
834.947750
835.457950
835.736700
835.741300
835.942900
836.315300
836.425600
836.429700
836.435350
836.743050
836.747700
837.699650
837.704050
837.710150
837.893350
838.031550
838.035650
838.049000
838.264600
838.391150
839.628900
839.832650
839.836900
839.842000
840.086100
840.090200
840.097750
840.255250
840.263950
840.288250
840.293350
840.306100
840.635900
840.640350
840.665950
840.801500
840.806150
840.812400
840.817550
840.951650
841.018950
841.892350
842.682700
843.129950
843.185150
843.262550
843.540900
843.544800
843.550250
843.591250
843.596300
843.780950
844.143400
844.147500
844.153200
844.346800
844.778950
844.879000
846.391750
846.413650
846.604100
846.607950
847.536050
847.540350
847.546150
847.621050
847.627600
847.813350
848.129200
848.465900
849.098800
849.103050
849.107150
849.109850
849.209350
849.440300
849.444900
849.450500
849.460500
849.494650
849.935450
849.944250
849.948950
849.954600
850.091650
850.159400
850.522750
851.111950
851.503400
851.891550
852.134450
852.138650
852.159800
852.391200
852.679800
852.684000
852.942100
853.358950
853.364200
853.541000
853.545400
853.556400
853.590250
853.928800
854.059350
854.063350
854.069150
854.264650
854.493100
854.993550
855.078700
855.203300
855.253650
855.259000
855.340400
856.170050
856.174100
856.179500
856.361750
856.393900
857.069350
857.400550
857.414100
857.418400
857.426250
857.463250
857.528300
857.774150
857.819250
858.982550
859.568400
859.659200
859.960250
860.192000
860.195450
860.199100
860.204350
860.361650
860.366050
860.371600
860.385600
860.437250
860.442600
861.199400
861.471150
861.559000
861.563400
861.636800
861.640800
861.645950
861.654700
861.794500
861.799200
861.805400
861.932050
862.274850
862.312750
862.504350
863.176450
863.240250
863.548400
863.640150
863.662800
863.666300
863.672250
864.153650
864.333600
864.337700
864.342850
864.401000
864.409250
864.472300
864.600150
864.604850
864.612900
864.623850
865.088350
865.092750
865.252800
865.257900
865.301600
865.389750
865.393850
865.511750
865.517400
865.535250
865.542500
865.554900
865.704900
866.002450
866.292700
866.297100
866.303950
866.315900
866.616050
867.119650
867.328350
867.333300
867.341200
867.693750
867.836850
868.077550
868.784150
869.606400
869.842350
870.387450
870.840800
870.906800
870.910650
870.915250
870.921650
870.931900
871.846450
871.850200
872.314950
872.318500
872.324400
872.334600
872.351300
872.386000
872.391800
872.530700
873.586200
873.590200
873.596100
873.607400
873.652600
873.873800
873.877950
873.883200
873.912750
873.916550
873.928350
875.138350
875.326900
875.552950
875.559650
875.571650
875.923800
875.928000
875.938350
875.949050
876.537350
876.862000
876.922650
877.257800
877.654550
877.658300
877.664150
878.140950
878.145950
878.153500
878.564150
878.766400
879.100200
879.111800
879.115900
879.122050
879.182100
879.390850
879.742050
879.746200
879.753450
880.720450
880.860550
880.941800
881.219700
882.113200
882.313350
882.635500
882.639550
882.645300
883.416400
883.574450
883.658250
883.662200
883.669500
883.782950
883.787050
884.034850
884.090200
884.175550
884.385150
884.391050
884.393100
884.396400
884.411250
884.418850
884.450600
884.456100
884.688200
884.693150
884.867600
884.872400
885.725550
885.986900
886.386200
886.456100
886.511550
886.541950
886.545800
886.551000
886.560450
886.568250
886.573700
886.581800
887.349400
887.963400
888.149950
888.587350
888.625900
890.796950
890.947550
891.174550
891.370950
891.374700
891.381550
891.422550
891.426650
891.603850
891.861450
891.866500
893.483100
894.136650
894.140300
894.145000
894.153100
894.239000
894.710950
894.715200
894.721200
894.806350
894.810550
894.828000
896.134900
896.296200
896.300100
896.746250
896.870850
897.197650
897.260700
897.265050
897.510400
897.991550
898.287350
898.291550
898.294700
898.297550
898.373350
898.485050
898.489500
898.497000
898.756350
898.760600
898.768450
898.956500
899.844700
899.848750
899.854650
899.864450
899.879250
900.160600
900.394700
900.399450
900.545850
900.794350
900.798750
900.808000
900.820800
901.028400
901.285600
901.515050
901.554750
901.736450
901.740500
902.239600
902.243450
902.251300
902.435150
902.468650
902.785950
902.789900
902.801050
903.188200
903.575500
903.579700
903.585500
903.709700
903.949950
905.416900
905.716000
905.719700
905.724450
905.729150
905.740400
906.135950
906.140400
906.150600
906.161750
906.218550
906.250100
906.258400
906.266300
906.656350
907.081800
907.734400
907.798100
907.802600
907.808850
908.112100
908.269350
908.345350
908.724250
909.386050
909.390050
909.400550
909.404800
909.575850
909.714550
910.126050
910.139900
910.154550
910.159800
910.166300
910.172700
910.179400
910.189700
910.293950
910.328600
910.913100
911.218000
911.528700
911.532500
911.542150
911.652100
911.989900
912.427850
913.672650
914.205750
914.666750
914.670450
914.676250
914.967250
914.971800
914.979500
915.228450
915.383500
915.461900
915.627500
915.990800
915.994600
915.999400
916.375800
916.633150
916.779150
917.008150
917.011800
917.017550
917.551150
917.591050
917.594900
917.601050
917.612350
917.952950
918.380750
918.975650
918.980150
918.987700
919.109500
919.140150
919.144400
919.147850
919.150050
919.155450
919.183350
919.744200
919.748300
919.754400
919.824250
919.828350
919.839900
919.845050
920.082900
920.341700
920.358500
921.007450
921.656900
922.140400
922.144250
922.150250
923.015150
923.104300
923.363050
923.365600
923.369700
923.375050
923.382100
923.392150
924.785200
924.789850
924.811950
924.817200
924.891400
924.896550
925.314200
925.855800
926.434500
926.438900
926.906900
927.003300
927.007700
927.029650
927.355200
927.359450
927.995950
928.076300
928.080450
928.086250
928.145250
928.149300
928.155650
928.516950
928.521350
928.530750
928.626400
929.054000
929.571200
929.679350
930.212800
930.216450
930.222000
930.599600
930.603700
930.609800
930.892150
930.969600
930.974050
930.979400
931.478750
931.518000
931.781600
931.786300
931.878550
932.411550
932.416900
932.880900
932.945750
933.199550
933.379900
933.533500
933.537500
933.968550
934.327150
934.333400
934.512200
934.516700
934.527850
934.648250
935.725000
936.476050
936.639300
936.643300
936.648600
936.996050
937.028200
937.267900
937.272050
937.279350
937.300300
937.313750
937.588700
937.593200
937.601100
937.870050
937.873800
938.445450
938.526300
938.531150
938.545900
938.564000
938.928400
939.022000
939.202600
939.539050
939.616650
939.620400
939.625500
939.734450
940.455750
940.468250
941.785600
941.789550
941.796700
941.805650
942.343900
942.377500
942.393700
942.409750
942.703350
942.767650
943.764600
943.768350
943.777000
944.081800
944.085750
944.092900
944.223200
944.227800
944.233800
944.243800
944.756350
944.760100
944.766650
944.776650
945.107200
945.522850
945.699700
947.101400
947.105000
947.110150
947.116450
947.316750
947.322200
947.339850
947.347800
947.385300
947.464800
948.957800
948.963400
949.687900
949.692100
949.701950
950.096050
950.099800
950.105100
950.110700
950.121300
950.972600
951.772900
951.777000
951.783350
951.858300
951.865500
951.892800
951.896950
951.902050
952.069200
952.155800
952.160500
952.165950
952.180800
953.283100
953.434000
953.438050
953.443900
953.546400
953.555100
954.196600
954.430650
954.434850
954.440200
954.452600
954.640700
954.780750
954.786100
954.795050
955.965600
956.161600
956.165150
956.178100
956.187950
956.195400
956.606300
956.610450
956.616750
956.664500
956.668750
956.676150
956.742800
956.748550
957.282250
957.346400
957.351750
957.860050
958.228850
958.232900
958.239200
958.517600
958.576150
958.580400
958.878250
959.072600
960.770100
960.782350
960.895750
960.899700
961.075750
961.127750
961.141050
961.941200
961.945350
961.949550
961.952400
961.959750
961.967250
962.134200
962.137000
962.141100
962.151750
962.172400
962.180000
962.244300
962.249200
962.545800
962.605800
962.622450
963.617000
963.679350
964.266500
964.270200
964.279150
964.344600
964.546250
964.550100
964.554950
964.563000
965.040600
965.128000
965.131800
965.209900
965.222800
965.226850
965.385400
965.633800
966.322600
966.795300
966.801250
967.010800
967.313300
967.317200
967.322850
967.356550
967.810000
967.814250
967.820400
969.142100
969.146200
969.151600
969.351500
969.461700
969.698400
969.702250
969.708750
969.732500
969.827050
970.050950
970.387000
970.390850
970.393700
970.395950
970.575250
971.180700
971.445900
971.738950
971.745900
971.842150
971.846000
972.169850
972.174850
972.605800
973.232100
973.803550
973.807750
973.813800
973.820200
973.830850
974.054750
974.071250
974.076850
974.554200
975.128700
975.132850
975.270150
975.274600
975.281550
975.692500
975.696750
975.705950
975.846500
976.340400
976.344550
976.602350
976.608250
977.053150
977.097500
977.329700
977.334250
977.906700
977.957000
977.961950
977.969050
977.976350
978.116500
978.336850
978.342000
979.604700
979.609750
980.065900
980.511300
980.581900
980.996450
981.000750
981.365900
981.373050
982.054200
982.174050
982.178300
982.186600
982.194400
983.008100
983.012450
983.021350
984.222350
984.226850
984.232050
984.256850
984.721000
984.831600
984.835100
984.839800
984.850700
986.333150
986.337100
986.342050
986.961350
987.740150
987.979650
988.226500
988.230450
988.239100
989.038950
989.520800
989.543450
989.608750
989.976350
990.079850
991.284650
991.289500
991.313650
991.320350
991.624250
991.628650
991.855450
991.880750
991.885750
991.894350
991.904050
992.010350
992.378800
992.740400
992.744150
992.749850
992.759500
993.216850
994.169750
994.230850
994.234450
994.240050
994.252300
994.455100
994.459100
994.463100
994.468900
994.475650
994.491750
994.549800
994.719800
995.541450
995.620750
995.763100
995.774050
995.778150
995.789100
996.429800
996.434000
996.665200
998.769550
998.773200
998.778750
998.786500
998.795600
998.906250
999.108100
999.214900
999.218500
999.223700
999.507050
999.870600
1000.792450
1000.796550
1000.802900
1000.955000
1001.356150
1001.359250
1001.409900
1001.748950
1002.327800
1002.554450
1002.815700
1003.248450
1003.287200
1003.351300
1003.844950
1003.848900
1003.856700
1003.893950
1003.899600
1003.905150
1004.191850
1004.195500
1004.200750
1004.221350
1004.445100
1004.450100
1005.059800
1005.273750
1005.307200
1005.311950
1005.428900
1005.433300
1005.440300
1005.884000
1005.913800
1006.020150
1006.037450
1006.041500
1007.448900
1007.452500
1007.457750
1007.466550
1007.474750
1007.656900
1007.707400
1008.063450
1008.156300
1008.872900
1009.222700
1009.363350
1009.366900
1009.369250
1009.371350
1009.376650
1009.383900
1009.395200
1010.170000
1010.189600
1010.192400
1010.196300
1010.644950
1011.694800
1013.016350
1013.020600
1013.025250
1013.035750
1013.281600
1013.336700
1013.354000
1013.361850
1013.723600
1014.863550
1014.868300
1014.882250
1015.094850
1015.319850
1015.398100
1015.783850
1015.787450
1016.243200
1016.475850
1016.480000
1016.749800
1016.829100
1017.006200
1017.009950
1017.015100
1017.021300
1017.402100
1017.428700
1017.445900
1017.490800
1017.815650
1017.819800
1017.826350
1017.834950
1017.863150
1017.865900
1017.872550
1018.123400
1018.560050
1018.697800
1018.850750
1019.620300
1019.740900
1019.797900
1020.359350
1020.363450
1020.597150
1020.601900
1020.610400
1021.092650
1021.140250
1021.215550
1021.219450
1021.225950
1021.867900
1021.907250
1022.156400
1022.268050
1022.272500
1022.286250
1022.623200
1022.627250
1022.632800
1022.737050
1022.741550
1022.756900
1022.763350
1023.163250
1023.882100
1023.886050
1023.890900
1025.443300
1025.447750
1026.022800
1026.194250
1026.198650
1026.205400
1026.614300
1026.634550
1026.638700
1028.126100
1028.131100
1028.167700
1028.171500
1028.448150
1029.162900
1029.165900
1029.920350
1029.935000
1029.938950
1029.945700
1030.194650
1030.198950
1030.206800
1030.496700
1031.260800
1031.420100
1031.424150
