5.317750
10.204850
10.207950
10.224150
10.292350
10.358300
10.568750
10.647900
10.764700
10.986800
12.534900
12.537350
12.540600
12.548750
12.556350
12.718750
12.730900
13.535050
15.984950
18.070800
18.073000
18.075500
18.078350
18.635800
19.363400
19.366550
19.372500
19.378700
19.382600
19.392950
19.408250
21.080500
21.082800
21.085550
21.088500
21.112500
21.349250
22.193900
22.196500
22.199250
22.202850
24.601350
24.603950
24.606950
24.621150
24.623900
25.131450
25.133950
25.137050
25.140800
25.181050
25.805100
25.829550
27.212800
27.215100
27.217600
27.221550
27.225250
27.239050
27.255800
27.622350
28.269800
28.272400
28.278400
28.744950
29.274100
29.276600
29.279500
29.292550
30.211300
31.362150
31.545350
31.547700
31.550600
31.554400
31.579400
31.603700
32.698200
32.713200
34.461150
35.448750
35.482400
35.855800
35.898100
36.627650
37.474600
37.513750
38.092600
38.802900
39.265850
39.297900
39.318450
39.339550
41.184150
41.531950
41.534450
41.537200
41.540500
41.578550
41.585350
41.596300
41.876700
43.081300
44.209400
44.211850
44.214650
44.224350
44.233400
44.245550
44.648800
44.651550
44.655250
45.161800
45.237600
45.240000
45.242900
45.253300
45.936700
45.950050
45.994650
46.107500
47.019000
47.021450
47.024350
47.047500
47.299700
47.706200
47.708750
47.711500
47.715150
48.988400
48.990800
48.993450
49.002000
49.018250
49.020400
49.128650
49.143450
49.146700
49.793200
49.795500
49.798450
49.810200
49.817800
49.881050
50.188500
51.245850
51.248300
51.251150
51.254850
51.267450
51.541500
51.555000
51.636150
51.744000
52.694050
52.696400
52.699300
52.703300
53.553300
53.555700
53.558600
53.573950
53.577300
53.601700
53.604000
53.888050
53.904500
53.924150
53.996600
54.358900
54.757850
54.932450
54.934750
54.937600
54.941000
54.951800
55.230350
56.560750
56.563700
56.992300
56.994700
57.003350
57.012150
57.051550
57.277800
57.429650
57.442600
57.445300
57.448500
57.451600
57.454350
57.469000
57.472050
57.475100
58.036150
58.936200
58.938500
58.941300
58.944500
58.947850
58.956250
58.960100
58.970300
58.974450
58.978900
59.938950
59.941550
60.491150
60.594550
60.840100
61.129200
61.144300
61.430950
61.433400
61.436450
61.535200
62.674600
62.677000
62.680150
62.682650
62.697000
62.725650
63.009800
63.325100
63.341050
63.343600
63.350450
63.359800
63.775000
65.052450
65.054750
65.057500
66.891700
67.182500
67.184950
67.188050
67.195850
67.211050
67.213550
67.565750
68.191950
68.199700
68.304500
68.543900
68.546450
68.549550
69.374900
69.406500
69.812250
69.825600
69.870000
71.843800
71.883800
72.143350
72.642550
75.420450
75.879700
76.099650
76.778650
79.995550
80.216050
80.603800
80.615650
80.695400
81.794750
82.413450
82.455200
82.600450
82.615700
83.975900
85.016850
85.396850
85.416700
85.420400
85.996400
86.381850
86.837750
87.069950
87.630450
88.107150
88.109650
88.112400
89.239400
89.241950
89.244550
89.248000
89.253750
89.261000
89.267200
89.303900
89.308600
89.516150
90.032750
90.035350
90.497100
90.679750
91.459650
91.462000
91.464950
92.297700
92.841250
92.846050
92.849000
92.852800
92.858750
92.866250
92.875050
92.879000
92.887350
93.024250
93.087300
93.290850
93.800700
93.937100
93.940050
93.943200
94.087150
94.211500
94.366500
94.369150
94.802350
95.384200
95.386650
95.389750
95.894500
95.914200
96.123150
98.709250
98.718900
99.284300
100.266200
100.269250
100.288150
100.580000
100.590400
100.680350
100.682950
100.685850
101.315600
101.364200
101.453250
101.456500
101.462800
101.487850
102.056500
102.825400
102.828050
102.832400
103.947200
103.949650
103.964900
103.971400
103.976950
104.348150
104.607700
104.610300
104.616850
104.864100
104.876900
105.459900
105.844650
105.846950
105.850200
106.112400
107.127100
107.403900
107.409550
107.927700
107.930550
107.934750
108.134800
108.208850
109.335000
109.337800
109.913550
110.052100
110.054650
110.057950
110.594300
110.596800
110.600250
110.774150
110.776950
110.783000
110.797250
111.033950
111.918400
112.276800
112.279200
112.282200
113.186050
113.238700
113.657200
113.659500
113.662150
113.665800
113.669250
113.674450
113.682000
113.695300
114.048250
114.322600
114.325050
114.328500
114.429150
114.676800
114.814000
115.213100
115.215800
115.238100
115.484950
115.588600
115.591500
115.594550
115.607700
115.610250
115.615450
115.628050
115.643250
115.703850
115.708850
116.710900
116.713650
116.716700
117.701100
117.728850
119.663250
121.091350
121.537600
121.540400
121.565300
121.568850
121.885200
122.116700
122.119350
122.122150
122.754750
122.999100
123.001700
123.004550
123.008150
123.018250
123.376300
123.378900
123.382050
123.393900
123.768950
124.694200
124.696750
124.699800
124.715650
124.802750
124.805350
124.808750
124.821700
124.834900
124.845450
125.441300
125.443850
125.446950
125.913150
126.297800
126.300300
126.303750
126.991050
127.000900
127.683050
127.685450
127.688050
127.691000
127.695000
127.699900
127.714250
128.383500
128.386550
128.680600
128.683100
128.686300
128.857050
129.544600
129.547050
129.550150
129.811300
130.722650
130.725200
130.731950
130.756250
131.556750
131.559050
131.562150
131.569750
131.578250
131.630800
131.827650
132.042000
132.072350
132.075050
132.879250
133.204500
133.207100
134.168700
134.171200
134.187150
134.622750
134.625250
134.855200
134.907600
135.013850
135.016250
135.019250
135.608000
135.610850
136.014300
136.017200
136.034950
136.309600
136.719100
136.747550
136.751600
136.759800
136.763600
136.771900
137.080850
137.083550
137.087800
137.090800
137.120450
137.815800
137.825300
139.492200
139.746200
139.996900
139.999600
140.193350
140.195750
140.199000
140.202850
140.212200
140.240200
140.253150
140.628000
140.649050
140.703000
141.118650
141.121400
141.151650
141.156000
141.687650
141.705800
141.722600
142.559250
142.801100
143.191850
143.358950
144.196950
144.199700
144.203200
144.259300
144.281200
144.535400
144.544150
144.547450
144.987250
145.072800
145.304100
145.306800
145.318950
145.598250
145.600700
145.603800
145.608100
146.228550
146.888900
146.891250
146.894800
147.355450
147.357950
147.361150
147.365550
147.930900
148.332200
148.334600
148.771350
148.774150
148.777700
149.046250
149.057450
149.232350
149.235350
149.450350
149.758900
149.761850
149.765550
149.950150
149.953000
149.957000
149.969150
150.935150
151.142500
152.439800
152.442600
152.446300
152.679050
152.682000
152.691400
152.723550
152.767450
152.770100
152.780900
153.020200
153.108300
153.355150
153.506700
153.509150
153.512200
153.856300
153.858900
154.449400
154.452300
154.998150
155.000850
155.017150
155.026650
155.460050
155.573950
155.576300
155.579450
155.647350
155.650650
155.654350
156.056600
156.059550
156.063050
156.541850
156.567450
156.575300
156.995350
156.997700
157.001650
157.007900
157.736600
157.739100
157.835700
158.009900
158.012700
158.020000
158.331300
158.377750
158.379800
158.579500
158.607450
158.609950
158.613250
159.278750
159.281350
159.284350
159.288750
159.475300
159.740650
159.743200
159.878850
159.886600
160.436750
160.439650
160.659800
160.662350
160.666650
160.735250
161.240200
161.564200
161.569850
161.773400
161.775850
161.779100
162.457450
162.984800
162.987150
162.990050
163.006600
163.224000
163.555250
163.557750
164.186400
164.339300
164.342150
164.605850
164.608450
164.611450
164.617700
164.926750
165.673450
165.688500
166.031000
166.033650
166.037000
166.041000
166.057650
166.068350
166.266700
166.276700
166.279400
167.110550
167.113100
167.117750
167.859500
167.862200
167.865700
167.884850
167.907400
167.912950
168.337650
168.483300
169.607500
169.610450
169.658300
169.661150
169.736050
169.739200
169.893550
170.090450
170.093300
170.543600
170.546150
170.551750
170.555850
170.565950
170.998900
171.002800
171.019400
172.087500
172.477850
172.480350
172.483150
173.169650
173.787800
173.791650
174.369200
174.378950
175.119650
175.122050
175.125150
175.129550
175.143400
175.635400
176.056100
176.058700
176.062200
176.090200
176.094050
176.124750
176.138850
176.597700
176.600450
176.708200
176.722500
176.736450
177.391300
177.393800
177.709950
177.712550
177.715650
177.727350
177.732150
177.743300
177.752800
178.031250
178.336850
178.357200
178.582450
178.585550
178.588900
178.603900
178.634450
178.637300
178.640700
178.657100
179.447250
179.449850
179.453100
179.467000
179.472700
179.778500
179.781400
179.787500
179.796550
179.805700
179.983300
180.172300
180.175900
180.179050
180.182400
180.189950
180.431850
180.435050
180.582100
181.249850
181.252300
181.255250
181.417550
182.277500
182.280350
182.283750
182.699500
182.702200
182.894850
182.898100
183.142200
183.339300
183.676450
183.679200
183.840900
183.843950
184.305450
184.308150
184.329800
185.083800
185.086450
185.501300
185.504050
186.174700
186.198300
186.812150
186.814550
186.817300
186.841050
187.113450
187.127250
187.175600
187.178050
187.181450
187.192350
187.201550
188.062850
188.065300
188.068750
188.076050
188.078100
188.276200
188.279400
188.374650
188.693000
188.696200
189.065400
189.347950
189.350650
189.363100
189.389300
189.392950
189.715400
189.718100
190.745800
191.007150
191.009750
191.012800
191.433900
191.454750
191.457550
191.482850
191.891950
191.903850
191.907150
192.200100
192.471000
192.553500
192.555950
192.558800
192.568450
192.575800
192.585550
192.827650
192.829950
193.242000
193.249800
193.855650
193.858250
193.861400
193.873600
193.876800
193.886300
193.904250
194.403500
194.406200
194.421650
194.519550
194.522250
194.525600
194.938200
194.940600
194.950050
194.995650
196.224950
196.227750
196.270350
196.273050
197.116050
197.319850
197.507850
197.510750
197.513950
197.527950
197.646550
197.906300
197.908850
197.912000
197.915950
197.920500
197.924400
197.941400
197.955300
197.961200
198.886750
199.324600
199.327600
199.330850
199.922850
200.380300
200.414500
200.417800
200.438750
200.745450
200.942900
201.109750
201.112650
201.527850
201.530150
201.533000
201.537000
201.552500
202.424250
202.427150
202.692050
203.175750
203.178450
203.181200
203.582900
203.661450
203.738000
203.740700
204.484250
204.486650
204.489500
204.493600
204.498650
204.704700
204.707550
204.712250
204.723300
204.771250
204.774550
204.784500
205.059800
205.194050
205.805500
205.807950
205.811100
205.863700
205.867650
206.280150
206.282900
206.690500
206.820850
206.823200
206.826350
207.039500
207.109100
207.111600
207.872850
207.875600
208.218250
208.461400
208.899850
208.902800
208.913500
208.923900
209.348400
209.351500
209.638200
209.736900
209.784250
209.966000
210.092950
210.319200
210.321650
210.324700
210.328100
210.335300
210.761900
210.772500
210.782750
210.785400
210.921650
211.501550
211.762750
211.765550
211.797850
211.801100
212.047700
212.280900
212.353350
212.356050
212.598300
212.601100
212.726000
213.888300
213.890600
213.893550
213.907050
213.934700
214.774600
214.776800
214.934900
214.937400
214.941050
215.006350
215.458700
217.124300
217.126800
217.129850
217.140800
217.149350
217.174500
217.520700
217.523100
217.526250
217.529800
217.534150
217.547850
217.695450
217.869900
218.571650
218.574600
219.152200
219.159600
219.443300
219.701650
219.704250
219.707350
219.919550
219.922200
219.925700
219.944450
220.298050
220.304150
220.902850
220.905500
221.379550
221.383000
221.743500
221.746100
222.311850
222.314350
222.317600
222.840050
222.842900
222.862150
223.536550
223.539900
224.196700
224.199700
224.203600
224.401600
224.431100
224.433550
224.436500
225.054500
225.057150
225.066000
225.080650
225.666100
225.668700
225.671800
226.492850
226.496750
226.507750
227.279550
227.285050
227.792150
228.052500
228.055050
228.057800
228.061400
228.074450
228.921900
228.924550
228.927850
229.720900
229.886350
229.888850
229.891650
229.896350
229.929250
229.936350
229.959900
230.206600
230.208950
230.212150
230.216550
230.899700
230.903000
231.201000
231.203600
231.219600
231.223950
231.638350
231.641450
231.807700
232.621700
232.624250
232.627950
233.141450
233.146050
233.155300
233.191050
233.193650
233.213150
233.465350
233.495050
234.796300
234.847300
234.849750
234.853100
235.065800
235.068600
235.071650
235.079600
235.087450
235.092950
235.417850
235.504650
235.516850
235.762600
236.115300
236.117850
236.121600
236.137550
236.140000
236.154700
236.384150
236.679600
236.682300
236.998800
237.001250
237.004550
237.012850
237.597600
238.531000
238.533800
238.537250
238.614500
238.617750
238.621950
238.863150
239.347900
239.963800
239.966200
239.969750
240.128450
240.179050
240.181750
240.306050
240.926750
240.929050
240.937950
240.947850
240.953550
240.959850
241.895450
241.897850
241.900700
242.256700
242.259250
242.262300
242.273100
242.285300
242.459250
242.760800
244.029950
244.032950
244.036750
244.431400
244.433900
244.437700
244.447800
244.787800
244.793950
244.942350
245.090100
245.093200
245.144800
245.147600
245.717150
245.868200
246.947700
246.950200
246.953000
246.961300
246.965250
246.968200
246.980900
247.061950
247.065150
247.339200
247.342050
247.353000
247.356050
247.358950
248.575850
248.786100
248.789100
249.186800
249.246200
249.248900
249.252400
249.731100
249.736950
250.280350
250.283450
251.148300
251.150950
251.154200
251.166000
251.170150
251.206500
251.210650
251.218900
253.103750
253.106150
253.109500
253.266100
254.091550
254.793850
254.796200
254.799050
255.091650
255.094300
255.097750
255.808300
256.069050
256.071400
256.074200
256.077700
256.089600
256.394900
256.397400
256.400600
256.407350
256.411150
256.417400
256.424000
257.087400
257.141000
257.914150
257.916650
257.919800
257.938150
257.946000
257.964650
257.974950
258.305750
258.465800
258.468600
258.681150
258.683750
258.695450
258.706700
258.726500
259.328250
259.331000
259.480550
259.638850
259.641750
259.669550
259.887500
259.890100
260.347800
260.878800
260.881400
260.910350
260.913350
260.961900
260.964450
260.968450
261.568250
261.878100
261.880750
261.884450
261.893800
261.920950
262.652750
262.655700
263.552050
263.554750
264.133950
264.136400
264.148850
264.282450
264.474150
264.567750
264.602700
265.383600
265.385950
265.388800
265.392300
265.423850
265.791150
265.793750
265.796550
265.800550
265.803850
265.813550
265.817400
265.852400
265.855600
266.248800
266.560050
266.562600
266.608750
266.619300
266.632200
267.233950
267.236500
267.240650
267.768350
267.771450
267.938200
267.940750
267.943550
267.947000
267.954750
267.956900
267.965200
267.968900
267.991250
268.169400
268.667600
268.670450
268.963900
269.161600
269.164550
269.676200
269.678800
269.935550
269.939300
270.200750
270.208700
270.220550
270.728600
270.731000
270.734650
271.349000
271.351600
272.048900
272.291400
272.294150
272.297550
272.319350
272.669850
272.711500
272.714200
272.717550
272.721250
272.725500
272.737300
273.055450
273.326950
273.329700
273.364000
273.376600
273.386550
274.110400
274.113250
274.116900
274.120950
274.134050
274.180200
274.448300
274.450800
274.934000
274.936650
275.151450
275.240400
275.243700
275.538650
275.565400
276.084500
276.097250
276.127100
276.175900
276.223450
276.227050
276.230850
276.465250
276.467750
276.470800
277.123350
277.126200
277.629750
277.632450
277.968600
277.971100
277.974200
278.145950
278.148800
278.897900
278.900700
278.904850
279.478550
279.641350
279.644350
279.648600
280.010850
280.013550
280.120750
280.130850
280.161350
280.164450
280.236400
280.240350
280.478000
281.068100
281.682800
281.685350
281.688250
281.700900
282.098950
282.101350
282.148600
282.170550
282.173800
282.177350
282.552750
282.555550
282.573150
282.606650
282.735150
282.818350
282.963050
282.965600
282.968550
282.972850
283.841250
283.843600
283.846300
283.851750
283.869750
284.009150
284.384150
284.387450
284.992650
285.111500
285.114100
285.435400
285.608850
285.611700
285.829450
285.832250
286.335050
286.455250
286.909400
286.911900
286.982750
286.986100
286.993650
287.166650
287.330100
287.332500
287.336350
287.533350
287.538050
287.837700
287.841100
287.859900
287.863450
289.726800
289.729300
289.734150
290.034250
290.036850
290.040600
290.261200
290.263750
290.272800
290.369300
290.376700
291.309350
291.884250
291.976400
292.729150
292.732100
293.853000
293.855450
293.858200
293.866850
294.273350
294.275800
294.499750
294.524700
294.527550
294.811450
294.815000
294.818900
295.373450
295.376050
295.379000
295.394550
295.408800
295.626950
296.023150
296.026100
296.609600
296.612050
296.615000
296.617900
296.626700
296.641050
296.881450
297.020200
297.022750
297.027800
297.073500
298.051700
298.054250
298.057150
298.060500
298.069200
298.317550
298.431650
298.434200
298.822500
298.826450
298.878750
298.882150
299.847850
299.850150
299.860550
299.872850
299.881350
300.174400
300.197650
300.350300
300.629850
301.327950
301.330600
301.334000
301.639800
303.100000
303.102650
303.139900
303.146200
303.149350
303.665750
303.668400
303.671250
303.720650
303.730500
304.396650
304.802050
304.822300
304.837200
305.234050
305.236150
305.238700
305.246450
305.250750
305.465950
305.468300
305.471950
306.332900
307.333450
307.336000
307.347350
307.354100
307.553150
307.556100
307.791150
307.793750
307.797050
307.991350
307.994400
308.007050
308.129250
308.132250
308.141100
308.406900
308.456900
308.584150
308.980400
308.983250
309.114700
309.117550
309.461600
309.464400
309.495400
309.953350
309.955950
310.229050
310.373050
310.375650
310.379050
310.388300
310.585450
310.587850
310.591200
310.595050
310.826100
310.828800
310.832450
310.949350
311.234950
311.241450
311.245050
311.827950
311.830600
311.833400
311.841500
312.329650
312.474100
312.479100
312.482650
312.500600
313.414050
313.417000
313.433200
313.436100
313.439650
313.444700
313.692750
313.695350
313.863000
313.866250
313.963900
313.971200
314.018250
314.021400
314.739450
314.742150
314.745900
315.162750
315.484100
315.486950
315.495500
315.931050
315.933750
316.979750
317.125350
317.127900
317.130800
317.835200
317.837650
317.840650
318.448900
318.451700
318.862450
318.865050
319.009700
319.583500
320.055850
320.431000
320.433300
320.436400
320.452150
320.467400
320.692950
321.810900
321.813550
322.122650
322.125800
322.991050
322.993850
323.498350
323.500800
323.503650
323.507850
323.733150
323.747850
323.750400
323.753350
323.756650
323.758900
324.152900
324.227550
324.230050
324.233000
324.986300
324.988700
324.991750
324.995950
325.197400
325.342050
325.378800
325.439550
325.456100
325.878700
325.881400
325.885700
325.943000
325.945700
326.158350
326.161100
326.661750
327.956500
327.958800
327.961700
328.343100
328.345450
328.348400
328.815850
328.818650
328.822400
329.322450
330.001850
330.562850
330.626950
330.629300
330.632000
330.635200
331.309900
331.312400
331.566950
331.569850
331.573300
331.754100
331.756600
332.254000
332.614350
332.616700
332.620100
332.643950
332.999300
333.009750
333.012700
333.017500
333.140250
333.760250
333.762600
333.765900
333.784100
334.090150
334.572150
334.574600
334.577500
334.580750
334.724200
335.567300
335.831700
335.853000
335.855800
335.858350
335.863800
336.043250
336.046300
336.052700
336.059500
336.078800
336.080850
336.096000
336.467100
336.469650
336.472650
336.660100
337.014800
337.739850
338.025000
338.027450
338.064700
338.138600
338.141600
338.148750
338.731100
338.734000
339.314850
339.317550
339.332600
339.339350
339.355300
340.113200
340.143850
340.146550
340.162700
340.462050
340.470650
340.473350
340.476600
340.480900
340.486450
340.505250
340.670950
341.047950
341.050500
341.774150
341.776800
341.779900
342.563400
342.584450
342.967750
342.973550
343.144500
343.677300
343.680000
343.841700
344.551700
344.554300
344.557200
344.825900
344.828850
344.996500
344.999100
345.012950
345.231400
345.238400
345.242100
345.680100
345.682600
345.692700
345.710250
347.404100
347.406800
347.409650
347.413100
347.469350
347.991200
347.993800
348.449700
348.461450
348.463850
348.466700
348.475450
348.479200
349.040650
349.043900
349.578450
349.712600
349.715050
349.718500
349.956700
349.993700
350.303100
350.305700
350.308750
350.319650
350.324400
351.091100
351.093850
351.315100
351.602450
351.605000
351.916700
351.919100
351.922350
352.353450
352.356200
353.126050
353.128450
353.131250
353.181850
353.184900
353.656400
353.659050
353.693700
353.700800
353.709850
354.288200
354.298400
354.317550
355.284750
355.287150
355.289900
355.293300
355.617100
355.619650
355.648050
355.651550
355.662550
355.798950
355.923250
356.555700
356.558650
356.592250
356.921150
357.257200
357.259800
357.271650
357.469650
357.472200
357.635500
358.376300
358.378950
359.150650
359.153000
359.155800
359.626400
359.629100
359.642250
359.869300
360.056850
360.059500
360.839850
360.842300
361.022900
361.029850
361.033150
361.037450
361.055600
361.076700
361.079350
361.082400
362.268750
362.271550
362.874100
362.876550
362.879750
364.009500
364.011850
364.014900
364.169750
364.172050
364.183300
364.187550
364.439550
364.887050
364.889500
364.899100
365.750450
366.357250
367.509750
367.586800
367.589800
367.599400
367.727150
367.795150
367.798350
367.812550
367.914200
369.006850
369.009450
369.013150
369.407800
369.410600
370.300250
370.303200
370.306800
370.702950
370.705150
370.708000
371.578750
371.581250
371.584700
372.227900
372.230700
372.233650
372.238700
372.242800
372.247000
372.714400
373.947400
373.950150
373.953350
374.095750
374.224450
374.226850
374.229800
374.233800
374.245300
374.777950
374.780450
374.808350
375.110900
375.113300
375.116700
375.609050
376.278400
376.456600
376.497000
376.500000
376.503150
376.509150
376.513050
376.520600
377.392700
377.395300
377.399450
377.913000
377.916200
377.938000
377.941200
378.276900
378.908800
378.957650
378.960100
378.963200
379.498500
379.501600
379.847500
379.850450
380.257900
380.260550
380.488550
380.491550
380.818600
380.821400
381.068550
381.072000
381.284850
381.419150
382.395500
382.398100
382.577500
383.302300
383.304700
383.307350
383.310800
383.358250
383.453100
383.657050
383.663300
383.876050
383.879050
384.043550
384.046100
384.165100
384.194800
385.557300
385.763000
385.765550
385.768850
386.133800
386.136200
386.139200
386.147000
386.384650
386.468550
386.596950
387.525150
387.527700
387.530350
387.534100
388.203400
388.205900
388.209150
388.377450
388.430050
389.241250
389.243950
389.780650
389.952300
390.117850
390.945200
390.947900
391.058650
391.061650
392.123150
392.125650
392.128500
392.142100
392.909750
392.912750
392.915400
393.838750
393.841200
393.845350
394.615300
394.669850
394.848650
395.115050
395.117900
395.194200
395.196850
396.525750
396.528100
396.530950
396.903350
396.905900
397.931900
398.020550
398.023250
399.423650
399.426050
399.429050
399.432750
399.899300
399.901800
400.082350
400.085400
400.703700
400.706250
400.710200
400.732800
400.859150
401.122400
401.709050
401.711600
401.714700
402.340850
402.343450
402.346700
403.983950
403.986450
403.989100
403.992700
404.000500
404.008600
404.386800
404.389800
404.816400
404.819100
404.832900
404.843550
404.847750
404.851000
404.862950
404.872200
405.975500
405.978250
406.424700
406.427300
406.444050
406.709250
406.711650
406.714450
406.723150
407.139000
407.142100
408.126050
408.128450
408.131300
408.144750
408.334350
408.349500
408.352450
409.215600
409.271850
409.308750
409.311100
409.314400
409.533350
409.535900
409.539300
409.565650
410.364750
410.367350
410.381600
411.523700
411.595400
411.601300
411.616850
412.005250
412.488650
412.490950
412.501900
412.560550
412.934500
412.937000
412.939250
413.019600
413.022200
413.051100
413.168100
413.630900
413.633500
413.649400
413.653800
413.903300
413.907700
413.936400
413.955350
414.674900
414.898750
414.901350
414.904500
414.915850
414.919500
414.930850
415.159450
415.699100
415.955900
415.958350
415.961900
416.361150
416.363750
416.503000
416.505450
416.616100
417.193400
417.196200
417.199700
417.251150
417.254250
417.668450
417.822200
417.825150
417.842850
418.193700
418.481300
419.472950
419.475600
419.479300
419.884650
419.887100
419.890100
419.894500
419.919550
420.237200
420.239800
420.262850
420.274250
420.277150
420.279800
420.635300
421.029750
421.031900
421.034700
421.304500
421.310100
421.535350
421.538500
421.815800
422.338700
422.341450
422.474800
422.477400
422.480750
423.246850
423.390150
423.392850
423.603850
423.606350
423.609550
423.613800
423.621400
423.977350
423.980050
423.986200
425.210000
425.212950
425.564600
425.567150
426.081200
426.083350
426.087200
426.269900
426.455400
426.457950
426.461050
426.464600
426.475650
427.056350
427.058950
427.062800
427.099900
427.260600
427.525950
427.528200
427.530950
427.536500
427.548850
427.738850
427.741450
427.744850
428.405850
428.408250
428.411100
428.414450
428.677550
428.723000
428.740800
428.883450
428.885900
428.888900
428.902900
429.468900
429.471750
429.966100
430.573450
430.576250
430.579500
430.935350
430.937750
430.940900
430.951750
432.288550
432.459400
432.533800
432.536300
432.539400
432.561700
432.565000
432.889900
432.892400
432.895700
433.083700
433.086150
433.125000
433.726400
434.964600
435.079050
435.152350
435.154900
435.158600
435.515250
435.538050
435.540650
435.696500
435.699500
435.702200
436.349400
436.796600
436.814500
437.094750
437.097750
437.579200
437.582200
438.402100
438.404550
438.407800
438.412350
438.763900
439.103450
439.105900
439.108750
439.112050
439.115550
439.799950
439.939100
439.955000
439.957500
439.960500
440.147700
440.150250
440.153400
440.717250
440.897650
441.013350
441.016200
441.048350
441.402750
441.748200
441.750800
441.777850
441.781650
442.008250
442.010900
442.020700
442.692350
442.694700
442.697750
442.890400
443.617250
443.619950
443.623750
444.399050
444.401800
444.419950
444.473800
444.476750
444.488500
444.883100
445.517150
445.519700
445.523150
445.565600
445.567950
445.572000
446.068050
446.070600
446.074050
446.255950
447.247250
447.249700
447.252800
447.267950
447.379150
447.382600
447.390950
447.408000
447.653450
448.525350
448.527750
449.139100
449.141650
449.144900
449.611950
449.614400
450.626200
450.628650
450.632250
451.348950
451.351650
451.356700
451.358950
451.821750
451.824700
451.836050
452.097800
452.743350
452.745600
452.748850
452.987150
453.139100
453.141700
453.696000
453.698250
453.700950
453.707300
453.723750
454.032200
454.245100
454.247750
454.427550
454.437050
454.878650
455.360400
455.516800
456.471950
456.474600
456.477950
456.924900
457.012300
457.356400
457.358950
457.361850
457.910600
457.913350
457.916700
457.937100
457.940300
457.946700
457.950950
457.956100
457.960250
457.973100
457.977550
458.197650
458.370250
458.372750
458.376350
458.574900
458.596050
458.661550
458.664100
458.668350
459.346650
459.349100
459.390000
459.658150
459.803600
459.806150
459.814650
460.442650
461.208600
461.211100
461.214350
461.219050
461.551400
461.553900
461.557400
461.811800
461.814300
461.841750
461.844600
461.852400
462.165350
462.168500
462.741000
463.132750
463.135450
463.138950
463.412550
463.415500
463.418850
463.455250
463.467950
463.470750
463.480550
463.601450
464.872500
464.874950
464.878200
464.888000
465.227100
465.229650
465.668400
465.875750
465.878450
465.881900
465.885600
465.898850
465.908200
465.940100
466.072500
466.075100
466.077950
466.087500
466.622900
466.625400
466.902350
466.905250
467.853800
467.856900
467.860250
467.870650
468.117550
468.120500
468.123700
469.895300
469.898000
469.912050
469.915800
470.895950
471.351200
471.353650
471.356700
471.785500
471.796050
472.249900
472.252450
472.256850
472.539950
472.542300
472.545650
472.563300
472.720950
472.723500
472.726750
472.959350
473.215550
473.219050
473.561300
473.920450
474.004300
474.175250
474.206500
474.209300
474.211950
475.876400
475.878800
475.882500
476.317400
476.320000
476.340500
476.344800
476.562900
477.695150
477.697650
479.064950
479.923900
479.926400
479.929200
479.933600
479.949500
480.028400
480.534300
480.537000
481.045150
481.153750
481.156500
481.169250
481.172350
481.630150
482.575000
483.000650
483.003500
483.300100
483.302600
483.331500
483.447050
483.706800
484.101400
484.104700
484.245600
484.802350
484.804850
484.808100
484.813250
485.263050
485.265600
485.269350
485.586200
485.588950
485.710050
486.046450
486.049050
486.052600
486.067000
486.417850
486.464750
486.467100
486.469850
486.797400
487.585150
487.953550
488.287350
488.290750
488.301600
488.453100
488.455500
488.458850
489.171850
489.174650
489.177750
489.883250
490.023500
490.026300
490.030750
490.041600
490.046800
490.348200
490.351050
490.401650
490.404450
490.408000
490.728650
490.731350
490.753950
491.004050
491.007400
491.781550
491.938200
491.940600
491.943500
491.969950
491.973300
492.539100
492.542250
492.736950
492.770700
492.842500
492.856300
493.642050
493.644500
493.647400
493.652800
493.938000
493.940300
494.779400
494.830750
494.911950
495.240750
495.243200
495.246400
495.451850
495.454700
496.317350
496.319850
496.325800
496.329100
496.459850
496.485900
496.831700
497.006450
497.010150
497.012500
497.015700
497.019700
497.214050
497.216750
497.220000
497.247950
497.544250
497.547050
497.565600
498.432100
498.434800
498.438000
498.985550
498.988200
499.166400
499.581250
499.583800
500.080000
500.340950
500.343500
500.346350
500.375150
500.894550
500.907600
500.952400
500.954850
500.958250
500.982800
502.184300
502.186650
502.190200
502.199900
502.215450
502.441050
502.444050
502.465750
503.412900
503.415950
503.428200
503.601350
503.604000
503.607450
504.022000
504.042600
504.044950
504.048450
504.063050
504.497950
504.711850
504.714250
504.718300
504.873800
504.879700
505.820650
505.823200
506.203450
506.205850
506.209250
506.489700
506.492600
506.508600
506.692050
506.833450
506.836050
506.841100
507.091050
507.093750
507.716700
507.719400
507.726200
507.729700
507.738400
507.742350
507.751350
508.756900
508.759150
508.762400
508.768000
508.823600
509.254650
509.257350
509.261500
509.445650
509.449150
510.112850
510.115200
510.118100
510.487700
510.489800
510.492250
510.536150
510.911750
510.914300
510.917500
511.446950
511.449350
511.459900
511.639500
511.764900
511.767500
511.770450
511.776400
511.780800
511.824550
512.495350
512.498050
512.501200
512.525600
513.726900
513.729800
513.748600
513.944450
513.947100
513.950250
514.385500
514.540250
514.589800
515.903750
515.906150
515.909000
515.912600
516.182450
516.192950
516.195400
516.198300
517.024550
517.173100
517.175750
517.183900
517.594450
517.596900
517.600250
518.428850
519.503650
519.506250
519.731200
519.785500
519.822200
520.314500
520.317000
520.433950
520.437000
520.532100
520.645400
520.647700
520.650700
520.659600
520.758500
521.316100
521.498650
521.565700
521.878100
522.043700
522.161400
522.166850
522.188800
522.191350
523.188900
523.192250
523.499250
523.501900
523.505900
523.521500
523.637650
523.681200
524.279200
524.281700
524.284450
524.288150
524.307400
524.859900
524.862550
524.865350
525.738950
525.741550
526.871950
526.874400
527.001350
527.004650
527.008050
527.016950
527.021000
527.728900
527.731700
527.735050
527.775300
527.778450
527.796500
527.903400
528.078750
528.118400
528.728350
528.730900
528.742900
528.746500
528.784500
528.982150
528.984800
529.332750
529.335400
529.339200
529.667550
529.670050
529.673000
529.771100
529.774550
530.017400
530.671900
530.893550
530.895850
530.898750
530.905250
530.930250
531.083300
531.280300
531.664600
532.584300
532.587350
532.952600
532.955250
532.958600
533.773550
533.776050
533.779100
533.786500
533.966750
534.855900
534.858150
534.860600
535.442250
535.444900
535.448300
535.976100
536.130900
536.133600
536.136850
536.160100
536.163900
536.810300
536.812600
536.917750
536.920450
536.930450
537.226650
537.229100
537.231950
538.083600
538.086450
538.090750
538.835900
538.838300
538.842700
539.067150
539.743400
539.745950
539.767450
539.874800
540.068150
540.070600
540.083300
540.564200
540.761100
540.835200
540.837600
540.841250
541.216850
541.353950
541.533600
541.536250
541.540200
541.757100
541.999250
542.001700
542.017500
542.036150
542.892600
542.895100
542.898100
543.044250
543.230950
543.233600
543.237150
543.528350
543.530900
543.743300
543.941400
543.943850
544.192300
544.194900
544.198500
544.207550
544.896050
544.898750
544.902200
544.924350
546.094700
546.311500
546.317500
546.389600
546.869250
547.163800
547.203800
547.257650
547.260000
547.263950
547.276100
547.320050
547.549250
547.551800
547.555350
547.749200
548.156350
548.158850
548.161950
548.165600
548.395800
548.576750
548.600350
548.602950
548.937350
548.939850
548.958750
549.377200
549.399950
550.215850
550.218450
550.272050
550.275750
550.517350
551.498750
551.501000
552.525250
552.557300
552.560050
552.820950
553.456200
554.540300
554.542650
554.545700
555.041900
555.044400
555.047700
555.051700
555.058850
555.144000
555.147350
555.155650
555.698150
555.701150
555.817150
555.827600
555.834400
555.840500
555.850200
556.243400
557.275250
557.277750
557.283900
557.287750
557.601300
557.603950
557.791150
558.260650
558.527500
558.529850
558.534050
558.950000
558.952650
559.540250
559.542500
559.545650
559.548900
559.552550
560.002900
560.524050
560.526400
560.529650
560.533250
560.548100
561.299900
561.302600
561.525000
561.527300
561.530500
561.844750
561.888300
561.894650
562.459200
562.461650
562.465550
562.801800
564.313350
564.315950
564.319000
564.334900
564.695250
565.747700
565.774200
566.325900
566.328350
566.331300
566.339150
566.361800
566.723050
566.725450
566.728300
568.511950
568.514350
568.517700
568.578800
568.582950
568.595250
568.609450
568.873950
569.652400
569.988350
569.990650
569.993750
570.304200
570.310300
570.347500
570.350200
570.359400
570.362950
570.379350
570.661900
570.664500
570.850750
570.853450
570.857150
570.865100
571.261100
571.454400
571.772850
571.775300
571.779100
572.333500
572.336200
572.734800
572.737450
572.839200
572.842050
573.974350
573.976700
573.979650
574.002150
574.005300
574.714500
574.766250
574.768950
574.807650
574.810800
576.052700
576.055050
576.058450
576.062400
576.073650
576.304950
576.307450
576.310750
576.314700
576.318250
576.322250
576.337650
576.845700
576.847950
576.851800
576.882950
576.885700
576.893800
576.909150
576.943850
577.935000
577.937400
577.940400
577.944900
578.199800
578.202050
578.204950
578.214700
578.451850
578.454300
578.457750
578.463150
578.506300
578.509900
578.516150
578.668800
580.084050
580.086550
580.091550
580.322500
580.325100
580.336550
580.822150
580.835000
581.213950
581.266250
581.805950
581.940250
581.942350
581.945150
582.194250
582.250950
582.253750
582.866000
582.868950
583.384550
583.387200
583.817250
583.972200
583.974550
584.871400
585.232150
586.151200
588.789650
589.507250
590.653150
591.094700
591.328850
591.549000
593.628550
593.768650
597.749400
597.829200
599.089550
599.629700
601.389500
602.634650
602.670100
602.989050
604.028700
604.328550
604.712500
604.947400
605.627500
606.486550
606.725100
606.986300
607.066300
607.086000
607.225550
607.245650
607.250950
607.391050
607.585200
607.844750
608.024800
608.084700
608.144700
608.384250
608.464400
610.062650
610.082450
610.362350
610.426450
612.732050
612.796700
612.799250
612.985100
612.987750
613.220050
613.708700
613.711200
613.714750
613.909950
613.912750
613.917550
614.183850
614.839000
614.928050
614.930500
615.044100
615.046700
615.054050
615.811200
615.813950
615.817450
615.843150
615.852800
616.464200
616.556500
616.911250
616.913600
616.916500
617.250850
617.253500
617.256800
617.524950
617.548200
617.550800
617.555100
617.563500
617.918600
617.926350
618.232000
618.234350
618.237400
618.241750
618.249650
618.268150
618.600000
618.603050
618.628500
618.992700
618.995200
619.215800
619.341700
619.344600
620.244750
620.247350
620.586800
620.589200
620.975200
621.007450
621.010200
621.055150
621.058200
622.105450
622.108050
622.111300
622.483650
622.486300
622.595050
622.598000
622.602250
622.720100
623.309050
623.311650
623.314800
623.603650
623.606100
623.609400
624.279350
624.281800
624.285150
624.956350
625.031400
625.091850
625.094450
625.098050
625.103900
625.116850
625.142000
625.576950
625.620150
625.957250
625.962500
626.023600
626.132400
626.347750
626.350850
627.291200
627.293600
627.490700
627.744050
627.746700
627.920450
628.195550
628.198100
628.201650
628.222150
628.225250
628.244400
628.647300
628.649800
629.288250
629.290800
630.244750
630.427900
630.430400
630.434050
630.995150
630.997750
631.001500
631.033800
631.036800
631.743800
631.746350
631.932300
633.228600
633.231350
633.234650
633.479750
633.482250
633.485900
634.856150
634.858550
635.016150
635.551250
635.553850
636.097600
636.100000
636.102950
637.039300
637.041800
637.045000
637.049200
637.071900
637.480600
640.218800
640.221350
640.224650
640.492100
640.494600
640.498200
641.161200
641.163850
641.169050
641.183450
641.319250
641.321800
641.325450
641.898900
642.034350
642.037250
642.045200
642.775100
642.781750
643.267900
643.271450
643.583500
643.602150
643.604850
643.608950
643.736850
644.172950
644.175350
644.178500
644.181600
644.719950
644.722500
644.725850
644.736050
644.746050
644.751300
644.802650
644.806150
644.816750
644.821950
644.991450
645.852800
645.976800
645.979400
646.351050
646.353650
646.357450
646.974400
646.976700
646.979450
646.987050
646.990500
648.036150
648.038600
648.041200
648.048400
648.064000
648.070850
648.295750
648.996300
648.998600
649.001650
649.014650
649.017950
649.464850
649.467400
649.470250
650.187700
650.190450
650.206700
650.210700
650.260300
650.267300
650.689700
650.692250
650.695550
650.717550
650.721250
650.734000
650.909350
651.831100
651.833650
651.836900
651.854250
651.859600
652.076300
652.078850
652.081900
652.085950
652.197950
652.265350
652.513200
652.621300
652.623800
652.626800
652.846550
652.849100
653.303550
653.306050
653.320150
654.250650
654.266250
654.269650
654.276650
654.691350
654.694000
654.697150
654.784650
655.516250
655.629400
656.230750
656.233400
656.237200
657.154150
657.157100
657.282550
657.285550
657.291200
657.303000
657.308450
657.388450
657.511500
657.835200
658.076650
658.079000
658.081850
658.126450
658.129750
658.646550
658.739650
658.742400
659.156200
659.158450
659.161200
659.166100
659.351350
659.353700
659.356900
659.365150
659.367650
659.813000
660.624250
661.144000
661.146950
661.150400
661.336650
661.339450
661.342850
661.351350
661.365000
661.412400
662.270650
662.273350
662.836000
662.838600
663.691800
663.694850
664.205600
664.208400
664.766700
664.769950
665.178650
665.180900
665.184000
665.193450
665.536100
665.538300
665.540950
665.801650
665.831450
665.894750
665.897200
665.949250
665.951750
665.971650
666.363550
666.365850
666.369600
666.388650
667.083350
667.119650
667.122100
667.125350
667.127900
667.220850
667.308200
667.888400
667.891050
667.894450
668.735050
668.737550
668.741150
668.887550
668.939350
668.962850
669.504200
669.506900
669.510550
669.816550
669.818950
669.822550
670.179150
670.181950
670.412950
670.415350
670.418200
670.428500
670.833350
670.835800
670.838500
670.842300
671.253800
671.599150
671.601600
671.605850
671.637950
671.818700
671.947600
672.032350
672.510300
672.512900
672.516500
672.532000
672.586200
672.589600
672.613400
673.044850
673.047900
673.317350
673.639450
673.641900
673.644750
674.019800
674.022150
674.026050
674.326500
674.329550
674.838000
674.840500
674.843200
674.852000
674.862450
674.868500
674.875650
675.766050
675.768550
675.796550
677.062750
677.144100
677.203250
677.319750
677.469700
677.472000
677.489900
677.495000
677.502800
677.515050
678.325750
678.328300
678.331650
679.030750
679.033250
679.036750
679.737300
679.883400
679.885750
679.889250
680.254850
680.257350
680.289100
680.291950
680.303100
680.307050
680.535150
680.537700
680.541150
680.545750
680.569400
681.040850
681.043400
681.046700
681.068850
681.941850
681.944350
682.024900
682.027400
682.483800
682.486350
682.489550
682.496150
682.514100
682.708300
682.821000
682.823700
683.267750
683.270400
683.315400
683.825100
683.827600
683.830950
683.835000
683.844300
684.019600
684.075450
684.631600
684.634100
684.888000
684.890750
684.894050
684.906350
685.891950
685.894750
686.015650
686.224900
686.227700
686.243750
686.492350
686.734100
686.808200
687.093800
687.096750
687.756100
687.758700
687.762200
688.021800
688.025050
688.239650
688.243200
688.255400
688.268250
688.301700
689.306050
689.308600
689.312250
690.334050
690.336650
690.339900
690.746000
690.748500
690.914450
690.917450
690.931000
691.923400
691.925900
691.928900
692.163150
692.166250
692.800350
692.802800
692.805900
692.816650
692.819750
692.824100
693.378000
693.380700
694.023050
694.026100
694.573750
694.576750
694.649650
694.652600
695.018050
695.020750
695.565850
695.568250
695.571450
696.347750
696.350450
696.956250
697.233450
697.383300
697.440150
697.442500
697.445350
697.458250
698.048550
698.051400
698.097200
698.100500
698.367200
698.370350
698.374150
698.914550
699.238200
699.240700
699.244800
699.380300
699.383250
699.409050
699.545400
699.620300
699.966500
699.969300
700.150950
700.153800
700.157600
700.162100
701.318800
701.321150
701.324300
701.328100
701.356550
701.632400
701.739900
701.994650
701.997100
702.009350
702.022150
702.026750
702.262700
702.415050
703.341850
703.344300
703.347500
703.356650
703.402550
703.406050
703.410550
703.415100
704.298850
704.372450
704.375150
704.378450
704.468950
704.485000
704.487900
704.909600
704.912250
705.656300
705.658800
706.010700
706.013100
706.016300
706.221200
706.223550
706.226300
706.528750
706.531600
707.469100
707.471500
707.474800
707.877500
708.100900
708.103550
708.880950
708.883800
709.411700
709.414250
711.160950
711.165450
711.193550
711.196150
711.199500
712.185800
712.188250
712.191450
712.208050
712.211800
712.588150
712.590700
712.593950
712.597550
712.788150
713.051900
713.054350
713.057500
713.061000
714.128550
714.131200
714.135000
714.724950
714.727750
714.961550
715.099650
715.103200
715.918900
716.172150
716.286250
716.860950
716.863550
716.867150
716.874600
717.262500
717.422400
717.636950
717.639300
717.642550
717.658550
717.666900
718.636850
718.737650
718.868300
718.979450
718.982100
718.985750
719.024250
719.026800
719.030800
719.207150
719.209900
719.230400
719.240900
719.243950
719.250950
719.485250
720.293700
720.530900
720.533300
720.536500
721.220650
721.843150
721.845550
721.848750
721.852300
721.861150
721.865900
721.884300
722.233200
722.235750
722.608550
722.611150
722.614800
722.811200
722.813700
722.816800
723.531100
723.533700
723.537150
724.246950
724.249350
724.252450
724.257000
724.274150
724.292700
724.309550
724.690600
724.693000
725.096850
725.099150
725.102450
725.424350
725.427100
725.960600
725.962850
725.965600
725.968900
725.975650
725.987950
727.538200
727.540850
728.123300
728.125700
728.128900
728.142400
728.240300
728.256700
729.264300
729.266800
729.276650
729.997000
729.999150
730.001850
730.005750
730.617700
730.620250
730.623150
730.666450
730.704950
732.118450
732.121000
732.531850
732.534400
732.537650
732.575050
732.578200
733.201350
733.203900
733.207200
733.788650
733.791000
733.794350
733.798050
734.969450
734.971700
734.975200
735.718700
735.721050
735.723800
735.828450
735.831350
735.999500
736.002000
736.005600
736.009600
736.015350
736.064600
738.407350
738.409900
738.413250
739.311350
739.313850
739.316650
739.320550
739.793600
739.921650
739.924600
740.179250
740.904250
740.906600
740.910050
740.924550
740.927400
740.938000
742.889450
742.891850
743.005000
743.007950
743.012000
743.526350
743.529100
744.040950
744.043400
744.046200
744.050200
744.055000
744.063750
744.587950
744.590750
745.962100
745.964750
746.200350
746.202750
746.206100
746.220200
746.702500
746.705050
746.708150
746.712000
747.347450
747.350200
747.753950
747.756550
747.836250
748.645000
748.647450
748.877600
748.880650
749.315450
749.317850
749.321350
749.348350
749.807850
749.810950
749.852850
750.437150
750.439800
750.442850
750.637650
750.640300
750.643500
751.204350
751.206800
751.210300
751.300400
751.474850
751.763100
751.765350
751.768300
751.772900
752.576600
752.780300
752.783400
753.489250
753.534000
754.494100
754.496700
754.512750
754.917900
754.920300
754.923700
755.437050
755.439400
755.445150
756.251500
756.253800
756.256850
756.265550
756.320800
756.922150
756.924650
756.928500
757.277400
757.279850
757.282900
757.587600
757.835550
757.837900
757.840750
757.854850
757.876200
758.141550
758.292300
758.294700
758.297900
758.302000
758.317950
758.321350
758.660600
758.990250
758.992850
759.012100
759.205800
759.208400
759.211450
759.900200
759.902800
760.134900
760.137400
760.271700
760.274700
760.278350
760.287100
760.298450
760.307200
761.021350
761.023850
761.026650
761.234100
761.236800
761.355800
761.638050
761.914050
762.031200
762.033650
762.036450
762.040950
762.145750
762.811950
762.814550
762.969050
764.069600
764.071850
764.074500
764.078050
764.734700
764.737100
764.740550
765.637900
765.640400
765.643450
766.653550
766.655950
766.659900
767.686350
767.688750
767.691600
767.766050
767.768550
768.376750
768.425750
768.428450
768.824200
768.827000
769.316400
769.319150
769.342700
769.892350
769.894900
769.898650
770.807150
770.809500
770.812450
771.494950
771.497550
772.423200
773.675200
773.677650
773.681300
773.864350
773.867050
773.870400
773.874700
774.226750
774.229250
774.232400
774.261450
774.781300
774.783700
774.787150
774.791000
775.733150
775.735650
776.163750
776.166250
776.169150
776.870050
776.872650
776.876100
777.506800
777.509350
777.512200
777.927750
777.930350
777.934350
777.937800
777.952400
777.956400
778.453200
778.455800
779.061100
779.063650
779.317350
779.319800
779.322950
779.894000
779.896550
780.888750
780.891000
780.895200
780.910700
780.928000
780.937750
781.378800
781.381200
781.384450
782.146950
782.149750
782.396300
782.399100
782.402550
783.151650
783.267100
783.270100
783.886850
783.889450
783.892450
784.532000
784.534500
784.537750
784.550550
784.562650
784.797400
784.799650
784.802400
784.805750
785.129750
785.132250
785.400600
785.403150
785.406900
785.410550
785.415300
785.418750
785.429600
785.960950
785.963500
786.672300
786.674750
786.678550
787.293550
787.296050
787.299500
787.549450
787.552050
788.240850
788.243050
788.245900
788.249600
788.266900
788.285200
788.289600
788.770600
789.171800
789.353700
789.355950
789.358750
789.362200
790.043100
790.045400
790.049400
790.141350
790.144150
790.827550
791.311300
791.313650
791.316950
791.926950
791.929400
791.933300
792.416100
792.418700
792.421750
793.051800
793.054200
793.057100
793.341700
793.344400
793.347650
793.364200
793.740350
793.742950
793.746450
793.996600
793.998950
794.002350
794.015600
794.019100
794.365350
794.367800
794.371400
794.380550
796.603400
796.606150
796.844900
796.847500
796.851100
797.611500
798.011500
798.013850
798.018200
798.769000
799.061250
799.630200
799.709200
799.711400
799.714050
799.717050
799.720750
800.225800
800.359000
800.361300
800.363900
800.368100
801.119600
801.122100
801.125450
801.503500
801.505950
801.509000
801.695800
801.698550
802.974650
802.977300
802.980550
803.906700
803.909300
803.912350
803.941900
804.355150
804.357600
804.360500
804.811250
804.813850
804.825050
805.049650
805.077700
805.564650
805.567050
805.570750
805.612500
805.615700
806.144800
806.368100
806.370500
806.374000
806.984200
806.986700
807.489250
807.491800
807.494900
807.821200
807.823650
807.826450
807.831150
807.862500
807.869350
808.204950
808.210150
809.338700
809.341350
809.344800
809.349300
809.676550
809.678800
809.681700
809.687400
809.736200
809.746950
809.763450
810.153350
810.155900
810.159050
810.830400
810.833000
810.835600
810.838800
811.473600
811.476600
811.486750
811.503900
811.999150
812.001700
812.004850
812.030750
812.669600
812.672150
813.023300
813.026150
813.485250
813.487750
813.989700
813.992250
813.997550
814.928250
814.930650
814.933750
814.938050
814.952200
815.358700
815.361400
815.367400
815.390800
815.395600
815.398900
815.714950
816.076000
816.078600
816.264350
816.299400
816.385500
816.388200
816.989950
816.992350
816.995750
817.748800
817.751450
818.037850
819.018900
819.021300
819.025200
819.049200
819.824300
819.826550
819.830000
819.850100
820.165600
820.384900
821.124150
821.127100
821.130400
821.824800
821.827400
821.830650
821.856600
821.859350
821.862550
821.867850
821.892300
822.075650
822.078350
822.081750
823.399200
824.418700
824.421350
824.424350
824.979550
824.982250
825.446800
825.449400
825.890650
825.896300
825.904650
826.229300
826.231750
826.235250
826.237350
826.254600
826.513100
827.050650
827.053100
827.056100
827.065250
827.069400
827.076350
827.512800
827.515400
827.704950
827.707800
828.339150
828.341650
828.352700
828.586800
829.230350
829.232800
829.236100
829.250150
829.661350
830.106650
830.124050
830.168450
830.399050
830.401650
830.404650
830.886350
830.888800
831.019050
831.021550
832.687800
832.690450
832.962700
833.525200
833.527850
833.530800
833.542000
833.885250
833.888300
835.414900
835.417650
835.483450
835.782150
835.787450
835.792050
835.809950
836.054700
836.057550
836.419300
836.421950
836.425050
836.439800
837.077700
837.080000
837.082650
837.085650
837.129100
837.132300
837.136700
837.904150
837.906500
837.909350
838.269000
838.271500
839.758450
839.760750
839.764150
839.931900
840.056200
840.104850
840.107550
840.110800
840.120700
840.155500
840.652000
840.654650
840.657700
840.782800
840.785500
840.788900
841.920500
841.922900
841.926150
842.297900
842.300800
842.312200
842.315300
842.393700
842.707300
842.850500
843.704250
843.706700
844.579750
844.582300
844.604950
844.649800
844.701300
844.751600
845.571900
845.574350
845.577650
845.747250
845.749600
845.752050
845.755300
845.763950
846.836450
846.839200
846.843300
846.927800
847.250750
847.253150
847.256600
847.262550
847.684500
848.110400
848.112800
848.116200
848.121150
848.701750
848.704100
848.707650
848.886800
848.889300
848.892900
849.053400
849.126150
849.199250
849.201950
849.803400
849.806050
849.808750
849.817100
849.821600
849.835950
850.894950
850.897350
850.900200
851.210550
851.212900
851.540700
851.543150
851.546450
851.577700
851.581650
852.131950
852.134550
852.138100
852.495400
852.498350
852.639650
852.642300
852.751050
853.028500
853.031100
854.002700
854.005550
854.576650
854.592800
854.597250
854.608650
855.067650
855.070150
855.073550
855.268350
855.272450
855.754050
855.831700
855.834100
855.837500
856.169050
856.172450
857.434100
857.436500
857.439300
857.454900
857.583850
857.586500
857.589800
857.593200
857.606100
858.594200
858.597000
859.440550
859.442950
859.446150
859.458300
859.461450
859.998000
860.001100
860.011300
860.014700
860.029250
860.044350
860.774650
860.777300
860.780400
860.968550
860.971300
860.982100
861.005000
861.140100
861.175900
861.197350
861.523200
861.526050
862.466600
862.469200
862.472250
862.477400
862.858800
862.861350
863.269650
863.325100
863.406250
863.408850
863.808600
863.811400
863.814800
864.336700
864.339250
864.342500
864.749850
864.752400
865.200000
865.202850
865.821450
865.823900
866.223500
866.459200
866.461700
867.719600
867.722000
867.725300
867.735350
868.100350
868.104150
868.777250
868.779800
868.934350
868.936800
869.153050
869.155700
869.616000
869.641500
869.645000
869.780200
869.785600
870.496950
870.499450
870.514350
870.528350
871.630350
871.666800
871.669650
871.673800
871.797950
871.938700
871.941200
871.944450
871.951600
871.954100
872.305300
872.307800
872.310950
872.457400
872.674050
872.845800
873.879400
873.881550
873.884550
873.893300
873.896300
873.900200
874.056950
874.264200
874.267000
874.513600
874.916100
874.918750
874.937400
874.940400
874.951600
874.965900
874.969400
875.180150
875.277650
875.359900
875.362650
875.662900
875.665350
875.668500
875.720250
875.723500
876.014500
876.662650
876.665150
876.825600
876.828100
877.459500
877.462150
877.465150
877.475550
877.682050
877.684800
877.734000
877.737150
877.741250
878.123700
878.654750
878.663550
879.578400
879.580750
879.583700
879.803600
879.806700
879.913550
879.955700
879.958500
880.542700
880.545200
880.548900
881.013750
881.515100
881.518000
881.521100
881.753350
881.774450
882.075350
882.183450
882.186050
882.206650
882.209900
882.226300
882.544500
882.547200
883.392750
883.396400
883.845850
883.936350
883.939050
883.957800
883.972200
883.976050
885.436950
885.542550
885.544900
885.548300
885.574950
885.647750
885.667850
886.393650
886.801050
886.803250
886.806550
886.866450
887.620400
887.637150
887.639900
887.718900
887.738550
887.756100
887.908050
887.974050
888.196500
888.198700
888.201550
888.452250
888.734850
888.737400
888.740650
889.084650
889.087150
889.104750
889.108450
889.133500
889.788000
889.790500
889.794250
890.100400
890.102850
890.107400
890.129800
890.133800
890.404600
890.407000
890.410950
890.523250
891.677550
891.679950
891.706000
891.898150
891.901100
891.903950
892.369500
892.371700
892.374600
892.377800
892.381750
892.764950
892.767600
892.770900
894.041900
894.044550
894.049250
894.110300
894.113300
894.897400
894.899950
894.903100
894.914550
895.349750
896.344150
896.346550
896.349700
896.372200
896.739200
897.305600
897.308100
897.312050
897.994650
897.997100
897.999950
898.290400
898.292900
898.614500
898.616950
898.619800
898.633900
898.923950
899.537950
899.540300
899.543850
899.549500
899.560950
899.564400
899.577300
901.197200
901.199500
901.202450
901.205950
901.209050
901.943050
901.945700
902.085500
902.087950
902.094550
902.099200
903.007750
903.359600
903.361950
903.364650
903.504300
904.833100
904.835700
904.838850
904.852850
904.856150
905.176850
905.179750
906.365550
906.535000
906.537550
906.540950
906.545950
906.567000
906.577700
906.901950
907.193150
907.195600
907.199150
907.701150
907.703500
907.706500
907.718950
907.769000
907.772000
908.031750
908.034250
908.037200
908.045850
908.055700
908.059800
908.067400
908.490450
908.703450
908.706300
908.900500
908.903150
908.913000
908.920500
908.924100
909.520300
909.523000
909.527000
909.899700
910.413550
910.416550
910.976500
910.978900
910.981900
910.985700
911.219950
911.566700
911.569050
911.571750
911.576100
911.595200
911.604550
911.607350
911.617600
911.889000
912.443750
912.446300
913.782800
913.785450
913.789350
914.317000
914.319400
914.322500
914.365250
914.592850
914.595550
914.598450
914.915050
914.917450
915.088200
915.091550
915.517350
915.519800
915.522700
916.115900
916.207300
916.210000
916.524100
916.527600
916.580550
916.583200
917.218150
917.220800
917.310300
917.312850
917.315950
917.656200
918.182750
918.185250
918.188450
919.539100
920.477700
920.480150
920.486750
920.499100
920.502850
921.666700
921.669250
921.672350
922.004550
922.007350
922.552450
922.555050
922.905550
922.908000
922.911050
922.924650
922.933300
922.999000
923.001750
923.281100
923.699450
923.702050
923.704950
923.710700
924.218800
924.222400
924.240250
924.308300
924.311450
925.600000
925.602450
925.606000
926.069100
926.071600
926.127400
926.599950
926.602200
926.605000
927.908900
927.950500
927.952750
927.955750
928.796000
928.798400
928.801650
929.305150
929.789350
929.791850
929.795100
929.805700
929.825400
930.535200
930.537550
930.540800
931.274650
931.277250
931.281000
931.721200
931.724000
931.728050
932.409650
932.412250
932.642600
932.644750
932.647900
932.869000
932.871500
932.875350
933.266700
933.269550
934.117050
934.122000
934.124800
934.978100
934.980600
934.983650
935.249550
935.252300
935.263550
935.298200
935.309400
936.347300
936.349750
936.855450
936.857900
936.861000
936.864800
936.870000
936.876000
936.883850
936.886550
936.891250
938.187100
938.189700
938.201100
938.204050
939.654000
939.656450
939.660050
939.796950
939.799700
940.457000
940.459550
940.611350
940.613900
941.246900
941.249450
941.253400
941.577800
941.580100
941.583400
942.594750
942.597150
943.795150
943.797650
943.800600
944.041400
944.044050
944.047450
944.272550
944.275450
944.524400
944.526900
945.082850
945.085800
945.426700
945.429300
945.437000
946.016800
946.020300
946.023700
946.137350
946.140500
946.356750
946.359500
946.518950
946.684300
946.687050
946.690150
946.832650
946.836100
947.619650
947.622000
947.626100
948.933050
948.935500
948.939500
949.380200
949.382600
949.400000
949.752800
949.755100
949.758200
950.988700
950.991100
950.993800
950.997650
951.974650
951.977200
951.980900
952.947450
952.950350
952.953700
952.957500
952.964450
952.966550
953.283600
953.405800
953.435800
953.438600
954.119850
954.122500
954.655850
954.867050
955.681800
955.684150
955.687750
955.703450
955.757550
955.760200
955.763400
956.114950
956.385150
956.387750
956.390500
956.400900
956.404650
956.413600
956.417950
956.434400
956.948900
956.951300
956.954250
957.782500
957.784900
958.168900
958.172400
958.868550
958.871100
958.874850
959.403800
959.406300
959.749300
959.751700
959.755250
959.763300
959.770800
959.774750
959.786950
960.027550
960.029950
960.032750
960.468600
960.471500
961.766150
961.768750
961.772050
961.874200
962.204500
962.413100
962.415700
962.419800
962.940400
962.943150
963.234250
963.237050
963.447150
963.449550
963.452450
963.456100
963.460500
963.464000
963.881000
963.883500
963.886400
963.906150
963.909950
964.393100
964.395550
964.398800
965.587150
965.589450
965.592450
965.603850
965.746900
965.749350
965.752350
965.776150
966.969650
966.972200
967.049450
967.206300
967.209000
967.213450
967.345350
967.948500
967.951050
967.953950
969.368900
969.371650
969.461650
969.464350
969.633600
969.814450
969.820500
970.004100
970.006850
970.861750
970.864100
970.876200
971.134500
971.137150
971.140600
971.149450
971.160700
972.134350
972.309100
972.311650
972.314600
973.237400
973.239800
973.243000
973.806450
973.808900
973.812000
974.255450
974.258200
974.285000
974.412550
974.415050
974.418050
974.448050
974.742650
975.350150
975.353150
975.357200
975.646850
975.649550
975.653200
975.658400
976.445000
976.447400
976.450350
976.457050
976.459300
976.469800
976.779050
977.208600
977.210900
977.214400
977.840100
977.843000
977.846500
978.371200
978.373650
978.376900
978.573300
978.575900
978.764900
978.767700
978.777900
979.006950
979.242400
979.245100
979.249150
979.603800
979.606150
979.609950
979.636650
980.318550
980.321050
980.338250
980.359000
980.710400
981.319550
981.321950
981.324850
981.328200
981.381400
981.747300
982.670100
982.672700
982.675900
983.034150
983.036550
983.039950
983.471400
984.056400
984.058800
984.071150
984.270800
984.273250
984.276750
985.108700
985.111200
985.114600
985.140050
985.255300
985.258100
985.270850
986.005100
986.007600
986.010750
986.473400
986.475700
986.480000
986.502300
986.510400
987.928450
987.931000
987.960200
987.979200
987.982900
988.353050
988.355500
988.368850
988.600250
990.243850
990.246400
990.249300
991.116200
991.134150
991.214900
991.220400
991.236950
991.440200
991.442750
991.560350
992.360550
992.413250
992.415900
992.418900
993.755300
993.757800
993.761150
993.873250
993.876300
993.884200
993.888900
994.671100
994.673550
994.676550
994.684950
994.735250
994.803800
994.974250
995.025050
995.623050
995.625600
995.635200
995.643100
995.826600
995.829700
995.833750
995.838100
995.848650
996.387800
996.390100
996.393350
996.410550
996.971900
996.974400
997.620550
997.623100
997.626150
997.941950
997.944450
997.947650
997.961750
998.332400
998.335050
999.766900
999.769250
999.772450
1000.415900
1000.418250
1000.421100
1000.806900
1000.809200
1000.811950
1000.822350
1000.892350
1000.895250
1000.898950
1000.904050
1002.457450
1002.460000
1002.467550
1002.476100
1003.003000
1003.005400
1003.008100
1003.011000
1003.086950
1003.090400
1003.406950
1003.578700
1003.790200
1003.793050
1003.891700
1005.930600
1006.427050
1006.429400
1006.432950
1006.736800
1006.739200
1006.742200
1007.419100
1007.424600
1007.445450
1007.458500
1008.371200
1008.373700
1008.376850
1008.381050
1008.390350
1008.395200
1008.430350
1008.433800
1009.044350
1009.083900
1010.069400
1010.072300
1010.074850
1010.077900
1010.228800
1010.231500
1010.240100
1011.165600
1011.168200
1011.171200
1011.174500
1011.180950
1011.188550
1011.200550
1011.272550
1011.275250
1011.889650
1011.892050
1011.895600
1012.873050
1012.875400
1012.878500
1012.893250
1013.689050
1013.692150
1013.814950
1013.817650
1013.821700
1014.529450
1014.531950
1014.535250
1015.019650
1015.022200
1015.537750
1015.540250
1015.817600
1015.820050
1015.826950
1015.853100
1016.508000
1016.510500
1016.513700
1016.552650
1017.088850
1017.194150
1017.196950
1018.164050
1018.335550
1018.338000
1018.341200
1018.345100
1018.625600
1018.628250
1018.631350
1018.647600
1018.653050
1018.668350
1018.765200
1019.220100
1019.646700
1019.649150
1019.652450
1019.655500
1019.663850
1019.668450
1019.758400
1019.761300
1019.781250
1020.079550
1020.082150
1020.130350
1020.133600
1020.653850
1020.782800
1020.785300
1020.789150
1021.354000
1021.847350
1021.849800
1021.852650
1021.856250
1021.871350
1022.527350
1023.365650
1023.374150
1023.696400
1023.698800
1023.701800
1024.599800
1024.602200
1024.605250
1024.629650
1024.872600
1024.875550
1024.890300
1024.894350
1024.916750
1025.949800
1025.952350
1025.955600
1026.705000
1026.707300
1026.710550
1027.433500
1027.436200
1027.439400
1027.726900
1027.729800
1027.997950
1028.000700
1028.512400
1028.515000
1028.526000
1028.549200
1028.903400
1028.906150
1028.913800
1028.931200
1029.667600
1029.755200
1029.757750
1029.760750
1030.690950
1030.693350
1030.696450
1030.966150
1030.968550
1030.972500
1031.160000
1031.162600
1031.275000
1031.457450
1031.465700
