10.503950
30.852950
36.031750
60.809550
62.596950
70.724300
76.339300
77.977450
80.988750
85.696950
86.016700
100.449100
105.711700
105.716250
127.944800
135.876450
137.992450
138.010400
138.136850
138.747500
150.283200
154.106800
160.518550
161.821300
164.745650
166.306150
174.207350
174.453100
179.110550
181.240750
181.858800
190.123850
197.142000
202.031600
202.034750
210.186300
220.568750
220.571750
220.580200
236.929700
236.944350
243.917250
245.826300
248.122350
257.871800
262.004750
266.440000
266.811400
267.099400
267.228350
267.236950
269.187750
269.191500
274.642500
274.658300
280.400950
283.462000
283.937500
286.484350
286.699600
290.570750
293.417950
296.202800
296.471800
296.475300
297.870550
303.046750
304.689050
306.296550
307.459800
307.464300
307.556600
308.246950
308.843900
309.595050
313.438500
316.296200
316.884550
316.891600
316.896050
318.497200
319.041100
319.044750
320.554450
325.942450
328.816300
332.685150
340.814850
342.829800
342.962350
346.182200
346.185350
350.075950
351.926100
352.228800
352.232400
352.342300
361.445100
366.828900
368.843900
368.849650
374.327900
374.624900
377.253100
381.015600
385.362200
394.128300
395.750200
399.677150
407.077150
407.081350
418.871350
418.874600
420.403450
422.726750
425.023050
426.240900
433.334850
434.220000
446.188750
447.469650
453.388750
456.419400
459.947250
464.888400
475.394100
483.046000
486.826150
486.828650
488.347950
491.753450
492.684100
496.023650
504.497300
506.204400
508.424200
508.436750
509.353600
509.452500
513.786050
513.822100
516.083850
516.092350
519.491550
523.419450
532.613600
532.686450
532.690350
532.699900
534.614200
536.856700
539.371000
539.374600
545.345550
545.349400
554.257900
554.274300
555.096700
556.984050
557.016050
562.232750
562.265700
562.842200
562.881000
575.859500
578.207400
586.970600
588.909600
590.029250
592.573300
592.928500
595.889150
596.009000
601.109650
601.349300
602.249500
602.329750
602.749450
603.029150
605.967150
606.238150
607.824550
608.983300
609.456600
609.562700
610.546350
611.585500
616.369300
616.372700
622.108500
623.230750
623.281100
630.806200
632.884200
634.196350
641.628800
643.377250
645.920200
646.933450
651.750900
657.447850
658.043200
661.579000
670.194750
670.198450
670.201650
674.144650
680.593500
682.208550
684.200300
685.628800
686.587850
692.939250
701.290150
701.877100
701.984000
702.448300
705.556200
711.050100
715.087850
715.736100
721.557100
731.354300
733.903250
733.907450
737.747100
741.604050
746.030950
746.034700
747.856800
751.583700
752.079650
757.081500
758.008550
761.302550
761.315300
763.035850
771.125650
778.458150
786.063000
792.262950
792.278200
800.085400
805.284250
806.617750
812.620400
830.198000
831.141550
831.146650
835.073250
835.636200
835.642650
837.866250
844.084400
849.131250
850.636100
850.644300
856.312200
856.623700
857.369650
857.374750
859.839900
862.329150
863.358150
867.411000
868.965500
874.436650
875.668950
883.148450
885.586000
891.482100
895.527550
902.544450
902.786400
910.717000
915.053700
915.058200
915.062750
921.680300
922.470050
925.681950
926.443550
927.699500
929.370450
929.493800
933.050550
938.654800
938.685150
938.691400
938.708400
940.543650
942.125400
942.128650
942.135450
942.436900
948.448200
949.998300
952.603500
952.606800
953.252150
954.615900
954.629950
957.246000
964.561250
967.725600
975.150800
975.158650
975.658800
977.258650
979.422050
981.937200
982.891200
989.567500
989.572100
989.583400
992.652900
993.433050
1001.371200
1002.013850
1003.216250
1014.848500
1020.477700
