1.921050
2.445350
2.736850
2.826300
2.951500
3.122750
3.143800
3.602350
3.754750
3.984800
4.363200
4.554750
5.048950
7.280800
7.680100
8.474800
9.220600
9.514500
9.897000
10.189200
10.192050
10.196650
10.201250
10.227050
10.306150
10.359000
10.362350
12.549200
12.700250
12.856500
13.257550
13.304150
13.527600
16.288300
17.073700
17.377700
17.393950
17.397250
17.797450
17.832300
20.832400
20.945800
21.139150
21.691150
22.066700
22.972950
23.529550
24.088300
24.432350
24.851800
25.049350
25.181400
26.337800
26.859750
27.109250
27.256700
28.229300
28.298350
28.823800
29.216700
29.220250
29.836600
30.808550
31.285600
31.516350
31.702350
31.944750
32.119650
32.370000
32.373350
32.532650
33.519300
33.522550
33.989750
34.611950
35.224850
35.489600
35.553600
35.557150
35.849200
36.631050
37.113850
37.364650
37.710550
37.897750
37.904700
38.346700
38.488100
38.625950
39.845500
39.870150
40.024300
41.102500
41.361350
41.547550
41.577300
41.764850
41.776050
42.449100
42.460700
42.821400
43.215500
44.177750
44.781000
45.094400
45.101000
45.113850
45.530350
46.123800
46.911850
47.312750
47.941600
47.947800
48.212950
48.423550
48.596400
48.981850
49.018600
49.244550
49.474950
49.797750
50.779500
50.930750
51.937100
52.170700
52.572950
52.812700
53.482500
53.489350
53.632950
53.886050
54.232900
54.758200
55.003800
55.469850
55.473400
55.666000
55.669550
56.545550
56.996900
57.081250
57.278050
57.284500
57.469100
57.937050
58.184850
58.571700
58.590850
58.897150
59.250250
59.265550
59.551650
59.557950
59.733700
60.252800
60.439250
61.712450
61.731950
61.736850
62.167250
62.287900
62.469100
63.708000
63.876100
64.221150
64.905700
64.908550
65.353400
65.664850
67.001950
67.107600
67.425450
67.766850
67.770900
68.096500
68.589550
68.602300
69.525350
69.903850
69.923800
71.634000
73.317650
75.079700
78.936050
81.795050
86.356650
86.853450
87.336900
88.012450
88.218450
88.707800
88.711050
89.135500
89.482650
89.485450
89.585100
90.546750
90.584950
91.005100
92.560350
92.879400
93.198500
93.270500
93.273700
93.277900
93.646400
93.713150
94.070200
94.468250
95.040000
95.419050
96.123500
96.126450
96.496400
96.852350
96.857800
96.860700
97.007800
97.119250
97.127150
97.260350
97.343350
97.362600
97.566650
97.582450
97.987950
98.557550
98.560600
99.175050
99.650650
100.129900
100.135850
100.526150
100.800550
100.803700
100.818550
101.104900
101.267100
101.581150
101.916600
102.308550
102.815050
102.826800
102.830500
103.001950
103.008500
103.013000
103.233650
103.236050
103.251250
103.393800
103.968100
104.125300
104.732250
105.241100
105.568750
105.716800
106.075500
106.199050
106.291400
106.427900
107.319400
107.862500
107.865500
108.395300
108.529100
109.060450
109.261550
109.695100
110.552100
110.662150
111.380200
111.483250
111.751500
111.758750
111.845750
111.851900
112.299850
112.646550
113.016150
113.138550
113.142050
113.701150
113.944600
113.947500
114.257000
114.657450
115.223250
115.229300
115.235450
115.495250
115.610650
116.369950
116.541750
116.553750
116.569950
116.862550
117.616100
118.394200
118.854800
119.227450
119.244200
119.249400
119.263650
119.544250
119.669900
119.691850
119.963550
120.101200
120.484300
120.713850
120.968550
121.413800
121.543200
121.546100
121.871350
122.650100
122.654650
122.983650
123.258000
123.339200
123.643100
123.673250
123.877850
123.945800
124.429550
124.702250
124.709650
125.437550
125.498150
126.902450
126.918050
127.615800
127.621800
127.814050
127.830400
127.922750
128.114550
128.118100
128.259850
128.519300
129.117050
129.478450
129.501300
129.505600
129.880800
129.887000
130.206100
130.291550
130.600300
130.724750
131.502050
132.042300
132.214250
132.670350
132.865200
133.979150
134.376150
134.401200
134.415450
135.602250
135.886850
135.973050
136.201250
136.393650
136.745500
136.753900
137.396750
137.602600
138.088650
139.051750
139.516300
139.751500
139.883450
140.160400
140.659800
140.666950
140.913900
140.969850
141.059600
141.404250
141.569900
141.733500
142.198100
142.202050
142.576250
142.888350
143.120600
143.348150
143.593700
143.809500
143.853750
144.288350
144.294800
144.501200
144.507300
145.316950
145.837050
146.215300
146.439100
146.702650
146.705700
146.803600
146.865250
147.087550
147.193900
147.580500
148.204100
148.267700
148.284750
148.289500
148.295200
148.477200
148.688850
149.374900
149.450700
149.454550
149.750300
149.759000
150.281700
150.566100
151.201000
151.326800
151.349200
152.016000
152.045800
152.050200
152.430600
152.679450
153.189250
153.734700
154.400800
154.564550
154.861550
155.376750
155.830750
156.610850
156.992500
157.353100
157.359950
157.384250
157.452250
157.878600
157.976150
158.533150
159.433550
159.622050
160.411100
160.735550
161.160050
161.535200
161.564550
161.966450
161.969150
162.207700
162.714850
163.020700
163.283200
163.936250
163.949650
164.086400
164.264650
164.735450
164.741650
165.025200
165.390050
165.393050
165.716050
166.334550
167.025850
167.286100
167.834950
167.848850
169.044500
169.061600
169.409000
169.675300
169.778700
169.961100
169.989100
170.062800
171.154950
171.687700
171.690750
171.851650
171.910150
172.093900
172.117550
172.766700
173.206150
173.490350
173.911150
174.086600
174.351050
174.363950
174.488850
174.568250
175.150200
175.495000
175.876150
175.958350
176.101700
176.312650
176.325450
176.731350
177.162250
177.417350
177.592850
177.738700
177.756700
177.769850
178.137800
179.064350
179.553800
180.017950
180.418200
180.432200
180.539300
180.542500
180.677600
180.922050
180.990150
181.200200
181.611150
182.293350
182.297050
182.841400
182.860150
183.918850
184.332550
184.338750
184.455000
185.047050
186.642300
186.787100
186.832600
187.056500
187.190600
187.200700
187.211450
187.419250
187.596450
188.437600
189.011750
189.015600
189.038250
189.179000
189.567800
189.589950
190.237350
190.284050
190.556450
190.843850
190.933250
191.022450
191.068200
191.242300
191.248250
191.474350
191.520050
191.682250
192.197250
192.862600
193.168950
193.447050
193.666350
193.961200
194.441600
194.508800
194.513700
194.521050
195.336200
195.678300
195.989600
196.702250
196.884600
197.721100
197.729300
197.732250
197.918950
198.629250
198.918650
198.921900
199.287650
199.431700
200.389700
200.597050
201.310750
201.516000
203.120850
203.130400
203.986800
204.717950
205.216000
206.247700
206.632900
207.049350
207.511750
208.341400
208.386950
208.431200
208.467000
208.907900
209.442300
209.713650
209.809300
210.163550
210.817450
210.976250
211.555600
211.593200
211.891150
211.954200
212.138550
212.262150
212.926050
213.396000
213.567950
213.835650
214.178650
214.620750
214.922800
215.767000
216.105150
216.269350
216.598200
216.717050
216.957550
217.387300
217.548950
218.213100
218.793750
218.817900
219.115850
220.910050
221.084450
221.202800
221.885600
222.162000
222.745900
223.771850
223.834550
224.401900
224.474300
224.856350
224.945450
225.173300
225.962550
226.135300
226.213050
226.366700
226.380000
226.502000
226.828500
226.925800
227.095950
227.247000
228.189250
228.856100
228.959750
229.258300
229.644700
229.681600
229.779600
230.610300
231.220750
231.847050
232.327050
232.595550
232.840200
233.223600
233.347650
233.375300
233.397300
233.506350
234.575450
235.105400
235.214800
235.286400
235.399700
235.581550
235.756550
236.594300
237.826800
238.361100
239.359750
239.436650
239.669100
240.298750
240.842450
241.357000
241.481400
241.983900
241.998400
242.283300
242.437600
242.440950
242.819750
243.175250
244.478350
244.486150
244.499900
245.713750
245.725800
245.751950
245.890100
246.675850
248.342600
248.355500
248.359750
248.377100
248.432100
248.539300
249.638850
249.833050
250.046100
250.139400
250.221600
250.241850
251.217050
251.378350
251.453350
251.943750
252.663900
252.982350
253.127050
253.482700
253.768600
254.030000
254.476100
255.086850
255.097250
255.910500
255.916300
256.072250
256.389250
256.872850
256.882000
257.239350
257.588550
257.731600
258.109750
258.155750
258.756800
259.769450
260.009850
260.378150
260.943350
261.224600
261.615950
261.757300
261.878750
262.168100
262.498300
262.513550
262.679300
263.657250
263.665500
263.685250
263.892950
264.066900
264.626900
264.641250
264.987600
265.159750
265.209250
265.491400
267.046600
267.891400
268.223650
268.549500
269.182800
269.188250
270.106250
270.215300
270.972800
271.096650
271.136050
271.288900
273.083300
273.732350
273.977850
275.245050
275.249150
275.993100
276.154650
276.441550
276.476000
276.481300
276.487050
277.258750
277.701950
279.267850
279.957900
280.476550
280.784400
281.184550
281.520100
281.720950
282.700250
282.704050
282.755450
282.886250
283.608500
283.864350
283.907550
283.979700
284.990000
285.620400
285.656200
285.858450
286.096000
286.457500
286.897700
287.002050
287.050350
287.262150
287.898600
288.502700
289.134950
289.146750
289.308500
289.659150
289.742000
289.753200
289.863450
290.262650
290.371250
290.514150
290.668250
290.920700
291.031000
292.108950
292.700950
292.721350
293.009700
293.074300
294.350900
294.483800
295.039500
295.110400
295.260150
295.409900
295.930200
296.396050
296.975350
297.568500
298.093400
298.150600
298.154200
298.272150
298.317900
299.847800
299.851850
299.867450
300.323550
301.470900
301.481500
301.486350
303.372750
303.422950
303.426700
303.721000
304.168300
304.925850
305.365850
305.389250
307.149250
307.401550
307.579250
307.585550
307.690250
308.018700
308.099500
308.135350
308.138850
308.458650
309.487650
309.795800
310.023150
311.957250
312.717500
313.028550
313.453000
313.689500
314.363900
314.891450
315.083000
316.795550
316.815850
318.049500
318.439000
318.450000
318.520700
319.330900
319.887200
320.186700
320.475150
320.690250
320.751450
320.905850
321.076600
321.085150
323.235650
323.586500
323.603950
324.010400
324.205850
324.236600
324.646250
325.434900
325.853950
326.223600
326.731000
327.243400
327.248300
327.943350
328.663950
329.599550
329.616850
329.801450
330.251450
330.389650
330.782900
330.813950
331.025500
331.210400
331.389100
331.690200
331.754650
332.639300
332.642850
333.028000
333.042000
333.914850
334.152950
334.272950
334.580300
334.594800
335.522600
335.806650
336.073400
336.275950
336.343850
336.654250
337.159450
337.185400
337.201900
337.742300
338.482550
338.486550
339.007050
339.515350
339.737800
340.505550
340.538300
340.652100
340.695800
340.742700
340.760400
342.457750
343.220550
344.076600
344.244300
345.110400
346.170650
346.481800
346.491300
346.495900
346.501650
346.666950
348.103150
348.770050
349.126000
349.786600
349.888500
349.898700
350.317800
350.768950
351.500350
352.876850
353.493050
354.026800
355.756850
355.944200
355.949750
355.977700
356.039950
356.047450
357.308950
357.758200
358.209750
358.255200
359.713050
361.216550
361.288100
361.296750
361.916800
362.987250
363.374150
363.533300
364.006600
364.397800
364.416000
364.644950
365.148000
365.194100
366.558850
367.720200
368.644750
369.426750
369.613850
371.226100
373.269700
373.273050
373.485800
374.193900
374.833200
374.884250
375.186900
376.189550
377.005350
378.943400
379.266950
379.405150
381.037050
381.878200
382.526200
382.536250
382.810750
384.107450
384.112900
384.847000
385.501450
385.775650
386.118150
386.397750
387.531350
388.414450
390.206250
390.263550
390.684550
390.841850
390.847100
390.853050
392.661000
393.070700
393.254600
393.366450
393.632650
394.265700
395.201450
395.433800
396.007100
396.705500
397.447350
398.780950
399.914900
400.243150
400.837650
401.483100
401.666150
403.039900
404.374800
404.638500
405.067950
405.071150
405.435650
405.451000
405.880800
405.973500
405.987750
406.217050
406.477500
406.612350
407.051650
407.071850
407.686400
407.964200
408.019900
408.598900
408.990400
409.251100
409.586600
410.010000
411.176250
411.844000
412.175250
412.181400
412.715600
412.738400
412.959300
413.033600
413.360500
413.500900
414.306300
414.339800
414.834050
415.126350
415.696950
415.865900
416.044650
416.745300
417.057400
417.754350
417.846500
418.647900
419.254000
419.605150
419.617850
420.689400
421.024850
421.193000
423.239300
423.993350
424.057050
424.946300
425.575800
426.490800
426.979350
427.396600
427.855600
428.693450
430.467850
431.437550
431.442000
431.835350
432.732300
433.970050
434.965000
435.411950
435.628350
436.116050
439.458000
440.089150
440.709100
441.576050
442.295150
442.305650
443.319400
443.557500
444.355300
444.781400
446.056200
446.234400
446.515600
446.548300
446.755750
447.157850
448.493950
448.831500
448.835250
449.250150
449.305300
450.203800
451.008800
451.674250
451.850700
452.541950
452.546350
452.608650
453.060700
453.508600
453.560800
453.868350
453.889500
454.237850
455.018650
455.857000
457.288550
457.374050
457.379150
457.533600
457.874750
458.359350
459.339800
459.361250
459.504100
460.014950
460.946050
461.917050
463.077950
463.113200
463.251700
463.433600
463.455700
463.486650
463.563950
463.790600
463.793550
464.413100
465.411400
466.411400
466.419350
466.693900
467.565500
468.354000
468.666700
468.863700
469.244850
469.616200
469.762300
470.102950
470.529450
470.555300
470.599000
470.890850
470.896250
471.350750
471.836800
472.272100
472.953850
472.959800
473.483500
473.700900
474.216050
474.847850
475.570600
475.595300
477.076400
478.467200
478.559550
478.980400
479.551000
480.644300
480.924650
481.563000
481.696000
481.835400
482.283000
482.442000
482.906050
483.154350
483.447350
483.552650
484.160050
484.180500
484.480950
484.978800
485.218700
485.290400
485.378300
486.797750
486.801500
487.022250
487.442950
487.849900
489.167400
489.801650
491.387650
491.852700
492.321350
492.548850
492.748150
493.157250
493.281250
493.292900
493.397150
493.779350
493.962900
494.827700
494.831200
495.359100
495.417950
495.422500
495.436850
495.651000
496.276500
496.279300
496.284150
496.584950
496.591750
497.232450
497.329100
497.464950
497.469050
497.505800
497.545100
498.020100
498.425500
498.431850
499.349500
499.465850
499.478200
499.805000
501.021850
501.247100
501.273750
501.535250
501.938900
501.954100
502.208150
502.380450
502.421950
502.885450
503.045400
503.609950
503.863400
504.051000
504.060150
504.086200
504.088800
504.109250
505.129550
505.289600
505.816900
505.848550
505.943550
506.243900
506.454100
507.049600
507.543850
508.188850
508.479850
508.659600
509.429650
509.528750
509.815900
510.095250
510.135100
510.844200
510.850700
511.442650
511.989200
512.313950
512.389600
512.486300
512.793700
513.007050
513.105100
513.207300
514.120400
514.200550
514.406800
514.439250
515.523550
515.884750
516.382600
516.422450
516.617650
517.201850
517.730650
517.788800
517.908600
518.455000
518.516300
519.045200
519.049500
519.822500
520.321350
520.442000
520.648350
521.648850
521.878400
521.881450
522.156950
522.180950
522.387850
523.242150
523.629950
524.582200
524.887900
527.222850
527.422550
527.701500
527.718950
527.736350
528.222350
529.098050
529.246500
529.678100
529.722350
530.042950
530.183450
530.910750
531.466300
531.643500
532.144700
532.268300
532.720500
532.753350
532.793100
532.973750
533.725700
533.967100
534.173350
534.454800
534.682450
535.062100
535.409150
535.986850
536.974500
537.056050
537.075350
537.892550
538.403700
539.209450
539.232300
539.396950
539.475900
539.647250
539.859900
539.863450
539.870650
540.076850
540.082100
540.096150
540.708050
541.382950
541.848350
542.092600
542.348150
542.804300
543.195400
544.023350
544.202400
545.144000
545.149950
546.283750
546.324450
546.804200
547.025300
547.124000
547.663700
548.129950
548.143500
548.151200
548.171950
548.183700
548.619250
548.777250
549.368800
551.169500
551.450700
551.775300
551.804900
551.928350
552.371650
552.512600
553.513000
553.751400
554.269000
554.530450
555.141450
555.837700
555.840850
555.847350
556.311950
556.535550
556.721850
556.743100
557.212250
557.387300
557.392450
558.847250
559.902150
560.138150
560.462250
560.624450
561.147950
561.334900
561.341750
561.905650
562.274600
562.285850
562.445700
563.002450
563.006350
563.253000
563.259950
563.845600
564.622050
565.140450
565.974450
566.343350
566.413700
566.756950
566.770450
567.995450
568.009550
568.128100
568.132850
568.189100
568.390650
568.634800
568.812600
569.476750
569.530700
569.768900
569.917950
570.562700
570.579500
571.028100
571.078550
572.563750
574.341000
575.005800
575.084300
575.326750
575.480900
575.654350
575.912950
576.291800
576.495450
576.722250
576.735000
577.074550
577.335500
578.367150
578.834950
579.374100
580.179950
580.434100
580.611800
580.706150
580.711100
580.850250
580.859450
581.195100
581.901400
581.917750
581.929450
581.977000
582.571400
582.737100
583.070550
583.227550
583.231900
583.443800
583.770250
583.774800
587.370300
587.749950
591.643700
592.527050
592.723500
595.072000
595.232450
596.211650
596.619150
600.672850
601.168600
601.924500
605.170400
607.747550
608.340050
609.062850
610.344900
612.402950
612.588450
612.591350
612.628650
612.991050
613.903750
614.093300
614.184150
614.285300
614.434000
614.436950
614.450600
614.744250
615.337200
615.822400
616.090750
616.612150
616.773800
617.480900
617.733800
618.020200
618.507250
618.706750
618.920000
619.460750
619.541450
619.855850
619.881450
620.063050
620.242500
620.589050
620.622050
620.897900
620.923800
621.374100
621.411550
621.483550
621.792450
622.271650
622.968550
623.226350
623.428000
623.661900
623.798550
623.941700
623.980700
624.035050
625.461300
626.272250
626.377200
626.796900
627.131100
627.204150
627.229450
627.404000
627.730250
627.736100
627.770600
627.804050
627.928500
627.984250
627.999550
628.528650
629.112550
629.268350
629.387400
629.520150
629.705300
630.817700
630.851950
631.735700
631.937500
633.504650
634.211150
634.337700
636.357950
636.563950
636.827800
637.028500
637.069200
637.284550
637.355500
637.455650
637.883700
638.149950
639.456200
639.877200
640.426400
640.456600
640.460350
640.674400
640.676550
640.695850
640.943550
641.349600
642.068000
642.748050
643.363050
643.568900
643.670900
644.004000
644.370850
644.395450
644.435900
644.787850
646.392850
646.584000
646.932900
646.944150
647.575950
648.518950
649.849200
649.924200
650.697650
650.938600
651.475900
651.491900
651.525350
651.741900
651.892400
652.611000
652.744850
654.257900
654.264800
654.345800
654.349100
655.270950
655.437950
656.017800
656.301650
656.947600
657.108550
657.354900
657.534450
657.782700
658.666800
658.671950
658.701450
658.705550
659.045750
659.080850
659.153250
659.226350
659.685700
660.013700
660.286550
660.624550
660.978900
661.358550
661.363050
661.431900
662.182300
662.550250
662.670950
662.843700
663.822950
664.301200
664.341450
664.744500
664.847800
664.861050
665.007800
665.215800
665.299650
665.523200
665.540550
665.747600
665.939950
666.359550
666.955050
666.962200
667.069950
667.148400
667.323000
667.647500
667.859800
667.898550
667.905850
668.087550
668.707450
668.714600
668.954600
669.360550
669.634650
669.689550
669.817400
669.962550
670.473100
670.478450
670.493550
670.673400
670.713050
670.865300
670.900750
670.978450
671.254100
671.453450
671.793950
671.905200
671.985550
672.499500
672.513350
672.853350
673.732550
673.818300
674.098250
674.104750
674.217700
674.557750
674.779400
674.785150
674.876500
674.885350
674.892500
675.044200
675.896350
676.291600
676.696200
677.031200
677.135750
677.283900
677.286850
677.536050
677.774600
677.794900
677.815700
678.335450
678.570050
678.729500
678.955050
679.201200
679.241900
679.280400
679.322050
679.387500
679.607750
679.613700
679.618000
679.928250
680.009850
680.453450
680.508350
680.561600
680.780500
681.032500
681.328200
682.008650
682.212750
682.420050
682.647550
683.067750
683.081150
683.398800
683.632800
683.879200
684.021600
684.191900
684.340150
684.512600
684.534600
684.655300
684.739050
684.919250
684.924150
685.113600
685.666950
685.815000
685.818150
685.891650
686.045500
686.505400
686.520000
686.527250
686.793800
686.847950
686.971450
687.105700
687.658950
687.860300
688.794550
688.875000
689.134500
690.079550
690.187750
690.192250
690.274000
690.515700
691.211300
691.340700
692.686000
694.039250
695.811400
696.077050
696.367650
698.027800
698.071250
698.112050
698.140250
698.936000
699.170550
699.173600
699.368300
699.538150
699.848750
699.855300
700.275500
700.284950
700.295850
700.333250
701.447000
701.896850
701.981550
701.997400
702.157700
703.659900
704.197400
704.472550
704.476200
704.499450
704.820650
705.071950
705.196250
705.200900
706.276650
706.468800
706.631400
706.761350
707.188200
707.460450
707.537500
707.717000
707.743850
708.059600
708.457400
708.791350
708.970100
709.236150
709.755050
709.758500
710.042700
710.241450
710.332000
710.347050
710.547050
711.885700
711.892800
712.633750
712.845550
714.142100
714.345250
715.058600
715.145850
715.549850
716.032050
717.024150
717.031400
717.049100
717.234950
717.772150
717.974600
718.009050
719.169800
719.268800
719.768950
719.771850
720.033500
720.037000
720.045800
720.271050
720.556550
720.933950
721.293750
721.849100
721.869500
722.596350
722.613500
724.161250
725.179050
725.451800
725.830050
726.136350
726.202000
726.362600
726.378700
727.464900
728.177350
728.204000
728.472000
728.835950
729.237900
729.372150
729.376700
729.431800
729.673950
729.817600
730.618700
731.839600
731.866800
733.814500
735.085350
735.848050
736.479400
737.278750
738.117800
738.366100
739.418100
739.471800
739.873900
740.324400
740.610500
740.919150
743.081900
744.127000
744.294650
744.472950
745.216550
745.466250
745.483500
746.467150
747.430650
747.433950
747.991650
748.200800
748.293350
749.506400
749.770300
749.938200
749.945050
750.056050
750.645850
751.300650
751.621450
751.790550
751.852950
751.943200
752.210800
752.217550
752.226450
753.229350
753.425150
755.605150
755.876100
756.048800
756.607400
756.772300
756.832150
756.838500
756.905800
757.315550
757.318350
757.433700
757.855250
757.952650
758.470050
758.641600
758.972300
759.543300
759.715750
759.760200
760.300550
760.356700
760.545800
761.365150
762.042400
762.052750
762.060050
762.307550
762.594550
762.616050
763.050650
763.283300
763.697300
764.435100
764.469400
764.962050
764.996250
765.382150
765.753800
766.203800
766.316700
766.503250
766.631350
766.731850
766.801800
767.036400
767.268000
767.439100
767.656800
767.730900
768.792800
769.138050
769.176700
770.095400
772.064300
772.692350
773.636150
773.663400
774.195100
774.581450
775.850500
776.732150
776.753950
777.543300
778.192300
778.807250
779.035300
779.629350
779.822200
780.506800
780.513350
781.102350
781.339900
782.096650
782.354650
782.501100
782.882400
783.176100
783.724200
783.729650
784.383750
784.790150
784.809300
785.384500
786.106450
786.555350
786.774550
788.259850
788.388350
788.771000
789.054000
789.060750
789.791700
790.420150
790.558450
791.196950
791.910850
793.163100
793.171700
793.402350
793.741400
793.980550
794.706200
795.167900
795.283050
795.606800
795.857350
796.226150
796.555800
796.561000
796.569500
796.824250
798.180700
798.339650
798.486600
798.630100
799.235850
799.611750
799.698850
800.027450
800.226100
800.471650
800.679950
800.682550
800.807600
800.810500
802.019000
802.578300
804.562050
805.054350
805.450850
805.515150
805.802450
805.932650
805.942600
805.947400
807.228600
807.262400
807.312200
807.836600
807.943550
808.013000
808.900700
809.351500
809.712300
809.960000
809.993400
810.129100
810.132200
810.159400
810.490950
810.802200
811.464100
811.751200
812.044550
812.280550
812.640150
813.026700
813.196650
813.202750
813.402900
813.490100
813.644250
814.830850
815.038750
815.049650
815.190950
815.217600
815.839250
815.852500
815.924100
815.994700
816.127650
816.595350
817.095650
817.102400
817.241600
817.697900
817.940050
818.725250
818.728650
818.871600
818.882450
818.983300
819.197550
819.594050
819.889700
819.923600
820.201000
821.134500
821.760500
822.620500
823.802300
824.165900
824.417550
824.521400
824.824650
825.363550
825.481500
825.493500
825.816050
826.084200
826.243000
826.257900
826.599000
828.209450
828.215950
828.663200
828.925100
829.099300
829.283300
829.362550
829.598500
830.213100
830.400300
831.017050
831.452400
831.867250
832.172850
832.300500
832.462400
833.360200
833.366400
833.714100
833.972450
834.275500
834.278800
834.580200
835.164350
835.488450
835.723400
836.076200
836.080400
837.074900
837.456950
837.746600
837.881750
838.361600
838.403700
839.183700
839.416700
839.581300
839.704000
840.084150
840.138550
840.651150
840.808000
840.907300
841.134400
841.281150
841.379150
841.511250
841.667150
841.928600
842.234700
842.548550
842.714750
842.786150
842.990650
843.260200
843.266950
843.702250
844.215200
844.689050
845.246150
845.552600
846.138150
846.263950
846.367200
846.710900
847.028900
847.066000
847.874750
848.297050
848.472350
848.489600
848.569100
848.827850
849.126500
849.252400
849.404750
849.674050
849.957400
850.109900
850.982600
851.007700
851.019000
851.143950
851.938450
852.092650
852.289550
853.274200
853.874350
854.256700
854.260000
854.407950
854.769450
854.823750
855.253750
855.297100
855.308150
857.252650
857.643750
858.160550
858.179650
859.604050
859.627850
859.746350
859.770400
860.131350
860.889400
861.024250
861.315100
861.619100
861.841700
861.845450
862.620400
862.858150
862.923200
862.926200
862.941100
862.949800
863.408600
863.616800
863.775450
864.721750
864.902650
865.467200
866.484500
867.073600
867.320000
867.349650
867.380100
867.554550
867.570900
867.875950
867.884700
868.294700
868.379550
868.693500
868.696450
868.731250
869.312100
869.487100
869.490300
869.512350
870.437900
870.620600
871.334500
871.779400
871.874550
871.951400
872.381300
872.387650
872.670900
873.021400
873.628800
873.914650
874.205350
874.343700
874.558800
875.681650
875.776850
875.835650
876.271150
876.300000
877.116000
877.319600
877.507000
877.513250
877.901300
878.421950
878.688650
878.879600
880.480250
880.924800
881.161300
881.453150
881.908950
882.169550
882.238350
882.707200
883.394850
883.696650
883.852700
884.255000
884.616500
885.198700
885.203700
885.291350
885.433300
885.645150
885.670900
886.258200
886.441150
886.512550
886.819300
887.014650
887.037950
887.756400
888.393700
889.008750
889.143700
889.844950
890.210250
890.213100
890.396450
890.526850
890.610950
890.940250
891.291200
891.809650
891.856000
892.094400
892.276250
892.370300
892.392650
892.698250
892.724400
892.795700
893.097350
894.144700
894.400100
894.560100
895.402050
895.415450
895.514800
895.754600
895.796250
896.027400
896.200300
896.216150
896.910950
897.504250
897.742850
898.255200
898.626200
898.632100
898.751800
898.794650
899.060950
899.822550
899.939550
900.124000
900.334750
900.772500
901.331800
901.439550
902.116900
902.476800
904.573900
904.746200
904.890300
905.257150
905.495950
906.092450
906.583400
906.605800
907.195000
907.393250
908.034350
908.073950
908.390900
908.710050
908.910150
908.921750
909.123350
909.790100
909.898200
910.069450
910.318500
910.321400
910.740750
910.857600
911.218700
911.715400
912.100250
912.116000
912.380250
912.768850
913.611800
914.019500
914.593400
914.795150
915.346800
915.378600
915.387050
915.570550
916.020050
916.174500
916.304900
916.505600
916.941300
918.070450
918.965300
919.374850
919.600600
919.607500
919.836400
920.217600
920.463600
920.466650
920.708100
920.736200
921.364750
921.522750
922.024200
923.220000
923.910600
924.811400
924.973950
925.164950
925.425850
925.485050
926.138400
926.399950
926.405800
926.601700
927.104250
927.267650
927.499450
927.733500
927.986050
928.062950
928.069750
928.226650
928.287850
929.041000
929.143250
929.381400
929.836150
930.042350
930.056200
930.292950
930.544050
931.226500
932.166550
932.770000
933.498700
934.131100
934.134000
934.137150
934.374100
934.588950
934.788350
934.923100
935.293800
935.681900
936.112550
936.795450
937.012350
937.032050
937.053800
937.763100
937.785700
938.221200
938.282800
938.511500
938.533150
938.781700
939.389050
940.266350
941.542900
942.608350
942.630650
942.809500
943.004650
943.640950
944.188300
944.448850
944.876950
944.978400
945.117450
945.456000
945.465800
945.886350
946.039900
946.071750
947.414650
947.834550
947.875450
949.319450
950.181350
951.335950
951.341550
952.296850
952.563250
952.932100
953.423600
953.428250
953.433400
953.473850
953.778550
954.242300
954.470650
954.756250
954.869700
955.076200
955.663400
956.115250
957.012400
957.964600
958.459750
958.750650
960.061400
960.075150
961.102800
962.569350
962.949350
963.174700
963.577900
963.810050
963.816100
963.933550
964.258350
964.539400
965.229300
965.532300
966.574600
966.818450
967.492800
968.316850
968.457100
968.474600
968.796850
969.243950
969.420400
969.606100
970.007300
970.028550
970.269850
970.583650
970.783500
970.787900
970.856450
971.893850
972.357600
972.367300
972.620450
973.176400
973.358350
973.988950
974.282550
975.283450
975.944400
976.154300
976.160750
976.362700
976.633950
977.603850
977.998050
978.183350
978.578850
979.552300
979.711300
979.738150
979.755600
980.228200
980.296700
980.583500
980.624500
981.356800
983.652300
983.912500
984.289750
984.556700
985.899250
986.351350
986.911550
986.930000
987.099500
987.192850
987.752000
988.704950
988.880300
988.891650
988.925850
989.147600
989.156950
989.707050
990.000300
990.065050
990.694050
990.732650
991.829000
991.997750
992.648700
992.771350
993.520000
993.881400
993.910450
993.941200
994.218350
994.632200
995.171950
995.174150
995.182050
995.218550
995.744800
995.752400
996.116600
996.543500
996.546950
996.955050
997.642150
997.717900
997.966250
998.111500
998.401100
998.709200
998.712250
998.951100
999.085000
999.238600
999.918650
999.936250
1000.193350
1000.231300
1000.682750
1000.689000
1001.721000
1001.766400
1002.311250
1002.474950
1002.700700
1002.881250
1003.117850
1003.127150
1003.237150
1003.574300
1003.577050
1003.752300
1004.315600
1005.035800
1005.292750
1005.338600
1005.965150
1006.554150
1006.952800
1007.202500
1007.461400
1007.758900
1007.770500
1007.988300
1008.123300
1008.551000
1008.805950
1008.883550
1009.179700
1009.816850
1010.002800
1010.577000
1010.838850
1011.166800
1012.879400
1013.378850
1013.535750
1013.786600
1014.602300
1015.044400
1015.081500
1015.233000
1015.560250
1015.590450
1015.646450
1015.879200
1016.520600
1016.857100
1016.891750
1017.638800
1017.790700
1018.030800
1018.558100
1019.258400
1019.751950
1019.761350
1020.253450
1020.276800
1020.497700
1021.441950
1021.732800
1022.013300
1022.019450
1022.268200
1022.287900
1022.781600
1022.803650
1023.653100
1023.660000
1024.046500
1024.057650
1024.783700
1024.840100
1025.713050
1025.725950
1026.191950
1026.949850
1027.418500
1027.662750
1027.694300
1027.697250
1028.138300
1028.514750
1028.537550
1029.558300
1029.573950
1029.852950
1030.510350
1031.459800
