5.211950
5.216450
5.229800
5.352100
10.218200
27.282550
66.947200
66.960750
66.967300
79.094350
79.099050
97.719100
100.319600
100.324100
100.331700
103.235500
103.243850
103.248100
103.274600
105.707250
106.063650
116.655550
116.661250
116.980700
119.238000
119.263250
119.831250
130.818000
130.821200
131.296850
136.403400
136.406100
136.417250
137.954000
137.989700
137.993800
138.008600
146.015750
146.023450
146.342700
148.266950
148.275800
150.351300
150.356600
150.360700
150.367100
151.173750
152.004650
152.018600
152.030700
155.373400
160.204250
162.182550
163.992550
164.017450
167.666600
170.809100
170.818850
170.823250
170.829700
171.920450
171.934900
171.940450
171.945900
171.957000
174.206100
174.573150
174.578050
174.588550
177.213600
177.218700
178.947650
178.950400
184.657750
187.377700
189.350350
189.355450
190.354750
192.006600
192.012850
192.455600
194.143200
194.148100
194.950800
195.198050
195.208650
195.533750
196.575800
197.099950
197.907600
198.207750
198.210850
198.215050
198.232400
201.084400
201.110850
202.754300
202.760200
208.305700
208.440700
208.469000
208.489450
209.630450
209.635300
209.690150
211.530300
212.730100
213.214350
213.232950
214.167500
215.753300
215.757550
215.766350
217.388000
220.573000
220.576800
220.589900
221.676150
221.682200
221.689650
221.768900
222.289650
222.308000
223.109600
223.127200
223.132400
225.053550
225.062600
225.412300
225.693950
225.698150
227.853800
230.773400
230.778100
231.668950
233.893250
233.897450
233.911950
235.570300
235.586800
235.591450
237.056700
237.061800
237.523250
237.537100
237.552650
238.219250
238.237900
240.827500
240.832700
241.946700
241.951300
242.208650
242.213900
243.235600
245.728200
245.732650
246.072500
246.077800
246.559900
247.409100
247.415000
247.696750
247.711700
247.931300
248.389150
249.859800
249.862600
250.191000
250.805600
251.979050
251.985450
253.793050
253.797850
254.369350
254.373650
254.378950
254.385000
254.395450
258.732050
258.749050
259.040150
259.046850
261.073000
262.521800
262.799350
262.805850
263.685100
265.409450
267.158250
267.167700
267.172500
268.837350
269.914500
269.916750
269.920600
269.927250
271.359650
271.371350
271.380650
271.830750
271.835500
271.852600
271.858400
272.531100
272.536450
272.546850
273.913250
273.917100
274.270150
274.597200
274.615050
274.621750
275.462700
275.467300
275.653950
275.658650
278.341250
279.137200
279.139950
279.148950
279.153650
280.633250
280.637750
281.005300
281.017100
281.045300
282.153100
282.161000
284.842350
284.861150
284.864850
286.335550
286.853950
286.864150
286.873900
286.893750
287.707850
287.723500
290.042350
290.046450
290.885400
290.890050
291.207550
294.494500
294.501900
294.506050
294.514800
294.523050
295.143900
295.149300
295.427800
295.431900
295.437800
295.485150
297.475650
297.480400
297.510550
299.000450
299.242400
299.253450
299.257550
299.485800
299.490000
301.203650
302.829550
303.351650
303.365050
303.432350
303.446050
304.187800
304.194150
304.198950
305.498850
307.446500
307.450850
307.623500
307.628350
307.950300
307.961750
308.806650
308.835150
309.681700
309.821150
309.834050
310.401500
310.406050
310.557600
311.371850
311.376150
311.391700
312.224800
312.424000
312.429600
312.714150
312.719850
312.896750
314.328850
314.521550
314.525050
314.533800
314.546550
315.150000
315.154950
315.254550
316.080450
317.101400
318.053400
319.229900
319.235150
319.317450
319.702850
319.781200
320.698600
321.875100
323.545000
323.553500
323.558100
323.892550
324.311050
325.156350
328.592050
329.898600
329.900950
329.905500
331.285700
331.290800
332.646750
332.652650
332.697950
332.980600
333.384700
333.939200
334.184850
334.192000
334.594750
335.077350
335.993300
335.999300
336.606500
336.618000
339.406200
340.629300
340.768400
340.929800
340.939200
341.245350
342.343300
343.290500
343.520100
343.524750
343.542900
343.927400
344.709900
345.143450
347.008450
347.014150
348.659700
348.665100
348.669150
348.675300
348.683400
348.930450
348.936500
351.154750
351.160500
351.899550
352.216400
352.945700
352.951400
354.163250
354.168050
354.182200
354.194450
356.391150
356.395300
356.791650
356.798750
356.875050
358.210100
358.216900
359.828950
359.834250
359.837750
360.383400
360.389000
360.701450
360.715300
360.719800
360.727200
362.397400
363.254400
364.413800
364.419250
364.432150
364.666950
364.682000
365.815550
365.820200
366.201400
366.552100
366.563350
366.796700
366.801400
367.811000
367.904400
367.914650
370.392650
370.398100
370.948400
370.953200
370.970900
371.109300
371.728250
371.732900
372.962650
374.334900
374.338250
375.510750
375.575450
375.581300
377.252950
377.264750
377.583200
377.599950
377.918050
378.333450
379.597250
379.602300
379.782850
379.787700
380.101600
380.112500
383.294250
383.312600
384.075150
384.079350
384.618950
385.494550
385.499300
386.357950
386.640600
386.645450
386.671300
386.761000
386.765550
386.771100
389.467600
389.473200
389.479200
390.751100
390.755350
390.777800
391.519500
391.715150
394.121100
395.040100
395.404850
395.410350
396.678950
398.028000
398.042250
398.441850
398.448100
398.479850
398.501000
399.673300
399.678150
400.021650
400.424150
400.626700
401.355550
401.837450
401.849650
401.854500
401.904900
403.732550
403.737300
403.742200
404.616350
404.621200
404.694550
404.771350
405.157250
405.988150
405.992950
406.001800
407.087100
407.092350
407.110350
408.031100
410.012750
410.017150
410.443400
410.453550
412.176000
412.180900
413.104800
413.110950
413.120750
414.416200
414.420550
415.512500
415.530650
416.263850
416.268100
417.814150
418.367200
418.372150
418.391650
420.811950
422.061050
423.088600
423.928400
423.931300
423.942750
424.275500
424.385850
428.349000
428.352000
428.365600
428.381350
431.258600
431.263900
431.267700
431.431350
431.448900
432.160450
432.172150
432.243150
432.785400
432.803000
433.331900
435.486050
436.293100
436.297450
436.409850
436.423100
436.428450
436.511650
437.889500
437.896900
440.343850
440.347300
441.209650
441.227250
441.825550
442.285400
442.295650
443.338900
444.240150
446.178100
447.230850
447.235750
450.454450
450.458400
450.464150
451.009000
452.117300
452.121550
452.130900
452.949500
452.967800
453.348000
453.628550
455.647850
455.660700
456.381000
456.386900
456.391650
456.904600
456.910650
459.541550
459.882100
459.894700
459.910150
460.319900
460.326500
461.878750
462.964650
462.969350
465.632450
465.642400
467.314450
467.958800
467.963500
468.049800
468.056000
469.055400
471.663350
471.668950
472.261500
473.856600
475.876000
476.010100
476.679700
476.684550
476.690250
477.518100
477.523050
477.542550
479.503150
479.669350
479.683800
479.694500
481.542500
482.178050
482.947600
485.079650
485.084800
485.274500
486.343800
488.363550
488.369650
490.021250
490.025400
490.039700
490.053650
490.099250
490.120750
490.128750
492.236950
492.241700
492.483100
493.341750
493.346550
493.769200
494.299350
494.308850
494.903300
495.418550
495.436100
495.440350
496.476500
496.481400
497.333000
498.640400
498.958550
498.963150
500.444350
500.451150
501.529600
501.773050
501.777750
501.789350
501.962500
501.967300
502.298150
502.302250
502.307100
502.312200
502.697250
504.575850
504.595800
504.856550
504.881300
506.112050
506.389850
507.188100
507.193500
507.202800
507.215150
507.217200
508.853450
508.858800
510.065650
510.081650
510.104150
510.111600
511.575400
511.579700
513.542050
513.546450
513.556450
513.578400
513.956700
514.007200
514.757550
516.068450
516.095450
516.998650
517.004150
518.295450
518.300100
520.007950
520.598400
520.615400
521.267500
522.132950
523.415500
524.456450
524.622500
524.659150
524.886250
525.081650
525.093900
527.334850
527.628100
529.943100
529.967700
531.770900
532.872650
533.071000
533.078250
534.259950
536.272900
536.277200
536.851650
536.856850
536.893450
539.315300
539.340850
539.574300
540.023500
540.046650
541.186100
542.843050
542.847600
546.239350
548.187500
548.192600
549.124900
549.761850
549.791500
551.235500
551.238100
552.172300
552.177050
556.730600
556.984050
556.999150
557.002100
557.014100
557.166800
557.172950
557.412850
557.634350
557.638150
557.804100
559.362800
559.812800
561.146650
561.161300
561.326800
561.335850
561.598950
561.605900
564.936100
564.958700
566.251550
566.262850
568.786650
568.804650
570.156050
570.174900
570.188500
571.125350
571.198900
571.215850
571.221050
572.018950
572.211950
572.217750
574.785000
574.792150
577.230950
577.432000
577.457100
578.168150
578.372950
578.386300
578.640400
578.648300
579.205700
581.692250
581.985850
581.990450
582.624000
582.626150
582.631000
582.635900
583.446350
583.513150
585.154450
587.099150
589.871750
594.811800
599.253000
603.368200
606.881600
612.635200
613.675400
614.341400
615.145450
615.147700
615.163500
615.360650
617.151300
617.437900
617.448550
618.320850
619.367600
621.774750
623.513400
623.515550
623.532200
624.410500
625.447450
625.809150
627.989800
628.018700
628.947950
628.950000
631.244750
631.249750
631.264050
631.292550
632.341250
633.570000
633.963550
633.969200
634.399050
636.804950
636.826050
636.999400
637.005250
637.010750
640.042550
640.047400
641.239300
643.165100
645.369200
646.684250
646.923950
648.029600
648.974100
648.989100
650.691650
650.909300
651.522400
652.009600
652.014200
653.059350
653.070700
653.126250
655.382850
655.388600
656.005150
657.027750
657.051050
660.133650
660.144650
662.041200
665.242800
665.256000
665.739950
665.746650
665.751500
666.651550
666.666800
666.671750
666.980850
667.914900
668.503950
669.588850
669.598950
669.603300
669.608000
669.614750
670.453150
670.479150
671.873700
671.886950
672.078200
672.601250
672.852550
672.857900
674.031850
674.053750
675.017150
676.658000
677.306750
678.779150
679.604950
679.610250
681.446750
681.461650
681.467950
682.221750
682.226400
684.175600
684.213300
684.527350
684.895400
684.900750
684.905750
685.018100
687.687450
689.334850
689.339500
690.427150
691.659600
694.722550
695.277000
696.406650
697.966150
700.106150
700.821350
703.076000
703.080450
703.575900
704.737300
704.754800
704.779100
705.293050
706.809250
708.497050
708.648450
708.653500
708.931650
711.039500
711.060900
712.184950
712.203150
712.208900
712.808900
712.975250
714.284400
714.836400
714.853750
715.637400
715.641900
716.220800
716.369050
716.371850
716.753850
716.765550
717.335500
717.354150
717.517850
717.522900
718.357100
718.362550
719.790900
719.795850
720.419750
720.424950
721.369150
723.532750
723.537150
724.663700
724.668750
724.950550
725.117050
727.804400
727.809400
728.038000
728.042400
729.638600
729.658900
731.325850
731.346750
731.361700
731.821100
732.473050
732.477550
732.501450
733.904850
737.267250
737.271900
737.848600
738.496500
738.500950
739.403650
741.176700
743.998950
744.001700
744.004250
744.723250
745.000750
745.046150
746.021150
746.919350
748.952700
748.955100
748.957450
749.038950
749.586900
750.619700
750.825900
751.302350
752.034700
752.039300
752.044600
753.910350
754.408600
754.413150
754.963750
754.984750
754.993300
755.923200
756.674750
756.962200
757.698400
757.709650
758.240100
758.245350
759.154800
759.372300
759.761700
767.577000
767.597900
768.623000
768.642950
775.080300
775.085250
775.327350
775.334150
778.693050
778.697800
779.352800
780.594800
780.598700
781.817500
781.828550
782.002550
782.007600
782.013300
783.688150
784.239700
784.248350
785.737500
789.745900
789.750450
789.758000
790.006850
792.174650
792.180250
792.248250
792.261300
792.669850
793.120550
794.158150
794.790900
798.454600
798.464900
800.687600
800.693400
800.834700
800.841600
803.280750
803.290200
803.302100
804.835000
804.843550
804.847850
806.597800
806.607000
806.623300
809.643500
812.878150
812.896450
813.170300
813.175800
813.622800
813.628650
813.632800
814.318850
814.339700
814.731800
815.105900
815.113850
816.662700
817.888550
817.893000
817.905650
819.823950
819.828400
819.838100
819.958750
820.923450
822.064200
822.260900
824.281000
824.763200
824.800050
825.929100
825.935100
825.975350
825.986400
828.907700
829.069850
829.072100
829.085950
829.652500
829.659450
829.670850
830.169050
830.181200
831.443400
831.448150
832.626050
832.644050
832.655050
832.660650
834.051850
834.067100
835.150900
836.644850
837.738150
837.881600
837.886650
838.206050
840.756350
840.760650
840.764050
840.766750
842.434150
842.438400
842.686200
843.770700
843.776000
844.079000
845.196900
845.202650
845.886650
848.481100
849.517900
849.520800
851.822800
852.382000
855.810000
856.174700
856.179300
857.387050
857.431450
859.775450
864.304400
864.309050
864.314450
865.468750
865.822900
865.850000
866.023950
867.345400
867.370400
867.403100
869.601500
869.629250
869.634800
869.636950
869.640100
869.642500
869.652600
869.679350
869.809450
869.814850
870.624900
870.629450
871.039100
871.046250
871.052300
872.435550
873.220750
873.223350
874.602550
874.609000
875.849800
875.854800
876.901850
877.304500
881.236850
881.424200
881.428500
881.988450
881.996500
883.136000
885.048050
885.548500
885.553750
885.598400
886.008450
886.031500
887.217250
887.220100
889.816050
890.728800
891.453750
891.915250
892.692500
892.724900
893.424700
894.312650
894.330800
894.335700
894.584800
894.815050
895.134350
895.136900
895.139750
895.144550
897.007000
897.022050
897.774350
898.371550
898.373650
898.378900
898.694100
898.701150
900.415200
900.822200
900.836450
900.850000
902.046200
902.126100
902.762350
902.766950
902.774250
903.520400
903.525550
904.713050
906.298450
910.764300
911.486450
912.098250
915.043850
915.082300
915.092150
915.583400
915.589950
916.132200
918.428500
919.087800
919.733450
919.742200
919.748150
920.119850
920.126000
920.269150
920.635250
920.640750
920.662600
922.491900
923.035250
923.039650
923.043950
923.165250
923.420000
924.799650
925.251250
925.667100
925.686450
926.418400
926.627700
926.633200
926.648800
928.035200
928.052550
932.114850
932.119350
933.062900
933.073450
933.364200
933.370850
938.657800
938.663000
938.826900
938.832850
941.119950
941.124450
941.142050
941.785450
943.746400
943.750650
943.753750
943.760300
943.766000
944.347900
946.797300
946.801800
948.714450
949.946900
949.952150
949.968300
949.984700
950.658350
950.665350
951.073750
952.452050
952.572800
952.588300
952.594250
953.313000
953.339800
953.345550
954.170750
954.857900
955.071700
955.078550
955.083650
955.642300
956.435900
957.372750
957.388600
959.048650
959.336500
961.999950
962.849750
963.575750
963.599900
964.166100
965.503600
966.794850
966.800300
966.842850
967.254900
967.261900
967.669800
967.720100
967.728850
969.543450
969.554200
970.033850
973.372750
975.144000
975.147450
975.393850
976.412300
976.419450
977.020500
978.341550
978.904800
979.090900
979.840400
981.029600
981.549600
981.558500
981.573000
981.599150
982.724700
983.235050
984.096600
984.127100
984.600250
985.277900
986.888600
987.465550
988.154250
988.886750
988.892750
988.903550
988.914700
988.924800
989.273250
989.358200
989.379400
990.944200
991.258350
991.431750
992.258300
992.274200
993.279400
993.289950
993.297100
993.300450
993.397700
995.163300
995.166000
995.181350
997.234200
1000.081750
1000.086250
1000.723550
1000.773650
1001.269650
1001.290150
1001.379350
1002.250650
1003.352050
1003.581450
1004.971250
1005.023600
1005.121200
1005.425800
1006.332050
1006.340350
1007.496450
1007.500500
1007.525000
1007.955300
1007.979300
1007.984050
1009.582100
1010.653600
1010.658050
1010.663650
1011.865200
1013.378250
1013.941450
1013.955600
1017.127500
1017.913500
1018.134600
1019.185100
1020.412050
1020.416750
1021.287050
1021.292450
1021.654200
1021.663250
1024.299550
1026.338550
1026.347450
1028.502950
1028.505550
1029.724950
1029.737850
1030.013100
