5.140650
5.147900
5.152000
5.156150
5.162350
5.174500
5.683050
9.063500
10.192650
10.195250
10.198150
10.201800
10.340350
10.532700
10.648300
10.682150
11.455000
12.072500
12.241400
12.353550
13.410550
13.956750
15.524850
19.402400
21.641500
21.649750
27.283550
31.604400
34.425600
35.443900
35.767200
35.870750
36.028700
36.760400
36.774950
36.778700
36.784000
37.611000
38.401350
39.155700
40.882500
41.808850
43.574600
43.602100
43.820900
44.201450
44.231650
44.788600
45.092750
45.947850
46.112350
46.511450
47.113650
47.334350
48.056850
48.097500
49.120300
49.388250
49.391200
49.394950
49.401100
49.470950
49.476000
49.482350
49.806550
50.820250
50.912750
51.109400
51.338550
51.342100
52.282350
52.694650
52.708100
53.022300
53.056800
53.265050
53.775150
55.385100
55.437100
56.193850
56.236250
57.004850
57.092650
57.151600
57.457500
57.772600
60.168900
60.819350
61.059350
61.196850
61.563800
63.262450
63.270550
63.273250
63.278850
63.283050
63.285150
63.287850
63.291250
63.299250
63.307300
63.349200
63.861550
65.135750
65.138700
65.146000
65.155050
68.604950
68.666600
68.823300
68.828000
69.897250
90.652450
90.885600
90.890300
90.893350
90.897100
91.269650
91.897100
93.339950
93.342950
93.346050
93.349450
93.364550
94.191700
97.073100
97.722100
97.724550
97.727650
97.782600
98.346650
98.363550
101.382400
101.607100
102.609350
102.628850
103.376300
104.354600
104.752200
104.754750
104.757400
104.760650
105.775850
105.841750
105.935100
106.069700
106.755300
106.914000
108.161450
108.859000
108.862200
108.872550
108.889850
108.895050
109.311800
109.347550
110.049350
111.249400
115.884250
117.054900
117.057550
119.207100
119.210900
119.531750
119.663200
119.665950
119.672050
119.676550
119.690750
120.035600
120.176550
120.199450
120.202100
120.209550
120.331400
120.391700
121.567850
121.886050
121.900550
122.030500
122.033150
123.014200
123.423850
123.426400
123.433450
123.437000
123.440850
123.447550
123.453450
123.458000
123.464950
125.190300
126.902250
126.905200
127.871850
129.154700
129.542000
129.544850
129.715800
130.118050
130.900600
130.913450
130.916900
130.921800
131.095100
131.494350
131.496950
131.571650
131.614500
133.380300
133.635900
133.639400
133.644250
133.686100
133.689300
134.039050
134.041850
134.045550
134.049400
134.055750
134.059800
134.067950
134.075800
135.092950
135.220100
135.620250
136.968750
136.971450
136.977650
137.205950
138.535350
138.688050
138.692050
138.697100
140.575400
140.579750
140.585300
140.590650
140.771900
141.084900
141.361400
141.540500
141.542800
141.548650
141.768450
141.803300
141.812600
142.492350
142.502050
142.511350
142.514950
142.519300
142.522750
142.537850
144.442950
144.585300
145.433750
145.887900
146.861300
146.863650
146.866450
146.878000
146.888900
148.127400
148.835400
148.847800
149.239200
149.242050
149.245150
149.340050
149.355800
149.359500
149.363300
149.372200
149.378400
149.384000
149.392900
149.436100
149.447600
149.566700
150.846600
151.627950
151.630700
151.634200
151.638500
151.643300
154.106850
154.341400
154.344450
154.356150
154.684600
155.374500
155.380500
155.387900
156.278700
156.755600
157.377000
157.406400
157.409950
157.415100
157.442650
158.298200
158.383300
158.750000
158.753250
158.757550
158.761900
158.767850
158.778250
159.048000
159.293450
159.436000
159.581150
159.584150
159.591150
159.594650
159.598950
159.609300
159.633150
159.636950
159.642150
159.647300
159.649950
159.880150
160.436350
160.452700
160.457250
160.462400
160.467700
160.950950
160.961050
161.958050
164.729950
164.732850
164.879800
165.391950
166.123950
166.188450
166.774400
166.776750
166.788250
166.808500
166.816400
167.656650
167.659200
167.662200
167.666050
167.740200
169.415450
169.418250
169.436750
169.439850
169.867950
170.203500
170.207500
170.210850
170.240250
170.244350
171.069950
171.369550
171.374550
171.380350
171.384150
171.393050
171.397950
171.403050
171.427850
171.922000
171.956400
171.959650
172.436700
172.465050
172.467800
172.491050
172.503550
172.508800
172.519700
172.525000
172.699000
173.564050
173.566500
173.571900
173.593150
173.765000
174.194350
174.197000
174.200350
174.204000
174.218700
174.229500
174.877300
174.880300
175.233450
175.248200
175.253050
175.258200
175.264150
175.271650
175.281250
175.284750
175.287200
175.294850
175.296950
175.303150
175.306050
175.318500
175.467350
176.391450
176.394450
176.398500
176.414400
176.418050
176.669950
177.005550
177.019200
177.023150
177.030450
177.037400
177.042600
177.052650
177.696150
177.910250
177.913100
177.916200
177.940350
178.495250
178.498300
178.600350
178.649350
179.085350
179.092150
179.103000
179.416200
179.419800
179.424550
179.487650
179.811500
179.840350
180.086000
180.697150
180.700700
181.278750
181.342900
181.426300
181.824850
181.967350
181.974100
181.980350
181.982850
182.429200
183.282100
183.290000
184.148000
184.151300
184.154550
184.274600
184.317350
184.320500
184.339400
184.659400
184.821600
184.825600
184.831150
185.251200
185.254450
185.258350
185.262300
185.269150
186.003650
186.007350
186.195850
187.724900
187.997300
189.150600
189.154300
189.157900
189.207500
189.210150
189.213200
189.906300
189.909250
189.925750
189.928900
190.346400
190.348500
190.351700
190.355800
190.366500
190.370650
190.766450
190.769150
190.772150
190.778150
190.782350
190.799700
190.806850
190.812750
190.936100
190.949950
191.149100
191.152500
191.338500
191.341700
191.444500
192.117550
192.197050
192.203150
192.211550
192.218150
192.222050
192.227250
193.982150
193.986600
194.449300
194.648850
194.651500
194.654500
194.657850
194.663250
194.779400
194.965650
194.971850
195.405650
195.476050
195.484750
195.785850
195.816700
196.421100
196.424400
196.805800
196.878700
197.023750
197.027000
198.130050
198.688100
198.690750
198.693800
198.696250
198.701350
198.706550
198.715150
200.075300
200.371400
200.374000
200.383200
200.415100
200.429950
200.812850
200.818650
200.831450
200.844900
201.087600
201.091250
201.642950
201.646150
201.823350
202.190300
202.647200
202.703650
202.936400
202.940250
202.945300
203.106900
203.672700
203.675950
203.812700
204.041450
205.370800
206.689500
206.923000
207.597350
207.600800
208.203750
208.291600
208.294500
208.439700
208.443200
208.445300
208.460600
208.466100
208.474450
208.835550
209.477900
209.483450
209.490100
209.694450
209.697250
210.926950
211.160650
211.167850
211.172000
211.645600
211.648400
211.922100
212.077850
212.081050
212.086550
212.091800
212.097050
212.106500
212.357850
212.562750
212.568850
212.576750
213.168750
213.172000
213.175400
213.178900
213.184400
213.189250
213.894100
213.898000
213.903900
214.775800
214.789600
214.795350
215.631100
215.648700
215.657100
215.666250
215.670900
215.678000
216.836150
217.033350
217.039350
217.408900
217.582900
217.586700
217.592150
218.168550
219.098700
219.145150
219.156150
219.222400
219.225900
219.231450
219.609150
219.612350
219.618450
219.622500
219.628100
219.632900
220.582500
220.592550
220.596950
220.772400
220.862450
221.103950
221.107400
221.498050
221.518550
221.522550
221.527050
221.760950
221.771750
221.783250
221.929500
223.021550
223.027300
223.031350
223.037500
223.265200
223.446250
223.883150
223.990700
224.391700
224.394650
224.398050
224.444650
225.048900
225.260250
225.262450
225.264500
225.274350
225.279450
225.288350
225.649200
225.685000
225.742400
225.861250
225.865550
225.886450
227.464050
227.476300
227.482200
227.808000
228.044800
228.252700
228.256500
228.261600
228.266200
228.274150
228.561400
228.707950
228.712900
228.725700
228.729850
228.742100
228.762200
228.772200
228.776400
228.782900
228.985650
228.988500
229.140450
229.143600
229.149000
229.154550
229.360950
229.854350
230.013200
230.074600
231.121900
231.869900
231.872900
231.878050
231.888000
231.891800
231.897050
233.229350
233.235200
233.239750
233.620350
233.623500
233.625750
233.629950
233.635250
233.639300
233.641750
233.648800
233.890150
234.160200
234.173400
234.367850
234.847100
234.933950
234.937450
235.047950
235.051500
235.056450
235.950450
235.975600
236.006550
236.031300
236.036950
236.040550
236.054450
236.059000
236.065200
236.202150
236.355600
236.359300
236.667350
236.677100
236.800850
236.821550
236.921600
237.133700
237.271250
237.531500
237.994600
238.000300
238.113900
238.131550
238.137000
238.143250
238.155450
238.165400
238.172000
238.175950
238.179600
238.567750
238.571250
238.575350
238.579600
238.582900
238.588450
238.592900
238.597100
238.600950
238.605650
238.611300
238.616400
238.818000
239.198300
239.283200
239.298050
239.303150
239.474100
239.476850
239.505450
239.510450
239.769100
239.781700
239.786750
239.793450
239.985500
239.988850
239.992300
240.070050
240.374000
240.662000
240.990600
240.994300
241.244050
241.460000
241.463800
241.468800
241.473400
241.477500
241.480350
241.485350
241.489450
241.494050
241.498250
241.501250
241.503450
241.511950
241.857750
241.940850
241.943150
242.502250
242.512300
242.760650
242.763450
242.770200
242.774900
242.790700
242.889750
242.974150
243.393050
243.396700
243.402400
243.406850
244.048300
244.072250
244.672100
244.674750
244.681350
244.683800
244.690500
244.692650
244.699600
245.026150
245.030350
245.035350
245.039300
245.042900
245.370100
245.700200
245.704500
245.715050
245.776150
245.806950
245.833100
246.131400
246.134350
246.162700
246.170000
246.460750
246.466700
246.546500
246.757050
247.006750
247.012450
247.033550
247.043000
247.055400
247.069150
247.072250
247.129850
247.132750
247.160300
247.619300
247.742300
247.745800
247.771600
247.900700
247.967350
248.227850
248.352050
248.356750
248.361050
248.364700
248.376250
249.068050
249.073500
249.554650
249.557750
249.576600
249.586850
249.590500
249.594700
249.638700
250.562950
250.668900
250.672300
250.815800
250.823000
251.182900
251.289750
251.369300
251.598350
251.603350
251.905850
251.909050
251.961850
251.967400
252.113000
252.115550
252.596600
252.643150
252.647150
252.742300
252.752900
252.758900
252.761250
253.013950
253.082400
253.205750
253.209200
253.363250
253.375850
253.607500
254.288400
254.519500
254.711300
254.713700
254.729150
254.734250
254.914100
254.919200
255.654100
256.020400
256.177600
256.256250
256.259450
256.262200
256.270900
256.276500
256.290150
256.293550
256.299850
256.304850
256.310000
256.316250
256.328500
256.383600
256.684300
256.715050
256.719250
257.119950
257.561100
257.564250
257.568250
257.618500
257.623200
258.069300
258.183100
258.193750
258.399900
258.415550
258.420950
258.686500
258.729750
258.753100
258.792000
258.794050
259.118650
259.476850
259.480800
259.495300
259.658750
259.687450
259.690350
259.709350
259.713300
259.730400
260.009950
260.016200
260.022750
260.206800
260.210150
260.217100
260.226400
260.479400
260.650000
260.726700
260.731850
260.744900
260.757050
261.766050
261.768750
261.782100
261.784900
261.797700
261.801750
262.035200
262.082350
262.096150
262.190050
262.279300
262.290900
262.792850
262.795850
263.259900
263.383450
263.780000
263.930100
263.948350
263.950700
263.958100
263.968250
263.972300
263.976650
263.981350
263.993100
264.000400
264.273150
264.277550
264.607350
264.640250
264.644250
264.942150
264.967050
265.176400
265.509200
265.861400
265.869500
265.877150
265.901450
265.905150
265.916550
266.431200
266.433800
266.529300
266.532300
266.536500
266.955200
266.958350
266.965750
266.982750
266.990400
266.995350
267.004800
267.007600
267.010000
267.014800
267.018750
267.021100
267.031450
267.640850
267.643650
267.905000
267.915550
267.990550
268.325450
268.407800
268.454200
268.661550
268.671950
268.676450
268.681800
268.689300
268.959400
268.983550
269.202900
269.674050
270.462350
270.612850
270.616800
270.624000
270.688350
271.358150
271.364500
271.516800
271.799950
271.803200
271.973900
272.005000
272.009650
272.013600
272.019200
272.335550
272.462200
272.582450
272.714850
272.721850
272.726050
272.949900
272.954150
273.010900
273.076200
273.255800
273.275000
273.421150
273.725900
273.728550
273.883300
273.886750
273.952200
274.165900
274.169450
274.246800
274.252500
274.255150
274.265050
274.626400
274.760250
274.836350
274.862250
275.026300
275.651100
275.653950
275.763650
275.872500
275.875750
275.880350
276.023350
276.026650
276.233850
276.340600
276.665550
276.806500
277.067650
277.262600
277.265900
277.269950
277.323550
277.326750
277.330950
277.338550
277.491700
277.501100
277.504100
277.508100
277.708800
278.361750
278.369250
278.458300
278.985950
278.989200
279.017650
279.151950
279.154550
279.157900
279.161350
279.165700
279.362000
279.373650
279.385350
279.801000
279.803800
280.063350
280.066450
280.072350
280.074800
280.080400
280.345300
280.349750
280.370550
280.483800
280.493200
280.495350
280.500500
281.068800
281.087600
281.152550
281.174450
281.455350
281.542600
281.674950
281.678200
281.952550
281.955250
281.963550
282.118850
282.549000
282.551950
282.555400
282.559500
282.569000
282.992300
282.994650
282.998050
283.006450
283.011100
283.030500
283.127200
283.133550
283.293450
283.331000
283.334750
283.446300
283.612050
283.625850
283.755300
284.006450
284.668000
284.721000
284.729800
285.609400
285.748000
285.923550
285.927700
286.003350
286.006700
286.010750
286.016500
286.035250
286.056850
286.344050
286.636000
286.638800
286.699200
286.931200
286.937350
287.115450
287.119300
287.395350
287.756550
287.787600
287.829150
288.049550
288.168300
288.177200
288.181900
288.187450
288.212200
288.216400
288.355200
288.938700
288.943750
288.948300
288.952250
288.961600
289.818250
289.868950
289.873200
289.879650
290.033700
290.036600
290.040350
290.055350
290.552550
291.074850
291.077100
291.080950
291.084500
291.088650
291.093950
291.367950
291.370850
291.389700
291.537500
291.892100
291.895800
291.920500
291.925200
291.930150
292.026900
292.120250
292.124750
292.581700
293.058100
293.061050
293.488900
293.493800
293.580300
293.670300
293.674100
293.677600
293.737150
294.008900
294.317050
294.502100
294.667400
295.235150
295.238000
295.487650
295.494350
295.502700
295.721600
295.724950
295.732600
295.735900
296.645050
296.919450
296.953400
296.956600
296.959850
297.248600
297.575050
297.780950
297.792700
298.068850
298.071250
298.619100
298.621800
298.625150
298.715050
298.718800
298.721250
298.723400
298.728200
298.732250
298.739600
299.105850
299.108700
299.112400
299.124700
299.128650
299.139150
299.455400
299.459350
299.575350
299.578650
299.925150
300.325850
300.328900
300.338450
300.405550
300.521300
300.526800
300.532100
300.912150
301.016500
301.022050
301.027700
301.032000
301.036700
301.043450
301.820950
301.836400
301.843200
301.848250
301.852550
301.860100
302.042750
302.046450
302.050700
302.057200
302.062600
302.412600
302.431350
302.943550
302.946100
302.949000
302.951950
302.956400
302.964800
302.995550
303.192550
303.218900
303.237900
303.242000
303.304200
303.308450
303.465350
303.800900
303.803800
303.814050
303.818150
304.253900
304.259950
304.637050
304.655300
304.683600
304.856200
304.923800
304.947150
305.096450
305.221050
305.232250
305.240000
305.266950
305.273350
306.128000
306.130900
306.138150
306.149300
306.156850
306.162200
306.285150
306.289550
306.594250
306.597850
306.706550
307.117550
307.120300
307.124250
307.529650
307.536700
307.544850
307.549550
307.555400
307.686950
307.886100
307.889750
307.901450
307.905450
308.004000
308.111800
308.114600
308.116900
308.174250
308.427500
308.434150
308.925600
308.934750
308.983900
309.489400
309.492200
309.495700
309.499450
309.506100
309.510500
310.051550
310.659550
310.662550
310.674550
310.679850
310.687950
311.085000
311.473300
311.477600
311.486600
311.490750
311.493200
311.500250
312.181250
312.184500
312.542000
312.548650
312.555350
312.561750
312.565900
312.693100
312.757600
313.138900
313.142300
313.145800
313.414650
313.551100
313.723050
313.760400
313.771300
314.195600
314.198950
314.336500
314.491500
314.582250
314.585050
314.588700
314.640200
314.644000
314.649200
314.816250
315.632800
315.732400
315.736250
316.208950
316.451150
316.453800
316.457100
316.461350
316.686050
316.689300
316.697150
316.700750
316.709050
316.716100
316.842050
316.876350
317.040250
317.043200
317.350000
317.516400
317.523100
317.621350
317.795400
317.810450
318.037850
318.059650
318.919850
318.924650
319.090100
319.096050
319.786900
320.579650
320.632950
320.635900
320.728300
320.731950
320.737000
320.923950
320.927100
321.244850
321.275700
321.537000
321.540600
321.782600
321.793500
322.102700
322.307300
322.312750
322.888700
322.993350
322.997400
323.140950
323.383850
323.389600
323.397900
323.402200
323.409300
323.440300
323.444600
323.451150
323.544350
323.750800
323.770250
323.822850
324.007200
324.009600
324.013050
324.019450
324.023450
324.029300
324.033650
324.319450
325.004350
325.010400
325.013000
325.020100
325.161550
325.526150
325.542700
325.547550
325.636050
325.640250
325.895300
325.956700
325.959850
325.975800
325.979000
325.983100
326.307150
326.318300
326.324350
326.379600
326.383450
326.388650
326.394300
327.142950
327.145750
327.267750
327.407750
327.446100
327.458400
327.462000
327.466850
327.472350
327.482700
327.516050
327.523300
327.528450
327.532050
327.536550
327.541400
327.547100
327.552450
327.823350
327.826150
327.829350
328.134200
328.241850
328.245000
328.440250
328.606400
328.819900
328.825750
328.829150
328.850200
328.854000
328.985200
329.222500
329.629300
329.647450
331.069150
331.075000
331.081900
331.085750
331.240600
331.318550
331.323800
331.327400
331.526400
331.761850
332.057750
332.391600
332.985650
333.113150
333.116150
333.119400
333.149700
333.153200
333.408450
333.417100
333.421300
333.424400
333.888700
334.014550
334.112350
334.122500
334.125650
334.148750
334.216600
334.840750
335.073050
335.077250
335.110250
335.230750
335.308700
335.329250
335.333450
335.353550
335.357600
335.359900
335.642200
335.646300
335.666750
335.672650
336.096500
336.261700
336.352950
336.368250
336.372850
336.452450
337.522250
337.536600
337.541150
337.554150
337.578850
337.584650
337.812100
337.821450
337.919500
337.987450
338.019950
338.293700
338.300050
338.305850
338.310900
338.382100
338.632100
338.671400
338.700250
338.748500
339.487250
339.514250
339.520500
339.614200
339.680550
339.696550
339.699550
339.707350
339.714400
340.239200
340.433650
340.446150
340.449800
340.928950
340.933950
341.096800
341.239600
341.242450
341.612300
341.637900
342.347300
342.463450
342.874950
342.963600
343.166200
343.522400
343.888900
344.121650
344.125300
344.165150
344.167800
344.200250
344.215900
344.220850
344.226900
344.233350
344.242800
344.571250
344.588650
344.875400
344.877900
345.451550
345.460600
345.464600
345.478300
345.482150
345.969200
346.087300
346.617000
346.803600
346.812950
346.915250
346.918000
347.894200
347.926550
347.929800
348.048350
348.052350
348.491750
348.498100
348.524800
348.685550
348.688850
348.966800
349.195700
349.199000
349.203500
349.207900
349.222400
349.226250
349.230900
349.365100
349.385250
349.677050
350.045450
350.056600
350.072100
350.077950
350.191200
350.414500
350.417600
350.434100
350.444250
350.637700
350.641950
350.644100
351.352250
351.403050
351.406550
351.418000
351.439050
351.441900
351.449850
351.531950
351.537150
351.682850
351.916800
351.985550
352.322800
352.326000
352.346800
353.556650
353.560150
353.755250
353.758350
354.178750
354.182050
354.537850
354.542400
354.545650
354.549550
354.553950
354.559100
354.564900
354.851050
355.190850
355.194450
355.219250
355.223200
356.247200
356.867000
356.870750
356.874550
356.881300
356.899150
356.997550
357.002400
357.066000
357.069150
357.230350
357.372600
357.379750
357.383350
357.390700
357.890700
357.994200
358.023900
358.028150
358.198450
358.589250
358.610700
358.844900
358.848450
358.976900
359.092700
359.223400
359.226700
359.236750
359.273100
359.365600
359.370950
359.408000
359.736250
359.739300
359.746050
359.751850
359.757050
359.760850
359.829000
359.832450
360.151500
360.154600
360.821500
361.491350
361.494250
361.592350
361.664750
361.879350
361.882750
361.887950
361.892300
361.931050
361.935300
362.062000
362.066400
362.072800
362.077000
362.081250
362.086500
362.093150
362.532950
362.537950
362.543100
362.548800
362.554100
363.155800
363.771000
363.774700
363.846200
363.850550
363.852600
363.856900
363.923750
363.928150
363.935200
364.141100
364.183150
364.229600
364.245750
364.648100
365.062900
365.234800
365.238150
365.241100
365.246800
365.254750
365.377700
365.790100
365.793750
366.305350
366.369100
366.550700
366.983550
367.084150
367.087550
367.117650
367.121450
367.133100
367.141100
367.144700
367.153300
367.161700
367.304100
367.307750
367.757200
367.881850
367.890850
367.895750
368.021000
368.600450
369.622950
369.625950
369.647400
369.842650
369.850750
369.854850
369.861700
369.884050
369.889000
369.989750
369.995350
370.000600
370.008800
370.090200
370.093600
371.070200
371.075650
371.077750
371.086150
371.090700
371.096350
371.137450
371.224700
371.231900
371.435400
371.447650
371.561550
371.564600
371.569050
371.943250
371.948550
371.952950
372.032700
372.037600
372.212850
372.908850
372.917200
372.920700
373.220550
373.223600
373.231150
373.885750
373.888400
373.891900
374.198850
374.606650
374.751300
374.809650
374.853000
374.863300
375.228050
375.231500
375.240000
375.428850
375.434400
375.440650
375.465250
375.469200
376.004100
376.210100
376.630050
377.240550
377.243850
377.432350
377.436750
377.440100
377.442250
377.445200
377.455400
377.463450
377.580550
377.597900
377.601250
378.204400
378.666650
378.756250
378.759600
378.763150
379.020550
379.484550
379.499050
379.540400
379.559650
379.570850
380.422900
380.441450
380.444800
380.461150
380.519850
381.017650
381.032600
381.081050
381.084700
381.089450
381.097550
381.282600
381.285850
381.292800
381.304300
381.310400
381.633800
381.636400
381.705400
381.708300
381.712950
381.717750
381.723200
382.132200
382.484900
382.489000
382.756450
382.770000
382.780600
383.453350
383.483350
383.582100
383.586400
383.855650
384.187150
384.622150
384.625000
384.631500
384.635200
384.641150
384.646250
384.662400
384.855650
384.895850
384.988950
385.076250
385.337850
385.341950
385.371200
385.376100
385.381500
385.386850
385.391600
385.399800
386.094250
386.164800
386.167150
386.169850
386.172500
386.175850
386.450950
386.454350
386.521400
386.525200
386.531350
386.684750
387.156950
387.159750
387.486550
387.778350
388.306950
388.309250
388.765600
388.774350
388.787250
388.938300
388.941500
388.945050
389.499900
389.503350
389.556550
389.601450
389.651900
389.658450
389.678650
389.682950
389.950350
389.955200
389.967600
389.988450
390.297650
390.435550
390.438600
390.987700
391.183500
391.367750
391.466500
391.509950
391.515100
392.093450
392.114350
392.118150
392.125250
392.947200
393.564800
393.570600
393.617700
393.620600
393.639550
394.349300
394.748200
395.405250
395.452200
395.476100
395.873950
395.877700
395.915050
395.942800
395.946500
395.952050
395.987850
395.992300
395.997500
396.001250
396.526350
396.541750
396.545600
396.583300
396.587300
397.102300
397.109300
397.119550
397.239600
397.245550
397.249700
397.578450
398.112600
398.115700
398.574150
398.584150
398.600700
398.604850
399.043150
399.361100
399.606800
399.874800
400.019250
400.389550
400.393200
400.397300
400.431250
400.942550
401.559600
401.562350
401.564800
401.572650
401.578000
401.583250
401.593050
401.741950
401.746550
401.978250
402.350200
402.357400
402.376050
402.424200
402.788550
402.931300
402.960150
402.963800
402.974950
403.108950
403.296200
403.302400
403.309350
403.319150
403.869150
403.872850
404.492050
404.515700
404.524400
404.892750
404.970000
404.972700
404.975850
404.979800
404.988000
405.067950
405.394500
405.489600
405.497150
405.501250
405.506350
405.508650
405.512000
405.523350
405.528600
405.533850
405.545200
405.553550
405.688600
405.691850
405.871400
405.979850
406.220000
406.609100
406.695700
406.698450
406.724400
406.728200
406.735250
406.991450
406.994600
407.084700
407.357150
407.361550
407.443100
407.993200
408.696500
408.703600
408.719550
408.724100
409.220950
409.520400
409.558550
409.562600
410.298050
410.944650
411.317550
411.610650
411.793850
411.796400
411.803150
411.862000
412.414300
412.417700
412.422200
412.615000
412.618350
412.751800
412.855050
413.139550
413.547750
413.551250
413.721700
413.753250
413.756700
413.772000
413.777250
413.927650
413.961150
414.011250
414.014400
414.069850
414.077900
414.082600
414.087750
414.092900
414.411150
414.414050
415.110200
415.114050
415.443950
415.446600
415.449800
415.459050
415.469450
415.475750
415.483750
415.488800
415.495700
415.508800
415.513000
415.526400
415.534800
415.537400
416.037400
416.404100
416.488300
416.507350
416.850150
417.611350
417.616550
417.631350
417.636750
417.656900
418.000800
418.006200
418.009950
418.015450
418.019450
418.023150
418.057400
418.189450
418.273800
418.609050
418.614150
418.618350
418.636300
419.007300
419.010200
419.028250
419.235600
419.243000
419.841750
419.844850
420.279450
420.734700
420.848400
421.162700
421.168850
421.953650
421.956250
421.964850
421.973750
421.981300
422.405800
422.408850
422.412500
422.865900
423.709000
423.949150
424.233650
424.236450
424.886850
424.889950
424.894250
424.896450
425.565200
425.767050
425.769800
425.781500
425.786500
425.795200
426.760750
426.780750
426.784250
426.788800
426.975400
426.978800
427.163400
427.166500
428.109900
428.113300
428.484750
428.545150
428.548100
428.552000
428.896200
429.543700
429.546950
429.597450
429.732700
429.987600
430.272750
430.276650
430.341950
430.349000
430.352150
430.356050
430.358500
430.366450
430.370500
430.625450
430.747050
430.749750
430.803850
430.808000
430.822600
430.827150
431.345050
431.448800
431.819700
432.472550
432.475950
432.831300
432.902950
432.906300
433.005700
433.009800
433.319400
433.681150
433.683950
433.687300
433.896050
433.901250
433.906500
434.260850
434.268700
434.272150
434.764250
434.844100
434.963950
434.967600
434.971800
434.974400
434.978350
434.980550
434.985650
435.026300
435.031600
435.880700
436.207150
436.210400
436.493300
436.496750
436.645100
436.647900
437.047550
437.050850
437.053900
438.130550
438.270050
438.383050
439.404050
439.424300
439.428200
439.448650
439.451650
439.457600
440.230100
440.552200
440.555950
440.561200
440.839800
440.866200
440.870900
440.878700
440.885100
441.878250
441.881000
441.953700
441.957300
441.968550
441.974550
442.260750
442.264350
442.273200
442.541450
442.558650
442.570550
442.574950
443.023700
443.026900
443.468050
443.506450
443.509550
443.513600
443.518150
444.402550
445.029050
445.032900
445.313050
445.467750
445.675400
446.090300
446.352400
446.392600
446.597150
446.712900
446.790000
447.013950
447.017650
447.039900
447.043850
447.210900
447.219850
447.226050
447.231250
447.254250
447.260950
448.237400
448.351650
448.661250
448.806300
448.814250
448.828950
448.966700
449.035750
449.139900
449.326800
449.954200
450.113500
450.395850
450.451900
451.641100
452.039600
452.111550
452.116050
452.419500
452.429000
452.437600
452.441050
453.305850
453.699000
454.066400
454.253850
454.783500
454.865200
454.869300
455.003450
455.646300
455.653000
455.917400
456.141700
456.177450
456.211150
456.620750
456.716950
456.720550
457.020300
457.392750
457.396850
457.781300
458.039350
458.043200
458.050100
458.064750
458.069450
458.074850
458.081450
458.087850
458.090600
458.105500
458.227900
458.607350
458.610800
458.614450
458.809650
459.001950
459.126400
459.521400
459.608350
459.835750
460.323400
460.517400
460.850100
460.866750
460.877950
460.888950
460.891350
461.552050
462.381850
462.385400
462.640950
462.646850
462.914400
462.917700
462.955500
462.962050
462.981000
462.984450
462.989400
463.182100
463.185350
463.959050
463.977250
463.979400
463.983050
464.428300
464.445500
464.450900
464.458400
464.677400
464.681250
465.170700
465.335400
465.339700
465.345150
465.870600
466.017050
466.023900
466.029550
466.332900
466.419500
466.751400
466.753800
466.765100
466.774950
466.780650
466.949150
467.016100
467.019950
467.162450
467.501700
467.640450
467.796550
468.649700
469.056550
469.381200
469.796550
469.983400
469.988050
469.991750
470.036550
470.102200
470.105000
470.119200
470.432700
470.435800
470.572850
470.576000
471.144100
471.328700
471.352650
471.438500
471.734400
472.575800
472.672200
472.676950
472.951500
473.266700
473.270750
473.282600
473.285850
473.311850
473.349550
473.367300
473.486500
474.367950
474.659200
475.382000
475.583200
475.835300
475.878750
476.190550
476.229600
476.358500
476.398200
476.806950
476.921200
476.925150
477.082850
477.707200
477.913450
477.942350
478.163550
478.667200
479.094300
479.098200
479.112600
479.810850
480.052150
480.218650
480.222050
480.231100
480.248850
480.257000
480.261700
480.263850
480.266400
480.274200
480.447800
480.450850
480.738200
481.144000
481.147100
481.359300
481.456650
481.681850
481.686100
481.766000
482.158150
482.161350
482.402500
482.574100
482.577850
482.580350
482.583100
482.588750
482.786500
483.032200
483.038950
483.156050
483.816650
483.943200
483.946750
483.951550
483.957100
484.345550
484.348250
484.364050
484.374100
484.378200
484.385500
484.672200
485.682150
485.979650
486.437000
486.812850
486.815800
486.820400
486.980950
486.984650
487.648000
487.651400
487.702750
487.706000
487.710250
487.715850
487.734200
487.821500
487.935550
488.063700
488.069600
488.226800
488.230500
488.236800
488.940950
489.269300
489.272650
489.361300
489.824950
490.031300
490.034100
490.151800
490.204450
490.208750
490.220450
490.531750
490.969550
490.977400
491.384400
491.387200
491.390500
492.155550
492.704900
492.810100
492.845650
493.190700
493.193350
493.196700
493.208750
493.210900
493.217400
493.375150
493.377950
493.630350
493.633650
493.636800
493.985500
493.988750
493.996500
494.052700
494.471000
494.710900
494.714350
494.718500
494.723300
494.731000
494.733500
494.740150
494.751850
494.757800
494.760850
494.768700
494.772650
494.961150
495.776500
495.780550
496.289250
496.292300
496.295300
496.307400
496.995850
496.998850
497.011100
498.547550
498.551150
498.632050
498.652850
498.664750
498.863900
498.866450
499.302100
499.305900
499.313400
499.413000
499.422100
499.430650
499.839600
500.032400
500.533750
500.646550
500.832700
500.861100
500.865000
501.068000
501.071950
501.079200
501.476850
501.509250
501.513450
501.520650
502.806050
502.809800
502.815050
502.819600
502.825000
502.830650
502.834100
502.838750
502.849350
503.022850
503.083400
503.207800
503.231050
503.233600
503.236500
504.583350
504.835100
504.846250
504.850150
504.876650
505.075100
505.078500
506.103650
506.106850
506.741900
506.745550
506.757650
507.055850
507.477900
507.489450
507.493750
507.498850
508.142100
508.145500
508.309850
508.563000
508.570750
508.961700
509.347750
509.351250
509.362800
509.443200
509.447700
509.450550
509.452600
509.458350
509.463400
509.828700
509.842450
509.935150
510.074950
510.097000
510.669450
510.835650
511.106950
511.110150
511.112750
511.118050
511.122500
511.128150
511.132750
511.137750
511.141950
511.168850
511.383300
511.833300
511.991050
512.056800
512.060350
512.388400
512.449900
512.660450
512.680800
512.684850
512.862850
512.870550
513.067200
513.381100
513.731600
513.737250
513.740750
513.747250
514.334950
514.351000
514.366300
514.377400
514.421850
514.450600
514.735750
514.908700
514.911350
514.918600
515.341750
515.345300
515.350500
515.354900
515.698700
515.723600
515.899050
515.904350
516.341700
516.462600
516.856550
517.078350
517.744100
517.777150
517.781050
517.960800
517.993750
517.998100
518.189150
518.244750
518.248050
519.253900
519.257550
519.260250
519.364850
519.547650
519.559450
519.673550
519.677150
519.705300
519.709000
519.713650
519.716750
520.342500
520.644100
520.687700
520.928100
521.117600
521.278400
521.685400
521.747700
521.930300
521.942100
521.947250
521.957450
522.088100
522.262850
522.592600
522.607650
522.625150
522.661500
522.664900
522.669550
522.769000
522.772200
522.829050
522.835700
523.408100
523.744000
524.195150
524.371200
524.393200
524.397150
524.402300
524.443550
524.677950
524.684550
525.259100
525.263550
525.379300
525.383000
525.388900
525.611250
525.614500
525.617300
525.621100
525.785050
526.276950
526.280050
526.309500
526.791650
526.796900
526.800950
526.964250
527.105800
527.209300
527.218000
527.222650
527.227850
527.234450
527.697100
527.742300
527.841400
527.844700
527.856550
527.975550
527.985850
528.008200
528.383200
529.652400
529.771700
530.098850
530.137750
530.929350
530.933150
530.999050
531.002100
531.004650
531.258500
531.271150
531.276050
531.620750
531.625500
531.660500
531.666900
531.682650
531.721000
531.791750
531.997850
532.666750
532.677550
532.684300
533.109550
533.369000
533.372250
533.750750
534.219500
534.225300
534.228650
534.231600
534.235450
534.238300
534.245750
534.251800
535.028850
535.033000
535.315000
535.758050
535.767600
535.771100
536.430300
536.432550
536.440050
536.456200
536.862200
536.865350
536.883300
536.897400
536.901100
536.906700
536.911000
537.809950
537.822400
537.827850
538.149000
538.279700
538.283050
538.496100
538.506950
538.516800
538.520800
538.527300
538.632150
538.655200
538.754100
538.761400
538.765650
538.775700
538.781250
538.788450
539.212750
539.352550
539.356450
539.574350
539.597800
539.601850
539.620800
540.303450
540.467850
540.555700
540.566650
540.579550
540.583450
540.590500
540.760150
540.875000
540.883800
540.929600
541.191600
542.176000
542.210750
542.214350
542.219350
542.438800
542.843100
543.220450
543.224250
543.517250
543.529150
543.579700
543.584000
543.676250
544.399000
544.403050
544.408350
544.482150
544.484800
544.495650
544.726000
545.231850
545.369100
545.382500
545.386350
545.389750
545.391850
545.398600
545.416850
545.422450
545.431650
545.445100
545.453700
546.272250
546.384050
546.388750
546.520900
546.525400
546.535550
546.538450
546.540500
546.543200
546.552050
546.605250
546.608250
547.012450
547.095350
547.276400
547.412100
547.414750
547.425000
547.884950
548.232900
548.241950
548.246400
549.683950
549.696900
549.851200
550.388500
550.391050
550.408050
550.410500
550.718500
551.009750
551.015750
551.412850
551.417850
551.423600
551.510900
551.670250
551.679550
551.683300
551.685950
551.690450
552.106100
552.109300
552.558450
552.565200
553.535950
554.630900
554.639400
554.643050
554.651050
554.655250
554.666250
554.790100
554.801850
555.215400
555.218800
556.518600
556.522600
556.528850
556.976850
556.992950
556.997300
557.006200
557.611350
557.630300
557.646250
557.966700
557.970800
557.976850
558.209750
558.327400
558.331500
558.430650
558.433700
558.880000
558.883000
558.940200
559.286300
559.317450
559.321900
559.324400
559.343800
559.858150
560.275700
560.350800
560.644800
560.651100
560.654200
560.656250
560.660500
560.677850
561.085950
561.370050
561.374400
561.526400
562.586300
562.929500
562.932950
562.947800
563.031600
563.036400
563.530600
563.533400
563.537200
563.733100
563.743300
564.201650
564.204450
564.207900
564.211750
564.216450
564.433050
564.437300
564.651150
564.655400
564.666550
565.146500
565.466800
565.582150
565.922550
566.065550
566.088550
566.092050
566.096850
566.104200
566.106400
566.134550
566.414050
566.627800
566.640050
567.323050
567.930800
568.041950
568.585900
568.591900
568.600450
568.811150
569.562400
569.568000
569.571350
570.550000
570.789100
570.829900
570.842200
570.846300
571.232950
571.677950
572.013650
572.191950
572.283250
572.289400
572.696950
573.118500
573.122800
573.744600
574.085200
574.105100
574.109750
574.378150
574.382400
574.532100
575.244400
575.247750
575.252550
575.259250
575.614000
575.632250
575.979050
576.055750
576.059050
576.633600
577.427200
577.650000
578.170650
578.188850
578.538650
579.140900
579.173200
579.382700
579.483900
579.487100
579.494750
579.498150
580.022100
580.035450
580.064600
580.070200
580.559350
581.025700
581.032300
581.320200
581.324450
581.380250
581.383800
581.387750
581.393200
581.400950
582.262250
583.038100
583.635100
583.675550
584.204950
602.609450
603.673750
609.456600
611.880700
612.668400
612.890750
612.896650
612.965150
612.969450
612.976200
613.315600
613.339300
613.471050
613.663500
613.918100
613.926750
613.932200
614.226750
614.531050
614.535100
614.863300
615.084150
615.088400
615.094500
615.531650
615.656000
615.684950
616.131900
616.145050
616.473650
616.496300
616.500550
617.005350
617.016100
617.018750
617.036650
617.386800
617.391350
617.428800
617.433400
617.618900
617.622600
617.678200
618.032550
618.161800
618.165200
618.168450
618.282400
618.668100
619.296400
619.487900
619.490750
619.494950
620.471250
620.474400
620.929850
622.086800
622.469550
622.501200
622.505150
622.510650
623.309750
623.474600
623.477700
623.732300
624.275150
624.376000
624.490350
624.494550
625.253750
625.256300
625.280750
625.288850
625.755750
625.961050
626.088250
626.100800
626.104750
626.627600
626.631750
626.638100
626.790200
626.823250
626.971200
626.975200
626.979650
626.999800
627.007050
627.010600
627.290800
627.982600
628.198750
628.304250
628.307500
628.319000
628.509050
628.512150
628.901500
629.340150
629.346500
629.546250
629.629350
630.252800
630.293500
630.296550
630.417800
630.482400
630.793150
630.796950
630.897800
631.070750
632.005250
632.170500
632.173450
632.455150
632.458150
632.530400
632.633300
632.637450
632.642500
632.663000
632.668150
633.186000
633.193950
633.200700
633.204600
634.396750
634.416800
634.437350
634.441500
634.825600
634.828650
634.844650
634.870250
634.874100
635.324250
635.365050
635.367700
635.551050
635.554950
635.567500
635.572600
636.613100
636.824250
636.892200
636.895250
637.309050
637.317000
637.869100
638.884400
639.086100
639.089900
639.095450
639.169800
639.317450
639.456550
640.095150
640.408650
640.412250
640.437650
640.441700
640.789300
640.793600
641.003250
641.023100
641.269700
641.623800
641.626600
641.636200
641.641800
641.670850
641.684100
642.243000
643.217900
643.221650
643.226400
643.236000
643.239650
643.507500
644.082100
644.084600
644.410150
644.564050
644.799000
644.803150
644.805300
644.812850
645.604350
645.622450
645.626750
645.635550
645.639500
645.902950
647.549300
648.794900
648.803250
648.806750
648.812050
649.261700
649.265400
649.893500
649.896200
649.906100
649.933200
650.718200
650.884750
650.896050
651.099650
651.103400
651.230750
651.495900
651.710550
651.727550
651.731700
651.736750
651.741250
651.746350
651.752400
652.007450
652.410200
652.501950
652.800850
652.805050
652.812550
653.684750
654.000350
654.144800
654.218950
654.330700
654.334600
654.370400
654.378850
654.420650
654.657850
655.087450
655.104750
655.108800
655.113500
655.412400
655.419600
656.202950
656.211750
656.218850
656.222850
656.340150
656.376600
656.404650
656.505200
656.508100
657.216400
657.920550
657.923900
657.927850
657.931500
657.940500
657.953000
658.123550
658.128150
658.582050
659.876550
659.880650
659.886900
661.063850
661.066500
661.237200
661.247600
661.252000
661.531150
661.535850
661.543850
662.182000
662.184700
662.188550
662.346050
662.941150
662.944950
663.293350
663.892050
663.956500
663.960000
663.970050
663.977100
664.561450
664.811500
664.815950
664.821200
665.529000
665.543700
666.035850
666.074300
666.077750
666.082550
666.542300
666.586550
666.596750
666.603550
666.618850
666.625350
667.110950
667.260700
667.959350
667.961850
667.964800
667.974700
668.086850
668.175200
668.402000
668.879300
668.890500
668.907900
669.280250
669.352350
669.606250
669.811550
669.843050
669.859850
670.286150
670.289600
670.562550
671.227400
671.321600
671.325500
671.330350
671.347150
671.380600
671.385700
671.525250
671.883500
671.909100
671.934800
672.072950
672.101400
672.338650
672.491550
672.495000
672.499850
672.507300
672.513600
672.713050
672.747900
672.992050
673.054250
673.307850
673.506050
674.590000
674.592950
674.744650
675.695050
676.276150
676.479600
676.482550
676.498300
677.110850
677.115050
677.126200
677.130250
677.135700
677.551900
677.554700
677.557600
678.775200
678.929600
678.944200
678.948300
679.550050
679.554200
680.138700
680.142050
680.146400
680.408100
680.966550
680.972650
681.019850
681.361200
681.379600
681.434500
681.580450
681.585000
681.605600
681.609850
681.620100
681.624450
681.629300
681.799450
682.162900
682.173200
682.403800
682.406800
682.413900
683.494500
684.160700
684.163950
684.168300
684.189450
684.193350
684.214250
684.398700
684.666950
684.696350
684.743500
684.746250
684.749800
684.754400
684.756550
684.761000
684.772450
685.136300
685.235550
685.251400
685.256100
685.340300
685.345100
685.351900
685.840150
685.846950
685.854800
685.863450
686.513200
686.647800
686.660150
687.328350
687.340450
687.402200
687.406400
687.613800
687.619950
687.813100
687.850600
687.855350
687.915900
687.987950
688.282000
688.653700
688.659000
688.691900
688.696800
688.706700
688.719150
688.767200
688.992700
689.314550
689.694650
689.706300
689.712650
689.718750
689.849800
690.461650
690.464700
690.859500
691.704150
692.596000
692.599200
692.946800
692.949550
692.988100
693.096550
693.099450
693.311100
693.313850
693.859750
694.262200
695.412600
695.421750
695.425650
695.431350
695.436450
695.441050
695.758050
695.778200
696.192650
696.251500
696.483800
696.691200
697.374850
697.378050
697.383100
697.711300
697.730000
697.797750
697.801850
697.962350
698.056900
698.059700
698.182050
698.251600
698.310050
698.469100
698.473350
698.508300
698.513050
698.765150
698.771200
699.315250
699.318600
699.671650
699.680800
699.989900
699.994300
700.045950
700.082150
700.225600
700.507600
700.592650
700.633600
700.638100
700.695100
701.075200
701.078100
701.495000
701.514300
701.692100
701.696450
701.715400
701.733100
701.863450
702.005650
702.213650
702.221700
702.234850
702.239350
702.244650
702.856000
702.870000
702.878750
702.882850
702.938850
703.239950
703.243300
703.605800
703.608900
703.615900
703.631250
703.635750
704.022500
704.724800
704.770600
704.773650
704.839350
704.842500
704.849250
704.855100
704.860550
704.867500
705.216100
705.255500
705.270300
705.596050
705.599750
706.498550
706.774150
708.495450
709.449250
709.452650
710.072850
710.077200
710.083000
711.494750
711.498200
712.023900
712.746400
712.753700
712.757500
712.763300
712.910800
713.128050
713.163300
713.699700
713.837850
713.846500
713.848950
713.851250
713.857800
713.863200
714.586550
715.056400
715.060450
715.067350
715.155400
715.159000
715.163650
715.168200
715.173950
715.184050
715.227300
715.399550
716.066300
716.389600
716.571700
716.780550
716.783000
716.803150
716.808250
716.926350
716.936800
716.943850
716.950550
716.967100
716.990750
716.993800
716.996150
716.999000
717.677950
717.869700
718.409350
718.685600
719.024100
719.131500
719.551950
719.603950
719.727200
719.736800
719.747950
720.417950
720.802500
720.805450
721.408250
721.417800
721.421550
721.554250
721.678800
722.541650
722.573000
722.576400
722.581050
722.588250
722.613950
722.626650
722.629200
723.081450
723.181800
723.184400
723.521450
723.534450
724.122850
725.191050
725.193950
725.205400
725.209450
725.215700
725.819800
725.903150
726.196100
726.215000
726.217150
726.229500
726.241700
726.990300
726.993100
727.001950
727.266900
727.269850
727.273500
728.026350
728.413400
728.416250
728.424650
728.431800
728.436200
728.440400
728.451000
728.456650
728.652850
728.701750
729.107600
729.992550
729.999750
730.945450
730.948300
730.983250
730.986800
731.001850
731.005600
731.319100
732.013650
732.734300
733.587950
733.590950
733.594850
734.138900
734.523450
734.527350
734.531550
734.536600
734.542150
734.566650
734.575200
734.597600
734.617150
734.625300
734.629700
735.601950
735.998000
736.001200
737.060900
737.632400
737.692900
737.696250
738.822850
738.830300
739.068950
739.188550
739.198050
739.457000
739.460200
739.463750
739.467750
739.471300
740.263550
740.939800
741.169700
741.173500
741.423050
742.407300
742.422800
742.427000
742.472650
742.476950
742.483300
742.689350
742.692300
742.709750
742.713550
742.771250
743.832800
744.314950
744.317700
744.496850
745.235950
745.245650
745.258150
745.268450
745.450700
746.258150
746.261350
746.264800
746.269200
746.424400
746.427700
747.621650
747.625300
747.709350
747.715450
747.719300
747.955350
748.839650
748.853500
748.872700
749.147500
749.154400
749.158700
749.164500
749.170050
749.176850
749.182150
749.187700
749.592600
749.635550
749.665200
749.946750
749.950600
750.605350
750.608350
750.611950
750.617800
750.626700
750.642700
750.676450
750.679600
750.690800
750.932400
751.149600
751.152800
751.309650
751.313450
751.317500
751.327250
751.505800
751.515500
751.528900
751.532450
751.538400
751.542100
751.549450
751.558600
751.923850
751.927550
751.947750
751.973050
752.043500
752.168950
752.216250
752.222450
752.242600
752.310750
752.437600
752.642950
752.768400
752.929000
754.164000
754.167150
754.765750
754.776150
754.778950
754.785300
754.860050
754.862450
754.864850
754.871300
754.958950
754.963450
754.978800
755.290050
755.407800
755.410500
755.428700
755.434100
755.912700
755.987850
756.193600
756.316550
756.320450
756.326350
756.478450
756.482400
756.569000
756.709700
757.610600
757.636950
757.893400
757.898700
758.044900
758.047300
758.062000
758.067150
758.073150
758.093350
758.566900
758.571700
758.652850
758.656900
758.662300
759.790350
759.793800
759.797650
759.802200
760.132100
760.195700
760.382850
760.891900
761.559250
761.924800
761.929350
762.063400
762.066950
762.083250
762.087300
762.265700
762.278000
762.282050
762.287250
762.293350
762.361000
762.593650
762.599950
762.739800
762.751350
762.839600
763.373750
763.376700
763.380150
763.943000
763.965150
763.973650
764.708050
765.278950
765.334150
765.337700
765.491350
765.494400
765.648550
765.950100
765.953500
765.958900
766.658350
766.665050
766.739800
766.902800
766.905750
767.577200
767.580400
768.370900
768.375100
768.921750
769.554700
769.557850
769.561700
770.808850
770.811850
770.821500
770.824950
770.829600
770.835750
770.841350
770.848100
771.883800
771.887950
771.891750
771.896750
772.060250
772.064450
772.069250
772.072350
772.078850
772.084400
772.882850
772.885850
772.905050
772.909200
773.330200
773.338000
773.348200
773.427000
773.627400
773.633750
774.035000
774.044300
774.532250
774.637700
774.853750
775.854600
775.857100
775.859400
775.863850
776.400950
776.407900
777.129550
777.138600
777.148850
777.157800
777.382350
777.402600
777.407050
777.413350
777.419050
777.425750
779.297750
780.458000
780.590300
780.602600
780.609600
781.189700
782.336950
782.340850
782.350300
783.260000
783.315350
783.319250
783.323450
783.335150
783.629850
783.641950
784.969600
784.973850
785.517800
785.521050
786.053750
786.059750
786.063000
786.067000
786.071600
786.083550
786.479150
786.490200
786.494150
786.751800
787.018000
787.020800
787.029900
787.554100
787.934850
788.713550
788.830050
788.833450
789.100900
789.347400
790.274600
790.603600
790.646800
790.713750
790.732200
790.735900
790.741750
790.748800
790.754200
790.758800
790.764050
790.781300
791.070900
791.228250
791.268400
791.894350
793.122800
793.126100
793.438950
793.446800
793.806600
793.810400
793.976500
793.979700
793.983000
794.137850
794.142600
794.154350
795.081100
795.099550
796.109900
796.113700
796.118600
796.123950
796.134000
796.149250
796.157600
796.550600
797.373600
797.376300
797.407050
798.289350
798.293050
798.295950
798.298400
798.302250
798.346950
798.351700
798.452750
798.458200
798.464400
798.469900
799.036950
799.137100
799.141050
799.145750
799.319000
799.322500
799.356350
800.075450
800.249750
800.537950
800.801150
800.804950
801.012000
801.025400
801.259350
801.262700
801.428650
801.953450
801.956600
801.960100
802.232300
803.627000
803.630900
803.847650
803.850550
803.866350
804.365250
804.682450
804.687050
804.692100
804.697050
805.270550
805.281350
805.364750
805.613250
806.220750
806.265150
806.268500
806.271000
806.274600
806.276800
806.281750
806.288750
806.294950
806.732850
807.716950
808.027450
808.653450
808.723500
809.628700
809.631650
809.705100
809.708650
809.713200
809.718800
809.726100
810.529400
810.548950
810.553050
810.568400
810.713200
810.763300
810.767750
811.636650
812.040850
812.044000
812.062200
812.065900
812.206900
812.598500
812.735000
812.742000
812.745850
812.748400
812.754800
812.759800
812.769800
813.124800
813.131700
813.136150
813.433000
813.436000
813.669250
814.025550
814.029300
815.240800
815.277050
815.487850
815.505150
815.832300
816.393250
816.696450
816.987300
816.992800
816.997100
817.001950
817.006950
817.296450
817.299000
817.306550
817.865700
817.869550
817.875600
817.901300
818.023850
818.027100
818.586200
818.692400
818.695700
819.088450
819.091450
819.346000
819.351850
819.355350
819.359500
819.364650
819.380900
819.449550
819.552000
819.573200
819.693250
820.462250
820.761450
820.901000
820.912600
820.917500
820.922950
821.104350
821.556900
821.769800
821.773000
822.061450
822.065950
822.136450
822.140350
822.143200
822.160550
822.335900
823.045700
823.095050
823.436800
823.641200
823.644850
823.649200
823.663350
823.705900
823.710800
823.805700
823.826050
823.833850
823.943700
823.948800
823.963600
823.965800
824.137600
825.095250
825.115050
825.117300
825.367300
826.392450
826.944300
826.946700
826.959800
827.846800
827.849850
827.973400
828.490450
828.750650
828.754100
828.759350
828.765900
828.771950
828.778900
829.055700
829.243850
829.247550
830.270850
830.273500
830.286400
830.290450
830.295750
830.836950
830.840650
830.845600
830.896000
830.899400
831.024150
831.203400
831.611800
832.023550
832.082600
832.212600
832.215650
832.460250
832.464200
833.021800
833.024650
833.038850
833.054600
833.058300
833.064250
833.229400
833.233500
833.360800
834.042800
834.283300
834.290150
834.293600
834.298300
834.309400
834.317150
834.325100
834.331050
834.465950
834.468500
835.340850
835.624500
835.628100
835.630250
835.654250
835.658300
835.662150
835.667400
835.697350
835.700000
835.702700
835.708950
836.225900
836.291650
836.297850
836.561950
836.565000
836.751350
837.580450
837.584500
837.590550
837.610100
837.626350
837.678200
837.694750
838.023550
838.495800
838.690450
839.286900
839.521250
839.524300
839.540000
839.823450
839.876400
839.880950
839.890350
840.370700
840.385450
840.397500
840.401150
840.405900
840.412300
840.728200
841.158850
841.162800
841.186000
841.189750
841.291550
841.294150
841.297100
841.305000
841.674950
841.919350
842.034100
842.443350
842.504250
842.507850
842.514300
843.059500
843.246650
843.781950
843.959150
844.116300
844.289900
844.294050
844.346550
844.350850
844.381850
844.384350
844.852500
845.401850
845.423500
845.427500
845.439200
845.692850
845.695450
847.507300
847.595300
847.600800
848.292800
848.610950
848.613900
849.340300
849.348400
849.368600
849.376250
849.405000
849.802650
849.805850
849.809400
850.434650
850.442950
850.462150
850.482200
850.497300
850.503450
850.710350
851.547150
851.551450
851.696750
851.699700
851.703200
851.962050
852.008350
852.368150
852.779950
852.791900
852.801700
852.803800
852.808500
852.814750
853.232400
853.234500
853.807250
853.838300
853.842050
853.847600
853.852500
853.862100
853.864800
853.868300
853.966450
854.324500
854.343450
854.385100
854.388950
854.417150
854.421700
855.104300
855.117750
855.632000
855.635400
855.931800
855.976250
855.980100
856.397400
856.431800
856.799400
857.103650
857.107350
857.112150
857.121600
857.126850
857.132500
857.136100
857.138450
857.158300
857.223650
857.229150
857.236600
857.434650
857.596850
857.759850
858.137100
858.140450
858.145650
858.159500
858.702400
858.706100
858.711350
859.260400
859.422350
859.425500
859.434150
859.449350
859.704000
859.781900
859.786300
860.230700
860.233450
860.237250
860.569300
860.647050
860.650800
860.654150
860.658450
860.670050
860.678000
861.234450
861.238150
861.243150
861.248350
861.647500
861.773550
861.778300
861.866150
861.870250
862.719450
863.242750
863.355050
863.358100
863.371100
863.374850
863.382350
863.387600
863.395600
863.408700
863.412200
863.418850
863.424700
863.757500
864.088950
864.101350
864.103500
864.107000
864.339950
864.822050
864.825450
864.828000
864.846400
864.851950
865.201900
865.300700
866.354150
866.495000
866.498850
866.504800
866.510850
866.685300
867.141350
867.144750
867.485400
867.608450
867.612450
867.847950
867.859000
867.908100
867.913250
868.247300
868.252700
868.265450
868.270550
868.285550
868.294550
868.534800
868.821200
869.006750
869.272900
869.276600
869.540150
869.545000
869.907550
870.001100
870.043300
870.048150
870.053250
870.630750
870.741200
870.744600
870.747300
870.753000
870.755350
870.759100
870.766200
870.870700
870.880550
871.260450
871.290350
871.306150
871.310650
871.335700
871.579600
871.678600
872.187650
872.412550
872.415450
872.418750
872.572750
872.660450
872.664200
872.669750
872.675050
872.678400
872.682000
872.686800
872.692000
872.701500
872.713450
873.273900
874.211050
874.441500
874.445300
874.452350
874.677400
874.680100
874.683350
874.890600
874.918700
874.922900
874.927750
874.936150
874.940200
874.972050
874.996450
875.001650
875.007450
875.010500
875.014000
875.019900
875.026700
875.198500
875.656200
875.679400
875.681900
875.755300
876.010800
876.036100
876.041100
876.054550
876.382800
876.461150
876.464700
876.627500
877.156200
877.160000
877.165950
877.313650
877.318400
877.922500
877.926400
877.964250
878.423300
878.462000
878.508250
878.511300
878.522600
878.697050
878.743700
878.746800
879.024000
879.028050
879.397900
879.647150
879.794000
879.796650
879.980100
879.983300
880.685900
881.424750
881.429050
881.440800
881.444250
881.454550
881.469350
881.474350
881.479550
881.700500
882.213650
882.228850
882.337150
882.683750
882.687350
882.703750
882.707350
882.872150
883.072200
883.076100
883.081750
883.085900
883.094750
883.097850
883.100650
883.106750
883.113150
883.130150
884.717150
885.048700
885.667450
885.719350
886.057700
886.405750
886.408650
886.412950
886.426800
886.431950
886.438850
886.444000
886.449150
886.454450
886.460450
886.483050
886.504900
886.510400
886.529700
886.534900
886.570650
887.203950
887.499300
887.503550
887.546700
887.934600
887.948450
887.957300
887.959600
888.932600
889.063050
889.085250
889.574350
890.027650
890.186500
890.189150
890.217250
890.228200
890.397800
890.401400
890.406550
890.413450
890.423200
890.447750
890.453750
891.570700
891.574350
891.580850
891.597450
891.607850
891.611750
891.623250
891.633400
891.761250
892.021000
892.024950
892.071000
892.963400
892.975350
892.979850
893.400050
893.487200
893.492300
893.530800
894.488000
894.713150
894.716900
894.722450
894.728250
895.169900
895.286500
895.290000
895.293800
895.296000
895.299600
895.316750
895.523450
895.525800
895.535150
896.015750
896.391400
897.241650
897.479250
897.485000
897.497500
897.994650
897.999450
898.007400
898.735750
899.800650
899.804050
900.203500
900.208700
900.212600
900.215700
900.219150
900.223800
900.234300
900.247600
900.572850
900.629500
900.643850
900.751800
900.756500
900.760750
900.767150
900.785100
901.471450
901.481950
901.487050
901.496150
901.503200
901.507600
901.511950
901.519100
901.524250
901.897900
901.901300
902.183200
902.186400
902.785100
903.305300
903.337600
903.341550
903.568350
903.633250
903.664550
903.668650
903.673900
903.890000
903.925450
903.928050
903.931850
904.382400
904.385350
904.392900
904.437200
904.441450
904.461700
904.718550
904.788650
905.078600
905.081650
905.102700
905.106700
905.115900
905.122700
905.128700
905.138200
905.415400
905.418800
905.699250
905.749400
905.753250
905.760850
905.984250
906.035200
906.700450
906.704750
906.987550
906.990400
907.211950
907.515050
907.582500
908.815500
908.819250
909.687300
909.691000
909.733400
909.739750
909.750050
909.766050
909.776150
909.784000
910.037450
910.040500
910.050550
910.054400
910.063650
910.954850
910.963100
911.404450
911.433750
911.437650
911.443100
911.456150
911.470600
911.608200
911.652050
911.771550
911.776450
911.789000
912.487700
912.497050
912.927500
913.334850
913.353850
913.357200
913.360300
913.364200
913.366500
913.372250
913.378550
913.392950
914.790300
914.794100
914.801300
915.042900
915.046750
915.227200
915.926400
915.929100
915.933350
915.943450
916.279900
916.282950
916.286800
916.404600
916.935900
916.939300
917.059900
917.216250
917.238100
918.218500
918.230100
918.241150
918.273900
918.277250
918.286200
918.569550
918.748500
919.271100
919.299850
919.303800
919.338800
919.342100
920.292800
920.296600
920.706600
920.936050
921.452450
921.655600
921.665750
921.695400
921.699100
921.706200
921.711250
921.717000
921.894900
921.935900
921.992250
922.257800
922.261500
922.269650
922.284300
922.308600
922.477500
922.734450
922.759050
922.764550
922.769200
922.887000
923.053450
923.230300
923.304850
924.554600
924.558150
924.775150
924.778700
925.267500
925.315800
925.863700
926.013250
926.019250
926.426350
926.429200
926.432800
926.434950
926.438800
926.620650
926.623700
926.836550
926.921100
926.976150
926.991500
926.996050
927.001750
927.017350
927.031500
927.089700
927.692400
927.695800
927.699450
927.720350
928.052300
928.061150
928.074000
928.077700
928.425600
928.438600
928.892800
928.949600
928.955700
928.970800
928.974700
929.566050
929.569200
929.843550
930.172550
930.182750
930.186850
930.191600
930.196550
930.207500
930.298500
930.980850
931.182650
931.186450
932.530450
932.536950
932.541500
932.656550
933.175150
933.178950
933.901250
933.907550
933.911550
933.949500
933.958900
933.967300
933.972200
933.982150
933.990400
933.996800
934.785350
934.788550
934.809700
934.960400
934.982250
935.497250
935.643100
936.166800
936.508550
936.516500
937.594500
937.598050
937.762400
938.172900
938.179200
938.197100
938.203850
938.207050
938.211000
938.217050
938.615750
939.096100
939.108250
939.112300
939.117150
939.601100
939.791750
939.955550
939.959300
939.971850
939.975450
939.980850
940.573550
940.925000
940.927350
940.931250
940.946200
940.952850
941.371100
941.520650
941.582300
941.925500
941.936350
941.944900
942.106050
942.568800
942.572200
943.175600
943.179650
943.185250
944.026350
944.043350
944.072100
944.076200
944.837900
944.841950
944.846600
945.058650
945.440100
946.050350
946.057150
946.289050
946.292800
946.297500
946.304900
946.311050
947.288800
947.292700
947.366750
947.372250
947.383500
947.389250
947.394800
947.398200
947.401500
948.443450
948.508500
948.520150
948.529650
948.535450
948.542550
948.564950
949.060450
949.651850
949.654700
950.330450
950.501950
951.068400
951.326150
951.329100
951.350600
951.353850
951.357450
951.366900
951.374100
951.377250
951.553750
951.615800
951.686100
951.827300
952.557950
953.241750
953.245600
953.250350
953.268000
953.311800
953.318000
953.322650
953.600400
953.618800
953.623600
953.802100
954.286600
954.305650
954.310100
954.316450
954.513250
954.593250
955.169050
956.280000
956.284300
956.420250
956.425900
956.436250
956.442050
956.981950
957.222050
957.225100
957.619900
957.623350
958.032650
958.035700
958.751700
958.756400
958.759650
959.024000
959.109250
959.694050
959.770800
959.822150
959.839100
959.870350
959.875550
960.373850
960.376800
960.381500
961.985300
962.365250
962.381650
962.385550
962.406750
962.424900
962.713050
962.794550
963.349000
963.474800
963.481350
964.041400
964.044200
964.047550
964.063250
964.190150
964.237500
964.555950
964.662200
964.664650
964.669100
964.675850
964.680500
964.685450
964.693450
964.698500
964.705300
965.403350
965.406300
965.747600
965.807800
965.811850
965.817600
965.934700
966.662150
966.959800
967.382850
967.387050
967.478650
967.526600
967.562150
967.795150
967.809750
967.814200
967.822900
968.032750
968.340050
969.342250
969.346000
969.350050
969.352800
969.358100
969.365700
969.370950
969.381800
969.930700
970.014900
970.099100
970.311850
970.329200
970.333150
970.458500
971.166100
971.174500
971.202600
971.925050
972.169900
972.985150
973.003250
973.044650
973.246000
973.620350
974.866450
974.893550
974.897250
974.902600
974.907900
974.912950
974.918700
974.931450
974.937300
974.940350
974.968850
974.977000
975.834050
975.939700
976.146250
976.749100
977.111150
977.127800
977.818350
977.824750
977.828400
977.834250
977.965800
978.219250
978.620250
978.665100
979.279050
979.282050
979.299750
979.303450
979.308600
979.313900
979.330350
979.681150
980.167300
980.171750
980.179450
980.181700
980.184350
980.189950
980.195400
980.198750
980.358650
981.042750
981.054600
981.070750
981.075500
981.719600
981.749750
981.753600
981.858450
981.866450
981.870350
981.877350
981.882600
981.894200
981.917600
982.053800
982.064850
982.079900
982.090300
982.094350
982.096450
982.100100
982.105600
982.115600
982.231550
982.234650
982.239750
982.251900
982.279900
982.470300
982.477000
982.735250
983.890750
983.894550
983.898650
983.905250
983.913650
983.980600
983.983550
983.993600
984.542800
984.554050
984.558150
984.739150
984.946250
984.953550
984.986700
985.269850
985.653450
985.656350
986.496250
986.682800
986.692050
986.695850
986.705200
987.076300
987.180350
987.862600
987.877650
987.881400
987.887700
988.677450
988.681250
988.686550
988.691550
988.696650
988.702600
988.715050
989.136850
989.980750
989.983250
989.991250
989.995400
990.010600
990.015400
990.022000
990.027500
990.498900
990.604600
991.588350
991.591300
991.638700
991.642800
991.650050
991.654050
991.657500
991.668450
992.163350
992.268600
992.828550
992.831250
992.868600
992.873400
993.380550
993.505900
993.509600
993.546050
993.956450
993.959250
994.025800
994.229300
994.368400
994.372200
994.433300
994.727150
994.975150
995.305750
995.718350
995.722100
995.727250
995.747900
996.026150
996.100450
996.104250
996.106750
996.112950
996.125000
996.130200
996.146150
996.154250
996.191550
996.388450
996.907550
997.421600
997.425650
997.438200
997.696350
998.889700
998.892450
998.904550
1000.733000
1000.735900
1001.762700
1001.765750
1002.067800
1002.118300
1002.391750
1002.428250
1002.432000
1002.443350
1002.775550
1002.779750
1002.802950
1002.818850
1002.834700
1002.927800
1003.135250
1003.226850
1003.410000
1003.537850
1003.575500
1004.280300
1004.291400
1004.310150
1004.313950
1004.743500
1004.750850
1005.166000
1005.339100
1005.342950
1005.392600
1005.396750
1005.402500
1005.523400
1005.842250
1006.108600
1006.138700
1006.152400
1006.156350
1006.161950
1006.186200
1006.197750
1007.379200
1007.382000
1007.405250
1007.668250
1008.157100
1008.175750
1008.439600
1009.253050
1009.579750
1009.582750
1009.598000
1010.247950
1010.297250
1010.316600
1010.797800
1010.801700
1010.807100
1010.809200
1010.815900
1011.613100
1011.627400
1011.861150
1013.309450
1013.992650
1014.007900
1014.011850
1014.075550
1014.080750
1014.631500
1015.017300
1015.088800
1015.097800
1015.102650
1015.693900
1015.699900
1015.704050
1015.716700
1015.727250
1015.733400
1016.022500
1016.299950
1016.399900
1016.481800
1016.490800
1016.496300
1016.498900
1016.517050
1016.519500
1016.531750
1016.543200
1016.751350
1016.896000
1017.255150
1017.294300
1017.439800
1017.573950
1017.951650
1017.955500
1018.341900
1018.373850
1019.289550
1019.370550
1019.471200
1019.896650
1019.898950
1019.905600
1019.912300
1019.919250
1019.926000
1019.928200
1019.940300
1019.943700
1020.403450
1020.490650
1020.493700
1020.497250
1020.515500
1021.848250
1021.852500
1022.055150
1022.414900
1022.451900
1022.461800
1022.466050
1022.476750
1022.678450
1022.704300
1022.839200
1022.853350
1022.870700
1022.875750
1024.779450
1025.102050
1025.111300
1025.140450
1025.144300
1025.150750
1025.570200
1025.573800
1025.578000
1025.587150
1025.592300
1025.598450
1025.719800
1026.140650
1026.143900
1028.081300
1028.085250
1028.087750
1028.090150
1028.094400
1028.106350
1028.112150
1028.181800
1028.190800
1028.202150
1028.204200
1028.208550
1028.480400
1028.483500
1028.557900
1028.925200
1029.155450
1029.314600
1029.318850
1029.324450
1029.334350
1029.377300
1030.140900
1030.208650
1030.212600
1030.281600
1030.444750
1031.137100
1031.168000
1031.171100
1031.227650
1031.231450
1031.236050
1031.245300
