36.929900
36.937850
53.644450
53.652750
64.406800
64.414000
64.419950
64.425500
64.432150
64.453850
100.004750
100.013350
103.225050
103.249900
103.265750
107.699500
107.703050
107.708650
107.735350
119.220750
119.224900
119.233350
120.385600
120.394500
122.339600
122.347750
122.353150
122.360700
124.064050
124.068950
124.082250
132.845550
132.853450
132.871500
138.024300
138.031450
138.045750
138.052750
139.918500
139.922200
139.926700
139.932000
139.946250
139.951050
139.957750
144.987250
144.991150
145.027850
147.202850
147.206000
147.210150
147.216600
147.223050
147.232200
150.351000
150.355150
150.365400
154.034400
154.042100
158.476900
158.486300
158.903000
160.847750
160.855650
165.053200
165.056850
167.037000
167.040600
167.046550
169.480200
170.802700
170.809650
174.558450
174.566000
174.570250
174.575950
174.580900
175.555650
175.563100
175.567450
175.574200
177.298250
177.301650
177.306150
179.466100
179.470000
179.486950
181.355350
181.363650
183.466700
183.477550
184.094150
184.100800
187.369550
187.372900
187.378000
187.383900
187.390450
189.609100
195.192100
195.196250
195.205850
195.211650
196.596950
196.605850
197.264350
197.268550
197.274050
197.953850
198.215650
200.080500
200.088850
200.132550
201.107750
201.111650
201.116350
201.124950
201.131750
205.517700
205.525550
205.539700
207.874800
207.890150
208.442300
208.471950
209.619450
209.633450
209.657250
211.642000
211.697750
214.184650
215.757100
215.770100
215.783200
217.043600
217.052900
219.737950
219.746200
220.225400
220.234500
220.856850
221.652300
221.660550
221.665800
221.669750
221.674150
223.120850
223.131350
223.138100
223.860950
223.869300
225.755100
227.589650
227.593250
227.599500
232.437850
232.441400
232.779900
232.783950
232.790150
235.027950
235.031800
235.037900
235.565500
235.573900
235.593150
237.153650
237.158150
237.162600
239.695800
239.699000
240.455400
240.459200
240.476850
240.481200
240.836250
241.928600
243.342200
243.353750
243.907100
243.916800
243.933300
243.938150
245.730200
245.734400
245.742600
247.415600
247.420150
247.426500
247.431650
247.926750
247.931650
249.006600
249.010600
249.059100
249.068350
249.918000
249.925550
249.931500
249.936300
250.245750
251.294950
251.303150
252.511950
252.516200
252.520550
252.529650
252.553500
255.549700
255.553050
255.558000
258.539800
258.543950
258.548350
258.559100
258.566600
258.746600
258.751250
258.766500
260.525300
260.528700
260.542250
262.157850
262.175600
263.654000
263.660450
263.681450
265.310650
265.318650
265.390700
265.408300
265.413000
265.883000
265.893350
265.897950
267.129550
267.138500
267.153250
267.159050
270.023300
270.033250
270.040700
273.119300
273.128150
273.159600
273.182650
274.605050
274.615000
274.741800
274.747150
275.082350
275.087300
275.102300
275.107500
276.726650
276.761850
276.766600
277.376050
278.526500
278.530650
278.537250
278.558950
278.564850
281.399800
281.407150
281.410950
281.478100
281.484450
282.136500
282.153850
282.158150
282.171600
285.379600
285.390050
285.554150
286.859100
286.872900
287.683250
287.687200
287.692200
287.702850
287.707200
287.719350
290.901850
290.918100
291.808000
291.811750
293.377400
293.439100
294.544050
294.553100
295.124050
295.137550
296.489750
296.505050
297.474450
297.479000
297.495900
298.566750
298.576350
299.233100
299.237100
299.241050
299.245250
300.255400
300.259350
302.873200
302.876750
302.880800
303.371050
303.407450
303.419500
303.431100
305.464000
305.476200
305.825400
305.836150
305.842500
307.617300
307.942600
307.947150
309.287150
309.294900
309.307150
309.343750
309.354150
309.360800
310.544200
310.553100
310.558050
310.568550
311.661850
312.719850
312.805100
312.810800
313.683750
313.694700
313.699450
313.705750
316.079400
316.088700
317.330200
318.057350
318.820700
318.829150
318.833700
320.458650
320.467850
321.357900
321.365850
321.369900
322.190700
322.195250
322.199900
322.205100
322.210250
322.235550
324.416100
324.424450
325.289550
327.121800
329.748250
329.756500
333.386450
333.395150
334.161100
334.166300
334.171950
337.853650
337.866900
338.204550
338.209900
338.909500
338.918100
338.923100
338.928000
338.945100
338.965150
339.379700
339.383700
340.764700
340.774150
342.015350
342.023500
342.030400
343.474350
343.480300
343.485200
343.490200
343.525200
343.551700
344.549000
346.319450
347.179900
348.733550
348.737700
348.752450
349.923650
350.963350
351.000200
351.004600
354.119550
354.123000
354.138700
354.146450
354.686500
354.690300
354.702350
354.709400
355.734550
357.281500
357.689300
357.694650
358.983250
360.703600
364.139500
364.142900
364.424350
364.436250
364.636900
364.655200
365.702000
365.712400
366.935600
367.896350
367.905150
369.085450
370.390100
371.354950
371.864700
371.868900
371.881350
374.702700
374.714200
375.494450
375.530500
380.792150
380.801400
380.819800
381.666600
381.680700
381.684750
382.521950
382.525300
382.545050
385.432600
385.441250
385.504950
386.339500
386.343550
386.674500
386.678900
387.964750
387.969250
388.013200
388.019000
388.053600
389.722050
390.797400
390.802050
390.807900
390.812950
391.725100
391.907750
394.401550
395.927550
397.207800
397.852900
397.887250
397.897100
398.036950
399.588500
399.599600
399.619600
401.890600
401.899850
403.628300
404.382100
404.634750
404.651500
405.790150
405.814500
407.068700
407.377900
407.409900
408.948950
408.952800
408.957800
408.995550
412.170900
412.175050
412.182150
413.143450
413.349950
413.362850
413.373750
413.515400
414.403800
415.773700
415.783350
415.808450
417.064600
417.068550
417.074600
419.607350
422.976550
422.987050
423.084350
423.094250
428.889350
428.978900
428.985300
430.624300
430.634600
431.423050
431.426750
431.431250
431.444450
431.853700
431.867300
432.418150
433.625500
433.879050
433.883100
433.896700
433.904500
435.478600
435.482350
435.488100
437.389800
437.396050
439.173400
439.177300
439.187800
440.122900
440.134050
441.459300
441.469700
441.480850
443.325000
443.329450
443.350550
451.271000
451.296650
451.306050
452.111850
452.116000
452.120450
452.124200
452.133350
452.800600
452.959750
454.765400
454.773950
455.830300
455.834200
458.772050
458.780350
459.557950
459.970400
460.293700
460.298400
460.303100
460.308250
461.851700
463.419600
466.054550
466.080200
467.973700
467.977550
470.403600
470.411650
470.439100
472.260900
472.279800
473.724650
473.741050
473.745550
473.876000
473.880500
473.885000
475.496650
475.500050
475.504750
475.850550
475.855000
475.862700
475.868600
476.633950
476.644450
476.650350
479.030850
479.043350
479.050650
480.918550
480.927950
482.934200
485.050550
485.056500
486.892350
488.738800
489.796250
489.806000
489.810900
490.324050
490.586650
492.224450
492.250000
493.008300
493.013900
493.427500
493.431150
493.437400
494.891750
494.895150
494.899250
494.925250
495.413000
496.464550
496.484050
497.870300
498.664200
498.673200
498.681650
498.720750
499.832300
499.836200
499.847400
502.064500
502.079300
502.084850
502.320450
503.258250
503.261800
503.268150
503.274400
506.192550
507.202150
507.205800
507.241350
510.079550
510.084450
510.088750
510.106700
510.776350
510.780400
511.560650
511.564450
511.569050
511.573450
513.371150
513.375550
513.381700
513.388250
516.518400
516.586800
516.592100
517.970200
517.998600
518.008000
518.118250
518.896250
518.909950
518.918800
519.986850
519.993050
520.628350
520.632550
521.993900
522.004050
523.509400
523.514000
523.528950
523.534350
524.636650
524.645700
529.903400
529.919500
529.935050
530.529850
530.768900
530.797450
532.887400
534.730700
534.739150
536.338550
537.115100
537.119350
537.160000
537.177000
539.680800
539.685250
540.059950
540.679400
541.283950
543.921150
543.925150
543.930500
546.105700
546.155850
546.161350
546.263200
547.099100
548.169550
548.177100
549.148500
549.161750
549.176800
549.186400
552.165300
552.173600
552.182450
552.251250
552.262300
554.141750
554.145250
554.627350
556.048450
557.411100
557.419900
557.792450
557.797300
557.807850
558.604900
558.619400
558.634150
559.597450
559.623050
559.633100
561.296650
561.316400
561.322950
562.660800
562.683250
564.981750
570.105350
570.131450
571.818400
571.821950
572.883300
572.887700
572.893600
573.530050
573.542350
574.196850
574.203900
574.782700
574.786600
574.793750
576.855400
578.364350
578.438650
578.464700
578.476050
579.199300
579.218100
579.225150
580.708100
581.228750
581.232450
581.249650
582.613100
582.621500
587.379950
587.398850
589.798750
591.316550
591.336950
596.669700
598.399050
598.417250
598.438400
611.030400
611.554100
611.568950
615.263200
615.271400
615.278150
615.280250
615.287900
615.292950
617.463450
618.715150
620.688050
620.691850
622.705650
622.717950
624.397050
624.419400
625.079450
625.084450
625.453600
625.459700
630.868800
630.887350
632.853500
633.770400
633.774000
633.778500
633.784850
633.791300
633.947100
633.952600
633.957650
633.963150
636.990350
639.618750
639.642050
640.530100
640.545350
640.550350
642.688700
642.692450
643.705500
643.709300
643.735550
643.740550
643.752750
643.758650
643.812100
644.379000
645.820800
645.824900
646.671600
646.676650
646.691300
646.705900
648.057100
648.060850
649.981400
650.373800
650.380350
651.867200
651.876000
651.891950
654.153950
654.265950
655.384700
655.389100
655.400950
656.047400
656.056250
656.061500
657.769950
657.778950
659.642150
659.655100
659.672100
659.702750
661.002450
662.032250
662.048750
664.313050
664.320100
665.350750
665.359600
665.377400
667.912800
667.918700
667.926850
669.314650
669.325500
669.476300
669.576650
669.590300
669.596050
672.901200
674.054800
676.671850
676.689550
679.129700
679.143200
680.369750
680.382500
680.391550
680.398550
680.837500
680.851100
683.549650
684.269700
684.882300
684.892400
685.049650
685.063250
686.344100
686.352150
686.361300
688.599700
688.624300
689.025700
689.029550
689.042600
689.050650
690.189800
690.198250
690.203200
694.685200
694.715550
698.580300
698.584100
698.589600
700.622650
702.973200
704.341500
705.152250
705.160050
705.166100
708.499450
713.012500
713.854350
713.858000
713.947600
713.959050
714.837250
716.827350
716.831600
717.292300
717.296500
717.301350
717.509100
717.514000
717.521650
717.534850
717.539850
718.136750
718.140900
719.151750
719.160750
724.302400
724.306150
725.053300
725.062900
726.225450
726.230350
726.251400
726.255850
726.261850
729.126800
729.134350
729.386550
732.470500
732.481250
732.485150
732.489200
732.517650
734.919650
737.259000
737.263100
737.816700
737.820850
737.825800
737.832100
742.952700
744.723000
744.729500
745.265650
745.269700
745.275650
746.172650
750.297700
750.378950
753.458550
753.462000
754.898750
754.902950
754.907750
754.918600
755.871450
755.875050
755.909850
755.913900
757.056200
757.060550
757.066050
757.078000
757.692800
757.702300
757.706900
759.698300
759.707200
759.720000
759.727100
759.734800
761.146800
761.181300
763.116100
763.194000
767.334950
767.343300
768.272550
768.371300
769.177400
769.181950
770.583100
770.586800
770.603950
773.767150
773.775500
776.382200
776.386050
777.014050
777.273100
777.281900
777.291450
779.344150
779.360650
781.105950
781.137150
781.141800
781.198450
781.989350
781.999450
782.014300
783.922400
784.135650
784.139450
784.145150
784.238050
784.247450
786.070050
789.203250
789.216550
791.495450
791.500050
791.511150
792.660250
792.672900
792.689600
793.152350
795.542700
797.151700
797.158150
799.382250
799.385900
800.806500
800.814350
802.289500
802.294150
803.116200
804.959950
804.963700
804.970850
808.504150
808.513950
808.534750
808.544150
810.528850
810.532550
810.538250
812.413000
812.421300
814.726400
814.730050
814.745950
816.016650
816.053100
817.462650
817.471350
817.477650
818.920300
818.923850
818.928350
819.599400
819.837350
819.841200
819.846150
819.885550
819.890550
819.909550
821.661250
821.669550
821.674750
824.284700
825.907950
825.911350
825.945300
826.748150
826.756350
827.542800
827.546800
827.553400
828.469600
828.473650
828.904000
828.928500
830.203250
830.206650
830.228850
830.873550
832.629500
832.633750
832.642700
832.652950
832.715500
832.731400
832.776600
834.150400
834.164000
834.183400
835.734700
836.615950
836.623800
837.420950
837.429900
838.378100
838.381950
839.094000
840.595850
840.600100
840.614750
840.619600
841.868750
842.664350
842.672850
842.684150
844.529000
844.533100
844.537850
844.997750
845.001300
845.007700
846.212250
846.286300
846.296250
846.303750
846.949600
847.720750
847.730350
851.749150
851.758150
851.818600
851.823850
852.064450
852.656300
852.664500
852.684800
853.775750
853.779700
855.283050
855.292200
855.297450
855.592850
859.669150
859.673850
860.537350
861.838200
862.474900
862.478950
863.446000
863.449850
864.036950
864.040400
864.055650
864.307850
864.372400
865.807600
865.817650
865.827050
865.834250
867.118600
867.127450
867.147600
868.551900
868.563400
870.590750
870.600700
870.617200
870.629250
873.579250
873.587650
874.637500
874.645900
874.648200
874.661900
875.587600
875.591250
875.596250
875.831850
883.889400
883.902850
883.910200
886.207400
887.176350
887.184700
887.189050
887.202300
890.286000
890.289600
890.294800
890.300800
890.307000
891.514400
892.053800
892.064700
892.129200
892.135400
892.673850
892.682250
892.691500
892.696450
894.246100
894.255900
895.498500
895.502100
897.245250
897.260750
897.266150
898.464850
898.476950
900.326850
900.335000
900.696100
900.804100
904.553800
904.563500
906.293800
906.312100
907.344900
907.348450
907.694800
908.522950
908.530050
910.542400
911.189300
911.200950
911.325300
911.346600
911.355700
912.457850
916.250250
916.262550
916.281900
916.323750
917.228900
917.238000
917.900200
918.659450
918.663400
919.411250
919.953800
919.960250
919.972600
919.989050
920.005700
920.011350
920.608700
920.652750
921.334350
921.338500
927.224700
927.233350
928.055350
928.059400
928.065350
928.081100
928.091500
928.821100
928.866000
930.792300
930.796600
930.832000
930.836650
930.850750
931.527050
932.346200
932.354550
933.481500
933.485400
933.507600
933.515050
934.784900
934.789400
937.891400
940.056400
940.082150
943.498750
943.507150
943.770600
943.780250
949.149750
949.162700
949.860800
950.064750
950.135800
950.621050
950.648250
952.406000
952.413500
952.418150
952.428900
953.314650
953.318250
953.332150
953.337700
953.341450
953.347400
954.216800
958.055000
958.699550
960.552200
963.502000
963.570650
963.576300
963.598700
963.605000
964.137700
964.141500
964.145950
964.152050
964.157400
966.059800
966.067750
966.784950
966.789000
966.793850
966.838550
966.845950
966.910300
968.046950
968.055800
968.072250
969.687700
969.691500
969.708500
969.719200
969.742450
970.025900
971.528400
975.322200
975.329400
978.305250
978.308900
978.313250
978.323100
978.333800
979.746250
979.755200
979.766700
981.060000
981.063650
982.119900
982.927750
982.931400
982.953650
982.968350
986.791150
988.392000
988.890400
988.894800
990.904900
990.915100
990.919900
990.924250
990.928650
990.933150
991.734300
993.322100
993.325550
993.329900
993.451650
995.147300
995.155600
995.174100
997.020200
998.231250
998.235450
998.814900
998.825600
998.842850
998.891250
1003.337350
1003.344900
1005.045500
1005.053400
1005.063900
1005.083300
1005.108500
1005.126750
1006.940700
1006.945550
1007.474900
1007.478450
1007.483750
1007.492400
1007.943900
1007.952950
1007.960150
1007.967600
1008.505000
1008.514000
1012.941000
1012.945150
1013.825100
1013.836700
1015.303500
1015.936200
1016.059050
1017.607950
1017.622200
1018.838550
1018.847050
1019.739700
1019.754200
1020.418150
1021.289300
1021.293450
1023.318750
1023.322850
1023.353450
1023.367550
1023.372600
1023.940900
1023.945050
1026.253650
1026.261550
1026.266600
1028.460750
1028.469250
1028.780400
1029.730450
