0.124200
0.790300
0.869600
0.900150
1.225350
1.331850
1.399100
1.825250
2.358250
2.737150
3.060400
4.354750
4.783300
5.124450
5.178500
5.311950
5.402050
5.528900
5.671500
5.983950
6.160550
6.507600
6.777650
6.887900
7.232000
7.870950
8.475100
8.478700
8.619650
8.814200
9.792100
9.937400
10.355300
13.370000
54.322650
56.415900
57.937350
57.951850
57.956500
57.960200
59.817900
60.807000
62.732450
66.266250
66.777950
68.305600
69.780550
70.249950
85.420550
92.169750
92.178000
92.193700
92.199250
92.206400
92.806200
94.073500
94.158950
94.191500
96.324650
97.739700
98.451650
98.560850
98.564600
99.820100
102.243000
105.504050
106.060050
106.074950
106.079900
106.082350
109.454700
109.726250
109.734350
110.075500
111.012450
111.457800
112.766700
113.141650
113.152450
113.526300
114.123600
114.527450
115.223550
115.661350
115.666000
117.086150
117.153300
118.771350
119.712650
120.607300
120.615950
121.356550
121.414100
121.732550
124.070250
125.406100
126.335200
128.179700
129.486100
129.554900
130.067100
130.222550
131.691100
133.601950
135.247050
135.920700
137.066800
138.700600
138.704450
139.739500
140.256850
140.872450
141.927850
142.576550
142.888650
144.759500
146.536000
146.757650
147.098950
147.556700
147.611700
147.629700
147.634500
148.221000
148.985900
149.858850
149.872500
149.879250
149.931000
151.507900
152.214500
153.222800
154.971300
154.993950
155.370500
155.388350
157.058950
157.845350
159.245650
159.309950
159.852600
159.860700
159.865550
160.205000
160.493550
160.843150
160.852900
160.856650
161.905000
162.823900
162.883000
164.448000
164.454600
165.010450
165.026450
165.489700
165.497550
165.502650
165.511950
166.797100
167.678400
167.788700
167.932000
171.928100
172.584950
173.317350
173.329950
174.017250
174.121200
175.396050
175.576350
175.583850
175.588100
175.779000
175.800900
176.278450
176.768150
177.210600
177.218600
177.221400
177.972450
177.987400
178.150050
178.694400
178.889400
179.221300
179.832950
180.163400
180.358000
180.572350
181.430500
182.280950
182.360800
182.439900
183.026200
183.613400
183.782350
184.282450
184.299500
184.526450
186.376300
186.385050
186.388850
186.396400
186.403100
186.417350
187.646850
187.744100
187.916100
188.596250
188.613100
189.333300
189.455200
189.596600
189.602150
190.412900
190.613400
191.025650
191.055000
191.059800
191.065550
191.074050
192.449250
193.219350
195.179000
195.185550
195.189850
195.193250
195.199000
195.208700
195.219350
196.576700
197.282250
197.924750
198.778200
199.068100
199.077900
199.931150
201.088850
201.096450
201.104500
201.108200
201.323550
201.357150
202.035600
202.150150
202.199800
203.140150
203.289500
204.485500
204.492600
204.496350
204.747500
205.507450
205.520600
206.798300
206.936300
206.950750
206.955950
206.959550
206.963450
206.965500
207.276250
207.445650
208.260800
208.265800
208.297850
208.314150
208.451300
208.465050
208.468500
208.793500
209.206550
210.578800
210.619450
211.614200
211.620800
212.753200
213.215050
213.223550
213.813650
213.831100
213.919350
214.357800
215.195650
215.204750
215.312550
215.340350
215.345350
216.027300
216.684550
216.702100
217.031500
217.669800
219.293750
219.302000
219.497050
219.501850
219.727300
220.045550
220.618800
220.853900
220.996500
221.135700
221.671500
222.162300
222.316100
223.111400
223.116700
223.122200
223.127450
223.136450
223.706950
224.334700
224.345400
225.240050
225.667750
226.054500
226.515550
226.535850
227.070400
227.266950
227.380050
227.404950
227.828100
227.842750
227.847500
227.850800
227.853600
228.249650
228.930600
229.899350
230.026800
230.508450
230.540400
230.742250
230.748950
230.754750
230.761850
231.074750
231.287600
231.347950
231.370800
231.416200
232.009000
232.205900
232.420850
232.448650
233.891300
233.894850
233.897700
235.255800
235.382300
235.488050
235.493700
235.671600
235.924900
236.417550
236.666400
237.093850
237.286250
237.403200
237.516800
237.526150
237.538850
237.554600
237.866400
237.922750
237.973150
238.463750
238.731950
238.959750
239.507800
239.511200
239.514600
239.829250
239.861500
239.872300
240.184350
240.285900
240.408400
240.747050
240.804600
240.812000
240.822800
240.828550
241.734500
241.779450
242.291150
242.316300
242.344900
242.818100
242.967050
242.970850
243.133450
244.127100
244.322350
244.326800
244.769900
244.931350
244.936200
245.865700
246.035250
246.088800
246.649250
246.679600
246.684200
247.261650
247.623700
247.695400
247.699950
247.706000
247.708350
247.711650
247.719700
248.829800
248.920300
249.063250
249.148450
249.407850
249.817750
249.821950
249.857150
251.006600
251.055450
251.495900
251.745850
252.242400
252.405250
252.547150
252.777500
252.911800
253.762800
253.780850
254.128250
254.590250
254.608450
254.863450
254.885200
255.271700
256.078200
256.082600
256.134350
256.418750
256.424350
256.431200
256.517800
256.530250
257.210800
257.971150
257.988050
257.999750
258.192650
258.320200
258.332100
258.341400
258.530850
258.537700
258.544150
258.552200
258.990100
259.135800
259.448850
259.786300
260.341850
260.346450
261.257000
261.288800
261.294300
261.299850
262.104100
262.166850
262.784150
262.800800
262.806150
262.811600
262.861550
263.961700
263.966600
264.455700
264.459700
264.493000
264.739150
265.397250
265.401950
265.408200
265.420250
266.049800
266.554650
266.915500
267.622950
268.313850
269.260050
269.271150
270.209550
270.378000
271.054300
271.361000
271.367100
271.627850
271.636900
271.823550
271.825900
272.256850
272.271100
272.779450
272.795350
273.523000
273.528650
273.534750
273.540750
273.548150
273.855350
273.894800
273.901950
273.917700
274.306750
274.634250
275.211000
275.228400
275.413250
275.419800
275.424950
275.816300
276.103950
276.538600
276.698300
277.025500
277.202150
277.219350
277.239750
277.380900
277.399950
277.721400
277.726500
277.737850
278.143300
278.442850
278.822550
278.927150
278.966600
280.636400
280.656400
280.678250
281.398350
281.413600
281.418550
281.490700
281.496750
281.507350
281.514350
281.895850
281.936500
281.992400
282.153500
282.157900
282.300250
282.307000
282.762800
283.657900
284.008350
284.861950
284.874300
285.715550
285.724650
285.730250
286.074750
286.279300
286.612100
286.738500
286.741350
286.746100
286.852200
286.856350
287.137950
287.395150
287.451650
288.237050
288.356200
290.003800
290.009000
290.043400
290.156450
290.476450
290.507550
290.748750
290.753050
290.833150
290.841500
291.358400
291.715550
291.983600
291.990650
293.192600
293.889750
293.934750
294.008750
294.307750
294.770250
295.187650
295.755800
296.349400
296.354300
296.434150
297.446950
297.474100
298.470650
298.698600
298.728400
298.999900
299.246250
299.252100
299.259500
299.625050
299.912750
300.582850
300.646400
301.299050
301.836850
301.884950
301.929700
302.127550
302.505700
302.938150
302.960100
302.966550
302.969800
303.189550
303.304050
304.798400
305.331850
305.479800
305.484150
305.597650
306.447400
306.493800
306.542500
306.691600
306.718100
306.723650
306.742150
306.745700
307.255600
307.269950
307.281850
307.544150
308.207800
308.783650
309.148400
309.211250
309.834000
309.877650
310.041950
310.553650
310.560250
310.769550
310.776350
310.783850
311.046200
311.053150
311.057150
311.312750
311.317400
311.427450
311.988950
312.218400
312.222650
312.227950
312.427100
312.810950
313.292450
313.433150
314.016250
314.167950
315.046550
315.051600
315.558050
315.607800
315.680600
315.932750
315.938950
315.950800
315.956750
316.084750
316.093650
316.897250
316.901100
317.103700
317.108900
317.211200
317.565750
317.571950
317.604150
318.606350
318.608450
318.620900
318.626300
318.635250
318.828700
318.839050
318.906950
318.928750
319.341800
319.591300
319.598600
319.706700
319.709250
320.038250
320.201500
320.463600
320.967650
321.146500
321.152850
321.821150
322.236600
322.800850
323.876400
323.879050
323.882050
323.990300
324.719200
324.732350
324.817000
324.922200
325.630500
325.634850
326.366600
326.396850
326.565500
326.730300
326.737450
326.742850
326.979800
326.984350
327.020500
327.545900
328.291950
328.748900
328.825800
328.831250
328.919650
328.925850
329.899050
330.426300
330.450100
330.630700
331.501950
331.507700
331.512950
331.987100
332.027950
332.034900
332.049550
332.439200
332.546050
332.927500
333.112600
333.117100
333.127400
333.219550
333.247900
333.479850
333.653350
334.002450
334.007100
334.665200
334.671750
334.684300
335.064250
335.073850
335.077400
335.823650
335.877900
335.882400
336.430200
336.435000
336.444850
336.591300
336.604700
336.624450
336.993100
336.998450
337.464050
337.524600
337.546750
337.764750
338.106900
338.319600
338.378050
338.540650
339.141050
339.486250
340.489400
340.846950
340.856100
341.246000
341.248500
341.415250
341.472150
341.888900
342.185150
342.625750
342.630100
342.941900
343.407250
343.489250
343.491350
343.999700
344.158250
344.163050
344.542250
344.671100
344.705750
344.708300
344.722850
345.035650
345.213700
345.594600
346.052350
346.287650
346.293550
346.298400
346.302900
346.307400
346.310250
346.325950
346.603800
346.608300
347.196750
347.924750
347.929050
348.387000
348.956350
349.224550
349.228850
349.235300
349.488700
350.215950
350.804350
351.349950
351.958200
352.117500
352.424650
352.672650
353.192100
353.442650
353.854700
353.860200
354.132700
354.137850
354.149550
354.462350
354.662000
355.190900
355.218600
355.629950
356.160750
356.910500
357.273550
357.313500
357.990200
358.323700
358.968700
358.975750
358.983450
359.230100
359.234200
359.440700
359.826250
359.832500
359.837850
359.851850
359.949250
360.442250
360.726650
360.993100
362.169700
362.392700
362.444650
363.276500
363.280300
363.689950
363.963850
364.274200
364.667050
364.690650
364.836800
364.905800
364.973600
365.812100
365.817550
365.819900
365.822550
366.201400
366.231650
367.091300
367.893900
367.900650
367.921700
368.031300
368.600200
369.184950
369.192600
369.205150
369.212600
369.508250
370.479800
370.818850
371.513700
371.697000
371.874150
372.142200
372.511000
373.807700
374.592400
374.705400
374.960750
374.972750
375.064700
375.272100
375.500650
375.507950
376.054300
376.494550
376.541700
376.545750
376.660550
377.131300
377.233550
378.429600
378.533450
379.150150
379.698850
380.101600
380.105900
380.113500
381.245600
381.836500
383.028950
383.436350
383.443300
383.451050
383.466150
383.683350
384.317200
384.511650
384.772600
384.919000
384.960650
385.547050
385.698950
385.705350
385.857750
386.076950
386.637950
387.473400
387.575800
387.774050
387.780450
387.811900
388.263200
388.487100
389.212900
389.218200
389.223950
389.236700
389.241950
389.369800
389.402750
390.214850
390.219750
390.362350
390.389700
390.664600
390.808100
391.004150
391.011350
391.209300
391.718300
391.723000
391.917550
392.657500
393.088700
393.469550
394.633750
395.401050
395.452450
395.739250
396.948350
397.565300
397.751150
397.758550
397.768800
397.857000
397.863900
397.885900
397.901250
398.025900
398.036000
398.871900
399.152300
399.179400
399.511450
399.673550
399.933750
400.031900
400.046950
400.563250
401.840100
401.845950
402.064600
402.817150
402.843100
403.108400
403.595850
403.628550
403.633450
404.037300
404.591250
404.621350
405.069500
405.383450
405.537050
405.791400
405.796250
405.848900
406.856350
406.956300
407.684700
407.691500
408.466500
409.788050
409.838850
409.845100
409.852250
410.645600
410.676750
411.816950
412.691450
413.033200
413.119300
413.514400
413.519050
413.525750
413.565850
413.718800
414.340400
414.622250
414.939400
416.355650
416.358500
417.555850
418.789450
418.795750
418.808150
418.812650
418.819650
418.822450
418.827550
418.841700
418.850500
418.877550
419.268800
419.314000
419.320400
421.253300
421.755300
421.771950
422.454850
422.948700
423.095200
423.573900
423.605700
423.951100
424.604050
424.608300
424.618100
424.644300
424.923300
425.057350
426.396450
426.980000
426.993650
427.894550
428.153700
428.546400
428.742550
428.748700
429.098150
429.246450
430.265450
430.744950
430.972600
431.004750
431.693650
431.764850
432.423200
432.434950
432.839200
433.193250
433.612900
433.626300
433.631450
433.974550
434.172750
434.177100
434.226450
434.237250
434.248900
434.841350
435.119300
435.979050
435.982150
436.497350
437.082000
437.109200
437.871500
437.977650
438.007300
439.189850
439.838850
439.846200
439.854650
440.563150
440.590600
441.146550
442.101500
442.108100
442.117850
442.268200
442.274550
442.289550
442.297850
442.715250
443.253700
443.634400
443.766550
443.815800
444.253950
444.325850
444.490800
444.495600
445.670250
445.726200
446.799400
446.820650
446.948000
446.952650
446.961800
447.353400
447.427600
447.459350
447.501500
447.920100
447.928950
447.939100
448.371450
448.697500
448.701750
448.743550
449.406250
449.463550
449.471000
449.910650
449.939450
450.789900
450.799950
451.011650
451.017150
451.496750
452.124100
452.131600
452.209000
452.594450
453.252700
453.543900
453.594250
453.602250
453.607550
453.615350
453.619700
455.272050
455.653200
456.030900
459.523100
459.529250
459.580700
459.593050
459.601450
459.608950
460.056300
460.156750
460.532800
460.596400
461.452650
462.576200
464.572150
464.654050
465.107200
465.245300
465.267200
465.455350
466.022900
466.060700
466.065950
466.074600
466.200600
466.800050
467.007250
467.308750
467.313950
468.021600
468.033300
470.016050
470.035000
470.463150
470.739050
472.277400
472.808050
473.225900
473.507150
474.233550
475.317800
475.848850
476.000550
476.078500
476.181950
476.446750
476.503350
476.537400
476.675050
476.689250
476.856000
477.126000
477.595850
477.760000
479.033400
479.037650
479.507350
479.988950
480.477450
480.546800
480.809700
481.137750
481.171850
481.965500
482.163950
482.169500
482.176100
482.184200
482.190550
483.088200
483.221800
483.244950
483.796300
483.911350
484.383900
484.388000
485.060000
485.079500
485.084200
485.087850
485.098900
485.305500
486.349400
486.658150
486.662200
486.713100
486.717900
486.734250
486.784150
486.798300
488.209000
488.696750
488.744250
489.167750
489.186100
489.576850
489.581200
489.893100
490.087350
490.118850
490.122300
490.295300
490.673600
490.824350
490.884550
491.905250
492.212400
493.114100
493.148500
493.281650
493.468250
493.753200
493.760350
493.765700
493.771050
493.907650
494.694800
494.848350
494.851450
494.854550
494.859400
494.862500
494.891900
494.898950
494.907050
494.912300
494.925150
495.407900
496.092200
496.467200
496.544900
496.785650
497.082850
497.468600
497.926550
498.254200
498.279150
498.489000
500.426350
500.440200
500.461850
500.881650
502.101450
502.111800
502.163250
502.305500
502.478500
502.487550
503.283750
503.295600
503.532350
504.377650
504.579650
504.598050
504.712400
505.059800
505.063750
505.075350
505.524400
506.128650
506.172500
506.219300
507.188100
507.193250
507.197850
507.203650
507.570100
507.578850
507.647750
508.003750
508.183550
508.462600
508.847600
508.977000
509.415150
509.761200
509.775150
510.310100
510.408100
510.994000
511.049100
511.055650
511.577850
511.581450
511.585150
512.647700
512.857850
513.524050
513.604650
513.626050
513.777850
513.781150
513.803150
513.826150
514.156850
514.213800
514.348000
514.353300
514.366700
515.038100
515.084300
515.283500
515.310250
515.318650
515.664050
515.754600
516.017500
516.086300
516.131400
516.713000
516.822000
516.918300
516.929400
517.873150
518.452850
519.437800
520.706650
520.735900
520.942750
520.963600
521.547150
521.561250
521.684800
521.731050
521.775900
522.124550
522.132800
522.421100
522.536900
522.545000
522.581000
522.949750
523.166050
523.378750
523.887550
523.937500
524.788250
524.889900
525.048750
525.238800
525.972650
525.976850
526.179700
526.675350
526.682500
527.428800
528.237250
528.241000
528.258950
528.417550
528.422950
528.430050
528.433750
528.444150
528.449850
528.906350
529.257400
529.830900
529.883650
529.905700
529.916450
530.298550
531.003950
531.239400
531.245500
531.832350
532.337500
532.862200
532.864900
533.104650
533.881800
533.887350
534.434400
534.721050
534.727500
534.735150
535.102700
535.479750
535.503550
535.667650
535.823850
536.439800
537.405700
537.410000
537.782950
537.836600
537.850100
538.033050
538.067650
538.103250
538.952650
539.370350
539.508700
540.011800
540.015350
540.024450
540.030700
540.047350
540.086450
540.349650
541.036600
541.515300
541.571400
541.575900
542.068600
542.172850
542.551000
542.872700
543.491950
543.533200
544.077750
544.943950
545.157750
545.308050
546.235200
546.243850
547.178900
547.593350
547.717300
548.304850
548.323750
548.328400
548.336600
548.346800
548.350350
548.481650
548.990950
549.107900
549.110450
549.116650
549.124300
549.136850
549.153750
549.165550
549.173500
549.185250
549.482950
549.870150
550.218250
550.498600
550.550850
551.076900
551.080700
552.129800
552.148450
552.165500
552.178200
552.544500
552.694950
552.724750
553.269750
553.653450
553.657550
553.800050
553.803150
554.162500
554.544050
555.005400
555.042350
555.235850
555.241450
555.246950
555.730200
556.656300
556.672250
556.675350
556.694650
557.562900
557.623800
557.634150
557.644200
557.652000
557.779700
557.789200
557.791750
557.796100
557.798750
557.802000
557.809700
557.891400
558.116300
558.634900
559.094000
559.098200
559.170500
559.175450
559.181200
559.191800
559.371450
559.589600
559.602750
559.953000
560.696050
560.759600
560.767100
561.427650
561.649350
561.769800
562.200850
562.220950
563.496450
563.619950
564.215150
565.049750
565.560500
565.881850
566.161450
567.278900
567.469900
567.893900
567.967350
568.690750
569.059900
569.265950
569.549800
569.780950
570.140350
570.218300
570.853400
571.056900
571.078800
571.093650
571.110600
571.326300
571.804600
572.550550
572.803500
573.029450
573.298800
573.304950
573.919500
573.948300
574.030950
574.043200
574.054950
574.100250
575.308450
575.513850
575.686000
576.388650
576.623300
576.869850
576.875300
576.902500
576.927000
577.009800
577.022200
577.403250
577.544350
578.378100
578.810300
578.838400
579.200800
579.256950
579.846650
580.441650
580.551800
580.859950
580.890800
581.039650
581.099050
581.133150
581.333900
581.383850
581.578700
581.697750
581.854200
581.959950
582.170350
582.454300
583.034300
583.039600
583.444050
583.447450
583.495800
584.133900
587.705100
597.349400
599.489200
599.509600
601.929650
604.568000
609.252850
609.456650
610.102300
610.999900
612.623900
612.902600
613.303800
613.450150
613.468250
613.470900
613.716550
613.767400
614.553500
614.863900
615.145000
615.157650
615.302300
615.310050
615.796100
615.822600
616.039950
616.199700
616.536150
616.652000
616.655850
616.668900
616.789800
616.809200
616.912200
617.724200
617.847450
617.893100
618.432050
618.440850
618.474600
618.493450
618.769950
618.866900
619.011450
619.221400
619.432800
619.968500
620.136200
620.148650
620.156500
620.162100
620.368800
621.113800
621.222450
621.244850
621.250200
621.263250
621.339150
621.655750
621.739100
621.876750
622.039850
622.229050
622.321700
622.491850
622.551700
622.572050
622.680800
622.770950
623.052300
623.659250
623.686250
624.002050
624.126400
624.154450
624.350600
624.369400
624.509450
625.402000
625.425350
625.430950
625.435750
625.559100
625.675450
625.697200
625.811800
625.823050
625.981350
626.058400
626.151650
626.330550
626.345000
626.563600
626.734050
626.756150
626.876750
627.138400
627.488700
628.531000
628.634750
628.677500
628.943300
628.948300
628.954300
628.962900
629.173150
629.236700
629.423550
629.772000
629.820350
629.967050
629.978450
631.160100
631.191850
631.202050
631.277800
631.370850
631.745750
631.749300
631.930050
631.975450
631.985250
632.373850
632.550150
633.069050
633.217500
633.779600
633.784450
633.791850
633.923300
634.313300
634.527150
635.041650
635.151850
635.221200
635.272400
635.428100
635.753200
635.972300
636.050900
636.321500
636.429650
636.515600
636.603250
637.010650
637.018300
637.228700
638.041050
638.050950
638.290700
638.711750
638.953750
638.963650
639.236600
639.347900
639.493750
639.832600
639.851350
639.874400
640.003150
640.731500
640.917000
640.937050
641.228050
641.234650
641.268000
641.707200
641.834300
642.408300
643.087450
643.348000
643.604550
643.612150
643.730450
644.083550
644.455800
644.563900
644.568500
644.611850
644.621750
645.068650
645.143450
645.383500
645.596200
645.630300
645.856950
645.969200
645.989100
646.468150
646.668700
646.671450
646.681450
646.695750
646.901150
647.004800
647.139700
647.144300
647.605900
648.204450
648.267700
648.410500
648.489000
648.508950
648.569250
649.252700
649.478000
649.609550
649.692350
650.054550
650.390600
650.484550
650.638900
650.661550
650.666500
650.668800
650.677500
650.680050
650.754100
650.884000
651.213850
651.245750
651.294050
651.390550
651.752200
651.811600
651.815450
652.185900
652.193200
652.405550
652.635300
652.750850
652.936750
652.994900
653.062550
653.422550
653.457550
653.605650
653.613200
653.824300
653.877150
654.118050
654.265100
654.756550
654.767450
654.772850
655.056850
655.088350
655.130300
655.462150
655.869200
655.988450
655.995900
656.005200
656.072000
656.239300
656.842000
656.904500
656.909050
657.839250
658.064750
658.077650
658.284050
658.520400
658.754350
658.767200
659.066850
659.169050
659.172450
659.274050
659.581150
659.600300
659.800300
660.179350
660.193600
660.240150
660.918400
660.963550
661.229900
661.485200
661.678200
661.963250
661.998650
662.038900
662.221600
662.438050
662.458050
662.462050
662.649450
662.998700
663.354300
663.483350
663.490900
663.518450
663.575150
663.741750
663.882000
664.057200
664.132000
664.614600
664.749150
665.081550
665.118250
665.137850
665.336450
665.342450
665.429600
665.552900
665.732000
665.847700
665.856100
665.864450
666.054100
666.150700
666.255400
666.258750
666.337150
666.342450
666.346450
666.507350
666.600850
666.650250
666.653100
666.656150
666.660100
666.664150
666.672350
666.735900
667.058950
667.242450
667.307150
667.594800
667.628600
667.700750
667.813000
667.824750
667.918950
668.174750
668.204400
668.481400
668.609950
668.635900
668.708000
668.986400
669.269950
669.295300
669.303500
669.360800
669.602050
669.614150
669.618250
669.816450
669.828050
669.839950
669.931850
669.996850
670.014750
670.369850
670.902900
670.935150
671.254400
671.325750
671.642150
671.698450
671.706450
671.986450
672.018100
672.179150
672.453550
672.561900
672.722150
673.068300
673.400550
673.413450
673.694500
673.812850
674.345600
674.664950
675.017150
675.255800
675.339050
675.509050
675.745600
676.265700
676.291900
676.415750
676.438650
676.495750
676.664250
676.700350
676.859000
676.962700
677.156150
677.374350
677.770200
677.951550
678.117000
678.430250
678.452000
678.517700
678.711600
678.930400
678.948650
679.146750
679.201550
679.479750
679.493400
679.517600
679.644850
679.788800
680.000850
680.135250
680.261900
680.874000
681.141900
681.225550
681.233300
681.559950
681.691700
681.813350
682.507300
682.620700
683.036400
683.131800
683.213400
683.539900
683.546150
683.557050
684.065750
684.340400
684.567600
684.593250
685.013100
685.247600
685.273700
685.367850
685.567650
685.691350
686.535200
686.626050
687.043900
687.857700
687.863650
687.871900
687.947500
688.113550
688.238800
688.552300
688.562100
688.609200
688.618500
688.828050
688.928050
689.307000
689.321800
689.327900
689.542150
690.051350
690.214400
690.539050
690.921450
691.126250
691.338000
691.432400
691.556700
691.606950
691.638050
691.655850
691.662700
692.027400
692.092250
692.214150
692.296300
692.656650
692.797600
692.838800
693.219500
693.328000
693.416600
693.975350
694.100100
694.476950
694.580500
694.719700
695.526950
695.538350
695.591100
695.739250
695.744750
695.771400
695.775200
696.054750
696.563950
696.695150
697.391900
697.446200
697.952150
697.955500
697.962650
697.968000
698.098450
698.375250
698.699950
699.212750
699.218700
699.374150
699.598000
699.666550
700.563800
700.626500
700.710250
700.953450
701.163600
702.164400
702.815300
702.917500
702.923650
703.090500
703.236100
703.582800
703.757400
703.811600
703.886000
704.207450
704.306500
704.312500
704.340550
704.724150
704.757050
704.886150
704.956350
705.095700
705.171700
705.736800
706.136600
706.558750
707.086450
707.091050
707.885100
708.035450
708.040250
708.199650
708.471050
708.666750
708.756650
708.761650
708.765850
708.771700
708.777250
708.783900
708.903500
708.912000
708.916700
708.919600
708.923450
708.928000
708.935250
709.517700
709.612800
709.756550
709.760850
709.848350
710.019000
710.702850
711.195500
711.264150
711.272950
711.882700
711.887850
711.895650
711.992700
712.001350
712.032450
712.113350
712.210700
712.562850
712.596900
713.196600
713.672200
713.846150
713.950050
713.965850
714.258350
714.447250
714.450700
714.517900
714.751450
714.811550
714.821750
714.836700
714.851300
715.088950
715.152900
715.202100
715.412050
715.712000
715.894200
716.215500
716.222300
716.614550
716.636500
716.685400
716.731200
716.809650
717.114000
717.531750
717.589750
717.701700
717.757950
717.875300
718.602300
718.834550
718.858150
719.354300
719.463900
719.470400
719.496300
719.902050
720.199850
720.316550
720.836800
720.853500
721.706900
721.945950
722.240100
722.351500
722.399100
722.452650
722.473450
722.583450
722.862150
723.348100
723.525600
723.531300
723.540350
723.547900
723.554750
723.564100
723.568750
723.683900
723.705000
723.788750
723.858300
724.053300
724.426900
724.535850
724.650450
724.829300
724.969000
725.059500
725.069200
725.081650
725.117050
725.240050
725.349800
725.456800
725.660950
725.768350
725.855200
725.885200
725.971250
726.170050
726.202550
726.222400
726.231650
726.472850
726.530550
727.116150
727.402400
727.534850
727.714500
727.861800
727.928650
727.963100
727.997650
728.048650
728.247450
728.480400
728.758550
728.924150
728.934750
728.981650
729.139950
729.149850
729.364200
729.619800
729.624300
729.632600
729.814400
729.843400
729.865100
730.055050
730.301550
730.488300
730.654150
730.881950
730.934150
730.958850
731.029300
731.114200
731.498650
731.522750
731.693900
731.884450
732.189800
732.320850
732.345500
732.392250
732.498950
732.933950
733.041100
733.044250
733.055450
733.256100
733.553950
733.686350
733.754400
733.760350
733.827200
733.925250
733.938900
734.134700
734.445550
734.717000
734.778900
734.927000
735.277250
735.517850
735.538200
735.560450
735.815850
735.825800
736.080650
736.250350
736.408950
736.441800
736.580650
737.100650
737.105250
737.419900
737.565900
737.718650
737.739350
738.099850
738.295850
738.298100
738.307700
738.331450
739.002650
739.291600
739.323150
739.485550
740.091050
740.324700
740.330650
740.427400
740.919450
741.098400
741.270150
741.434800
741.569100
742.245850
742.301200
742.802200
742.952650
742.966850
743.047150
743.351400
743.688400
743.720850
744.019050
744.312350
744.454400
744.664250
744.692200
744.699800
744.712450
744.720250
744.727750
744.740550
745.553250
745.668250
745.763450
745.949250
746.171550
746.177800
746.333700
746.512950
746.653100
746.700100
746.888800
747.073450
747.164150
747.613000
747.698150
747.715550
747.723100
748.518650
748.636600
748.772550
748.879750
749.689450
749.937350
749.972900
750.309300
750.471400
750.535350
751.021200
751.592750
751.963000
752.210150
752.412700
752.522750
753.295550
753.317650
753.346600
753.355650
753.791800
754.471300
754.709500
754.714350
754.813350
754.892700
754.899350
754.979000
755.012600
755.469600
755.485150
755.990100
755.995950
756.310050
756.662650
756.964100
757.054500
757.060300
757.222800
757.929250
758.664800
758.819350
759.249850
759.278100
759.970450
760.096300
760.415300
760.487300
761.375550
761.381550
761.385950
762.225650
762.238600
762.615250
762.639750
763.174800
763.524400
763.577000
764.554150
765.306200
765.320750
765.418500
766.274900
766.753950
766.758350
766.949100
767.325550
767.525400
767.562950
767.574900
767.579950
767.582100
767.586750
767.601600
767.673700
768.309250
768.567200
768.905750
769.308750
769.441500
769.689950
769.755800
769.818950
769.822400
770.036550
771.256050
771.314400
771.323000
771.525050
772.051700
772.064600
772.220050
772.382350
772.491650
772.555000
772.914750
773.187650
773.460600
773.531000
773.728400
773.970350
774.027350
774.170900
774.374900
774.633900
774.745000
775.387500
775.730050
776.370400
776.693200
777.127150
777.195150
777.233950
777.585750
777.691300
777.902600
778.611950
778.620550
778.696750
778.718450
778.732300
778.744700
778.846200
778.929500
779.337150
779.457950
779.783450
780.006100
780.195500
780.477800
780.584400
780.872750
781.003300
781.293650
781.658250
781.893050
782.131000
782.273200
782.452900
782.636600
782.777400
783.021700
783.498150
783.910350
783.995450
784.138300
784.142700
784.175850
784.243800
784.505750
784.547900
784.824300
785.160800
785.916750
786.115650
786.119850
786.307750
786.340200
786.347100
786.586900
786.625500
786.630800
786.951750
787.060250
787.519700
787.555400
787.611450
787.814500
787.927050
787.935000
788.616200
788.743600
788.797000
788.966450
789.126750
789.146650
789.229950
789.626400
789.744600
789.868100
790.061200
790.065850
790.725650
790.947750
791.460500
791.592500
792.040000
792.232200
792.642650
792.665850
792.669900
792.676900
792.680850
792.714100
792.769050
792.805500
793.311950
793.409800
793.849350
794.123450
794.242350
794.390150
794.544200
794.917150
795.093500
795.541250
795.613250
795.719300
795.799400
795.837800
796.457100
796.579750
796.701550
796.745600
797.473000
797.721150
797.762050
797.770900
797.776750
797.781950
797.901400
797.915200
797.971500
798.346450
798.435900
798.458850
798.572550
798.849000
798.864100
798.869500
798.902150
798.946350
799.332750
799.339950
799.353550
799.516800
799.544650
799.590000
800.179600
800.343500
800.740950
800.952650
801.463350
801.482300
801.579950
801.896900
801.950750
802.178900
802.185200
802.188250
802.195050
802.197850
802.200600
802.206200
802.316650
802.319850
802.324750
802.914500
803.201650
803.532550
803.537000
803.544550
803.553450
803.696700
803.868350
804.061150
804.337050
804.942900
805.077500
805.459450
805.543700
805.588600
805.739900
806.086000
806.089450
806.819300
807.014000
807.574050
808.023300
808.304850
808.488450
808.495050
809.082000
809.190600
809.555250
809.572700
809.650900
809.938000
810.129400
810.309950
810.460300
810.600450
810.896050
811.392800
811.642250
811.933200
812.420300
812.680200
812.797100
812.874500
812.970800
813.767550
813.938300
814.080050
814.087150
814.243050
814.248950
814.481750
814.543050
814.632300
815.011650
815.362750
816.133650
816.147900
816.194950
816.433850
817.065950
817.120800
817.404950
817.889300
817.892600
817.895450
818.088200
818.107250
818.118000
818.758600
818.794900
818.868550
818.912900
818.919700
819.381700
819.583100
819.597350
819.611000
819.916600
819.941350
819.962350
820.106400
820.354450
820.676000
820.740600
820.901650
821.118750
821.216150
822.234350
822.315850
822.960300
823.077550
823.093800
823.723550
824.202900
824.263150
824.269050
824.274350
824.280400
824.285650
824.697700
824.823000
825.081150
825.189250
825.864400
826.002100
826.618250
826.700350
827.454600
827.459550
827.806250
827.842450
827.852700
828.689150
828.700150
828.705800
828.758950
828.904300
828.922050
830.215150
830.221050
830.228350
830.238350
830.583050
830.656150
831.100050
831.110500
831.116550
831.126650
831.810200
832.595450
832.630650
832.634650
832.640850
832.647350
832.650700
832.659650
833.209850
833.359750
833.672800
833.952800
834.029800
834.040000
834.045750
834.179850
834.299900
834.311700
834.924950
835.813550
836.628750
837.086900
837.429900
837.628950
837.633400
837.696800
837.886650
837.891850
837.912650
838.555100
838.919300
838.926500
839.113850
839.770500
840.039100
840.172050
840.200150
840.214600
840.304850
840.607900
840.815200
841.195600
841.470450
842.548800
842.559300
842.683900
842.865900
843.804750
843.967950
843.987050
843.999750
844.030500
844.314600
845.893350
846.930750
846.973350
848.360750
849.069350
849.657750
850.226350
850.388200
850.762500
851.245250
851.254800
851.261050
851.667750
851.872250
852.354650
852.695350
853.144350
853.191500
853.199650
853.420450
853.995750
854.042200
854.163100
854.791100
855.586750
855.592800
855.756450
856.802450
856.942200
857.542500
857.568750
857.785450
858.377600
858.394450
858.444800
858.538850
859.386700
859.674350
859.932350
860.083800
860.182100
860.578750
860.617850
860.842000
861.315550
861.369000
861.744650
861.761100
861.854600
861.887500
862.217250
862.724450
863.048900
863.476600
863.721350
863.758150
863.891650
864.299000
864.305450
865.137000
865.438400
865.488650
865.674350
865.827300
865.930850
866.019900
866.025550
866.486150
866.490250
866.495700
866.500300
866.506600
866.654800
866.718250
867.180600
868.197000
868.209900
868.503750
868.533300
868.539450
869.518550
869.527800
869.536750
869.600900
869.632200
869.637300
869.643400
869.651450
869.654500
869.944350
870.055050
870.106400
870.125300
870.208550
870.921950
871.346950
871.374950
872.412600
872.418500
872.437700
872.814300
873.234150
873.244750
873.618650
873.658400
873.903400
873.920900
875.100650
875.162100
875.216950
875.836200
876.707800
877.092800
877.103650
877.292500
877.309900
877.314550
877.321950
877.872300
878.250200
878.386800
879.889050
880.613000
880.648500
880.796900
880.816400
880.995450
881.007150
881.729500
881.839150
882.576500
882.828050
882.870850
882.883450
883.657500
885.186250
885.201900
885.280200
885.993300
885.995700
886.001450
886.008700
886.045800
886.930450
887.784000
888.236450
888.560150
888.625750
889.695200
889.757900
890.413400
890.524300
890.841100
890.847150
890.887500
890.953950
891.462100
891.651450
892.285450
892.755800
892.851750
893.159300
893.304850
894.427050
894.927950
895.137150
895.304300
895.327050
895.957600
895.962500
896.053900
896.056050
896.078750
896.333750
896.342400
896.348850
896.538600
896.990250
896.997550
897.005750
897.013200
897.221100
897.255550
897.387100
897.721100
898.277900
898.463700
898.856500
899.118050
899.537150
900.051500
900.366650
900.854000
900.894850
900.925850
901.481800
901.515050
901.556550
901.748950
901.913850
901.930200
901.942100
902.012900
902.091350
902.320850
902.724800
902.877700
902.986750
903.523600
903.646100
904.289000
904.555050
904.560950
904.936200
905.097500
905.119750
905.482200
905.581750
906.150300
906.225800
906.458550
906.697800
906.894000
907.337850
908.017400
908.318150
908.346250
908.531400
908.555850
908.564650
908.573100
909.910400
910.138400
910.144500
910.151600
911.183150
911.341850
911.346500
911.371350
911.468650
911.490550
912.009450
912.211150
912.261950
912.288450
912.475350
912.899950
913.109400
913.183900
913.370200
913.372500
913.536600
913.859200
914.035650
914.039350
914.049400
914.055050
914.067600
914.219000
915.221350
915.495300
915.725100
915.915500
916.642750
916.727800
917.130350
917.386800
917.549500
917.578650
918.267500
918.353150
918.375050
918.444400
918.970600
919.388350
919.393450
919.945550
919.990350
919.997450
920.235200
920.246950
920.252500
920.256800
920.259050
920.272000
920.290000
920.613400
920.632450
920.935300
921.652000
921.953400
922.414850
922.420350
922.429200
922.431950
922.491800
922.496900
922.503700
922.881350
923.108800
923.271750
923.309150
923.669800
923.817800
924.306750
924.436350
924.601400
924.653950
925.036800
925.399850
925.466200
925.889650
926.157950
926.530050
926.563200
926.637150
926.642500
927.211750
927.257900
927.626600
928.658750
928.814800
928.820900
928.851550
928.862250
928.864500
928.868400
928.878550
928.889050
929.196300
929.675800
929.961450
929.997400
930.974750
931.095950
931.116850
931.686700
933.519600
933.839650
934.439600
934.685650
935.343300
935.484750
935.580400
935.917850
936.600600
936.731200
936.792150
936.798350
936.817650
936.844750
936.849600
936.973700
937.144850
937.153900
937.394800
937.651950
937.920500
938.252300
938.265150
938.285600
938.767750
939.008350
939.110050
939.174250
940.017450
940.083750
940.541050
940.819750
940.860800
940.895950
941.082650
941.419200
941.426850
941.994050
942.271900
942.278800
942.499400
942.505000
942.514650
942.522400
942.836300
943.182350
943.321800
943.341950
943.344500
943.610650
943.740950
943.745900
943.756350
944.041450
944.081350
944.179650
944.957350
945.022950
945.449300
945.644600
945.843400
946.008950
946.302600
946.600000
946.798800
946.893250
947.155450
947.186950
947.193550
947.495200
947.712800
948.022750
948.319100
948.419050
948.422950
948.686800
948.879400
948.943450
949.003800
949.155300
949.177650
949.250700
949.367150
949.828700
950.101700
950.129100
950.137250
950.638050
950.648250
950.798950
950.823150
951.045800
951.048150
951.052200
951.169300
951.270150
951.456400
951.525200
951.981900
952.373400
952.929100
952.932400
952.971250
953.022700
953.314750
953.474150
953.494100
953.641850
954.185600
954.190250
954.470950
954.817100
954.960350
955.000450
955.156350
955.464750
955.491400
955.914650
956.206200
956.220650
957.376450
957.382150
957.388600
957.747500
958.126350
958.423850
958.652300
958.972800
959.280650
959.300200
959.329900
959.334950
959.344400
959.422350
959.480850
959.600500
959.948850
960.132500
960.276350
960.393550
960.739700
960.882650
961.009950
961.178350
961.226450
961.296850
961.621150
961.882400
962.292800
962.355850
962.805100
962.829100
962.838000
962.891800
963.018250
963.040400
963.130200
963.565250
963.592850
963.600750
963.858150
964.056700
964.160400
964.237350
964.245150
964.849600
964.895300
965.079300
965.106600
965.224000
965.639100
965.896800
965.990050
966.001100
966.628650
966.795400
966.800600
966.805950
966.810850
966.846850
967.214200
967.348100
967.386150
967.890250
967.896900
968.071100
968.096200
968.292100
968.444500
969.128950
969.284800
969.305100
969.393150
969.543600
969.563650
969.860050
970.035850
970.467650
971.236950
971.331050
971.573250
971.683100
972.071500
972.193500
972.437500
972.695000
972.903650
973.227350
973.458250
973.657450
973.903750
973.916350
974.101900
974.462700
974.515950
974.789400
974.826800
974.835200
974.907400
975.053500
975.216900
975.332000
975.396600
975.456450
975.499800
975.514150
975.628450
975.988300
976.261950
976.269550
976.335900
976.385500
976.413100
976.542750
977.142350
977.422500
977.464050
977.488500
977.840150
977.848800
978.189600
978.300800
978.306850
978.316500
978.330950
978.341500
978.343750
978.357850
978.452100
978.599900
978.821900
978.861400
979.758150
980.086550
980.180200
980.190550
980.552450
980.623500
981.480400
981.484950
981.520600
981.797400
981.814800
982.320650
982.698600
982.980900
982.986800
983.097400
983.323350
983.458850
983.535250
984.044150
984.304350
984.448350
984.553450
984.578250
984.741050
984.907350
985.469200
985.474900
985.541350
985.685950
985.939300
986.078800
986.210400
986.335350
986.642400
986.687250
986.698250
986.706850
987.331100
987.554250
987.607950
987.628400
987.752300
988.138350
988.146450
988.292600
988.388550
988.394100
988.640950
988.706600
988.712050
988.714600
988.718050
988.725700
988.894450
989.164400
989.293050
989.469150
989.561600
990.016950
990.895100
990.912700
990.915150
990.922150
990.932200
990.946650
991.136950
991.244100
991.637400
991.797250
992.004500
992.510850
992.619450
992.664950
992.705600
992.930200
992.981700
993.625850
994.160850
994.722700
995.046150
995.151800
995.514950
995.650900
995.931800
996.339750
996.589250
996.619000
996.873850
997.112850
997.372650
997.706500
997.711700
997.726400
997.983000
998.217000
998.222400
998.224600
998.230500
998.340100
998.665250
998.862500
999.057600
999.322750
999.528000
999.700550
999.974500
1000.083600
1000.149700
1000.295350
1000.365300
1000.593550
1000.693200
1000.847350
1001.009250
1001.014950
1001.024450
1001.076100
1001.080550
1001.086200
1001.168550
1001.255050
1001.259550
1001.323400
1001.778900
1001.824500
1001.851050
1002.272550
1002.394600
1002.429700
1002.583800
1002.717000
1002.964400
1003.146300
1003.345450
1003.474150
1003.755050
1003.978750
1004.031300
1004.117550
1004.375550
1004.937250
1004.975950
1005.453900
1006.283100
1006.619150
1006.658750
1006.721000
1006.730100
1006.899450
1007.492250
1007.496950
1007.502300
1007.527150
1007.839900
1008.187250
1008.196500
1008.259200
1008.729900
1008.867900
1008.925500
1009.084850
1009.435050
1009.810200
1009.843550
1010.097550
1010.414600
1010.573850
1010.643550
1010.648300
1010.845900
1011.016500
1011.362450
1011.378850
1011.573900
1011.766550
1011.821500
1011.856450
1012.163850
1012.380750
1012.655150
1012.954150
1013.133050
1013.345100
1013.599900
1013.796350
1014.017600
1014.039000
1014.316200
1014.384100
1014.472450
1014.602550
1014.792700
1014.859800
1014.950500
1015.067300
1015.080750
1015.593400
1015.671050
1015.890800
1015.897000
1015.922450
1015.987300
1016.139650
1016.200100
1016.463550
1017.362000
1017.382750
1017.581600
1017.584550
1017.590900
1017.599150
1017.601350
1017.612800
1017.726500
1018.266350
1018.448300
1018.705550
1019.144500
1019.175000
1019.487000
1019.492050
1019.793450
1020.295700
1020.410550
1020.415850
1020.761000
1021.972250
1022.398050
1022.425100
1022.800200
1022.940850
1023.164700
1023.732850
1023.737900
1024.016600
1024.260300
1024.312500
1024.599700
1024.918550
1025.387100
1025.598600
1025.859000
1026.010650
1026.128900
1026.254400
1026.271200
1026.585900
1026.607500
1026.941700
1027.001000
1027.118250
1027.179550
1027.335550
1027.539600
1027.788050
1027.934400
1027.948700
1028.154450
1028.327450
1028.517100
1028.779450
1028.791150
1028.984250
1029.103100
1029.567400
1029.590700
1029.597800
1029.647600
1029.739500
1029.884700
1029.968100
1030.735200
1031.008000
1031.078350
1031.083600
1031.092950
1031.152300
1031.195500
1031.203350
1031.348050
1031.459100
1031.619400
