5.175700
10.334400
11.563650
22.893750
22.904300
24.605200
39.502650
40.871700
43.711050
51.483500
54.296200
54.316550
57.952700
57.956500
63.021450
67.144550
67.150900
68.377900
69.086750
70.297150
77.078550
77.178150
78.237000
84.595850
92.199300
92.206800
92.212350
96.959450
96.962150
97.723000
97.727900
103.372850
103.391700
106.060000
106.072850
106.075100
106.082300
107.549000
108.390000
109.456800
109.458950
111.500050
112.121900
118.766150
118.768750
118.771350
119.230200
120.364050
120.600650
120.607800
120.616000
122.087450
122.729250
122.748200
123.288650
123.297300
123.301650
123.304650
129.528800
129.552900
131.711350
131.867600
132.953000
138.567500
139.347850
139.364550
139.449000
140.913600
140.916350
140.919600
145.045400
145.049050
146.417650
146.422900
147.606000
147.608650
148.744400
148.984900
150.990550
150.993500
153.225500
153.230850
154.340300
155.370600
155.379100
155.400200
155.597150
155.690000
156.203150
158.178500
158.194150
159.610900
160.620800
161.626600
162.793700
162.806450
163.952950
164.709950
165.010500
165.343950
165.350600
165.361850
166.170900
167.035750
167.657650
167.788700
169.136450
169.142200
170.234200
171.924500
172.115050
172.118000
173.330000
174.211350
174.610550
175.577800
175.580150
175.588050
176.394800
176.768300
177.207200
177.682200
179.103300
179.106050
179.810200
179.827550
182.430050
182.435250
182.709950
182.716100
183.271350
183.495050
184.338850
184.870100
184.879200
184.903750
185.131100
185.808650
185.812150
186.370150
186.373100
186.376150
188.757050
188.762950
188.985900
189.561150
190.448300
190.463600
191.065200
191.714750
194.964000
194.974500
195.379200
195.770700
195.773350
195.789400
196.580850
196.845600
196.861450
197.266650
197.269800
197.284900
197.329150
197.903550
197.909900
197.924350
198.129650
198.135750
198.844500
198.886600
199.074250
200.032900
200.291850
200.595000
200.597650
201.094650
201.675700
201.693750
201.696300
201.705000
201.714500
202.261700
202.264700
202.959400
203.050700
204.478600
204.484900
204.741750
205.498400
205.504400
206.936350
206.954750
206.958050
207.752450
207.757500
207.853700
208.256250
208.463000
209.018950
210.640650
210.645000
210.648200
211.325850
213.126450
214.452400
215.025200
215.195750
215.198400
215.203300
215.212600
216.037300
216.556750
216.565350
216.570800
217.038500
218.455950
219.296750
219.300300
220.106350
220.113250
220.850400
220.855200
220.865550
220.873800
220.891500
220.924850
221.675200
221.822050
223.104950
223.124600
224.387050
225.742550
225.751900
226.390950
227.253700
227.259850
227.263850
227.848700
227.940900
229.564500
229.588450
230.014250
230.724000
231.075100
232.366200
232.368950
232.376650
232.411900
234.166050
234.927900
235.925150
236.013700
236.673100
237.453100
237.455650
237.459000
237.488000
237.521700
237.925100
237.966950
239.126900
239.507050
239.514500
240.008800
240.011850
240.055950
240.069550
240.409400
240.825550
241.501100
242.967100
242.970400
242.985100
244.936200
245.970600
245.973800
247.693850
247.701250
247.708550
248.206050
248.208850
248.426300
248.444400
249.054500
249.059800
249.063000
249.829650
250.693100
251.159850
252.116100
252.118500
252.781400
252.788000
253.383400
253.386150
253.543400
253.775750
254.092950
254.098700
254.113850
254.117600
254.605350
254.870750
254.874950
256.149650
256.280100
256.302150
256.311550
258.164200
258.190800
258.557250
259.109600
259.448650
259.459400
259.995450
259.997750
260.007800
261.278250
261.296400
262.094400
262.785250
262.787650
262.814600
262.861600
263.964350
264.574150
264.577250
264.586650
265.083800
265.411050
265.414000
265.598550
266.207550
266.210250
266.587500
266.597100
266.601600
267.614750
267.978750
268.324850
268.553350
268.570450
268.798100
269.353300
270.979550
271.361400
273.255000
273.259150
273.261550
273.869100
273.871850
273.885650
273.889750
273.900150
274.060650
274.252100
274.725800
275.651200
275.800100
277.199850
277.203750
277.573200
277.575750
277.598700
277.718100
279.013700
280.298650
280.823400
281.634050
281.780550
281.896050
282.162100
282.165200
282.289150
282.291350
282.295100
282.299100
282.318300
283.662650
283.675450
284.187300
284.190000
284.689050
284.715050
284.730150
284.847700
284.863600
285.715600
286.650600
286.852250
286.864000
287.190400
287.193250
287.702900
287.786150
287.792300
288.603400
290.039150
290.624400
291.258200
291.334950
291.413600
292.970150
293.575050
294.308150
294.405300
294.914000
294.916850
295.432750
295.482700
295.485850
296.469450
296.959650
296.962050
297.363850
297.483550
297.934650
298.046950
298.049550
298.474400
299.252100
299.921450
299.927600
300.034700
300.039400
300.043750
300.109650
300.770600
300.773600
301.932650
302.823400
302.903600
302.919650
302.960250
303.658150
303.676200
304.399800
304.769450
304.776000
305.065700
305.271300
306.712600
307.273750
307.283550
307.927500
308.934750
309.223900
309.228750
309.364450
310.121750
310.130200
310.142200
310.667450
310.670450
310.739800
310.776600
311.042800
312.071250
312.206650
313.481350
315.052750
315.055600
315.297100
315.929450
315.932300
316.457550
316.577150
317.044800
318.605550
318.616450
318.620950
319.177050
319.197100
319.706750
319.776450
319.838100
320.412250
320.842400
321.372000
321.378100
322.421400
322.496600
323.177250
323.283300
323.293100
324.086550
324.489750
324.492650
324.502100
324.516700
324.870650
325.011350
325.730150
326.350250
326.714800
327.963950
328.250400
328.252850
328.524150
328.813600
328.828250
329.158200
329.470850
329.473500
329.493000
329.652950
329.894400
329.897650
330.607900
331.496250
331.511750
332.019200
332.022000
332.027950
332.959000
333.111100
335.072750
335.327350
335.341200
335.360400
335.467000
335.627100
335.654650
335.790550
336.408450
336.985250
336.996500
337.524750
339.569950
339.609900
341.213000
341.235750
342.144000
342.151700
342.174300
342.183850
342.192800
342.410050
342.949350
343.096400
343.477150
344.410450
344.941250
346.280450
346.298300
346.927150
347.168300
347.512550
348.493900
348.503100
349.085300
349.088250
349.106700
349.214750
350.815800
351.705600
351.872750
352.352500
352.959550
353.856750
354.435850
354.438600
354.791100
354.794900
354.816400
355.404100
356.157850
356.161850
356.870350
357.902550
358.077300
358.113800
358.846550
358.849600
358.963550
359.176050
359.444100
359.684900
359.826400
359.829200
359.832100
360.421350
360.426500
361.115550
361.871500
361.874150
364.095050
364.277350
364.317100
365.820100
365.822750
366.553300
366.724400
366.730100
366.737200
367.139100
367.894000
367.897850
367.910900
367.936900
368.242950
368.249550
368.257700
368.262900
369.138600
369.182450
369.554500
370.670150
371.096300
371.698750
371.703700
371.711750
373.509900
374.340950
374.939350
374.958100
375.268250
376.453950
376.487750
377.647350
377.665250
377.668350
377.674600
378.301150
379.387050
381.011100
381.189050
384.577450
384.879200
386.941550
387.692550
387.710000
387.760600
387.766650
388.320650
388.801550
389.057900
389.061300
389.080850
389.218600
389.221150
389.955650
390.059750
390.211500
390.484900
390.871500
391.468550
391.495150
391.671400
391.711950
393.055200
395.044200
395.401100
395.444850
395.456550
396.000450
396.003150
396.533800
397.627200
397.753250
397.768950
398.463050
399.347300
399.351550
399.498400
399.502550
400.000950
400.017900
400.726700
401.530650
401.575400
402.784750
402.794650
402.842450
403.850450
403.855000
404.478650
404.484750
404.605250
405.801550
406.221350
407.365700
408.030350
408.903300
408.908100
409.278600
409.732800
410.700000
411.800800
412.179700
412.370300
413.037700
413.547300
413.574150
414.618750
414.622150
415.099200
415.102000
416.353150
417.020250
418.792850
418.796050
418.810350
418.816900
420.313150
422.587250
422.848350
423.854050
425.089050
425.093950
425.968950
427.722250
428.738800
429.349050
429.538250
429.839650
430.340750
430.711000
431.678550
431.691300
431.717300
433.318900
433.613200
433.619050
434.226500
435.279200
436.495450
436.506750
438.139700
439.242550
439.246000
439.250900
439.260950
439.273650
439.286800
439.830600
440.382000
440.559800
441.024300
441.705600
441.715250
442.013600
442.019350
442.099250
442.148000
442.151250
442.170050
442.240650
442.254100
442.260400
443.569500
443.860350
444.195500
445.026850
445.330850
445.580700
446.925800
447.892500
447.904600
448.229000
449.095050
449.108650
449.112250
449.117500
450.132300
451.006000
452.132350
452.743000
452.951750
453.607650
453.613850
454.766550
455.640550
455.694550
455.915800
456.165000
456.446150
456.719500
457.686650
458.752200
459.510350
459.513650
459.522350
459.557100
460.032250
460.761100
461.071000
461.856650
462.311350
462.974850
462.988650
463.964100
463.970200
464.769750
464.999200
465.692700
466.071800
467.013100
467.021050
467.297550
467.300100
467.502200
469.058300
469.060800
469.789650
470.576900
470.590600
471.337850
472.263100
472.576750
473.316350
473.503550
473.839700
473.845800
473.848050
474.561050
474.651450
475.636350
476.179900
476.182300
476.198000
476.218600
476.223000
476.675550
477.287500
477.415150
477.575700
477.577750
477.583200
477.589250
479.130800
479.133250
479.807000
480.442650
481.281700
481.306400
481.620500
481.976000
482.164100
482.166950
483.154150
483.170850
483.346900
483.480050
483.487800
484.779400
484.786900
485.057800
485.075400
485.078550
485.683450
486.026550
486.044550
486.703850
486.707150
487.503000
488.056750
488.696850
489.163450
489.801150
490.100950
490.120850
490.428700
490.433550
491.776350
492.203100
492.249800
492.768600
492.798150
492.803800
493.104000
493.346950
493.663000
493.669050
493.689500
494.059050
494.846300
494.894050
495.177900
495.186850
496.991800
497.011350
497.212450
497.224450
497.805400
498.412050
498.432400
498.721400
498.732850
498.744050
498.747250
499.985450
500.394600
500.404150
500.939050
500.941850
501.275600
502.028400
503.222100
503.231850
504.058750
504.355900
504.508000
504.793250
505.072800
505.877450
506.088700
506.117450
506.123900
506.128950
507.183450
508.003300
508.006050
508.032350
508.035600
508.847850
509.415200
509.430400
509.863300
510.113000
510.116100
510.123450
510.270600
510.310200
510.619400
511.047550
512.274900
512.279850
512.806800
512.860450
513.855150
514.344950
514.348150
514.359400
514.466300
514.706550
515.445400
515.658050
515.664100
516.078750
516.349200
516.575300
516.742300
516.962850
516.965700
517.298600
518.240350
518.242850
519.068300
519.074400
521.082500
521.088300
521.274150
521.960200
521.962600
521.985500
522.581050
522.784550
524.142600
524.145300
524.148500
524.441150
524.516600
524.630150
525.263700
525.277100
526.578850
526.721750
526.737050
527.296600
527.557550
527.846800
528.401400
528.404200
528.430200
528.433750
528.815300
529.492600
529.495750
530.340000
530.383650
531.012500
531.015350
531.019000
532.246900
534.308300
534.402150
534.702150
536.403100
536.408450
536.674500
536.944200
536.983250
539.187650
539.202650
539.228850
540.019700
540.343000
540.594950
542.054950
542.529350
542.535200
542.596650
542.952900
543.223550
544.296500
544.565750
545.556650
545.723550
545.990200
546.042550
546.049100
547.250950
547.253550
547.424050
547.436600
548.326400
548.372750
548.375600
548.380500
549.105350
549.108000
549.124450
549.683650
549.692500
550.711600
550.716100
550.845100
552.544450
554.143150
554.159550
555.054500
555.232250
555.381450
555.407800
555.410450
555.423350
555.449300
555.530150
555.623550
556.664550
557.527900
557.624000
557.629350
558.162650
558.763000
558.807950
559.101200
559.347700
560.342850
560.350950
560.353700
560.661700
565.060850
565.081600
565.946150
565.958750
567.878350
567.944850
567.957650
569.109850
569.758900
570.049150
570.062450
570.068150
570.075700
570.090200
571.065350
571.068250
571.418050
571.421200
571.425450
571.431950
571.436300
571.446650
572.530600
572.533750
572.538350
572.836150
573.137100
573.235700
573.947450
573.953800
575.149150
575.152550
575.179350
575.212800
575.637500
575.667000
575.991300
576.623500
576.635150
578.380600
578.680200
579.020450
580.047200
580.562100
581.025500
581.344650
581.457400
581.697150
581.984450
582.218250
582.242450
582.265200
583.032200
583.044150
586.830800
587.570350
588.869850
592.888500
596.088700
598.669450
598.769700
603.668700
607.404900
609.456600
612.732100
612.735250
614.342750
614.862100
615.088500
615.095450
615.110900
615.416650
616.663500
617.644000
617.712250
617.720450
618.214300
618.218600
618.706550
621.226700
621.236000
621.259500
622.026800
623.341900
623.347900
623.645750
624.462900
624.823350
624.902100
624.906000
625.402000
625.423250
626.748700
627.978150
628.518000
628.531000
628.779800
628.791200
628.796250
629.505250
630.838050
630.880050
631.272700
631.277650
631.377700
631.749400
632.198300
632.768650
633.576850
633.677800
636.098600
636.114100
636.120750
636.124850
637.307700
637.311500
638.721900
639.356400
639.397050
639.727050
640.303650
640.509250
641.028850
641.403050
642.556500
642.563550
642.778950
642.781700
642.784100
642.797350
643.484550
643.604650
644.340600
644.603050
644.701150
646.565800
646.568700
646.671300
647.603250
647.610850
647.884750
649.348850
649.870300
650.658550
650.672250
651.777750
651.813050
651.815700
652.003950
653.058350
653.070000
653.074050
653.283000
653.285300
653.596800
653.751750
653.940450
654.280500
654.741000
654.743750
654.756600
655.781300
656.190050
656.473000
656.838500
657.948900
657.955450
658.049850
659.340550
660.039900
660.048350
660.625000
660.631300
661.727900
662.181650
662.344400
662.347700
663.191000
663.480700
663.483450
663.882050
664.302900
664.305750
664.336300
664.877950
665.521150
665.716300
665.718850
666.128050
666.161400
666.507400
666.602800
666.608300
666.622600
667.088350
667.307250
667.795350
668.075000
668.253000
668.255300
668.897150
669.626050
669.793200
669.802150
669.806850
669.817100
670.087600
670.618750
671.325900
671.616050
671.618600
671.891600
671.894450
672.078550
672.339400
672.579200
673.045350
674.857700
674.924700
675.361000
675.684200
675.698200
676.083200
676.444000
676.491900
676.676250
677.130600
677.274850
677.650800
678.354500
678.781450
678.930550
679.582750
682.485050
682.487650
683.328400
683.334350
683.618850
684.167050
684.572750
684.693400
684.699000
685.007500
685.124750
685.338650
685.451800
685.679950
685.927550
686.087350
687.847550
687.952650
688.480050
688.632300
688.653950
689.301750
689.710500
690.700800
690.853700
690.856650
691.314700
691.324250
691.919300
692.280950
692.286500
692.968050
692.978400
693.317400
693.434350
693.437800
693.878700
693.881000
694.271300
694.274000
695.794600
697.038800
697.950700
698.191800
698.808700
699.137000
699.141850
699.159800
699.207200
699.217200
699.219650
699.495550
700.048750
700.401250
701.246700
702.025250
702.623450
702.908750
702.939600
703.248350
703.253400
703.436850
703.681050
703.757550
704.238100
704.333200
704.761150
704.763750
704.856700
705.291250
705.294900
705.876550
707.320100
707.850350
708.731250
708.733600
708.753350
708.776850
708.779750
708.905850
709.733650
709.737650
711.859150
712.333050
712.429100
712.495200
712.521350
712.989350
713.361000
714.781100
715.350750
715.353550
715.372000
716.627500
717.594600
717.599450
717.615250
719.194350
719.449000
721.747600
722.446550
722.452850
723.180950
723.196400
723.346300
723.516000
723.536450
723.833150
724.248400
724.957050
725.123550
725.127450
725.149500
725.155000
725.166900
725.702150
726.062900
726.207800
726.222650
727.256900
728.030400
728.044350
728.981600
730.675900
731.240150
732.379150
733.037050
734.244100
734.571800
734.574700
734.905300
735.300300
736.264800
737.292400
738.421400
739.416100
739.418600
740.494100
740.502300
742.888600
744.640900
746.145250
746.151350
746.439850
747.618750
747.937100
747.939200
748.272250
748.683500
748.962000
748.965250
750.052300
750.375250
750.574800
750.661600
750.697600
751.275850
751.432400
751.538600
751.541350
751.637000
751.967700
752.281450
752.310400
752.633900
752.645800
752.928000
753.317850
753.320250
754.377400
754.473450
754.781600
755.412400
755.419250
755.890100
755.980850
755.993250
757.067300
758.640700
758.777800
759.416150
759.497050
759.500050
759.696450
759.825400
760.206650
760.768900
761.082700
761.471100
761.723200
761.740950
762.028750
762.742050
763.071300
763.076550
763.535550
764.498300
766.771300
767.565350
767.568400
767.586250
768.041500
768.804100
769.393400
770.937650
770.965750
770.972700
772.911650
773.348500
773.571200
774.339350
774.840600
775.463250
777.659200
779.424950
780.055700
780.598050
780.600750
780.604800
781.086550
781.094400
781.325200
783.611100
784.242300
784.367450
786.070900
786.628650
791.245150
792.663200
792.665750
792.809000
792.825100
792.903900
792.924850
793.370250
795.445000
796.300400
796.454350
796.456400
797.109150
797.113750
797.137700
797.688800
798.147150
799.033650
799.618900
800.151600
800.813150
800.816150
800.997450
801.460550
801.463350
802.133050
802.197800
803.531350
803.559450
804.808000
805.552300
806.027250
806.033500
806.050750
806.792650
806.802300
808.033300
808.504200
809.154450
809.386750
809.518600
809.658350
810.488150
810.490950
810.723050
811.251650
811.710200
811.730550
811.732650
811.737200
811.920750
811.924000
812.560050
812.874850
813.433550
814.109700
814.120450
814.125650
814.215500
816.296500
817.892050
818.146250
818.149950
818.743050
818.836850
818.843000
818.860400
819.859050
819.922800
820.427050
820.740700
820.928400
822.561650
824.272800
824.698150
825.173550
825.378350
825.671000
825.737800
826.521300
826.527900
826.561850
827.448150
827.453700
827.824750
827.849100
828.689650
828.904300
829.060900
829.339650
829.592750
829.825800
829.897950
829.998950
830.211350
832.433900
832.647600
832.650750
833.031650
833.100300
833.384600
833.725100
834.985000
836.734250
836.756550
836.810400
836.860650
836.873300
837.067300
838.025150
838.030550
838.923750
839.376300
840.187800
840.191450
840.286400
840.289200
840.617250
841.195750
841.547450
841.985200
841.990050
842.435900
843.668400
843.795850
845.085800
845.112500
845.315150
845.500200
845.503500
845.508100
846.498550
847.889000
847.918750
847.923850
848.565250
850.048800
850.195600
850.215650
851.247600
851.766550
851.889350
852.078350
852.704250
852.706550
852.712000
852.722350
855.117250
856.311950
856.569250
856.812350
858.568100
858.654000
860.578750
860.606000
861.007250
862.450000
862.492900
862.714050
863.465500
863.940200
864.404700
864.791300
864.855500
865.937750
866.331950
866.481600
866.484100
867.368000
867.698100
869.444700
869.525900
870.757300
870.763850
871.465300
871.831150
872.084050
872.589050
873.223950
874.671850
874.678050
874.866100
874.869300
875.007500
875.473250
876.539250
876.622600
877.305500
877.311500
877.674000
879.264700
879.402150
879.421350
879.903350
879.908000
880.892600
881.538800
881.541400
881.545350
881.549550
882.172250
882.174950
882.178700
882.186300
882.796050
882.828150
882.852050
882.862650
884.422950
884.678700
884.712900
884.718100
885.985400
885.987850
885.993350
886.871600
886.881400
887.191500
887.193750
887.220700
887.239200
887.496900
887.746850
887.752350
887.757100
888.653350
888.655850
888.670550
889.399100
891.651850
893.549900
894.506800
894.831050
894.833800
894.851650
895.283950
895.288350
896.340100
896.614500
896.621050
896.986550
896.992850
897.876300
897.880950
898.826850
898.830000
898.838950
899.505550
899.541600
899.880200
899.886300
901.919750
901.936200
902.072450
902.802050
903.594200
903.645950
904.054600
904.445350
905.150550
905.614750
905.620000
907.342400
907.661850
908.017700
908.110350
908.116000
910.106050
910.140250
910.146450
910.525250
910.690550
910.947450
913.800200
913.802600
914.042250
915.587100
916.080750
916.409300
916.950250
917.218050
918.105450
918.112100
918.220750
918.224050
918.426350
920.256850
921.079750
921.644850
921.690050
922.116050
922.688300
922.707700
922.727550
924.748750
925.706050
926.068650
926.595500
926.611700
927.660850
927.663900
927.697750
927.702450
928.360950
928.846950
928.862250
929.121550
929.131150
930.304350
930.307950
932.556600
932.561400
933.081950
933.895600
933.929900
933.935950
936.380300
936.534600
936.786450
937.127800
937.136950
937.161700
937.950250
938.957400
939.877300
940.006900
940.536600
940.923500
940.926150
941.323150
941.428100
941.672750
941.924250
942.467300
942.814550
943.342000
943.344550
944.497350
944.620250
944.622700
945.434300
946.007350
946.068000
947.131200
947.690200
947.693400
947.704200
947.708950
948.995800
948.999450
949.180550
949.969150
950.131400
950.485400
950.488800
951.048450
951.701800
951.808900
952.060550
953.036550
953.209550
953.245950
953.249800
953.619700
954.193550
954.775400
958.037950
958.108450
958.119350
958.151350
958.154550
958.160600
959.318650
959.344000
960.352650
960.356500
961.735350
963.588250
963.590950
963.793700
963.974400
963.977300
964.435050
964.552200
964.888850
965.015500
965.731350
965.748750
965.755600
965.763050
966.618450
967.538950
967.762150
967.764800
967.767150
967.894300
967.918100
968.027750
968.031100
968.937050
968.939750
968.953850
969.855500
970.020800
971.153800
971.918550
972.437500
972.985150
974.812800
974.815400
974.818850
976.091850
976.119950
976.124500
976.128050
976.480200
976.486900
976.834400
978.340600
978.589900
978.598400
979.395200
979.796200
980.178700
980.736350
980.742650
980.745200
980.758750
981.042550
982.164750
982.632100
982.677050
982.681450
982.692650
983.220150
983.226900
983.233650
984.233500
984.700150
985.462850
985.469250
985.475100
985.646900
987.039700
987.219400
988.315200
988.704400
989.211150
989.496900
989.499600
989.506400
990.048800
990.211200
992.326800
992.730350
993.138150
993.723850
993.871300
994.376000
994.397650
994.418250
994.471850
994.490450
994.822250
994.826550
994.831850
994.842550
995.381800
997.694200
997.696600
997.706650
997.717250
997.988850
998.193150
998.210200
998.213900
998.224600
998.227350
998.888200
999.822050
1000.081150
1000.286350
1000.717400
1000.956000
1000.959100
1000.983200
1001.000500
1001.769000
1002.258950
1002.262350
1002.602900
1002.605750
1002.773250
1004.825450
1005.227400
1005.277450
1005.492450
1005.753950
1006.689700
1007.486950
1008.261950
1008.275350
1009.073750
1009.227650
1009.568000
1009.571250
1009.592850
1010.549350
1011.844700
1013.733600
1014.929150
1015.362050
1015.367850
1015.904700
1016.898700
1017.306350
1017.603300
1018.363400
1018.365650
1018.653900
1019.457750
1020.050950
1020.416050
1020.514550
1020.681700
1020.938100
1021.272800
1022.128000
1022.955850
1023.373050
1023.988950
1024.287850
1025.782700
1027.833150
1029.734950
1029.737650
1030.819600
1031.069300
1031.077350
