72.023150
72.161500
72.203350
73.040700
73.201900
73.800050
74.438900
75.218350
75.258250
75.380400
75.418800
75.859600
76.037400
76.039450
76.145500
76.199950
76.219900
76.377150
76.577000
77.176000
77.996050
78.620800
79.314400
79.774550
79.793950
79.796100
80.174000
80.196150
80.453550
80.613150
80.813450
80.988350
82.012850
82.133600
82.212900
82.615750
82.635800
83.061250
83.153550
83.413600
84.275950
85.034850
85.435250
86.657050
86.696550
584.410300
584.792500
584.809850
584.817300
584.830050
585.491450
585.530150
585.649100
586.949800
588.847650
589.907250
590.246900
590.669600
590.986750
591.034450
591.049000
592.986500
595.033250
595.573200
595.613200
595.987100
596.807200
597.747100
598.067400
601.454200
601.527600
601.549600
601.893900
602.649200
602.827250
603.848550
603.908700
603.948950
603.966850
604.166900
604.346650
604.428500
604.446550
604.506150
605.526050
605.547600
605.567400
605.587200
605.666950
605.767050
605.807400
605.845550
606.046550
606.106950
606.126550
606.146500
606.166200
606.185200
606.226800
606.243700
606.486050
606.526400
606.585800
606.624250
606.745450
606.765600
606.806200
606.826150
606.946050
606.964250
606.985850
607.006100
607.105750
607.123750
607.145400
607.165850
607.244150
607.265150
607.285950
607.325700
607.385250
607.443400
607.565250
607.604650
607.682700
607.685150
608.004950
608.024850
608.063400
608.084500
608.184550
608.222300
608.324550
608.344100
608.363700
608.384100
608.403700
608.423950
608.444100
608.464250
608.484000
608.763600
609.303600
609.442900
609.503200
610.062850
610.100350
610.401600
610.521850
