0.067300
0.366850
0.414600
0.627050
0.681100
0.834950
0.863300
1.173450
1.374650
1.645200
2.107500
2.171350
2.233600
2.359700
2.395950
2.798000
2.836100
2.876600
3.031450
3.084750
3.269900
3.507950
3.598150
3.867300
3.976750
4.044050
4.321050
4.503200
4.572900
4.594350
4.741050
5.116350
5.129150
5.140100
5.143700
5.155350
5.166300
5.234000
5.263900
5.294450
5.321400
5.405250
5.495100
5.667950
5.843800
5.977750
6.307900
6.888750
6.981650
7.126250
7.235850
7.363750
7.460950
7.553000
7.731600
8.258000
8.344050
8.554300
8.607250
8.700650
9.395950
9.484750
9.526850
10.016050
10.161450
10.192450
10.201000
10.234800
10.246800
10.254600
10.351250
10.354600
10.395000
10.567650
10.633400
10.765100
10.884000
11.067100
11.380100
11.801800
11.829100
13.103600
13.762850
13.984000
14.382750
14.941500
15.238250
16.041450
16.167400
16.456200
16.976950
18.063800
18.415650
18.891000
19.028800
19.941900
20.638000
22.166850
22.545500
23.406700
23.842300
24.178450
25.238200
26.316950
27.807200
28.263100
28.449250
28.892300
29.911600
30.109000
30.192050
30.326400
30.638800
31.786900
32.506700
35.378600
36.142600
36.993750
37.679650
39.943950
40.306450
40.997150
42.434950
42.941100
42.994700
43.427600
43.808600
43.920450
44.557900
44.675550
45.196950
45.881050
47.580500
48.154150
48.314400
48.790000
49.126800
49.330350
49.788950
50.175550
51.084850
51.155100
51.685350
51.792400
51.879300
52.049050
52.062100
52.355450
52.538150
53.091800
53.137450
53.838000
53.850100
54.061550
54.408550
56.273600
56.723000
57.536500
57.615000
57.735400
58.551700
58.740050
58.751300
59.411600
59.421100
60.088550
60.533600
61.073200
61.695300
61.781700
62.215650
62.289550
62.375900
63.262400
63.310150
64.325950
65.193350
65.295550
65.381150
66.047750
66.305550
66.967800
67.029200
67.121100
68.022700
68.106850
68.417250
68.839000
69.246250
69.685650
70.225500
87.755000
87.858200
88.783900
89.631850
90.207650
90.945250
92.055950
92.745750
93.538900
93.545550
93.550300
93.555350
93.643800
94.146850
94.702100
95.149550
95.590650
95.654250
95.780750
96.709750
96.963400
97.085600
97.293950
97.522050
97.706550
98.158900
98.357550
99.238250
99.524150
100.246450
100.386900
101.236200
101.447950
101.590450
101.715100
101.798900
102.622900
103.179200
103.359800
103.884100
103.918650
104.543450
104.600250
104.729900
105.410800
105.999450
106.110550
106.519100
106.855200
107.473550
107.527900
107.696200
108.254600
108.879150
109.140800
110.032450
110.273950
110.714400
110.889600
111.000000
111.028850
111.097450
111.554400
111.604050
111.926050
112.026350
112.164550
112.684300
112.815550
113.091850
113.280850
113.288750
113.675300
113.791500
114.243800
114.760100
114.924350
115.298750
115.839600
116.205400
116.383400
116.743050
117.616800
117.693800
117.699450
117.940700
118.377350
118.882350
118.910500
118.930500
119.106400
119.117500
119.124800
119.132050
119.171750
119.199800
119.350400
119.655450
119.678500
119.839950
119.937200
120.145000
120.283300
120.521850
120.566350
120.599450
121.068250
121.129850
121.365300
121.421300
121.700400
122.165450
122.247150
122.275300
122.438150
122.507950
123.402850
123.480950
123.707350
123.784850
124.106200
124.226000
124.393400
124.620350
125.606650
125.701150
125.719750
125.761900
126.019050
126.143050
126.354000
126.637400
126.730800
126.755300
126.999950
128.121250
128.615300
128.618300
128.626700
128.634100
128.773650
128.995000
129.107800
129.209300
129.556450
129.750950
129.813750
129.881600
130.243250
130.622800
130.693800
130.778000
131.244700
131.511150
131.528100
131.910600
131.981550
131.991700
132.011400
132.252550
132.617100
132.641000
132.862150
133.015050
133.486500
133.858600
134.096700
134.315800
134.528500
134.961050
135.326550
135.379100
135.525550
135.571650
135.777550
135.989750
136.098650
136.419850
136.468600
136.883550
137.022300
137.069200
137.214100
137.989650
137.992800
137.997100
138.006500
138.466500
138.854650
138.976200
139.036550
139.275250
140.278000
140.383550
140.612900
140.751200
140.967500
141.028900
141.063600
141.162350
141.492100
141.768400
141.892650
142.361750
142.456650
142.879450
143.098150
143.112100
143.440650
143.669050
144.767800
145.100400
145.125000
145.150700
145.193350
145.767750
145.954100
146.073650
146.297850
146.472150
146.888650
146.892350
147.217350
147.459150
147.663300
147.850050
148.019200
148.318250
148.467200
148.738450
148.779000
149.032450
149.489600
149.659850
149.854200
149.985150
150.182650
150.185950
150.669700
151.050150
151.521750
151.685050
152.168650
152.253900
152.311550
152.533550
152.586750
152.757850
152.984700
152.989000
153.300650
153.356550
153.359550
153.404750
153.415850
153.492200
153.761350
153.808050
154.205750
154.438500
154.467900
155.046750
155.070550
155.390000
155.418950
155.863750
155.925850
156.179650
156.678150
157.012300
157.237550
157.548850
157.607150
157.912200
158.281200
158.304150
158.376000
158.794800
158.988750
159.035450
159.460250
159.567050
159.615950
159.660400
159.701900
159.724650
159.737100
159.787050
159.970700
160.062000
160.271150
160.429850
160.831300
160.954050
161.344050
161.463050
161.643950
162.086350
162.297550
162.533400
162.640250
162.851250
162.917650
163.111150
163.671700
163.767300
163.872350
163.977400
164.003650
164.033800
164.380150
164.410300
164.619900
164.720650
165.058700
165.061300
165.195750
165.236550
165.378550
165.625800
165.757000
166.324550
166.789200
167.178650
167.693050
167.712750
167.914100
168.079950
168.467100
168.520650
168.634250
169.232600
169.510750
169.788100
169.825400
170.010600
170.238500
170.634800
170.947650
170.955400
171.056200
171.519350
171.936200
171.965800
172.144450
172.189100
172.243600
172.400050
172.713850
172.994850
173.324550
173.567000
173.662850
173.674050
174.032400
174.263150
174.380450
174.417400
174.449300
174.650850
174.810000
175.330150
175.522000
175.623450
175.663900
175.878400
176.196700
176.205200
176.451800
176.909350
177.037600
177.200300
177.294350
177.454350
177.683550
177.706150
177.956800
177.976250
178.160100
178.242750
178.248850
178.577950
178.660000
179.009350
179.267650
179.425500
179.623750
179.629650
179.811700
179.841350
180.127600
180.247200
180.454100
180.746650
180.865550
181.042300
181.115950
181.210750
181.642750
181.857400
182.453150
182.467050
182.493250
182.517800
182.584800
182.733500
183.156450
183.361800
184.064450
184.177000
184.280500
184.286900
184.291600
184.294550
184.313650
184.331500
184.357500
184.423250
184.462100
184.664950
184.813000
184.940700
185.236350
185.635750
185.708600
185.966900
186.123550
186.207550
186.447000
186.577500
186.914800
187.010050
187.067150
187.259750
187.516750
187.783550
188.051800
188.340750
188.423100
188.461600
188.656400
188.890400
188.906450
189.241850
189.248200
189.258550
189.296750
189.448550
189.509100
189.647950
190.015550
190.030550
190.111100
190.362800
190.457650
190.744850
191.324900
191.410250
191.576600
191.642400
192.121600
192.575950
192.685600
192.983200
193.081000
193.483750
193.752700
193.935800
194.207800
194.372400
194.658700
194.662300
194.676000
194.784250
194.999350
195.024250
195.738150
195.815000
195.960650
196.083300
196.384550
196.408450
196.619150
196.799500
196.848500
196.969650
196.984900
197.101100
197.292450
197.341600
197.528950
197.604850
197.875850
198.147750
198.192300
198.251600
198.551850
198.695150
198.776200
198.807050
199.291750
199.397750
199.414500
199.523850
199.556750
199.560200
200.050500
200.200900
200.336000
200.765050
200.965550
200.980050
201.115000
201.177150
201.337000
201.631750
201.854800
202.132800
202.194400
202.227850
202.466300
202.517700
202.703200
202.719100
203.017200
203.151600
203.270850
203.403950
203.474050
204.077250
204.157200
204.254900
204.413650
204.968750
205.341300
205.554350
205.615900
205.963550
205.969950
206.033950
206.047600
206.085500
206.519000
206.674550
206.692400
206.804200
206.974900
207.054400
207.107950
207.463250
207.650100
207.727150
207.815100
207.864400
207.873450
207.931700
208.060400
208.078950
208.341350
208.481350
208.489650
208.586650
208.691650
208.805050
209.022750
209.123800
209.158850
209.206500
209.269600
209.363650
209.468750
209.554050
209.658450
209.906050
210.101550
210.295050
210.524250
210.584650
210.635800
210.676450
210.707800
210.857850
210.927650
211.239300
211.260450
211.660800
211.700950
211.759700
211.824650
212.038700
212.121800
212.172200
212.504500
212.629000
213.106200
213.202400
213.416700
213.635950
213.735100
213.793450
214.140000
214.257250
214.398200
214.415250
214.744100
214.820450
214.979350
215.152300
215.183850
215.686400
215.778000
215.966850
216.149200
216.210300
216.258250
216.386450
217.100000
217.211100
217.302800
217.331450
217.519150
217.638550
217.690400
217.815000
218.129750
218.263150
218.279500
218.481550
218.793050
218.872550
219.242800
219.552200
219.642000
219.710400
219.716500
219.835000
219.894600
220.134750
220.379300
220.396050
220.425200
220.524450
220.630800
220.744600
221.004200
221.130700
221.134450
221.190300
221.258350
221.366350
221.403850
221.519800
221.562100
221.705950
221.749850
221.871100
222.066500
222.082350
222.188200
222.196950
222.367500
222.442650
222.454700
222.612050
222.661200
222.813200
222.861600
223.057450
223.109800
223.332600
223.335550
223.342200
223.415400
223.557350
223.673750
223.978450
224.028100
224.376700
224.399750
224.690600
224.911400
224.943200
225.264700
225.331000
225.396150
225.657600
225.757950
225.830100
226.074400
226.081350
226.145550
226.306850
226.407700
226.518750
226.618850
226.801300
227.096000
227.314850
227.445700
227.505600
227.572850
227.654900
227.938300
228.034350
228.252050
228.340600
228.728850
228.775700
228.805100
229.330250
229.344550
229.485300
229.837200
230.087400
230.174700
230.319250
230.334150
230.492800
230.758550
230.862150
231.070500
231.257150
231.472250
231.951550
231.994100
232.538650
232.620100
232.737300
232.778800
232.947150
232.995950
233.082100
233.503850
233.590650
233.696550
233.748350
233.846450
233.985350
234.099700
234.218500
234.567200
234.573650
234.644400
235.267450
235.382300
235.602350
235.743200
235.807100
236.030450
236.041350
236.081500
236.230750
236.534800
236.537550
236.542200
236.545450
236.612150
236.668500
236.727450
236.806000
236.901050
237.042450
237.345100
237.640450
237.735800
237.768000
237.884500
238.026300
238.050100
238.103250
238.280200
238.291800
238.439750
238.453350
238.642700
238.767850
239.201700
239.304150
239.722900
239.926500
240.033900
240.042450
240.058700
240.063900
240.067900
240.074550
240.088050
240.221850
240.333150
240.440850
240.574000
240.595400
240.633150
241.020850
241.047600
241.114850
241.254300
241.352850
241.436900
241.513400
241.744500
241.843650
241.894150
241.898650
242.176050
242.534400
242.565500
242.780700
242.789500
242.810200
242.814550
242.906050
242.939400
243.153800
243.304050
243.329000
243.633250
243.639300
243.749150
243.826600
243.966450
243.988700
244.020800
244.211850
244.485800
244.761300
245.015900
245.084950
245.280500
245.293700
245.413100
245.575850
245.654950
245.737700
245.770200
245.922950
246.019350
246.069250
246.163300
246.264400
246.285800
246.303400
246.419750
246.443750
246.483300
246.556700
246.561350
246.569700
246.702800
247.179800
247.205150
247.368800
247.621150
247.661850
247.764350
247.777900
247.851700
247.956550
247.997350
248.026850
248.038800
248.181400
248.226400
248.246450
248.364800
248.411050
248.553750
248.761400
248.935100
248.942700
249.095550
249.200750
249.272800
249.309950
249.524900
249.785100
249.877650
249.965350
250.119000
250.131400
250.336350
250.340650
250.542900
250.647600
250.716050
250.777350
250.804050
251.095200
251.109900
251.397650
251.512700
252.124600
252.158700
252.183300
252.297300
252.413300
252.617250
252.633000
252.664850
252.771550
252.821900
253.067100
253.106800
253.182400
253.268800
253.271050
253.383700
253.436450
253.581400
253.924300
254.034500
254.455200
254.473950
254.726550
254.815500
254.966350
255.446550
255.515700
255.641950
255.924900
255.933700
255.960350
256.270600
256.387650
256.582200
257.083050
257.128800
257.324750
257.394550
257.584750
257.654500
257.844100
257.866000
257.899850
258.069600
258.107600
258.228600
258.459100
258.520600
258.538500
258.589450
259.008750
259.041350
259.094400
259.189700
259.392650
259.410150
259.524700
259.570050
259.576150
259.728550
259.743750
259.834850
259.869850
259.886500
260.000650
260.034450
260.222750
260.227200
260.232900
260.412550
260.443950
260.572250
260.697650
260.778400
260.797500
260.818050
261.268250
261.794100
261.896450
262.122100
262.327000
262.336950
262.510750
262.659900
262.684750
262.816600
262.975200
263.024200
263.268650
263.448950
263.723150
263.826600
263.946050
264.104300
264.191950
264.371300
264.615050
264.628300
264.637100
264.972550
265.114000
265.281450
265.394600
265.504100
265.622450
265.881350
265.901900
265.915600
266.306900
266.368300
266.531400
266.561200
266.600800
266.626750
266.666950
266.845800
267.033800
267.189450
267.256350
267.389700
267.541200
267.589650
267.770350
267.831150
267.936300
268.005100
268.079400
268.223250
268.270650
268.373600
268.555750
268.582550
268.769250
268.858250
268.994900
269.084500
269.212650
269.215450
269.219200
269.223950
269.231300
269.458500
269.619150
269.637000
269.977200
270.045250
270.107050
270.119750
270.385850
270.535100
270.616650
270.984500
270.991250
271.101300
271.135950
271.347950
271.591400
271.854300
271.927100
272.092100
272.145850
272.188150
272.281800
272.483550
272.813450
273.323800
273.606950
273.633300
273.715550
273.942350
274.167700
274.227500
274.300750
274.354350
274.375450
274.378350
274.387850
274.398550
274.404850
274.466200
274.776850
274.889400
274.894100
275.055100
275.130000
275.206050
275.310250
275.387950
275.534450
275.703700
275.931100
276.038250
276.050700
276.218250
276.470250
276.595300
276.603900
276.628950
276.655700
276.663300
276.688100
276.728400
277.089000
277.092050
277.096850
277.181550
277.252300
277.255750
277.323300
277.365950
277.504350
277.798550
277.868600
278.126050
278.490600
278.695000
278.737150
278.815450
278.835100
279.009950
279.118100
279.274600
279.359050
279.395500
279.612750
279.652800
279.690100
279.820250
280.049650
280.065750
280.381400
280.447700
280.549350
280.801600
280.846350
281.010050
281.246600
281.424700
281.529750
281.577250
281.685300
282.088400
282.125650
282.289700
282.305100
282.450400
282.463400
282.652550
282.694950
282.794300
282.878750
282.889550
283.038600
283.380900
283.386750
283.473700
283.533950
283.579050
283.658800
283.707500
284.222600
284.397250
284.490900
284.626450
284.865950
284.886050
284.994450
285.029650
285.046350
285.118950
285.188650
285.225000
285.285450
285.691550
285.741250
285.819550
286.029850
286.141250
286.176950
286.226900
286.355050
286.374150
286.443600
286.657400
286.659750
286.734800
286.846600
286.902400
286.971250
287.072450
287.241050
287.298450
287.302900
287.410500
287.444600
287.465400
288.016900
288.288350
288.293000
288.393150
288.449150
288.471650
288.528200
288.629350
288.755050
288.838550
288.957800
288.974100
289.164600
289.445350
289.618450
289.630750
289.645250
289.863350
290.007950
290.016050
290.064650
290.086300
290.297100
290.318200
290.406600
290.433900
290.762300
290.854550
291.172750
291.380250
291.407550
291.411350
291.446450
291.700450
291.809000
291.981700
292.187150
292.294300
292.297650
292.309800
292.486450
292.517050
292.660500
292.741250
292.934650
293.079250
293.200150
293.361800
293.553050
293.594450
293.633450
293.700750
293.750400
294.099200
294.127200
294.279250
294.336650
294.355850
294.502050
294.583900
294.613200
294.708050
294.830650
294.936000
295.092550
295.132000
295.342950
295.354000
295.545250
295.569650
295.695650
295.845150
296.159950
296.287450
296.472700
296.566850
296.636600
296.658950
297.087850
297.305750
297.386350
297.429800
297.607450
297.798450
298.071800
298.146250
298.439000
298.501400
298.504250
298.591650
298.747950
298.780600
299.045650
299.054000
299.076500
299.118150
299.210700
299.229150
299.465300
299.594950
299.634350
299.639850
299.918600
300.012250
300.107200
300.348400
300.361700
300.373850
300.447950
300.479200
300.808350
300.904700
300.947350
301.074800
301.101850
301.322850
301.337000
301.353600
301.770850
301.924800
301.936300
302.295050
302.302600
302.331750
302.446700
302.493950
302.737200
302.821450
302.991650
303.119800
303.252400
303.433750
303.473500
303.584850
303.642300
303.705400
304.265900
304.272550
304.282300
304.575650
304.833500
304.837250
304.878900
304.940250
304.955700
305.066650
305.109750
305.285300
305.326100
305.353400
305.456300
305.589950
305.843900
305.961850
306.018250
306.020300
306.076300
306.128500
306.313800
306.325500
306.532950
306.545250
306.573750
306.760650
306.940600
306.949050
307.225850
307.353700
307.441900
307.555500
307.575650
307.649900
307.697250
308.024950
308.066800
308.221550
308.227500
308.507600
308.510500
308.612400
308.642850
308.779650
309.032150
309.180150
309.252900
309.270400
309.309450
309.419850
309.445250
309.470050
309.510500
309.545400
309.579700
309.670900
310.015650
310.060450
310.134450
310.211100
310.261700
310.298700
310.364850
310.491650
310.577800
310.624950
310.692950
310.702300
310.752000
310.783100
310.800250
310.937800
311.033150
311.133750
311.252850
311.343600
311.349400
311.437250
311.660950
311.846750
311.860350
311.964400
311.986600
311.991800
312.247300
312.449500
312.571900
312.625000
313.022150
313.061350
313.070550
313.080550
313.136950
313.141150
313.212600
313.457500
313.466050
313.513100
313.585750
313.620750
313.705000
313.818350
313.974200
314.056850
314.093200
314.224250
314.417600
314.440200
314.452550
314.555850
314.684650
314.796800
315.095150
315.374100
315.654250
315.680350
315.824250
316.184250
316.202750
316.412200
316.416700
316.444650
316.603800
316.616900
316.688950
316.767500
316.823200
316.971700
317.068450
317.093150
317.284950
317.716900
317.820250
317.841000
317.940550
318.006400
318.284400
318.341450
318.480650
318.531900
318.630900
318.723000
318.786800
318.892750
319.100050
319.172600
319.384650
319.492550
319.500800
319.669250
319.676000
319.750550
319.879100
319.936450
320.208900
320.215300
320.469750
320.626100
320.678000
320.736300
320.884500
320.896100
320.986300
321.174200
321.328750
321.492850
321.563000
321.594950
321.644550
321.911250
322.084150
322.131150
322.292450
322.336200
322.637650
322.745300
323.005500
323.019500
323.129850
323.185250
323.194300
323.333600
323.521100
323.690800
323.697200
323.966500
323.971650
324.066400
324.285000
324.545850
324.608700
324.638650
324.718150
324.793950
324.950750
324.964900
325.033500
325.044500
325.055500
325.060600
325.099950
325.185850
325.318450
325.451200
325.660550
325.787000
325.855750
325.980300
326.392050
326.485000
326.690650
326.883750
326.908800
327.003100
327.315050
327.491500
327.570150
327.650800
327.754400
327.784000
327.786300
327.824100
328.139950
328.321600
328.353200
328.452750
328.641100
328.760300
328.846550
328.855600
329.040500
329.097050
329.156950
329.167300
329.326150
329.470700
329.489800
329.497650
329.547350
329.585050
329.671700
329.722700
329.871200
330.109500
330.266900
330.457700
330.716600
330.720100
330.779400
331.025850
331.156200
331.341200
331.445000
331.567550
331.656500
331.795050
331.799400
332.005400
332.083500
332.095050
332.478950
332.501250
332.637850
332.972300
333.013650
333.053250
333.075250
333.122700
333.178350
333.485400
333.556500
333.843100
333.955550
334.146200
334.273900
334.319700
334.380450
334.389700
334.533750
334.613600
334.928950
335.015700
335.183150
335.397300
335.419400
335.559050
335.633600
335.721900
335.883200
335.896400
336.005050
336.163900
336.313750
336.407650
336.654550
336.842750
336.850000
336.963500
336.974500
337.001050
337.016000
337.196250
337.205550
337.229050
337.566900
337.603900
337.649000
337.871950
337.977050
338.143500
338.237250
338.414550
338.477900
338.867900
339.108600
339.141150
339.290450
339.462650
339.610550
339.674750
339.698150
339.802050
339.978950
340.183850
340.195800
340.264650
340.466050
340.530300
340.655300
340.974500
341.010000
341.079250
341.133850
341.311600
341.314850
341.562850
341.758900
341.795550
341.919650
341.959800
342.083200
342.097100
342.204600
342.399850
342.632600
342.837850
343.073250
343.223800
343.499900
343.583850
343.684800
343.724000
343.734000
343.739400
343.747050
343.903050
344.043300
344.093500
344.228700
344.238050
344.415250
344.583450
344.601650
344.629700
344.646900
344.653450
344.676550
344.680700
344.735850
344.746700
344.756800
344.949550
345.024700
345.051850
345.086100
345.115800
345.279900
345.494650
345.525250
345.879400
345.989200
346.147050
346.173100
346.387500
346.402250
346.472450
346.713650
346.743450
346.771350
346.784100
346.815600
346.818350
346.984400
347.024050
347.044700
347.183900
347.187400
347.436800
347.511300
347.514200
347.558050
347.696350
347.915350
347.956750
348.130800
348.310350
348.390850
348.395100
348.449100
348.517450
348.896750
348.947350
349.044150
349.134450
349.247700
349.267600
349.498200
349.531800
349.979800
350.043650
350.092450
350.165450
350.435000
350.450000
350.545200
350.660200
350.768650
350.806050
350.842300
351.025200
351.197350
351.333850
351.366050
351.471050
351.474950
351.477250
351.786100
351.886400
352.123300
352.325200
352.336000
352.357050
352.379600
352.404400
352.642350
352.649250
352.708650
352.979950
352.983000
352.995150
353.118450
353.168100
353.522000
353.566800
353.816500
353.850350
353.915050
354.182000
354.291200
354.378150
354.413000
354.568150
354.619200
354.638350
354.673600
354.718250
354.722400
354.741000
355.072150
355.302700
355.641900
355.675050
355.761550
355.814550
355.834650
355.980900
356.195200
356.222400
356.252250
356.307350
356.409700
356.660750
356.807550
356.967950
356.997400
357.015000
357.086950
357.151900
357.412100
357.626700
357.785900
358.081400
358.167200
358.191300
358.237450
358.373100
358.432500
358.568900
358.622100
358.633050
358.826400
358.838700
358.924700
359.013350
359.015950
359.122000
359.184100
359.220000
359.296300
359.499000
359.704650
359.785750
359.892350
360.166000
360.205750
360.267450
360.326650
360.339250
360.419950
360.537200
360.551200
360.766450
360.948550
361.429650
361.603700
361.794400
361.818000
361.868150
361.894100
362.065850
362.072900
362.078950
362.107250
362.157600
362.293300
362.616800
362.711450
362.940750
363.215900
363.222050
363.338150
363.734450
363.860150
363.874700
363.906150
363.945700
363.966500
364.145650
364.268350
364.426550
364.514800
364.793850
364.806900
364.858000
364.880600
364.966500
365.086300
365.104450
365.403450
365.422450
365.512150
365.554600
365.770650
366.180000
366.302100
366.368150
366.567650
366.580650
366.718000
366.744950
366.981800
366.993600
367.001550
367.107900
367.114600
367.173850
367.223100
367.819600
367.826700
367.903300
367.996700
368.316550
368.325000
368.601550
368.637000
368.710550
368.902800
368.985250
369.055050
369.133250
369.477300
369.501750
369.704000
369.759250
369.918950
370.003550
370.028350
370.128150
370.401650
370.516350
370.626000
370.835450
370.854650
371.126000
371.143300
371.538500
371.805050
371.966150
371.979450
372.033700
372.154550
372.356450
372.480300
372.700450
372.786950
372.802200
372.816200
372.946150
372.982250
373.213800
373.405950
373.468700
373.626250
373.656600
373.662600
373.672750
373.944650
374.052050
374.433550
374.708250
374.748350
374.895850
374.903250
375.108900
375.278600
375.285400
375.326100
375.433150
375.448750
375.454900
375.564450
375.781400
375.796000
376.052850
376.156700
376.370350
376.393950
376.716050
376.822400
376.986000
377.017300
377.212300
377.331200
377.439700
377.644200
377.659450
377.938050
377.944650
378.011050
378.093450
378.243500
378.420050
378.514850
378.772550
378.808950
378.903900
378.976150
379.047550
379.356150
379.499650
379.583250
379.601800
379.626200
379.830200
379.992900
380.107750
380.146750
380.214900
380.244850
380.558900
380.985650
381.000400
381.058850
381.108350
381.268000
381.601150
381.675150
381.736200
382.067400
382.403650
382.514800
382.786500
382.911150
383.106350
383.223450
383.614650
383.712150
383.756100
383.791000
383.817900
384.043050
384.102050
384.219900
384.281550
384.353100
384.587750
384.677150
384.796500
384.829300
384.901000
385.080800
385.202150
385.403800
385.447300
385.620850
385.671750
385.799450
386.106550
386.272800
386.324900
386.543150
386.651100
386.879900
386.996050
387.096150
387.184050
387.262100
387.406050
387.489550
387.617700
387.693950
387.753500
387.765050
388.060100
388.257550
388.265850
388.332550
388.336750
388.457750
388.477750
388.547250
388.657900
388.843750
388.914400
388.934500
388.947950
388.954750
389.272850
389.343100
389.599750
390.070000
390.089000
390.413500
390.521200
390.559400
390.832200
391.027600
391.032850
391.202950
391.244300
391.308400
391.402950
391.555300
391.804050
392.235200
392.276550
392.344700
392.398100
392.440900
392.484150
392.573050
392.586050
392.652500
392.781200
393.136400
393.262350
393.408450
393.589850
393.608600
393.711150
393.951550
393.998100
394.050650
394.076850
394.220350
394.278750
394.482550
394.590400
394.637900
394.740550
394.805200
394.863850
394.989150
395.014050
395.142100
395.171800
395.458750
395.488350
395.494100
395.545600
395.714350
395.805450
395.832200
395.985350
395.994850
396.003150
396.314650
396.624200
396.708200
396.952050
397.113200
397.121950
397.236300
397.307600
397.534700
397.664900
397.710250
397.725200
397.817200
397.980150
397.994150
398.133550
398.275500
398.397000
398.481850
398.498350
398.506300
398.849000
398.985300
399.095550
399.120100
399.192700
399.241450
399.310050
399.689050
399.904500
399.981650
400.021650
400.052900
400.059800
400.175400
400.330500
400.356000
400.369200
400.513250
400.705250
400.817200
401.158700
401.178000
401.363100
401.395050
401.590050
401.623450
401.652750
401.687850
401.885750
401.938200
401.967650
402.011750
402.191700
402.288150
402.385200
402.394250
402.426800
402.697950
402.740850
402.749400
402.844650
403.159100
403.263250
403.350100
403.392850
403.407850
403.438950
403.517900
403.647500
403.832750
403.835650
403.914750
403.938300
404.048000
404.071250
404.224250
404.473750
404.571800
404.664100
405.006000
405.265100
405.304950
405.508650
405.682750
405.899500
406.002800
406.022250
406.039650
406.217600
406.240200
406.270550
406.297000
406.314050
406.455250
406.464650
406.603300
406.713500
406.733050
406.809500
407.001650
407.032500
407.108900
407.369350
407.463550
407.636050
407.747700
407.777900
408.080250
408.232750
408.250700
408.323600
408.443250
408.459900
408.780300
408.861350
408.945250
409.110100
409.212150
409.381700
409.582650
409.702100
410.073250
410.150850
410.321950
410.372000
410.494800
410.589350
410.656900
410.793500
410.874150
411.001300
411.148250
411.267950
411.381750
411.545450
411.567750
411.653900
411.764150
411.820150
411.905750
412.013800
412.096450
412.212200
412.396300
412.700900
412.814600
412.845100
412.888050
412.918450
412.956800
413.019450
413.189650
413.366050
413.600400
413.614050
413.695400
413.980900
414.010600
414.225950
414.298400
414.483800
414.517500
414.826750
414.828800
414.876700
415.129750
415.136700
415.316350
415.324500
415.745400
415.759550
415.867750
416.063450
416.112900
416.283400
416.303050
416.830500
416.839550
416.923650
417.176700
417.377950
417.566450
417.641850
417.839150
417.863650
417.979850
418.156000
418.350350
418.498600
418.870800
419.031700
419.062700
419.176050
419.213300
419.250050
419.259950
419.356900
419.392700
419.503250
419.684950
419.728550
419.837950
419.891350
420.059750
420.256750
420.321750
420.682450
420.688550
420.821950
421.099600
421.688900
421.760800
421.886650
421.921600
421.995000
422.216800
422.276600
422.304400
422.394650
422.496150
422.616450
422.629250
422.707200
422.756150
422.844350
422.911800
422.928700
422.941350
423.072200
423.489900
423.613850
423.639200
423.653700
423.676000
423.890000
424.130100
424.291550
424.633850
424.803000
424.965900
425.028900
425.047950
425.136350
425.140250
425.142700
425.145750
425.599550
425.621450
425.749050
425.855050
426.005050
426.013100
426.016450
426.088800
426.161000
426.185050
426.250550
426.426700
426.500100
426.570950
426.594600
426.699350
426.742050
426.910550
427.014050
427.027850
427.149950
427.342400
427.548950
427.728900
427.832000
427.842550
427.857550
427.863900
428.127300
428.240400
428.375300
428.475600
428.583450
428.600500
428.763100
428.771950
429.119950
429.285000
429.343000
429.367450
429.427850
429.498450
429.597950
429.614850
429.685950
429.760300
429.879450
429.936200
430.033350
430.347500
430.786250
430.795900
430.819600
430.963350
431.164100
431.416550
431.423200
431.701650
431.848700
431.964100
432.053000
432.258800
432.338750
432.524600
432.546950
432.793200
432.959200
432.966500
433.052800
433.359050
433.429400
433.655950
433.832300
434.072750
434.079300
434.137800
434.313150
434.349650
434.514500
434.576150
434.596000
434.687700
434.855950
434.919950
435.005050
435.061500
435.170250
435.302700
435.364650
435.570300
435.578900
435.640750
435.891450
435.896700
435.994850
436.241700
436.311100
436.474000
436.498550
436.648800
436.788850
436.830450
436.898350
436.924400
436.966050
437.136750
437.378200
437.512600
437.551100
437.628400
437.646000
437.812800
437.906800
438.013150
438.215750
438.448850
438.627450
438.796800
438.810300
439.291050
439.321550
439.330900
439.472600
439.672900
439.918950
439.983400
440.183450
440.218200
440.715900
440.856800
440.866700
440.898850
441.040700
441.353050
441.472750
441.761250
441.864550
441.908950
441.990300
442.013150
442.025800
442.165600
442.307900
442.320400
442.607400
442.786300
442.960850
443.083850
443.105200
443.109150
443.184550
443.432100
443.549950
443.742150
443.752350
443.895950
443.920200
444.149850
444.156600
444.348900
444.453550
444.621900
444.642300
444.874800
445.009700
445.016300
445.140100
445.325400
445.343750
445.447100
445.498000
445.587350
445.660800
445.958400
446.091550
446.377500
446.450150
446.681900
446.752750
446.783400
446.854600
447.114950
447.187900
447.253800
447.261350
447.414700
447.459100
447.622200
447.698100
447.866600
448.071900
448.366350
448.647400
448.766000
448.869000
448.878750
449.089800
449.219850
449.590900
449.677350
450.110550
450.178100
450.204900
450.283600
450.509050
450.518150
450.524550
450.603500
450.858600
451.135750
451.143400
451.217450
451.554800
451.748750
451.986300
452.094450
452.114050
452.122050
452.205050
452.478100
452.540000
452.744950
452.896650
452.957500
452.974250
453.123800
453.378150
453.421400
453.433800
453.444200
453.729950
453.761000
454.117700
454.250450
454.252600
454.276400
454.408100
454.812250
454.834750
454.955100
455.078200
455.246400
455.294750
455.690500
455.763450
455.856550
456.221600
456.279450
456.427750
456.538800
456.586350
456.763400
456.843300
456.891750
457.276450
457.461000
457.576950
457.628300
457.820700
457.954950
457.962600
458.230250
458.320500
458.407550
458.478000
458.487250
458.645150
458.704900
458.941150
459.156500
459.182400
459.387000
459.575950
459.618600
459.664950
459.867800
459.875900
459.918950
459.943950
460.190800
460.216300
460.332050
460.339100
460.433950
460.645250
460.753150
460.781550
460.855800
460.954000
460.963250
461.026350
461.457150
461.552300
461.845600
461.848100
461.920950
462.090900
462.284100
462.471650
462.617600
462.626600
462.755800
463.033050
463.092500
463.206400
463.221750
463.607300
463.673600
464.008750
464.151150
464.307450
464.335250
464.558200
464.567000
464.684800
464.746650
464.895250
465.244150
465.439000
465.646900
465.660000
465.732650
465.781000
466.349850
466.497400
466.504150
466.679400
466.773850
467.298900
467.356700
467.534000
467.539100
467.551500
467.572400
467.717050
467.806100
467.959300
467.977600
468.050950
468.141600
468.216500
468.346800
468.375550
468.535000
468.736600
468.742600
469.057500
469.074600
469.175000
469.208400
469.410400
469.462050
469.590850
469.733500
469.866800
470.112250
470.269400
470.481750
470.485600
470.519050
470.613050
470.881500
470.968000
471.368550
471.527250
471.576150
471.690350
471.789650
471.895800
471.921550
471.948900
472.243150
472.473400
472.583600
472.589600
472.791200
472.833650
472.995150
473.000700
473.050500
473.172600
473.328100
473.394850
473.405250
473.716500
473.729350
473.859300
473.929600
474.238300
474.288650
474.322800
474.397200
474.446950
474.490050
474.696900
474.746050
475.204650
475.527350
475.785700
475.933900
476.071750
476.297950
476.359750
476.623000
476.659700
477.001100
477.016150
477.062200
477.076050
477.143350
477.437100
477.465800
477.736950
477.785100
477.878700
477.932500
477.934850
477.940900
477.943000
477.951600
478.290750
478.460500
478.497250
478.636200
478.642400
478.868700
479.018800
479.291100
479.318550
479.640150
479.733250
479.740250
479.845000
479.883300
480.070900
480.205150
480.398200
480.489000
480.782500
480.813450
480.948450
480.994100
481.025650
481.180600
481.209900
481.492200
481.891000
482.000400
482.195850
482.202450
482.212600
482.385000
482.414150
482.486750
482.625350
482.820100
482.823950
482.856000
483.012750
483.058300
483.093350
483.384900
483.527200
483.533600
483.579650
483.621200
483.891050
484.293600
484.320200
484.411200
484.519950
484.835450
484.904400
484.944550
485.050150
485.342350
485.497250
485.713450
485.719500
485.851700
485.911850
485.923150
486.103050
486.366750
486.383350
486.437250
486.454950
486.638850
486.745400
486.749750
486.774800
486.834450
487.464100
487.617300
487.673700
487.716600
487.764900
487.792500
487.795000
487.804900
487.809350
487.933000
488.141050
488.162850
488.361450
488.422650
488.466000
488.514850
488.747900
488.756300
488.781300
489.456200
489.512750
489.838600
489.856650
489.963600
489.989250
490.008700
490.260150
490.458100
490.547250
490.832250
490.856550
490.982450
491.050100
491.182450
491.397650
491.758250
491.897000
492.107100
492.250050
492.305100
492.590500
492.723000
492.763300
493.296250
493.470000
493.606350
493.631000
493.723750
493.744400
493.897400
493.930550
493.944050
494.071150
494.140400
494.331900
494.408600
494.492850
494.638750
494.923050
495.011400
495.198450
495.291700
495.332400
495.336650
495.355400
495.399750
495.538650
495.710250
495.749950
495.781550
495.894550
496.067750
496.073350
496.162800
496.373900
496.438950
496.538750
496.740150
496.781600
496.980350
497.020700
497.059150
497.161800
497.165600
497.252600
497.441850
497.538800
497.546700
497.584400
497.643250
498.065550
498.384450
498.419800
498.579050
498.584900
498.654100
498.662450
498.747800
498.787750
498.919700
498.988900
499.066800
499.546900
499.626700
499.646450
499.998950
500.030350
500.356700
500.368200
500.379800
500.539750
500.593800
500.602200
500.621150
500.863800
501.048100
501.093350
501.436250
501.544850
501.564950
501.767400
501.889450
501.975050
502.021950
502.096300
502.251150
502.405100
502.690500
502.703100
502.762000
502.780250
502.869150
502.880150
503.050350
503.081250
503.087650
503.095350
503.260150
503.267700
503.644000
503.715050
503.876600
503.922500
503.985350
504.060650
504.069550
504.074500
504.328750
504.662300
504.706600
504.853150
504.906300
505.004850
505.118600
505.381300
505.467600
505.478350
505.763850
505.801400
505.832750
505.868950
506.037000
506.075550
506.158000
506.491500
506.511500
506.589750
506.956100
507.123800
507.177700
507.264700
507.268100
507.332500
507.375200
507.420400
507.550650
507.567150
507.737750
507.776150
507.831850
508.112300
508.309550
508.363850
508.382400
508.390800
508.459850
508.595050
508.800100
508.847250
509.076900
509.140050
509.154100
509.369350
509.461050
509.775500
509.808300
510.143000
510.154550
510.212400
510.384100
510.653900
510.790350
510.797150
511.027750
511.110350
511.178700
511.363550
511.536150
511.708900
511.830250
511.897100
512.052950
512.205100
512.251100
512.331400
512.385950
512.638700
512.789200
512.908450
512.938850
513.150150
513.277750
513.454750
513.485150
513.553400
513.572400
513.620050
513.679750
513.729350
513.887050
513.893800
514.067950
514.185800
514.240550
514.280300
514.292100
514.373900
514.474650
514.999500
515.098400
515.305450
515.696750
515.707300
515.744050
516.003350
516.112050
516.312300
516.473650
516.490550
516.561550
516.631200
516.763400
516.838700
517.047000
517.212400
517.555550
517.561200
517.669950
517.723850
517.804200
518.013400
518.019600
518.304700
518.533950
518.601000
518.652100
518.813350
518.958250
518.984650
519.051200
519.121650
519.143000
519.156450
519.335050
519.442550
519.453500
519.612750
519.707650
520.224050
520.320900
520.335850
520.379550
520.422850
520.490050
520.630250
520.704950
520.712050
520.747400
520.813550
520.842000
520.855950
520.983700
521.305550
521.381800
521.658550
521.866250
521.882300
521.968900
521.985350
522.305150
522.364000
522.387750
522.560450
522.592450
522.669050
522.881050
522.897800
523.215550
523.247550
523.575850
523.629400
523.709050
523.797750
523.836500
523.857300
523.963000
524.042750
524.491200
524.575050
524.613200
524.714450
524.744950
524.970700
525.368700
525.476900
525.566550
525.648850
525.657450
525.879350
525.971800
526.194650
526.382450
526.461200
526.599550
526.742700
526.819400
526.840900
526.974200
526.983250
527.122400
527.132750
527.465700
527.510250
527.750900
527.822300
527.863950
527.925300
528.096350
528.309750
528.655250
528.698950
528.754100
529.078850
529.203200
529.260700
529.586650
529.663950
529.723050
529.814750
529.961650
530.037100
530.264600
530.292650
530.338450
530.351150
530.423450
530.753200
530.759700
530.966750
531.056550
531.191500
531.245950
531.286800
531.326650
531.491900
531.535550
531.667700
531.674450
531.818650
532.017600
532.083850
532.279850
532.285200
532.465100
532.721300
532.729500
533.368950
533.475200
533.716100
533.990200
534.015950
534.032000
534.197150
534.384000
534.424000
534.468400
534.701300
534.746200
534.751200
534.784650
534.799100
534.921300
534.927400
535.206200
535.294000
535.351500
535.685800
535.745800
535.813700
535.819250
536.005450
536.068650
536.259400
536.329600
536.359100
536.408100
536.740000
536.762300
536.928850
536.941650
537.015800
537.247100
537.316550
537.381350
537.456450
537.523700
537.552700
537.588850
537.664550
537.899900
537.926700
538.079750
538.534850
538.797450
538.799650
538.961150
539.086050
539.110850
539.252800
539.430950
539.579800
539.916850
540.310150
540.514000
540.589600
541.024550
541.087200
541.209950
541.334400
541.682200
541.703150
541.706050
541.725300
541.797550
541.800250
542.064650
542.100600
542.228300
542.234550
542.420550
542.579500
542.775800
542.878450
542.881850
542.890750
542.894300
542.903750
542.917600
543.273200
543.304000
543.560750
543.576300
543.596000
543.704950
543.790000
543.948350
544.008700
544.332700
544.357400
544.468300
544.472150
544.531250
544.585600
545.011900
545.050050
545.054400
545.211400
545.309750
545.377100
545.421450
545.521300
545.851400
545.910000
545.917500
546.031850
546.162550
546.389250
546.490000
546.544250
546.585450
546.622200
546.637200
547.019500
547.068350
547.317500
547.322050
547.355800
547.360050
547.433000
547.441650
547.796050
548.003650
548.048500
548.232850
548.246700
548.416350
548.440600
548.728200
548.763050
548.885600
549.037100
549.044050
549.097650
549.260350
549.281450
549.329950
549.384950
549.535450
549.541250
549.706250
549.808650
549.841100
549.857850
549.861900
549.951100
550.130800
550.150600
550.413600
550.431900
550.666850
550.719250
551.320050
551.328300
551.343550
551.418500
551.564350
551.569900
551.586400
551.660250
551.712650
551.728800
551.770750
552.064850
552.303000
552.542700
552.614500
552.636700
552.640650
552.804400
552.928150
553.004900
553.144600
553.315000
553.515800
553.522500
553.621250
553.836700
553.871500
554.135800
554.195700
554.412000
554.449100
554.552150
554.802900
554.889700
555.015950
555.282250
555.393350
555.421100
555.898000
555.912450
556.306700
556.331350
556.389200
556.453800
556.661050
556.936700
557.012550
557.173500
557.207800
557.452100
557.610300
557.687850
557.787450
557.888450
557.929450
558.042950
558.070950
558.149600
558.316700
558.335950
558.340500
558.474800
558.640950
558.647900
558.699450
558.890200
558.897650
558.929050
558.980400
559.029800
559.182300
559.217200
559.339250
559.363650
559.417800
559.481000
559.696600
559.737150
559.755300
559.943150
560.215600
560.419300
560.668350
561.091050
561.098300
561.130850
561.165750
561.354300
561.434650
561.454800
561.494050
561.777850
561.869150
561.890100
562.052850
562.333250
562.494400
562.673150
562.724500
562.760250
562.862700
563.276100
563.467200
563.524450
563.678600
563.928050
564.005500
564.037200
564.139650
564.258300
564.281600
564.456900
564.463550
564.505550
564.522750
564.587600
564.715950
565.028600
565.144800
565.361750
565.368250
565.564850
565.983100
565.991550
566.003600
566.081950
566.195350
566.215550
566.255800
566.362850
566.705700
566.830550
567.024500
567.099050
567.302850
567.335900
567.375350
567.569200
567.617650
567.831450
567.980850
568.013650
568.090500
568.291850
568.307300
568.326800
568.512550
568.779200
569.112150
569.188800
569.307650
569.418800
569.581150
569.906900
570.088550
570.098150
570.418300
570.478700
570.548400
570.831400
570.836500
570.854050
570.856850
570.860550
570.873350
570.965850
571.144400
571.167250
571.290150
571.297700
571.707300
571.710850
571.724000
572.120400
572.256750
572.310250
572.386000
572.401900
572.441850
572.637350
572.741800
572.848750
572.855550
573.005450
573.168100
573.349400
573.413950
573.476000
573.706200
573.954750
574.125650
574.266650
574.319950
574.631200
574.766350
574.799750
574.807550
574.829950
574.993900
575.026550
575.073850
575.138750
575.373000
575.479600
575.509250
575.737900
575.920000
576.043200
576.209000
576.239650
576.316050
576.392950
576.851200
577.009300
577.059200
577.542300
577.736650
577.849600
578.077600
578.414350
578.518900
578.668750
578.817600
578.820550
578.824200
578.829900
578.997650
579.156050
579.260150
579.382550
579.414450
579.578850
579.585250
579.691350
579.814550
579.947800
580.193950
580.235450
580.284650
580.536400
580.718400
581.345950
581.530600
581.565100
581.571450
581.587550
581.682600
581.865300
582.019250
582.575450
582.759650
583.065850
583.211850
583.242250
583.402050
583.444850
583.594500
583.656050
583.708700
583.921100
584.124450
584.148400
584.184300
590.309150
609.456550
611.655800
612.531250
612.628550
612.744750
612.757500
612.854700
612.907100
613.278300
613.305950
613.347100
613.358200
613.439550
613.483500
613.487400
613.819350
613.829000
614.022100
614.071600
614.146600
614.273700
614.279250
614.390150
614.441800
614.666100
614.747950
614.904650
614.911350
614.933950
615.142350
615.211100
615.255900
615.304550
615.363500
615.458500
615.678150
615.710850
615.815000
615.845150
616.049600
616.160200
616.172050
616.273650
616.465300
616.533950
616.572700
616.629150
616.646900
616.680550
616.847100
616.979050
617.108000
617.157900
617.199400
617.289800
617.412050
617.506300
617.612000
617.739950
617.886150
617.982800
618.020950
618.090800
618.099000
618.211000
618.251700
618.581100
618.639250
618.752400
619.587700
619.738600
620.133850
620.156450
620.662550
620.666500
620.961700
621.232100
621.424400
621.540350
621.953350
621.960850
622.159350
622.326450
622.711750
622.843900
623.170000
623.213350
623.234650
623.323450
623.593050
623.720350
623.746650
623.786850
623.963300
624.195950
624.275600
624.568200
624.610650
624.762350
624.775750
624.837350
624.929600
625.019850
625.168350
625.254500
625.292000
625.300100
625.378950
625.494350
625.734600
625.739300
626.029300
626.036200
626.202350
626.227950
626.238850
626.249200
626.402450
626.493450
626.648150
626.672700
626.813800
626.838500
626.961350
626.977850
626.994050
627.196800
627.391950
627.401350
627.590150
627.602400
627.756000
627.795850
627.845350
627.937400
628.067500
628.341850
628.422150
628.434500
628.524850
628.531450
628.719800
628.773750
628.788050
628.847400
628.922500
629.002000
629.067400
629.123500
629.303300
629.570750
629.576350
629.631500
629.637900
630.043950
630.094500
630.157100
630.262150
630.274400
630.476450
630.618450
630.629700
630.642250
630.705800
630.750500
630.754700
630.777650
630.810000
630.900000
630.925400
630.987250
631.080550
631.211950
631.403050
631.491700
631.583600
631.773000
631.929350
632.141500
632.148800
632.212750
632.223000
632.714800
632.800200
632.851900
632.857500
633.018050
633.525000
633.569950
634.524350
635.896600
635.918000
635.977750
636.081300
636.503200
637.015150
637.155650
637.176600
637.193200
637.347100
637.498350
637.699350
637.991950
638.028250
638.177900
638.246300
638.425600
638.430000
638.475950
638.691250
638.721100
638.782250
638.997350
639.121750
639.176450
639.212700
639.263100
639.338150
639.357300
639.421800
639.448100
639.459200
639.543700
639.602000
639.607800
639.662850
639.781800
639.848000
639.859150
639.990950
640.067650
640.110300
640.236500
640.398900
640.456700
640.506500
640.518750
640.527300
640.697950
640.916100
640.990300
641.041700
641.229250
641.381550
641.475100
641.571000
641.662050
641.801650
641.823900
642.135550
642.183950
642.196350
642.296350
642.360100
642.407300
642.433300
642.604850
642.631900
642.777100
642.837750
642.964700
643.064450
643.144250
643.214450
643.378200
643.398700
643.452150
643.673750
643.688450
643.823900
644.150100
644.164450
644.202950
644.269850
644.565200
644.589650
644.698850
644.713450
644.770000
644.814900
645.006500
645.098700
645.121850
645.431850
645.677050
645.702600
646.857950
647.186800
647.943050
648.340650
648.357550
648.377200
648.725650
648.773300
649.621150
650.028750
650.088050
650.104450
650.149000
650.151900
650.196300
650.255100
650.462000
650.791500
650.802850
651.055000
651.153750
651.213900
651.485150
651.497850
651.550650
651.624300
651.832400
652.000900
652.037650
652.152850
652.213500
652.438800
652.474350
652.637700
652.642350
652.647900
652.690600
652.725600
652.925600
653.078600
653.204450
653.244100
653.270250
653.285200
653.413750
653.618850
653.681900
653.712100
653.778650
653.944600
653.964700
653.992300
654.053050
654.099200
654.132600
654.191250
654.243700
654.295950
654.331700
654.484650
654.498100
654.515950
654.679500
654.729000
654.759450
654.798200
654.816400
654.939800
654.993550
655.129900
655.139500
655.225950
655.311950
655.315850
655.536350
655.640650
655.729900
656.101200
656.168400
656.480700
656.583800
656.916400
656.952650
657.048700
657.184550
657.211650
657.243250
657.394300
657.493650
657.848200
657.911200
657.988750
658.009450
658.165300
658.277200
658.601250
658.695600
658.753650
658.768350
658.988800
659.019100
659.050600
659.069850
659.228400
659.329000
659.550250
659.680400
659.852300
660.038150
660.089600
660.257900
660.599450
661.178700
661.483950
661.907050
663.056650
663.266200
663.515800
663.677250
663.705850
664.015150
664.224850
664.361600
664.503600
664.827350
664.940300
665.293300
665.421500
665.434150
665.549500
665.731200
665.788800
666.008350
666.020700
666.184550
666.361200
666.516350
666.543450
666.767850
666.770800
666.881000
666.981300
666.997500
667.252450
667.293850
667.341150
667.482300
667.532550
667.539300
667.546450
667.649150
667.656900
667.759950
667.856000
667.909750
667.935800
667.984100
668.061100
668.114300
668.455450
668.546950
668.554000
668.617050
668.802850
668.828100
668.840500
668.852200
668.901600
668.984050
669.339400
669.462750
669.550650
669.586000
669.608650
669.641950
669.752650
669.811750
669.820250
669.926550
670.153400
670.274000
670.434950
670.549250
670.592100
670.646500
670.739400
670.820700
670.894850
671.099700
671.320400
671.381200
671.578750
671.641600
671.674250
671.744900
671.751150
671.919150
671.926450
672.003400
672.188350
672.258350
672.381800
672.470250
672.711950
672.729600
672.758700
672.770750
672.878200
673.115900
673.197800
673.210500
673.538900
673.569750
673.696700
674.288200
674.661700
675.244550
675.349900
675.974200
676.723300
676.892300
677.003500
677.324500
677.655300
677.898150
678.169800
678.796000
678.917650
679.662050
679.691600
679.874600
680.030250
680.040500
680.088400
680.173450
680.269250
680.273850
680.281350
680.435100
680.612000
680.733200
680.927800
681.020150
681.058200
681.296000
681.303800
681.500350
681.606600
681.648550
681.784450
681.846800
681.867850
682.051900
682.112000
682.167800
682.203450
682.425550
682.486100
682.520950
682.534250
682.614350
682.692300
682.771450
682.779400
682.918550
683.010150
683.060450
683.072450
683.088550
683.094700
683.219550
683.247500
683.274900
683.644750
683.817100
684.039100
684.155500
684.392450
684.442950
684.576950
684.753800
684.914150
685.101550
685.105100
685.255050
685.431300
685.483300
685.543850
685.753550
685.852700
685.908500
685.911650
685.915700
686.015400
686.127750
686.138550
686.155100
686.314850
686.368050
686.693950
686.873850
686.966550
687.044600
687.168700
687.179350
687.309000
687.396350
687.535750
687.547350
687.669400
687.908600
687.910800
688.072050
688.139900
688.175900
688.275300
688.284750
688.365800
688.598800
688.736950
688.939600
688.947750
689.072000
689.109400
689.303400
689.408300
689.423850
689.480450
689.614100
689.978300
690.248750
691.112700
691.665600
691.744250
691.938000
692.622550
692.814650
692.966200
692.977400
693.193750
693.960600
694.380950
694.671600
694.855700
695.396600
695.544650
695.679750
696.001550
696.317550
696.427900
696.679050
696.725500
696.737800
696.857100
697.090400
697.134400
697.237450
697.393400
697.662100
697.674400
697.801400
697.885950
697.920700
697.966150
698.176100
698.232200
698.260800
698.318650
698.352350
698.401650
698.659750
698.787800
698.800650
698.951550
699.094450
699.108850
699.146150
699.159600
699.190250
699.194300
699.232900
699.247700
699.252050
699.353050
699.363350
699.509950
699.522250
699.737500
699.794550
699.866800
700.030950
700.099050
700.142400
700.157550
700.309200
700.421550
700.501250
700.561250
700.661300
700.978650
701.034200
701.065200
701.115200
701.230450
701.357200
701.409250
701.469000
701.483800
701.525800
701.674950
701.761100
701.891450
701.930900
701.976450
702.018250
702.372050
702.555050
702.597750
702.822200
702.901050
702.958200
703.021350
703.075200
703.124950
703.321050
703.462550
703.720250
703.741550
703.753150
703.768150
703.994100
704.058200
704.114300
704.269450
704.449700
704.466200
704.555350
704.643900
704.682850
704.764600
704.877350
704.950000
705.100200
705.120850
705.283000
705.450400
705.469150
705.496450
705.743500
705.770200
705.955600
706.750800
707.045300
707.445500
707.864750
708.082750
708.318650
709.460750
709.561550
709.779700
709.903200
710.509650
710.605400
710.740100
711.033600
711.666400
711.916900
711.940600
711.955350
712.313350
712.430800
712.459500
712.491700
712.533350
712.546250
712.562500
712.573850
712.801600
712.857200
712.976050
713.071800
713.223150
713.323950
713.508350
713.666400
713.863250
713.876900
713.912850
713.924800
714.031700
714.034050
714.040450
714.089250
714.198050
714.236950
714.265700
714.397150
714.626350
714.707600
714.749750
714.959600
714.966500
714.997650
715.072050
715.185550
715.281150
715.292600
715.506600
715.955500
716.006750
716.043700
716.124550
716.266300
716.273900
716.281550
716.392550
716.411100
716.493750
716.501950
716.559800
716.693100
716.737400
716.741800
716.824350
716.896500
717.095400
717.101150
717.326650
717.378450
717.425300
717.455850
717.560950
717.726300
717.798750
717.871600
717.930100
718.041250
718.138050
718.387300
718.515450
718.557450
718.746750
718.805750
718.831250
719.189150
719.211950
719.336450
719.381100
719.406000
719.763850
719.878700
720.149350
720.201100
720.257900
720.273050
720.370050
720.435200
720.505700
720.882600
720.938150
721.074550
722.006550
722.447450
722.474950
722.973650
723.214350
723.294400
723.397950
723.957450
724.889700
725.148300
725.394600
725.875750
726.224650
726.484000
726.517150
727.012450
727.074750
727.232300
727.295000
727.824750
727.921250
728.050350
728.073450
728.449400
728.614750
728.781900
728.948450
728.954450
728.958450
729.797650
729.878700
729.922050
730.041150
730.156200
730.179900
730.354000
730.784950
730.952400
731.403900
731.421900
731.483650
731.782500
732.299000
732.751450
732.795650
733.248000
733.314400
733.613650
733.899550
734.261400
734.614050
734.816150
734.955350
735.174950
735.379800
735.432600
735.709900
735.779800
735.848300
736.043350
736.165950
736.463000
736.673100
736.759900
736.987200
737.145000
737.149550
737.259950
737.847900
738.385350
738.449250
738.605700
738.653900
738.753750
738.862650
739.593150
739.644150
739.758500
739.965950
740.007900
740.097400
740.393800
740.788900
740.918900
741.633950
741.832500
742.535050
742.562850
742.800100
742.975100
743.909700
744.030200
744.064150
744.456350
744.505550
745.178150
745.276300
745.356400
745.511550
746.161900
746.342800
746.456550
747.035150
747.043150
747.075300
747.411150
748.006550
748.046900
748.289850
748.406950
748.526600
748.679300
748.694050
748.923750
749.108100
749.157400
749.182750
749.192700
749.196650
749.394600
749.460550
749.471700
749.588750
749.628900
749.646050
749.690050
749.726550
749.745500
749.876950
749.962950
750.055100
750.344850
750.391400
750.421800
750.507600
750.527100
750.540800
750.586800
750.589850
750.731900
750.811000
750.896350
750.930200
751.072900
751.211600
751.297850
751.420300
751.489100
751.524500
751.545100
751.650800
751.697400
751.724900
751.746050
751.792150
751.853600
751.951850
752.194400
752.233600
752.307400
752.528750
752.579800
752.841550
752.896750
752.978200
753.027750
753.147550
753.175700
753.219650
753.282800
753.532800
753.588550
753.628100
753.764850
753.796200
754.094450
754.149400
754.325100
754.432700
754.598650
754.638500
754.832500
754.841600
754.872200
754.965200
755.169250
755.202850
755.333500
755.439200
755.607000
755.626500
755.792050
755.798050
755.894450
756.022600
756.073900
756.346800
756.358450
756.400800
756.765500
756.844450
756.954350
757.235900
757.414500
757.452850
757.461900
757.489550
757.683300
757.788300
757.854200
757.899350
757.914750
758.015200
758.115000
758.136350
758.312500
758.388550
758.843500
758.854150
758.900050
759.004750
759.147850
759.224050
759.257500
759.454550
759.544050
759.610450
759.643750
759.676250
759.704000
759.793200
760.320600
760.474700
760.536950
760.674550
760.732200
760.779550
760.957200
761.038100
761.171150
761.290500
761.355150
761.366000
761.449450
761.773700
761.984700
762.056300
762.066600
762.077250
762.214550
762.314450
762.536800
762.723400
762.739800
762.758000
763.052250
763.095100
763.157050
763.279300
763.283800
763.318050
763.422200
763.586050
763.737450
763.871300
763.988400
763.994150
764.023000
764.141300
764.186000
764.488750
764.543450
764.586100
764.599800
765.020050
765.137700
765.250050
765.289400
765.295500
765.504500
765.586100
766.011950
766.057250
766.148200
766.396200
766.520250
766.631300
767.310000
767.373350
767.517750
767.618750
768.043400
768.105950
768.173850
768.352900
768.415600
768.562600
768.714700
768.964100
770.420850
770.862750
770.985400
771.018700
771.054750
771.327200
771.819800
771.834150
771.984300
772.397300
772.513300
772.522550
772.969200
772.973500
773.012600
773.169850
773.324650
773.647600
773.781850
773.800850
774.131550
774.203750
774.336150
774.672250
774.680750
774.994100
775.448800
775.783350
775.950250
776.414400
776.508250
776.821150
777.023150
777.075650
777.451850
777.574050
777.881150
777.947250
778.123550
778.171000
778.291650
778.330350
778.863850
779.355450
779.466600
780.465250
780.490550
780.637250
780.731100
781.344500
781.538150
781.785450
781.957450
782.358300
782.446350
782.908000
783.221550
783.321150
783.609750
783.616850
783.686450
783.958300
784.243750
784.279150
784.319100
784.675950
785.092700
785.163950
785.967050
786.005800
786.090550
786.323400
786.543650
786.548000
786.571500
787.037600
787.138650
787.292200
787.415750
787.862300
788.134350
788.149750
788.192450
788.427500
788.751000
789.138400
789.206650
789.859300
790.137500
790.184150
790.238450
790.703150
790.727550
791.243850
791.316550
791.725150
792.059150
792.398000
793.141250
793.495250
793.507200
793.621700
794.121750
794.507950
794.579750
794.761000
795.094200
795.758100
796.482600
796.513950
796.635550
796.979000
797.405900
797.433650
797.780650
797.946600
798.136900
798.838750
799.324100
799.365500
799.738900
800.757000
800.802850
800.855400
801.002650
801.376950
801.689200
802.032700
802.204900
802.242300
803.075150
803.414300
803.542700
804.228700
804.339150
804.956350
805.022350
805.056700
805.828350
806.101150
806.474800
806.512700
806.667350
806.855650
807.295100
807.465700
807.473800
807.790300
808.658600
808.701500
808.952900
809.073700
809.425800
809.470450
809.580250
809.961550
810.078050
810.498300
810.505100
810.609700
810.618300
810.731800
811.173800
811.678300
811.884950
811.945200
812.388300
812.421950
812.797450
812.948700
813.185700
813.355150
813.465950
813.772650
814.155500
814.168350
814.205100
814.429600
814.610100
814.625600
814.998400
815.253250
815.278650
815.329650
815.380450
815.442600
815.472500
815.475600
815.586450
815.608200
815.671850
815.786900
815.901200
815.910650
816.013250
816.062800
816.300600
816.444950
816.464500
816.488900
816.492800
816.612600
816.630800
816.688850
816.799600
816.821000
816.840350
816.866500
816.943750
817.027300
817.126250
817.175600
817.199700
817.255300
817.321500
817.341050
817.477950
817.658750
817.669250
817.769000
817.850800
817.946500
817.954150
818.104400
818.210600
818.385400
818.429700
818.470750
818.761000
818.918650
818.931300
818.967900
819.064700
819.120450
819.178900
819.217550
819.366100
819.563250
819.649250
819.953950
820.131100
820.554100
820.928550
820.966700
821.012500
821.191250
821.214300
821.234500
821.317250
821.380150
821.430450
821.464900
821.755350
821.827900
821.880900
821.956400
822.098950
822.350550
822.424400
822.489200
822.543100
822.648300
822.666850
822.719950
822.833650
823.007450
823.029400
823.045300
823.086100
823.160000
823.237600
823.448800
823.454850
823.758350
823.905650
824.003000
824.043450
824.235400
824.336800
824.458450
824.560800
824.576150
824.969900
825.145550
825.193800
825.222100
825.279200
825.423050
825.451700
825.545500
825.873100
825.965000
826.207000
826.296200
826.301600
826.309350
826.324950
826.407000
826.420450
826.533350
826.583550
826.612250
826.622950
826.641400
826.731200
826.756500
826.984650
827.076600
827.277100
827.325950
827.554050
827.557600
827.568650
827.710200
827.736900
827.842850
827.883100
828.061300
828.311100
828.489650
828.555150
828.607150
828.767200
828.932250
828.949700
829.070650
829.112800
829.213950
829.394650
830.002300
830.029100
830.094500
830.101400
830.104300
830.107800
830.113200
830.142050
830.243050
830.259250
830.389800
830.662850
830.729250
830.760400
830.768700
830.874400
830.889800
830.959800
830.968750
831.017650
831.256400
831.618000
831.641750
831.729900
831.992550
832.013800
832.071600
832.113300
832.318150
832.341100
832.347200
832.489000
832.639900
832.683300
832.816350
833.078500
833.243250
833.501150
833.692050
833.843750
833.907700
833.915000
834.146000
834.294750
834.368900
834.483000
834.516300
834.708050
834.736900
834.886800
835.097300
835.191100
835.225950
835.422650
835.558850
835.591150
835.596650
835.647500
836.109950
836.145800
836.243600
836.407250
836.473950
836.580850
836.689800
836.765450
836.773600
836.807950
837.067300
837.155550
837.300400
837.335550
837.434950
837.442300
837.807350
837.904500
838.103850
838.324300
838.357700
838.366350
838.589250
838.730850
838.794300
838.916650
839.088850
839.191600
839.335700
839.462850
839.660600
839.856400
840.047100
840.068150
840.162750
840.210200
840.216650
840.421150
840.483150
840.509300
840.536200
840.746000
840.864750
841.254250
841.265650
841.324500
841.351150
841.367900
841.616450
842.015750
842.067000
842.096600
842.499800
842.614900
842.726950
843.055850
843.142900
843.179200
843.554800
843.855100
843.930150
843.951250
844.035000
844.038100
844.158450
844.410950
844.442550
844.472650
844.922400
844.993350
845.026500
845.082950
845.155750
845.235450
845.311250
845.424150
845.449850
845.566000
845.763550
845.871050
846.241300
846.363450
846.440750
846.599950
846.606050
846.774750
847.100500
847.204050
847.303500
847.338650
847.495500
847.538100
847.655400
847.666650
847.690900
847.729500
847.773600
847.964750
848.042150
848.191300
848.516600
848.665600
848.875000
848.920950
849.344850
849.914700
850.123900
850.248750
850.261700
850.309900
850.485900
850.739400
850.907200
850.978150
851.237950
851.381550
851.433350
851.645500
851.841000
851.847950
851.963450
852.455350
852.507350
852.711400
852.756550
852.843500
852.849950
852.968000
853.041200
853.345650
853.506500
853.742200
853.887350
853.893450
854.040600
854.313700
854.422100
854.470250
854.947300
855.129750
855.289450
855.407650
855.411950
855.455050
855.604900
855.637100
855.666650
855.978200
855.997100
856.054150
856.100800
856.109650
856.165750
856.317150
856.401650
856.459800
856.653100
856.708700
856.745150
856.843850
856.849650
857.141000
857.196900
857.204450
857.360750
857.437550
857.670750
857.690050
857.714500
857.893850
857.953800
858.174050
858.208100
858.257950
858.350150
858.387750
858.442350
858.887900
858.963000
859.027250
859.284500
859.302250
859.343150
859.450950
859.703150
859.730850
859.826850
859.846200
859.878150
859.947350
860.186500
860.230900
860.429950
860.458950
860.462500
860.735050
860.906150
861.163950
861.303950
861.564050
861.590700
861.676250
861.755600
862.014050
862.183000
862.296050
862.535700
862.566750
862.587550
862.620350
862.998700
863.314300
863.322700
863.419600
863.446600
863.491850
863.697050
863.832200
863.849550
864.002950
864.010150
864.267850
864.298750
864.449950
864.642800
864.876050
864.882750
865.078350
865.192300
865.317400
865.505200
865.769950
865.888850
866.008100
866.031150
866.500400
866.506000
866.671400
866.700900
866.731500
866.822700
867.242500
867.244650
867.449500
867.459500
867.709350
867.734000
867.763950
867.885750
868.130000
868.302750
868.338650
868.342000
868.567800
868.782700
868.846650
869.077850
869.270650
869.466000
869.691350
869.961200
869.977900
869.981450
870.145750
870.236050
870.460150
870.495150
870.602050
870.694150
870.698300
870.800150
870.913250
871.149550
871.196650
871.275150
871.339000
871.419300
871.538500
871.599350
871.624750
871.765850
871.929050
871.937600
872.207050
872.291000
872.388950
872.582950
872.632250
872.657850
873.086400
873.474700
873.553600
873.670400
873.786700
873.999200
874.144500
874.152250
874.181250
874.774750
874.793600
874.810950
874.945500
875.053600
875.091100
875.514850
875.614750
875.891650
876.079300
876.115300
876.235650
876.432550
877.097900
877.104150
877.171450
877.188050
877.248050
877.380200
877.429150
877.574250
877.746250
877.749300
877.757050
877.802200
878.247700
878.294050
878.395150
878.421050
878.565500
878.600350
878.781700
878.913300
878.952700
879.060250
879.358850
879.368550
879.626150
879.678050
879.722950
879.810950
879.818200
879.823500
879.986800
880.275600
880.278200
880.536600
880.573700
880.695950
880.762750
880.824650
880.889600
881.006550
881.025750
881.113650
881.216600
881.350400
881.363150
881.471700
881.598200
881.966050
882.123750
882.156400
882.190800
882.549750
882.662850
882.687050
882.726100
883.002650
883.034850
883.042450
883.147250
883.201250
883.685650
883.693350
884.155100
884.313900
884.321100
884.398350
884.729950
884.751250
884.800850
884.902850
885.444200
885.600800
885.690450
885.743050
886.010850
886.304650
886.360050
886.431000
886.446400
886.464050
886.475500
886.631350
886.649650
886.706850
886.912100
887.019300
887.040350
887.052000
887.214850
887.231550
887.322000
887.367350
887.633700
888.279900
888.418450
888.475450
888.548650
888.722400
888.747800
888.837000
888.911650
888.917900
888.928100
889.063650
889.250250
889.322750
889.381550
889.617700
889.682950
889.818750
889.878900
889.890550
890.224700
890.249450
890.256500
890.259500
890.504300
890.577250
890.710300
890.770800
890.935050
891.147850
891.149950
891.178250
891.329600
891.500850
891.810450
891.819400
892.034250
892.125450
892.150900
892.193650
892.208600
892.574600
892.595250
892.652300
892.667250
892.746800
892.977400
893.139250
893.293650
893.557350
893.732450
893.736300
893.747700
893.842850
894.185300
894.238500
894.284150
894.641400
894.782000
894.975150
895.022550
895.147500
895.333000
895.522150
895.745450
895.843550
896.031000
896.040700
896.184250
896.311050
896.402150
896.467550
896.599000
896.697150
896.834800
896.904900
897.010750
897.015050
897.195950
897.250800
897.390500
897.423600
897.622850
897.673000
897.822400
898.029750
898.039350
898.373450
898.518750
898.726450
898.800050
898.926300
898.944350
899.104950
899.167100
899.233000
899.238450
899.363700
899.613950
899.661450
899.813800
899.933050
899.954000
899.962100
900.157300
900.201400
900.395250
900.527550
900.622150
900.785700
900.805900
900.813100
900.818500
900.929000
901.160100
901.374550
901.479950
901.484450
901.859050
901.930550
901.989850
902.069600
902.239900
902.501150
902.558350
902.794800
902.996550
903.137750
903.148750
903.150950
903.189050
903.330500
903.451150
903.571750
903.668300
903.688050
903.714150
904.008100
904.246650
904.303550
904.475400
904.525750
904.563100
904.672350
904.763450
904.852050
905.071250
905.138550
905.468100
905.484600
905.668100
905.799750
905.814350
905.826700
905.870350
905.900500
906.294450
906.330550
906.338950
906.519950
906.711950
906.744400
906.921300
906.940250
906.955550
906.993650
907.134250
907.199700
907.253850
907.420950
907.567900
907.608150
907.742750
907.773000
907.898200
908.189700
908.284350
908.328000
908.344500
908.581000
908.608300
908.686850
908.966050
909.148250
909.339950
909.357550
909.382550
909.636900
909.657400
909.755350
909.807400
909.824050
909.892550
909.990950
910.029350
910.299200
910.586450
910.636900
910.810200
910.879750
910.913600
911.008750
911.033450
911.187100
911.894650
911.951100
912.004400
912.337550
912.341500
912.573850
912.917750
913.139450
913.165700
913.349350
913.382000
913.392500
913.445050
913.728650
913.795650
913.836700
913.952350
914.135250
914.254400
914.290900
914.484100
914.634350
914.815800
914.880800
914.977150
915.133650
915.182350
915.271800
915.586150
915.633250
915.738450
915.895300
916.079700
916.143450
916.358650
916.424050
916.430450
916.502850
916.508950
916.652500
916.970100
917.065000
917.166800
917.296150
917.516300
917.521650
917.595600
917.642850
917.838600
917.996850
918.042000
918.167900
918.267850
918.294300
918.303600
918.323150
918.428500
918.442100
918.474150
918.533200
918.728450
918.823550
919.263700
919.267050
919.351500
919.383950
919.388850
919.568800
919.881450
919.965500
920.147050
920.166150
920.358350
920.603750
920.693300
920.729650
920.736100
920.821100
920.851750
921.112850
921.119050
921.244250
921.295350
921.351750
921.478500
921.528800
921.893650
922.027800
922.338800
922.378500
922.420200
922.566450
922.622000
922.812250
923.079100
923.232800
923.336700
923.393200
923.453050
923.466400
923.476500
923.867800
924.509500
924.535900
924.776250
924.892450
925.028750
925.686550
925.729700
925.780050
926.054650
926.108000
926.204250
926.286450
926.298050
926.391550
926.515900
926.567750
926.659900
926.937550
926.997900
927.068150
927.204700
927.368950
927.681500
927.688000
927.727050
927.751350
927.783850
927.948250
928.143250
928.159800
928.380050
928.469850
928.472900
928.491150
928.588600
928.649450
928.715900
928.806500
928.841350
929.040200
929.287150
929.400950
929.547350
929.630150
929.751350
929.816750
929.870900
929.965100
930.088550
930.530650
930.667250
930.692550
930.805100
931.196050
931.290000
931.527300
931.552950
931.603750
931.852200
931.906450
931.913350
931.980850
931.999350
932.024450
932.482950
932.509400
932.594550
932.861400
932.877750
933.101550
933.145900
933.595050
933.937950
933.984400
934.187600
934.432300
934.935250
935.220800
935.626550
936.001300
936.032000
936.159400
936.556700
936.801250
936.813250
936.859950
937.025950
937.139900
937.336450
937.392300
937.400650
937.478450
937.482850
937.615950
937.806250
937.906750
937.974800
938.209650
938.220600
938.249150
938.280100
938.284550
938.392100
938.413050
938.438800
938.475350
938.663650
938.698650
938.787950
938.961800
938.985750
939.250700
939.347300
939.459400
939.488850
939.610800
939.619600
939.681450
939.720400
939.738900
939.847500
939.905400
939.920500
939.977750
940.138350
940.195700
940.384900
940.399950
940.474650
940.888750
940.924750
940.954550
941.093900
941.223950
941.370550
941.424400
941.625800
941.692250
941.779100
941.822750
941.854650
941.879500
941.951800
941.991850
942.319300
942.405350
942.439850
942.465050
942.592800
942.599600
942.646100
942.967050
943.025700
943.168000
943.344200
943.356300
943.427500
943.465900
943.583500
943.908450
944.189950
944.344100
944.360250
944.429400
944.612950
944.882800
944.904650
945.206450
945.477100
946.854800
947.007750
947.285700
947.584200
947.797900
948.023150
948.543150
948.700100
948.843150
948.943650
949.038050
949.236300
949.445800
949.471350
949.685000
949.736400
949.836450
950.048800
950.144350
950.287300
950.375950
950.488350
950.535050
950.602250
950.719450
950.818600
950.880850
950.967150
951.037500
951.165800
951.246250
951.261650
951.292150
951.412500
951.552750
951.556000
951.755700
951.823300
951.862850
952.122700
952.202400
952.227550
952.237500
952.399050
952.499950
952.522800
952.939300
952.957550
953.053950
953.073900
953.124500
953.302500
953.322150
953.414400
953.426300
953.433150
953.743500
953.857750
954.274000
954.315550
954.505700
954.518800
954.664100
954.830300
954.832850
955.199600
955.205750
955.392150
955.427150
955.642950
955.849100
955.857000
955.950900
955.980000
956.274400
956.431200
956.470250
956.505050
956.560050
957.298850
957.558600
958.319950
958.565550
958.788550
959.183100
959.389700
959.583000
959.756950
959.845700
960.077900
961.098400
961.645750
961.704850
961.722600
961.796450
961.842950
962.157650
962.160550
962.164200
962.174250
962.499200
962.518050
962.881200
962.911250
962.961150
963.138850
963.205600
963.480650
963.546900
963.559250
963.670000
963.959100
964.043350
964.073450
964.496000
964.559250
964.611250
964.674650
964.689250
964.738200
964.875050
965.056700
965.125800
965.153850
965.422900
965.483150
965.504450
965.573450
965.673300
965.963400
966.007900
966.118700
966.253350
966.306150
966.344300
966.456700
966.540000
966.605650
966.982850
967.085550
967.181850
967.208700
967.232250
967.260950
967.362200
967.577050
967.598150
967.655300
967.845700
967.901300
968.082200
968.113350
968.177400
968.209600
968.365750
968.375850
968.442700
968.485450
968.623350
968.827450
968.844150
968.905100
968.990350
969.095150
969.150850
969.426550
969.487350
969.603950
969.609050
969.634350
969.650100
969.654000
969.667400
969.698750
970.863500
971.186150
971.520650
971.954350
972.054300
972.223750
972.915200
973.099450
973.127700
973.160500
973.183100
973.355400
973.797800
974.216850
974.636100
974.934800
975.046050
975.361100
975.403500
975.887300
975.913500
976.149800
976.266200
976.285600
976.316650
976.434950
976.549600
976.636900
976.741900
976.746550
976.837000
976.997950
977.116700
977.136350
977.149450
977.194150
977.238000
977.254800
977.263000
977.408850
977.462050
977.624850
977.761250
977.830950
977.909350
978.199700
978.349050
978.362350
978.382600
978.469950
978.686400
978.849600
978.885350
979.178050
979.283850
979.348600
979.478450
979.593650
979.692550
979.929650
980.207400
980.213550
980.559700
980.753000
981.057250
981.417050
981.578800
981.744000
981.758400
981.821500
981.839100
981.862800
981.888600
981.892950
981.900250
982.316350
982.559350
982.653650
983.238000
984.971750
984.990900
985.492050
985.577850
985.609600
985.659200
985.749850
985.932350
986.415300
986.423950
986.757500
986.868150
986.966450
987.145000
987.367250
987.591700
988.488050
988.556750
988.583000
988.602000
988.612300
988.705800
988.741000
988.811800
988.927350
988.972050
989.011650
989.081850
989.159700
989.289150
989.391900
989.401750
989.634800
989.761850
989.830450
989.943300
990.048450
990.094250
990.284150
990.308450
990.375300
990.394350
990.684400
990.748050
990.929000
990.990200
991.126900
991.132000
991.187150
991.199700
991.505150
991.535700
991.585250
991.637500
991.783400
991.875450
992.025450
992.111300
992.223350
992.286650
992.375400
992.487500
992.786400
993.223050
993.241850
993.277100
993.495150
993.652900
993.824650
993.939150
994.227200
994.276800
994.560450
994.614250
994.672200
994.884450
994.984450
995.027100
995.351050
995.528550
995.908300
996.282150
997.118900
997.140400
997.149050
997.564350
997.728300
998.363550
998.497050
999.066450
999.280550
1000.156950
1000.524350
1000.579850
1000.644750
1000.653150
1000.781150
1001.250250
1001.547100
1001.575500
1001.651850
1001.765500
1001.798250
1001.906600
1001.919550
1002.335650
1002.362650
1002.378150
1002.430850
1002.433350
1002.737600
1002.799050
1002.967450
1003.154400
1003.181700
1003.273300
1003.527950
1003.586700
1003.599050
1003.621000
1003.646450
1003.827400
1003.899100
1004.228150
1004.302750
1004.475600
1004.588800
1004.648050
1004.747150
1004.812850
1004.827250
1005.011650
1005.225400
1005.418550
1005.509000
1005.519550
1006.076500
1006.113000
1006.307150
1006.313750
1006.739750
1006.771450
1006.779700
1006.819500
1006.919150
1006.945850
1007.008300
1007.261150
1007.277600
1007.332200
1007.439600
1007.456000
1007.739750
1007.810600
1007.827450
1007.863150
1007.955150
1008.586750
1009.640550
1010.324600
1010.340600
1010.417450
1010.830000
1010.996150
1011.123950
1011.631250
1013.408550
1014.038450
1014.974150
1015.024750
1015.215450
1015.315900
1015.341700
1015.403250
1015.728100
1015.741100
1016.189850
1016.293650
1016.361400
1016.413900
1016.435550
1016.477750
1016.622850
1016.752950
1016.915950
1017.141550
1017.165050
1017.204700
1017.225350
1017.340350
1017.348600
1017.409950
1017.419050
1017.566000
1017.837300
1017.856550
1017.976950
1017.998100
1018.034000
1018.086750
1018.208300
1018.245600
1018.252400
1018.403150
1018.432650
1018.689700
1018.826600
1018.844900
1018.966400
1019.034400
1019.147850
1019.175500
1019.188700
1019.290850
1019.388700
1019.479850
1019.486900
1019.709750
1019.863300
1019.964250
1019.977500
1019.988850
1020.275250
1020.345000
1020.529350
1020.540750
1020.606250
1020.670500
1020.683450
1020.879700
1020.914350
1020.923800
1021.148650
1021.253900
1021.288850
1021.338250
1021.344950
1021.370700
1021.637450
1021.830850
1022.009950
1022.024200
1022.039250
1022.101250
1022.109300
1022.146150
1022.245950
1022.381850
1022.508850
1022.942250
1023.304600
1024.020100
1024.417550
1025.289950
1025.721400
1025.837950
1025.885050
1025.888550
1026.339750
1026.761550
1026.996850
1027.363050
1027.422450
1027.831750
1028.489350
1028.686000
1028.943600
1029.242550
1029.302300
1029.425000
1029.427650
1030.193150
1030.197100
1030.214700
1030.219100
1030.240050
1030.750150
1030.928100
1031.010800
1031.019600
1031.189700
1031.690650
