1.086850
1.178350
2.185600
3.721350
5.130400
5.148800
5.163150
5.167450
9.322800
10.193000
10.197950
10.212500
10.220850
10.229400
10.233300
10.249750
10.263500
10.292950
10.307700
10.335050
10.339500
10.474900
10.566200
10.628750
10.655400
10.741650
10.996550
11.015600
11.523450
11.533500
11.644000
11.677650
11.754250
11.900450
11.974900
12.965500
12.968900
12.973400
12.987400
12.992550
13.000800
13.012500
13.881800
14.089700
14.357900
14.783700
15.888400
18.000400
23.160950
28.317550
28.356050
28.389350
28.393500
29.732750
31.437800
31.441550
33.340600
33.348950
33.352650
33.374700
33.383850
35.038400
35.042150
37.761050
39.457100
39.460700
40.436200
45.549300
45.570700
45.574350
52.466550
58.156050
58.925600
59.419150
59.422400
59.427400
60.596650
60.616000
63.268250
63.285850
65.330300
65.335750
68.473750
89.912250
90.229300
90.233050
90.245550
92.906650
93.586350
96.992900
97.596250
97.599300
97.722750
97.733000
98.334900
98.720700
99.005450
100.451600
100.641600
103.303250
104.070450
104.077650
104.082500
104.089250
104.105350
104.781000
105.465700
106.070250
106.081150
106.189300
108.856900
108.862750
109.071750
109.082250
113.002550
114.165000
114.407150
115.058600
116.364600
116.558300
116.826100
116.833400
118.913400
118.983350
118.990250
119.004100
119.007700
119.197100
121.666950
121.679450
121.682950
121.697500
121.985150
121.998550
125.148700
125.793150
128.479550
128.492350
128.496600
128.503350
128.508650
128.514900
128.530250
128.533000
128.537050
128.548900
128.570850
128.740150
128.755500
129.749750
130.107100
130.110700
130.122400
130.173750
130.845250
130.876800
130.880300
131.523000
132.549400
133.919350
133.922750
133.931800
133.938750
133.945350
134.350950
134.356950
134.363200
135.461900
135.466100
135.470900
135.478700
135.483000
135.487150
136.866700
136.872000
138.785150
138.806550
138.810300
139.375600
141.564450
141.813550
142.409500
146.762250
146.765600
146.773050
149.364100
149.554500
149.728550
150.541050
150.545400
150.548750
150.553100
150.558400
150.560550
150.569750
150.579650
151.362950
151.366950
153.165950
154.873000
154.876500
155.009450
155.384700
155.484250
155.672650
156.661450
159.626350
160.061250
160.066700
160.699550
161.647900
161.655750
163.868850
163.875350
163.882150
163.907150
163.910650
163.915550
164.833600
164.840350
165.958600
165.962200
165.987200
166.505150
166.788950
167.045650
169.772000
169.778350
170.740950
171.253800
171.390000
172.358550
172.363050
172.367200
172.371550
172.377450
172.388600
173.336900
173.564700
174.304650
174.308200
174.312500
174.316500
174.327550
174.474700
175.280350
176.309750
176.313300
176.326050
176.331350
176.334100
176.343450
176.350500
176.354100
176.357100
176.746100
177.021250
177.238550
177.249850
177.916750
179.047300
179.077050
179.086000
180.403200
180.407550
182.063500
182.257800
182.437950
182.666100
185.131100
185.622350
185.627350
186.997250
187.000650
187.005850
188.181250
188.219800
188.226750
188.235400
188.247200
190.329200
190.554700
190.936750
190.999100
191.002350
191.020850
191.030050
191.245550
191.248400
191.894800
193.148000
193.635350
194.662850
194.666250
194.671300
195.209050
195.245750
195.795300
195.809900
195.974350
196.000700
196.321950
196.325150
196.343450
197.073350
197.438050
197.441800
197.447900
197.843450
197.952500
198.032450
198.791000
198.794650
199.819950
199.826250
199.831750
199.835250
199.846400
199.867250
199.871250
201.158000
201.171850
201.174300
201.179400
201.192450
201.291350
201.651300
201.656950
202.106150
202.146050
202.150900
202.885700
204.107400
204.113800
204.386350
205.164450
205.166900
205.169650
206.659300
208.495000
208.517800
208.684300
209.258350
209.262250
210.218150
210.281250
211.084950
211.088900
211.137000
213.545650
214.049500
214.053150
214.297550
215.147250
217.545750
217.550150
217.963300
220.569600
220.668950
220.686850
221.854950
221.869100
221.891150
221.894950
221.899700
221.910450
221.921800
221.925400
221.931050
223.123350
223.647300
223.659750
223.665300
223.674350
223.679300
223.691050
224.677550
224.686300
224.875250
225.269000
226.107950
226.111800
226.264750
226.269100
226.274050
226.730400
228.697750
229.308250
230.352500
230.358650
230.366550
230.370300
230.407450
231.206250
231.209650
231.217650
231.226350
231.510900
231.515050
231.703200
232.214650
232.218150
232.223750
232.230650
232.277400
232.292300
232.297450
232.307950
232.616550
233.236050
233.607100
233.627950
234.527450
235.257100
235.260850
235.264500
235.267300
235.272550
235.276900
235.282900
235.419400
236.574100
236.685500
236.919050
238.336050
238.599350
239.299350
239.306000
239.310250
239.902650
239.992950
240.253250
240.259600
240.952000
241.288400
241.296800
241.486850
241.629150
242.377550
242.383150
242.442300
242.445800
242.784850
242.807600
242.811550
243.381250
243.564950
243.568900
243.576000
243.734000
243.751100
243.763450
244.027100
244.030950
244.357200
244.363300
244.367550
244.375750
244.747650
244.752700
244.979000
245.570400
246.764700
246.770900
246.777250
246.780400
246.782650
246.789200
247.068800
247.072700
247.076850
247.872750
247.877500
247.986500
247.999000
249.264550
249.327300
249.331700
249.568000
249.668350
249.801250
249.807100
250.371950
250.377350
251.003600
251.020250
251.025650
252.101050
252.605750
253.482650
254.011300
254.320900
254.325300
254.337250
254.348150
255.927250
256.021000
256.065050
256.099050
256.103700
256.108400
256.295850
256.403650
256.456800
257.567000
257.580300
257.585850
257.594800
257.607500
258.183700
258.791900
258.796350
258.804850
259.667700
260.036950
260.304850
260.315900
260.318200
260.372650
260.376900
261.704300
261.706850
261.711050
261.730800
262.284550
262.289000
262.295900
262.301100
262.796500
263.186600
263.191100
263.380600
264.015150
265.205950
265.208050
265.213700
265.225450
265.234650
265.237050
265.897900
266.532950
266.808150
266.813200
266.958300
267.722050
267.725650
267.732550
268.318150
268.321950
268.324200
268.800900
268.804650
269.648150
269.768150
269.775300
269.778650
269.793850
270.928850
270.934350
270.948650
270.956300
270.965800
270.968300
272.334400
272.339200
272.352100
272.445800
273.768750
273.774150
274.170100
274.469950
274.795500
275.016500
275.024000
275.372400
275.559650
275.654550
276.110900
276.129600
276.140800
276.443250
276.453300
276.457350
277.502200
277.504850
277.517150
277.520900
277.527300
277.533400
277.575450
277.580600
278.890550
278.986600
280.292900
281.092250
281.097000
281.119750
281.340300
281.348600
281.354750
281.359650
281.370750
281.384100
281.736650
282.047050
282.051050
282.721800
282.730650
282.856100
282.864500
282.873250
282.927550
282.992800
282.995400
283.007950
283.073300
283.124450
283.370050
283.385050
283.633200
283.914800
283.949300
284.347950
284.353000
284.365800
284.371700
284.376350
284.381350
284.389000
284.590300
284.946850
284.955050
284.960400
286.007550
286.011550
286.734300
286.737650
286.746900
286.753150
286.765050
286.860350
287.366900
287.372650
288.772400
288.887150
289.427950
289.929050
290.749950
291.045000
291.048550
291.075350
291.078700
291.685050
292.148100
293.792300
294.437200
294.454600
295.411750
295.419800
295.801350
296.287350
297.015150
297.317250
297.323450
298.842250
299.842100
299.849000
300.020050
300.967500
300.971950
300.977300
301.246000
301.297400
301.301000
301.562100
301.566250
301.571700
301.637200
301.643150
301.650800
301.843750
302.043350
302.341450
303.287800
303.291400
303.308550
304.184050
304.600000
304.605150
304.617650
304.769750
305.005550
305.011700
305.150550
305.595700
305.846850
305.856350
305.862100
306.377200
306.382000
306.391450
306.752350
307.545050
307.548650
307.556300
307.561150
307.575750
308.224300
308.544500
308.549000
308.558350
308.627800
308.631500
308.634450
308.640300
308.653250
308.700700
309.953850
309.999850
310.191950
310.218150
310.224500
310.696050
310.752350
311.187950
311.193500
311.202800
312.206750
312.210750
312.220750
312.226300
312.233400
312.380550
313.146550
313.398650
313.404800
314.337050
314.563750
314.789850
315.026000
315.029550
315.036500
315.041250
315.599300
315.818500
315.822350
315.830000
316.414600
316.424050
316.432050
316.544450
316.547200
316.552350
316.648100
316.654850
317.675850
317.682500
319.002050
319.006050
319.010850
319.017100
319.198100
319.386900
319.665200
320.260200
320.663450
320.678550
320.686200
321.234050
321.237950
321.323400
321.340000
321.385750
321.402300
322.329450
322.671750
322.674150
322.705100
322.993950
323.526000
323.532300
323.823000
323.826500
323.846900
324.429100
324.514650
324.519800
324.629800
324.633450
324.643300
324.647100
325.504500
325.518250
325.534100
325.539500
325.547000
325.685700
326.091450
326.322500
326.381000
327.153950
327.158950
327.453750
327.813000
327.817700
328.665150
328.677900
329.139050
329.585500
329.761450
329.766600
329.998250
330.474700
330.478400
330.483850
330.492600
330.497500
330.503950
330.510300
330.515950
330.518050
332.630450
332.634300
332.747550
332.759800
332.781300
332.786100
332.791450
332.796050
332.802850
333.016350
333.806050
333.815300
334.641700
335.790700
335.794300
335.923750
335.928700
336.082300
336.749250
336.766000
336.769750
336.810050
336.814200
336.819300
337.081050
337.175400
337.178200
337.182800
337.184900
337.189150
337.198150
337.283200
338.294250
339.705550
339.741100
339.760850
339.764250
340.213500
340.217750
340.226400
340.692150
341.165000
341.169250
341.175050
341.181400
341.186900
341.682200
341.699800
341.706900
341.709700
342.993000
343.051350
343.080100
344.675050
344.681000
344.686950
345.603650
345.608350
345.688650
345.700650
345.704100
346.074900
346.079900
346.287350
346.614200
346.816300
346.821500
346.827450
346.831700
346.863600
346.875850
347.205050
347.210250
347.218350
348.331200
348.336700
348.342800
348.473250
349.055750
349.231200
349.234850
349.244850
349.953100
350.136500
350.139900
350.146300
350.151150
351.769700
352.012150
352.594950
353.059800
353.223250
353.351850
353.390300
353.408350
353.446200
353.451850
354.109800
354.179400
354.494700
354.500400
354.505400
355.193200
355.498600
355.899950
355.903450
355.907850
356.494350
356.900750
356.906900
357.063300
357.066750
357.072250
357.104400
357.110250
357.239350
357.479000
357.489750
358.679950
358.684500
358.688650
358.692950
358.695900
358.703600
358.854000
358.857700
358.865500
359.146600
359.150850
359.156250
359.669150
360.080100
360.085450
362.083950
363.352950
363.647100
363.649150
363.654250
363.664950
364.483850
364.533750
365.369350
365.400100
365.408400
366.267700
367.643550
367.649550
368.143000
369.046000
369.049650
369.054650
369.593450
369.598250
369.766050
370.001000
370.006800
370.077700
371.080200
371.083400
372.331350
372.336600
372.340500
372.346800
372.914350
375.159100
375.167800
375.261750
375.455300
375.471050
375.478000
375.482600
375.499050
375.505150
375.512200
375.518300
375.809300
376.135050
376.141450
377.131550
377.135000
377.137350
377.139850
377.143800
377.169000
377.435800
377.600050
378.352700
378.356100
378.369250
378.431700
378.447650
378.453650
379.737700
379.742050
381.626700
381.777400
382.132800
382.734700
382.749900
383.224950
383.241950
383.971950
383.977450
384.615150
384.618900
385.331900
385.337200
385.355750
385.877600
385.917400
386.253900
386.263050
386.712850
386.717350
386.725800
387.157500
387.902250
387.905600
388.569850
388.766450
388.833650
388.864900
388.869000
389.493700
390.997750
391.009100
391.514650
391.621300
391.625850
391.724200
393.272500
393.863000
393.868050
394.639550
394.676750
394.680750
394.694700
394.699950
394.716850
395.497150
396.225300
396.229550
396.236300
396.291300
396.295550
396.304750
396.369000
396.373450
396.836350
396.904600
397.443400
400.173950
400.182000
400.695650
400.725600
400.767150
400.771900
400.783750
401.259550
402.511900
402.521250
403.556500
403.560550
403.563300
403.613400
403.616600
403.621050
404.709150
404.715350
404.730500
404.744800
405.199350
406.455400
406.702750
406.736300
406.755650
406.765200
406.768300
406.774700
406.779400
406.791950
408.325650
408.331350
408.347350
408.439600
410.377400
410.382600
410.423300
411.970550
412.095600
412.853700
412.860450
413.068650
413.140150
413.239850
413.299550
413.304900
413.331650
413.335150
413.913900
413.918000
413.930300
414.085900
414.089550
414.096000
414.107700
414.787900
414.796750
414.830300
414.833900
416.332500
416.753250
417.316300
417.319850
417.605800
419.106050
419.111400
420.747700
421.268900
421.949250
421.958650
422.326250
422.410650
422.415600
422.419350
422.424950
422.428550
422.435500
424.032150
425.791500
426.485450
426.489150
426.494150
426.507000
426.808450
426.828750
426.848650
426.976000
426.988200
427.030950
427.114850
427.259550
427.431950
427.436300
427.446600
427.747600
427.760000
427.763800
427.769600
428.232900
428.552550
429.977050
429.986200
430.996300
431.000500
431.007650
431.011250
431.024550
431.028800
431.032050
431.064700
431.607650
433.081750
433.088600
433.097100
433.102700
433.897850
434.127700
435.045050
435.049400
435.056450
436.217500
436.224100
436.231750
436.394400
436.398200
437.051500
438.296550
438.302550
438.323800
440.761500
441.371950
441.510000
441.517300
442.259800
442.433500
442.437800
442.444750
442.451350
443.588900
443.592250
443.596950
443.621100
443.635800
443.676250
443.989600
443.995150
444.441400
444.445150
444.451950
444.765150
444.990250
444.995850
446.468550
446.477650
446.482950
446.612750
446.616000
446.618650
446.646600
449.042850
449.049800
449.796400
449.803950
449.809600
449.815500
450.482350
450.486850
450.845850
450.848350
452.145700
452.180700
453.304450
453.437300
453.444100
453.449050
453.714750
453.719250
453.722850
453.731350
453.733750
455.457100
455.461400
455.470150
455.472350
457.315650
457.329700
457.336000
457.343600
457.390900
457.393350
457.400850
457.407200
457.416250
457.424550
457.846500
457.850100
457.855450
457.893100
457.896800
457.901450
458.842900
459.132000
459.500350
459.836250
459.978450
460.043700
460.056700
461.130450
461.135800
461.140800
461.146450
461.177900
461.184150
461.577700
462.943000
462.952100
462.954850
462.990700
463.871900
463.875850
463.972450
464.444350
464.914150
465.466450
465.817000
465.828300
465.878450
466.293400
466.299100
466.464000
466.907250
467.391750
467.554450
468.048850
468.059000
468.065150
468.076900
468.669200
469.278100
469.291000
469.300050
469.821200
469.830250
469.837200
471.516250
471.533850
472.383800
472.404000
473.251800
473.258250
473.679600
473.685100
473.715300
473.719050
473.918450
474.656250
474.732650
474.753250
474.756850
474.912800
476.174800
476.461850
476.465500
476.470000
476.480900
476.519150
476.629500
476.634400
476.641500
477.024550
477.069150
478.079400
479.064050
479.098950
479.661600
479.667050
480.310800
480.319100
480.352400
480.478550
480.901450
480.909900
481.117900
481.121300
481.140850
481.980100
482.322600
482.341500
483.066800
483.075250
483.082050
483.120500
483.123750
483.128650
483.169600
483.174600
483.190300
483.194000
483.201000
483.888600
484.464600
484.467950
484.473150
484.866800
485.071100
485.084700
485.089250
485.095000
485.278100
485.869550
486.297700
487.028250
487.032900
487.822200
488.249500
488.815250
488.854000
488.857700
488.897200
490.516600
490.521350
490.531000
490.537100
490.993800
490.997250
491.172750
492.427250
492.433300
493.170250
493.473100
493.483400
493.488850
493.902900
495.032000
495.035550
495.040200
496.604750
496.608500
496.672800
496.811000
496.816450
498.867300
499.207650
499.225400
499.782000
499.787300
499.791800
499.795850
499.801600
499.814200
499.929100
501.421900
501.533900
502.675300
502.678850
502.682750
502.687350
502.691800
502.803000
502.823000
503.234350
503.812150
503.817750
503.822350
503.826500
504.288350
504.604100
504.608150
504.613000
505.132100
505.959950
505.963650
505.969550
506.129550
506.318550
506.451150
506.455550
506.481050
507.204000
507.281300
507.284600
507.300950
508.293150
508.476700
508.499750
508.536550
509.276050
509.288700
509.451300
510.057550
510.061450
510.111900
510.876050
512.001450
512.052900
512.192250
513.202200
514.081850
514.100650
514.105600
514.428650
514.443200
514.713850
515.125050
515.699200
516.083000
517.744100
518.200650
518.290350
518.309700
519.012600
519.551200
519.566650
519.570350
521.141150
521.162850
521.386000
521.395650
521.544900
521.835750
522.210500
522.756500
522.760150
522.929400
523.096100
523.936100
523.963000
524.250800
524.255500
524.264200
524.421250
524.425550
524.547750
525.630550
525.730000
526.801600
527.078250
527.184950
527.188150
527.436500
527.442500
527.514950
528.924450
528.927800
528.937900
529.078450
529.087150
530.170500
530.178200
530.186850
530.498450
530.732550
531.012550
531.296000
531.300650
531.659500
531.663500
531.786550
531.795150
531.797200
531.800600
533.175400
533.178500
533.183350
533.193950
534.490050
534.906650
534.911650
535.317700
535.323150
535.382200
535.386600
535.775800
535.939350
535.946750
536.143300
537.029200
539.200150
539.205900
539.287450
539.290850
541.044650
542.101100
542.103600
543.180850
543.185550
543.749700
543.886750
543.892100
543.898000
544.168550
544.174550
544.289600
544.296650
544.301450
544.307600
544.310100
544.312900
545.044100
545.290700
545.294950
545.993900
546.000300
546.684000
546.860350
546.866450
547.229800
547.248350
547.360400
547.365150
547.381750
547.732200
548.763900
549.693450
549.697650
550.408800
550.449100
550.466250
550.469600
550.483550
550.490400
550.493700
550.495950
550.503750
550.511850
550.515150
550.518850
551.487900
551.491650
551.494300
551.497250
551.510450
552.131000
552.304050
552.998300
553.004300
553.629300
553.632650
554.424750
554.428450
555.447850
555.510700
555.515250
555.531450
555.534850
556.128600
556.132700
556.140100
556.163000
556.483500
556.890450
556.894050
556.943350
557.151350
557.646850
558.140800
558.143450
558.148250
558.154050
559.015950
559.267150
559.322600
559.626800
559.651250
559.654850
560.134900
560.450550
560.455200
561.198550
561.202250
561.208100
561.324850
561.334200
561.340300
561.352400
561.408200
561.413650
561.420100
562.910300
564.112300
564.117550
564.128100
564.465300
564.470000
564.472300
564.863650
564.867350
564.909600
565.220200
565.884650
565.890700
565.907700
565.911700
565.926700
565.983850
565.987900
567.783800
567.789200
568.811700
570.633750
570.637300
571.002100
571.009200
571.678550
571.888250
572.072200
572.076100
572.086150
572.983750
573.601800
574.082950
574.378900
574.417150
574.422200
574.427200
574.436450
574.497650
574.515300
574.682250
575.671150
576.531350
576.717950
576.729150
577.444250
578.227350
578.668100
578.672150
578.678300
578.686650
578.720300
578.724050
579.056500
579.116250
580.346700
580.814350
581.099700
581.103650
582.858200
590.851700
591.533300
592.728800
595.618800
599.689750
600.594950
601.149900
611.021550
612.687100
612.692700
612.696700
612.857050
613.151150
613.530550
613.686550
613.690200
613.694300
613.703400
613.708100
613.716500
613.727250
613.788700
613.923200
614.211250
614.940500
614.951700
615.055100
615.458050
615.460800
615.463350
615.472100
615.482600
615.487800
615.690900
616.445250
616.465100
616.480150
616.483450
617.111600
617.433900
617.438400
617.525150
617.760350
618.169100
623.115600
623.138000
625.272150
625.286600
625.293450
625.448700
625.453150
625.455550
625.468550
625.654950
625.662150
625.667050
625.823550
626.612400
627.544450
627.683250
627.688050
627.693850
627.730550
627.744550
627.965450
628.163700
628.304800
628.423600
628.430200
628.599100
628.845650
628.905750
629.016650
629.249000
629.362950
629.369550
629.440400
629.473700
629.877800
630.297100
630.419250
631.218450
631.221500
631.225850
632.174150
632.177450
632.330250
632.333850
632.549700
634.411350
634.777200
634.884450
636.744400
636.748300
636.815150
636.930350
637.317650
637.493950
637.497600
637.502850
637.507950
638.250450
638.783350
638.800550
638.804300
638.809300
638.813600
638.830400
638.836350
638.845000
639.427750
639.823800
639.903200
639.906950
640.095750
640.987800
641.011000
641.234800
641.383350
641.783500
641.857450
641.935300
642.172300
642.558350
642.568600
642.904050
642.910350
643.251050
643.503400
643.543550
643.690700
643.775950
643.836650
643.889050
644.390300
645.853450
645.858900
647.718300
647.724300
650.965250
651.046900
651.056950
651.061650
651.080200
651.090000
651.100300
651.281900
651.332600
651.341950
652.285650
652.330800
652.357800
652.361050
652.364350
652.368500
652.380300
652.390550
652.906900
652.914750
652.918650
653.221050
653.804600
654.701150
654.705900
654.710750
655.144450
655.408650
655.805550
655.810650
657.311400
657.458500
657.467200
657.540150
658.370000
658.392150
658.461350
658.594550
658.781950
659.649000
659.656850
660.320350
662.138250
662.141700
662.146700
664.597300
664.856650
666.587150
666.805850
666.808800
666.813250
666.824200
666.833000
667.039650
667.055450
667.755100
667.975250
668.460500
668.464100
668.573350
668.883200
668.887650
668.891150
669.048100
669.320300
669.324900
669.344200
669.387750
669.799350
669.839200
669.920800
670.023500
670.180900
670.241700
670.338800
671.039700
671.526000
671.973750
672.473750
672.713300
672.717450
672.722500
673.275300
673.280650
674.320000
676.163650
676.409950
676.414900
677.562600
677.579200
677.941350
677.981300
677.985600
678.697400
678.701550
678.727150
678.730700
678.735300
679.249700
680.208750
680.261800
680.548000
680.973900
681.020600
681.302350
681.315100
681.320800
681.326950
681.380350
681.407950
681.668050
681.689950
681.694850
681.705150
681.837000
682.441200
682.460250
682.480500
682.665950
683.574200
683.812550
684.001400
684.006900
684.187950
684.201350
684.667450
684.948650
685.002500
685.008750
685.033450
685.786300
685.894800
686.267550
687.013000
687.264900
687.384050
687.388750
687.394650
687.531000
688.225700
688.230950
688.462000
688.839700
688.842300
688.866250
688.874250
689.168400
689.175650
689.315100
690.284200
690.288550
690.293800
694.452050
694.458400
695.597700
695.603200
697.837950
697.957750
698.215400
698.535650
698.539150
698.559150
698.959400
698.966400
698.977150
699.044100
699.155950
699.164550
699.284700
699.319250
699.824450
699.836100
699.847750
700.114700
700.294000
700.298450
700.315800
700.614850
701.767650
701.800700
702.243050
702.249400
702.697350
702.700950
702.706150
702.938850
703.462050
703.467500
703.478000
703.494950
703.502850
703.779950
704.696550
705.303500
705.309550
705.319150
705.323800
706.247650
706.251300
706.647450
709.176300
709.181550
710.004350
710.009300
712.138850
712.144550
712.213050
712.218900
712.251450
712.256400
713.057050
713.515250
713.518600
713.522350
713.538400
713.542700
713.675450
713.951900
714.806900
714.981550
715.190100
715.219100
715.745900
715.844850
716.074150
716.274600
716.287500
716.292300
716.297950
716.305550
716.393550
716.425750
716.435000
716.441150
716.463400
716.482450
716.998450
717.067400
717.083800
717.090000
717.596950
718.042350
718.403000
718.811250
718.980350
718.984600
719.517250
721.022850
721.029700
721.411950
721.526350
721.633650
722.635500
722.654850
723.019600
724.137950
724.142700
724.473200
725.616800
725.622900
725.625100
728.143000
728.146750
729.222850
729.227500
731.585750
731.589050
731.649200
734.593900
735.209900
735.213250
735.225050
735.228050
735.241250
735.472200
737.829650
737.832850
737.867200
737.874100
737.909400
738.297750
738.314600
738.320350
738.332250
739.853450
739.858050
742.024800
742.033700
742.099050
742.102800
742.110550
742.114800
745.854200
745.857650
745.860750
745.865050
746.035500
746.262050
747.225400
747.229100
747.855000
747.862150
747.886150
747.894450
747.908400
749.777750
749.781150
749.786100
749.790500
750.110350
750.350700
750.361150
750.680100
750.893750
750.907300
750.911600
750.916200
750.923550
750.967450
750.971350
751.368800
751.545050
751.715250
751.962700
752.001750
752.221100
752.444850
752.758200
752.765300
752.800000
753.059450
753.253150
753.257550
753.620850
753.628400
753.650050
753.654450
754.631950
754.708450
754.907950
754.997900
755.276800
755.282650
755.492250
756.317500
756.326250
756.349400
756.935600
757.832800
757.836850
757.842250
757.954300
758.009650
758.138400
758.436700
758.440300
758.893150
759.504950
759.508550
760.408900
760.414450
760.702050
762.646200
762.650750
762.852650
763.377300
763.709200
763.717750
764.299400
764.370150
764.387000
764.391000
764.480700
764.946250
765.434300
765.439100
765.442050
765.871900
765.875750
765.888100
766.755050
766.909850
767.325800
767.331000
768.514350
769.132800
769.137150
769.140650
769.338700
769.719700
769.730850
770.104250
770.110200
770.201500
770.204950
770.211300
770.213950
770.216500
770.220550
770.228800
770.232800
770.815950
771.502400
771.505900
771.510450
771.514950
772.149400
773.289400
773.338750
774.190150
775.288850
775.292200
775.296550
775.301150
776.049500
779.673250
779.682500
779.686150
779.900850
780.016300
780.021000
780.026500
781.120800
781.628350
781.631600
783.234800
783.258650
783.715400
783.720250
784.262700
784.267150
784.300450
784.569400
784.868550
784.877200
786.054300
786.067650
787.030450
788.588200
788.591750
788.711250
788.714850
788.721600
788.735000
789.351250
789.360150
789.364050
789.368250
792.575250
792.580700
793.977200
794.781250
794.784550
794.787350
794.791850
794.804950
795.098450
795.980400
797.010900
797.022050
797.712850
798.296600
798.465350
798.735700
798.740250
798.745150
798.954450
798.965300
801.648200
801.651400
801.668450
801.708950
801.722550
801.732250
802.001600
802.007850
802.868400
802.873750
803.265550
803.848300
803.856250
804.513450
805.475750
805.486850
805.492950
806.161550
806.352650
806.395000
806.399300
807.740500
807.744500
808.499750
808.586250
808.603500
808.904450
808.908800
808.921800
809.302450
809.572250
809.578500
810.801450
810.805000
811.464400
811.468800
813.075050
813.080250
813.385200
813.390300
813.485900
813.920650
813.925750
815.498150
815.504500
815.506800
815.510700
815.720450
815.737450
815.933500
816.082650
816.096200
816.118650
816.485750
816.580600
816.896750
817.286600
817.299700
817.342700
817.348000
817.524150
817.600450
817.629300
817.652650
817.901950
818.571450
818.576550
818.579250
818.583100
818.599250
818.943350
819.099850
819.114750
819.355100
819.359950
819.911750
820.762650
820.910450
820.925000
821.355350
821.431900
821.592950
821.910000
822.331500
822.334900
822.339900
822.704350
822.714000
823.131300
823.139150
823.146700
823.437300
824.467750
824.470250
824.594700
825.137450
825.143000
825.148100
825.158800
825.177700
825.180500
825.264800
825.279900
825.294100
825.367900
825.454400
825.500200
825.677900
825.681850
825.725300
825.728900
825.754550
826.396900
826.404350
827.382050
827.390700
827.436750
827.441450
827.468800
827.989200
827.992800
828.365050
828.385300
829.456950
829.460150
829.803800
830.169250
830.172950
830.176900
830.180300
830.184100
830.187350
830.198600
830.733100
830.932700
830.938600
830.944200
830.968750
830.974250
831.902100
831.919350
831.922300
831.929050
832.461650
832.624700
833.039450
833.057350
833.291650
833.361400
833.779350
833.849850
834.050450
834.958800
835.576350
835.578750
835.741200
835.745800
835.767600
835.827600
835.831900
835.835050
835.846500
836.562550
836.629650
836.893300
836.897200
836.899450
836.905900
836.924950
837.011200
837.017900
837.144000
838.180350
838.185950
838.971400
838.991250
838.995450
838.997750
839.002550
839.711800
839.814500
840.153950
840.157300
840.162500
840.416150
840.560600
840.564900
840.587750
840.592750
840.841250
840.919800
841.186900
841.292200
841.436400
843.185900
843.191800
843.503950
843.507300
843.523500
843.548050
843.566500
843.636250
844.123050
844.713200
844.727150
845.406200
845.608000
847.984400
848.054850
848.130300
849.582850
850.093500
850.099050
850.378150
850.381050
850.384500
850.390400
850.490850
851.529100
851.533000
851.537250
851.541400
851.700350
851.808950
852.386100
853.076450
853.081000
853.394250
853.398200
853.669450
853.679800
854.321600
854.405450
854.408700
854.414700
854.475100
854.483550
854.594350
855.550500
855.554050
855.562250
856.457150
856.460800
857.192550
857.195750
857.203000
858.089150
858.092750
858.105150
858.156750
858.719500
858.734450
859.657700
859.663100
859.666900
859.929000
860.336450
860.884750
861.566450
861.575200
861.589100
861.778900
861.938550
861.947300
862.251800
862.257850
863.279550
863.762300
863.968950
863.998600
864.004350
864.696600
864.700150
864.706000
864.710400
864.728150
865.076300
865.468350
865.863950
866.665700
866.670550
866.676400
867.798500
867.802050
867.815300
867.821150
867.829400
867.834050
867.839150
867.846050
867.852750
867.923750
867.928000
867.932400
867.936650
867.942200
867.952200
868.679200
868.976000
869.000750
869.004950
869.719250
870.553550
870.620800
870.789600
870.795850
871.212050
871.217950
871.225450
871.342650
871.350650
871.355850
871.998050
872.017100
872.021450
872.041000
873.262100
873.276400
873.499950
873.504850
873.510450
873.764500
873.772750
874.972600
875.107250
876.011750
876.014900
876.024350
876.027950
876.079600
876.084050
876.106050
876.386200
876.396900
876.401700
876.417150
876.679400
877.239050
877.246450
877.306900
877.458850
877.462750
877.468600
878.273750
878.384800
878.394400
878.462550
879.590550
879.593850
879.599150
879.642200
880.922750
880.926550
881.335350
881.913800
881.942850
881.946400
882.214250
882.447250
882.454850
882.696850
883.763700
883.767250
883.780450
883.787600
883.796800
885.016200
885.986500
885.992600
886.427350
886.448650
886.453050
886.463550
886.810950
886.817550
886.838850
886.843700
887.113300
887.318050
887.323900
887.914950
887.924250
889.481200
889.486700
889.577500
889.966150
890.036350
890.935800
890.939950
891.501500
892.707400
892.983450
892.986600
892.997800
893.394700
893.400600
894.632550
894.636000
895.092300
895.113850
895.120450
895.125950
895.209600
895.511100
896.175000
896.178400
896.901000
896.906650
898.149550
898.156750
898.363400
898.539350
898.655300
899.227750
899.254900
899.258050
900.094400
900.147400
901.123600
901.134650
901.246300
901.260300
901.266700
901.272900
901.479950
901.750600
901.755650
901.772300
901.918600
902.116900
902.120850
903.305900
903.866050
903.881750
903.905850
904.463450
904.500950
904.849500
904.866600
904.976250
904.980050
905.237800
906.235300
906.950900
906.963350
906.967600
906.974250
906.985900
906.991000
907.112600
907.182550
907.186250
907.199100
908.318000
909.474700
909.488250
909.493300
909.544000
909.549100
909.553400
909.555750
909.558800
909.567200
909.593100
909.978300
910.550350
912.066150
912.071400
912.080450
912.089500
912.096300
912.596800
912.607000
912.823950
912.827750
912.831400
912.847650
915.360800
915.365550
915.413000
915.416850
915.653350
915.679650
916.462450
916.468550
916.653250
917.238750
917.578200
917.582500
917.625000
917.632200
918.334000
918.337550
918.343750
919.337300
919.987750
919.993600
922.404100
922.451000
922.458100
922.463800
922.574500
922.835100
922.843400
923.093800
923.098050
923.163750
923.489300
925.177250
925.185400
925.235600
925.252650
925.270550
926.491850
926.494900
926.541800
926.559250
926.567300
927.540100
928.365050
928.374350
928.520450
928.526650
928.528850
928.531250
928.546750
929.621200
929.624400
929.633750
929.640250
929.646700
929.654600
929.657300
929.661950
929.668600
929.674350
929.972000
931.160450
931.166450
931.201000
931.233750
931.297550
931.303500
935.751450
935.758400
935.860200
936.729300
936.741050
937.204600
937.208300
937.800550
937.804200
938.704250
939.296000
939.309850
939.343450
939.380150
940.553350
940.871950
940.876350
942.032850
942.218600
942.237450
942.241150
942.247300
943.288050
943.297350
943.674450
944.798050
945.049700
945.057850
945.133500
945.137800
946.225050
946.972000
946.977350
948.005050
948.012650
948.017750
948.023000
948.029150
948.035800
948.049500
948.851250
949.517450
949.524100
949.659600
949.933850
949.943550
949.949400
949.984750
949.989500
950.788650
950.995950
951.001000
951.004900
951.014300
951.019700
951.023450
951.027500
951.623750
951.627900
952.659300
952.815850
952.823500
952.825900
952.834550
952.992450
953.242300
953.247650
953.353700
954.572800
954.586600
955.142700
955.283450
956.678350
956.810700
956.816100
958.363350
958.367200
959.771450
960.404850
960.409750
960.427200
961.604900
961.610800
961.878000
961.884400
962.002200
962.103750
962.107100
962.111400
962.308950
963.134000
963.361300
963.806500
963.961300
964.790100
964.795450
965.648650
965.652050
965.656800
965.672300
965.819400
966.107150
966.281500
967.271600
967.820200
968.247750
968.260650
968.378500
968.568050
968.837700
968.846400
969.220350
969.428350
970.375850
970.384150
970.743750
970.750150
972.437800
972.443100
972.451550
972.461150
972.526400
972.985850
974.951250
974.976250
975.153500
975.992450
976.011250
976.043950
976.063700
976.542800
976.749750
977.305650
977.589900
977.710150
977.714600
977.719150
977.723050
978.110600
978.365300
978.378700
978.382600
978.419450
978.562850
978.875300
978.880750
978.930300
979.254200
980.345050
980.610650
980.618450
980.622500
980.625950
980.633450
981.350950
981.356750
981.380800
981.385000
983.066450
983.217850
983.241750
983.572950
984.575950
984.638950
984.646600
984.674700
985.356250
985.361600
985.371800
985.404650
985.454250
985.459050
985.463850
985.473550
987.940650
987.946900
987.952650
987.958400
989.270250
989.273700
989.293200
989.299700
989.790650
990.239950
990.638900
990.692050
991.658150
991.684900
991.688450
991.693650
991.699100
991.703150
991.710250
992.328100
992.898050
992.914900
992.987550
992.994050
993.014400
993.025700
993.040400
993.714750
993.871950
993.877850
994.211250
994.216100
994.228400
995.146900
995.284150
995.307550
995.316200
995.330300
995.340500
996.363850
996.638650
996.644900
997.153600
997.702650
999.221150
999.259000
999.348400
999.355300
999.359950
1001.472900
1001.476550
1001.485000
1001.668450
1001.678750
1001.686850
1001.959650
1003.046300
1003.068000
1003.416050
1003.423950
1003.426200
1003.442100
1003.453850
1004.811200
1004.814950
1005.094250
1005.098100
1005.103750
1005.183550
1005.350900
1005.501850
1005.506950
1005.522000
1005.642150
1005.653050
1006.120000
1006.157400
1006.188100
1006.510500
1007.068900
1007.282750
1007.931200
1007.934500
1007.939250
1007.957100
1007.964100
1007.976300
1007.982000
1008.236800
1008.592350
1008.596400
1008.599250
1009.730100
1013.631900
1013.919100
1013.925250
1013.945900
1013.949000
1013.961300
1015.531250
1015.718650
1016.197700
1016.445050
1016.621600
1017.720900
1017.726400
1017.742050
1017.861850
1018.092900
1018.095650
1018.102350
1018.107850
1018.124950
1018.129950
1018.137050
1018.140500
1018.152050
1018.421750
1018.872900
1018.905850
1019.471850
1019.614750
1019.617900
1019.622300
1019.635850
1019.869500
1020.572300
1020.735950
1020.744750
1020.750450
1021.280550
1021.793000
1022.382800
1022.388450
1023.035450
1023.040500
1023.052450
1023.056350
1023.064750
1023.111900
1023.507000
1023.952050
1024.032200
1024.035350
1028.262350
1028.608400
1028.613900
1028.833650
1029.142500
1029.146550
1029.488100
1030.209250
1030.421800
1030.427800
1030.480900
1030.490350
1030.650800
1031.197500
1031.360450
1031.365600
1031.380550
1031.384450
1031.395900
