0.661150
1.277650
2.002700
2.145300
2.581250
3.040950
3.189000
3.624200
3.827550
4.482750
4.827750
5.175250
5.213650
5.227100
5.243100
5.255350
5.263650
6.584000
6.808250
8.439350
8.865950
9.018550
9.500150
9.843550
10.185450
10.199250
10.208500
10.211000
10.213700
10.230950
10.234100
10.274950
10.293150
10.295800
10.335550
10.498150
10.608500
10.655800
10.680600
10.754850
10.854500
10.879000
11.041000
11.049650
11.316450
11.329100
11.331850
11.334600
11.342600
11.353400
11.359400
11.369400
11.542500
11.616150
11.767150
11.838850
12.393300
12.744300
12.769050
12.972900
13.198050
13.485000
13.490400
13.508950
13.578750
13.833500
13.994150
14.142750
14.784950
14.913200
14.915300
14.922000
14.924400
15.310650
15.371450
15.545150
15.547750
15.557900
15.562650
15.564700
15.567050
15.569350
15.579450
15.583650
15.592050
15.595950
15.862900
17.462000
17.485750
17.625600
17.721350
17.725850
18.774750
18.833200
19.411700
19.463800
19.468950
19.570150
19.816450
19.826900
20.711200
21.030200
21.380950
21.651250
21.654000
21.964350
21.972250
22.189500
22.499000
22.553200
22.655050
23.322600
23.324950
23.346150
24.008950
24.013500
24.021900
24.028050
24.094500
24.109200
24.493350
24.742250
24.788000
24.803950
24.809950
25.221100
25.697250
25.724250
25.750350
25.783000
25.798650
25.852100
25.857450
25.885650
25.902900
25.924400
26.188600
26.488850
26.491650
26.729250
27.155400
27.460400
27.754450
27.784250
27.794750
27.967550
28.376500
28.592750
28.842150
28.862150
28.897200
29.247800
29.845550
30.225450
30.584700
31.221250
31.452350
31.797300
31.806300
31.827300
31.831050
31.833800
31.836250
31.938650
32.071800
32.213850
33.178850
33.505350
33.526800
33.851350
34.169750
34.210500
34.384850
34.825300
34.828400
34.849250
35.040500
35.613600
36.731500
37.280900
37.325650
37.526400
37.714850
37.833200
37.988900
38.041850
38.044600
38.610500
38.738000
39.587800
39.951800
39.959150
40.016850
40.604500
40.613450
40.619800
40.636650
40.843600
40.864050
40.941000
41.148400
41.432300
41.871050
41.874050
41.936150
42.251750
42.267000
42.272750
42.285200
42.288250
42.915350
43.446150
43.590700
43.596800
43.607150
43.609650
43.627600
43.630700
43.634800
43.693600
44.401800
44.487550
44.880700
45.504650
46.224400
46.409500
46.758000
46.771600
46.930450
47.229950
47.234350
47.241250
47.527900
47.736400
48.179150
48.710600
48.740650
49.091000
49.109250
49.629950
49.640300
50.265800
50.283400
50.288750
51.243250
51.823350
52.857400
52.996200
53.096950
53.400550
53.496700
53.857150
54.300250
55.088800
55.183800
55.249900
55.788050
55.801600
56.048900
56.069550
56.395000
57.434500
57.713750
59.190300
59.520650
59.579100
59.747400
59.967650
59.974100
60.196450
60.279100
60.966950
60.983750
61.720600
61.958100
61.965200
61.982200
61.985150
62.003000
62.008300
62.535350
62.567650
62.574750
62.601250
63.611950
64.817650
65.052850
65.077450
65.178400
66.316100
66.328700
66.357600
66.369200
66.539850
66.724150
66.806650
67.032700
67.378800
68.282550
68.286700
69.062050
69.085300
69.103500
69.219200
69.690050
71.741850
71.918850
87.198250
87.588650
87.592850
87.614050
87.618100
87.621100
87.631300
87.696300
87.916200
87.927150
88.378000
88.644350
88.658800
88.816000
88.850350
89.295800
89.935350
90.189300
90.480100
90.552450
90.557800
90.851800
91.184550
91.452050
91.644250
91.673550
91.757450
91.761650
91.966850
92.396800
93.236400
94.137300
94.162250
94.179600
94.351950
95.179350
95.614500
95.756200
96.154100
96.203750
96.705000
96.757950
96.770450
96.974800
97.243050
97.962150
97.976650
98.829050
99.181950
99.942550
100.508200
100.581750
100.743600
101.243900
101.265150
101.280800
101.284750
102.954500
103.294700
103.410100
103.419100
104.139900
104.270200
104.272700
104.276350
104.279300
104.281350
104.344350
104.848100
104.853950
105.094200
105.456400
105.462500
105.523300
105.539250
105.708500
106.119100
106.801350
107.003050
107.008250
107.160750
107.163600
107.215850
107.520150
108.203200
108.293450
109.014950
109.036050
109.467400
109.474100
109.489450
110.382550
110.473800
110.618550
110.741550
110.846450
111.279900
111.806550
112.363700
112.643650
112.653800
112.665150
112.795850
113.183250
113.522750
113.607850
114.215750
114.225550
114.377900
114.856250
114.997900
115.228700
115.264850
115.268750
115.270850
115.274150
115.405200
115.703850
115.902350
115.908750
116.542250
116.557850
116.566350
116.782450
117.536700
117.616200
117.748750
117.906450
118.200200
118.285500
118.387100
119.209400
119.211950
119.257450
119.527600
119.649700
119.774350
120.927500
121.384850
121.909600
122.044850
122.302450
122.865750
123.025200
123.611150
124.292950
124.721950
125.242700
125.330850
125.402750
125.718450
125.779400
126.483150
126.924600
127.151750
127.183350
127.237150
127.720700
127.894350
128.537950
128.581900
129.304300
129.309650
130.264500
130.753950
130.924150
131.150250
131.264450
131.316550
131.332350
131.519900
131.687500
131.915050
132.338300
132.425000
133.335450
133.425950
133.555000
133.735750
134.049350
134.530800
134.986000
134.989250
134.995600
135.003250
135.009450
135.617600
135.860000
137.052100
137.068200
137.214000
137.976600
138.252800
138.488300
140.317550
140.324900
140.345900
140.389600
140.404650
140.426350
140.435350
140.630450
140.632900
140.635900
140.645500
140.669000
140.672700
140.704200
140.973800
141.909950
141.927700
142.017750
142.121900
142.131000
142.549450
142.813700
142.937550
142.957150
143.017450
143.045950
143.103500
143.270450
143.326500
143.491750
143.961500
143.984800
144.147650
144.347350
144.611800
144.763350
145.317250
145.707200
145.833750
146.179450
146.181750
146.185400
146.193300
146.196400
146.212150
146.217950
146.356000
147.310150
147.692450
148.273500
148.357750
148.694550
148.710850
148.741950
148.755400
148.845550
149.328500
149.452750
149.539300
149.935000
150.054050
150.293650
150.517200
150.594950
150.619450
150.706500
150.760150
150.762250
150.770950
150.773900
150.777300
150.785350
151.522800
151.637700
151.786550
151.902800
152.075750
152.449250
152.696050
152.726950
153.371950
153.389450
153.732200
154.306500
154.705300
154.911000
155.179350
156.209700
156.261450
157.329500
157.651900
157.799300
157.811350
157.814700
158.908900
159.106850
159.402850
159.587350
160.035700
160.052400
160.089500
160.190950
160.535250
160.795750
160.808100
160.890350
161.168100
161.664700
162.060000
162.368450
162.401400
162.431100
162.433500
162.439900
163.514150
163.520350
163.779150
163.838500
163.945450
164.052450
164.134750
165.268000
165.273400
165.282100
165.284900
165.287400
165.702350
165.850350
165.896200
166.281950
166.722350
166.778950
166.786900
166.864900
168.630950
169.596700
170.166050
170.538000
170.878550
170.893050
170.906950
170.914050
171.028900
171.033050
171.044950
171.070650
171.092350
171.201200
171.597100
171.614650
171.646900
172.772750
172.907450
173.086050
174.584050
174.592950
174.600550
174.620200
174.638700
174.651300
174.882300
174.939500
175.333950
175.355600
175.362400
175.682400
176.245850
176.564650
176.575650
176.762400
176.852900
176.941750
176.984300
177.025750
177.041500
177.053250
177.147800
177.166600
177.486700
177.654150
178.278450
178.323600
178.349850
178.778000
179.219350
179.238900
179.266750
179.456800
179.459500
179.479900
179.596950
179.630000
179.662850
179.681050
179.748300
180.111950
180.408950
181.002350
181.025450
181.623900
181.751300
182.063500
182.455350
182.651500
182.977800
182.985350
183.433350
183.463000
183.481600
184.664750
184.780400
185.122650
185.363350
185.407900
185.416450
185.424900
185.448750
185.454200
185.517300
185.519700
185.746150
185.859200
185.864950
186.270400
186.276300
186.285550
186.295600
186.723650
187.354450
187.370350
187.537650
187.548700
187.551050
187.657500
188.182150
188.186000
188.189050
188.565200
188.809350
189.169150
189.374650
189.686050
189.829250
189.885400
190.053400
190.406500
190.433700
190.482350
190.486700
190.542100
191.036600
191.050700
191.130800
191.301450
191.316650
191.319350
191.621200
191.910350
191.920600
192.107300
192.225600
192.540550
192.702650
192.797400
193.393950
193.625850
193.629250
193.888750
193.896550
193.905250
193.911500
193.914900
193.918150
193.921400
194.304000
194.380550
194.694750
194.809850
195.072200
195.416300
195.430900
195.566650
196.148350
196.241150
196.269750
196.476750
196.497450
196.857400
197.691100
197.750700
197.811600
198.256000
198.353700
198.359750
198.685850
199.061050
199.424650
199.508200
199.664300
200.471550
201.604500
201.701600
201.806500
201.993900
202.011550
202.018700
202.036250
202.396350
202.929650
203.375250
203.378350
203.572600
203.585600
204.227550
204.258750
204.570000
204.587550
204.590000
204.774450
204.778350
204.787650
204.810550
204.932550
205.116100
205.289550
205.457250
206.072100
206.205500
206.442750
206.474500
206.626150
206.638550
206.897700
207.297700
207.589900
208.197850
208.368600
208.687250
209.006500
209.101050
209.430400
209.546750
209.551100
209.963150
210.055950
210.569700
210.604500
210.651550
211.038450
211.058500
211.062800
211.071100
211.527250
211.772450
212.001050
212.265650
212.300200
212.407850
212.721700
212.772200
212.816550
212.866300
212.885150
212.891750
212.976550
213.053150
213.269300
213.358500
213.930450
214.176950
214.187000
214.262800
214.338250
214.371700
214.389550
214.791750
215.572750
215.980850
216.000250
216.003700
216.018200
216.038800
216.179800
217.067000
217.218050
217.492700
218.312100
218.327250
218.603600
218.624450
218.641200
218.877800
219.246750
219.313500
219.333050
219.569650
219.767750
219.838650
219.842950
220.203250
220.218000
220.223800
220.344650
221.443800
221.597600
222.053700
222.180600
222.194000
222.307850
222.313250
222.336500
222.379300
222.570500
223.274050
223.291300
223.345850
223.363550
223.378000
224.127300
224.490250
224.493800
224.503900
224.508400
224.819550
225.166250
225.238000
225.243100
225.650850
225.729600
226.680500
226.963000
226.983100
227.326900
227.358800
227.729950
227.906000
228.864000
228.878100
229.352000
229.757050
229.887300
230.012350
230.098700
230.452400
230.459500
230.463050
230.503150
230.508200
230.514950
230.613950
231.210250
231.569800
231.811250
231.928250
231.939700
231.994450
232.004450
232.472850
232.503950
232.816500
232.868650
232.875700
232.880750
233.237200
233.451000
233.459900
233.462100
233.500650
233.744650
234.510400
234.645950
234.650300
234.711550
234.729600
235.006050
235.317950
235.692250
236.016300
236.020450
236.075100
236.103450
236.278100
236.511200
236.516000
236.519650
236.618300
237.129050
237.289650
237.369450
237.614450
237.799750
237.809850
237.928750
237.982250
237.985300
238.003300
238.048300
238.625550
239.027500
239.124700
239.507050
239.771050
239.782650
239.868150
239.877350
240.216950
240.233000
240.442300
240.553950
241.478550
241.700600
241.703450
242.016250
242.121200
242.252450
242.706100
242.829200
243.069600
243.288900
243.341500
243.497150
243.574800
243.591550
244.223100
244.449600
244.820750
244.824650
244.950700
244.964750
245.150550
245.183900
245.194600
245.274000
245.647800
245.766050
245.801700
246.020750
246.032450
246.242750
246.488950
246.520900
246.528600
247.140650
247.165650
247.246750
247.442050
247.620800
247.627150
247.648150
247.772150
247.787100
247.991850
248.117350
248.145250
248.320050
248.349950
248.485600
249.089400
249.097150
249.622900
250.174250
250.416550
250.574450
250.949000
250.962950
251.400000
251.465150
251.705050
251.875850
252.012100
252.107800
252.138550
252.349800
252.621550
252.643300
252.775450
252.830450
252.988000
253.197200
253.418500
253.495900
253.528250
253.615600
254.079000
254.112400
254.574250
254.839050
255.371000
255.516600
256.285650
256.489100
256.496150
256.637100
256.902500
257.115100
257.239800
257.598450
258.430700
259.045850
259.066550
259.535850
259.590100
259.635600
259.696000
259.706900
259.714350
259.735750
259.738900
259.749800
260.011100
260.052350
260.664300
260.668250
260.847750
260.851650
261.390900
261.451500
261.467150
261.485000
261.742550
262.202650
262.234050
262.755600
262.989050
263.760350
263.939150
264.123550
264.185400
264.196050
264.199200
264.201350
264.237900
264.268950
264.460250
265.120900
265.392200
265.406250
265.593450
265.597550
265.796350
265.826700
265.953950
266.081400
266.099450
266.762350
267.171400
267.317150
267.390500
267.786150
267.848250
267.853600
267.982250
268.044500
268.049350
268.125350
268.423650
268.695550
269.032200
269.089900
269.236200
269.275900
269.535900
269.540400
270.321750
270.357300
270.423900
270.664450
270.839850
271.137050
271.277300
271.334800
271.342650
271.878200
272.230200
272.262150
272.286200
272.536200
272.559700
272.780650
273.139600
274.201800
274.557000
274.732150
274.841900
275.085550
275.293100
275.613300
275.923600
275.926700
276.113550
276.170050
276.336000
276.375300
276.661800
276.911700
277.029350
277.060250
277.257350
277.293550
277.356000
277.662300
277.701550
277.723750
277.870100
277.939500
278.125950
278.128950
278.370450
278.454150
278.480150
278.487650
278.498750
278.574200
278.816600
278.825200
278.907300
279.595000
279.699250
279.933700
280.094300
280.097400
280.110900
280.376000
280.473950
280.648400
280.676200
280.876200
280.962100
281.822050
281.826750
282.244750
282.318400
282.394750
282.613200
282.740000
283.311400
283.391100
283.648750
284.018550
284.746000
284.780350
284.788350
284.908650
285.254150
285.258400
285.372600
285.448000
285.851500
286.078200
286.106200
286.109400
286.422850
286.467850
286.514600
286.580950
286.763100
286.816750
287.227900
287.362050
287.367450
288.201250
288.365450
288.612700
288.734500
288.737400
288.875950
288.985150
289.140100
289.235400
289.249900
289.306800
289.608900
290.271500
290.859400
290.954100
291.132700
291.240500
291.278550
292.802500
293.054950
293.101300
294.279150
294.423150
294.427800
294.432650
294.435000
294.595050
295.187350
295.334350
295.441950
295.448500
295.465100
296.388350
296.468750
296.475650
296.592750
296.640000
296.811650
296.815000
296.817050
296.828850
297.168950
297.407800
297.427900
298.024200
298.465100
298.473050
298.477400
298.612700
298.616800
298.725050
299.710350
299.715550
299.823700
299.881850
300.597500
301.232900
301.235650
301.261000
301.525150
302.168550
302.232850
302.573600
302.676550
302.724550
302.800850
303.234450
303.308300
303.311850
303.381700
303.405450
303.410100
303.855600
303.963950
303.989350
303.992400
304.398600
304.411150
304.423450
304.828550
304.833500
305.900800
306.066100
306.279350
306.393850
307.271750
307.323750
307.432750
307.466300
307.499150
307.522250
307.546800
307.557450
307.563250
307.689600
307.958900
308.006450
308.049700
308.570500
308.577300
309.137300
309.174850
309.398300
309.440250
309.542850
309.815600
310.226700
310.235550
310.280800
310.296250
310.353850
310.407950
310.549100
310.555150
310.997950
311.001100
311.479800
311.488750
311.584250
311.928900
311.995100
312.008800
312.181750
312.331800
313.168350
313.964350
313.984600
313.987900
313.999100
314.555050
314.604650
314.812900
314.819750
314.830250
315.407800
315.435550
315.448100
315.466950
315.470050
315.490300
315.934150
316.098250
316.199650
316.227650
316.643900
316.885050
317.681000
319.268150
319.282150
319.406200
319.738900
319.884500
319.951150
320.186000
320.364150
320.419750
320.886700
320.907000
321.216850
321.663000
322.953800
323.035500
323.064350
323.302700
323.395350
323.621800
323.627500
323.641500
323.697800
324.472900
324.741950
324.760600
324.765600
324.887600
324.965800
324.971550
325.006150
325.016200
325.022950
325.026200
325.130000
325.911500
326.144550
326.429500
326.525400
326.537100
327.174450
327.321850
327.341550
327.414800
327.489750
327.507900
327.568850
327.788750
328.345150
328.355050
328.469750
328.637650
328.679350
328.686350
328.745350
328.758250
328.762300
329.409400
329.549650
329.552600
330.089300
330.484400
330.766100
330.915850
330.921150
331.375350
331.406250
331.452400
331.464350
331.481100
331.998350
332.002150
332.004800
333.200800
333.262550
333.621550
333.696500
333.936600
333.947950
334.733650
334.894150
335.165600
335.331550
335.360350
335.554050
335.632100
335.831850
336.065800
336.089150
336.454800
336.472150
336.565150
336.987400
337.154900
337.250200
337.426950
337.652650
337.703250
337.709650
337.719500
337.779100
337.789600
337.808100
338.032000
338.153900
338.363300
338.772250
339.015700
339.055450
339.059500
339.114050
339.272000
339.827750
340.289500
340.507250
340.833550
340.845200
341.740600
342.351600
342.417500
342.550000
342.671200
342.823800
343.221950
343.578050
343.612300
343.787500
343.798450
344.180750
344.502550
344.641950
344.981900
344.986900
345.045000
345.399250
345.831050
346.110900
346.412500
346.485300
347.063050
347.074900
347.360800
348.142250
348.176900
348.197300
348.219700
348.237350
348.639100
348.891750
348.895300
348.897950
348.905800
348.909400
349.415250
349.447050
349.684400
351.257300
351.321750
352.554250
352.875700
353.085200
353.095800
353.199850
353.628900
354.046050
354.256800
354.357450
354.582250
354.651450
354.658800
355.297100
355.596400
355.828400
356.043000
356.088050
356.299650
356.829900
357.136200
357.160100
357.203000
357.206050
357.231050
357.244450
357.334500
357.357200
357.404800
357.439850
357.599450
357.606200
357.758250
358.039550
358.045650
358.205550
358.231600
358.817950
358.866900
359.092050
359.832450
359.992500
360.038450
360.361500
360.374300
360.711850
361.188400
361.294250
361.297550
361.316900
361.417000
361.430550
361.536300
361.552650
361.560450
361.736200
361.793850
361.943350
362.085950
362.382450
362.509300
362.512050
362.574150
362.888400
363.302700
363.598400
363.601050
364.345300
364.348800
364.368050
364.409750
364.581600
364.633550
365.329500
365.334450
365.665150
365.907500
365.990650
366.058450
366.076750
366.098500
366.372550
366.388850
366.827500
366.929950
367.017800
367.638800
367.757250
367.800550
367.929400
368.036050
368.264150
368.295450
368.409400
368.467000
369.591350
369.611150
369.615850
369.975400
370.493350
370.652200
371.099700
371.423150
371.460550
371.958200
372.361150
372.468650
372.867350
372.872100
373.144200
373.224450
373.246900
373.782500
374.392700
374.709100
374.821750
374.853050
374.971800
375.064300
375.571750
375.578650
376.062800
376.211500
376.222100
376.226100
376.231100
376.252750
376.255900
376.503900
376.725800
376.915050
376.942700
377.521650
377.577600
377.696000
377.928850
377.993650
378.426600
379.347350
379.465350
379.474850
380.039800
380.554000
380.557200
380.742400
380.910850
381.635200
381.638900
381.658200
382.375000
383.447100
383.869500
383.959500
384.076700
384.182350
384.217750
384.490200
384.661750
384.675500
385.238150
385.286450
385.737900
386.202300
386.318750
386.400850
386.458550
386.583450
386.725300
386.857400
387.086050
387.091900
387.119200
387.321350
387.487400
387.684700
387.841300
388.088300
388.094250
388.133750
389.142150
389.145700
389.190800
389.318900
389.471900
389.476850
390.828200
390.894900
391.310950
391.410350
391.553550
391.561750
392.005100
392.214800
392.475400
392.514650
393.007900
393.011100
393.100100
393.173550
393.178100
393.426200
393.550400
393.618050
394.131150
394.470150
394.473250
394.478350
394.522300
394.526200
394.548350
394.631350
394.691500
394.720400
395.102250
395.317650
395.516200
395.963150
396.239300
396.607700
396.626300
396.693050
397.197100
397.202050
397.375100
397.534750
397.865500
398.105950
398.116600
398.119800
398.206450
398.480150
398.933350
399.362050
399.386550
399.407200
399.977800
400.035350
400.157250
400.161650
401.241300
401.575850
401.808300
402.167350
402.403900
402.407350
403.244750
403.641200
403.866050
404.407100
404.544450
404.569350
405.611500
405.784750
405.909550
405.957450
406.063350
406.190850
406.667050
407.624450
407.629700
407.632650
409.105150
409.108500
409.661300
409.926250
410.022400
410.180350
410.316850
410.323800
410.620750
410.700250
410.711450
410.939750
410.948250
410.962250
411.416800
411.443400
411.577750
411.947500
412.056250
412.481600
412.745450
412.843700
412.846150
412.865000
412.883350
413.106100
413.272950
413.807550
414.208550
415.000500
415.216250
415.614000
415.627950
415.630900
415.799600
415.930100
415.935750
416.151100
416.295600
417.107900
417.140100
417.356850
418.096900
418.453650
418.487350
418.532900
418.676250
419.320700
419.334450
419.565550
419.819550
420.170700
420.215450
420.226550
420.427750
421.109250
421.120300
421.132050
422.065800
422.071400
422.257450
422.821550
423.096750
423.522050
423.647500
424.862900
424.893200
425.134050
425.139450
425.289450
425.436550
425.560150
425.568550
425.733050
426.239950
426.242850
426.361500
426.789100
426.922950
426.949250
427.508600
428.161600
428.244350
428.679100
429.019500
429.452050
429.467000
429.808600
429.815450
429.821150
429.824000
430.084150
430.419050
430.717350
430.997000
432.008950
432.306500
432.314950
432.318650
432.328400
432.459950
433.270800
433.563200
433.587950
434.000850
435.849850
437.402550
437.461650
437.848250
438.085850
438.354400
438.525400
438.661450
439.176350
440.557500
440.931750
441.116750
441.360300
441.391650
441.493550
441.682150
442.397300
442.448250
442.486750
443.283000
443.575550
443.950400
445.212600
446.214400
446.353650
446.858750
446.874500
446.879200
447.660100
447.795900
447.881600
447.886300
447.903100
447.907600
448.251400
448.354800
448.773400
449.345600
449.361650
449.452150
449.479250
449.617400
449.760150
450.506350
450.561200
450.625200
450.734050
450.750550
450.758450
450.989100
452.066950
452.138600
452.518000
452.522650
453.135500
453.338650
453.345750
453.579250
453.597000
453.622750
453.940450
454.083250
454.623900
454.755650
455.307100
455.310300
455.534050
455.554300
455.706450
456.177250
456.838050
457.117950
457.236500
457.247350
458.185850
458.213350
458.473400
458.487400
458.505850
458.677450
458.934450
459.017750
459.129000
459.566300
459.610350
459.631650
460.031700
460.048650
460.253850
460.428200
461.449700
461.508450
463.957200
464.569650
464.913900
466.125300
466.722750
466.873550
466.880050
467.353400
467.877250
468.273450
468.501450
468.503850
468.909500
469.193950
469.446150
469.593100
470.008800
470.334800
470.731400
471.130100
471.384300
471.440250
471.847450
472.104600
472.159250
472.755150
472.931750
473.283650
473.300150
473.308150
473.358750
473.364100
473.650950
473.753750
474.044350
474.071650
474.515400
474.656100
477.720650
478.300650
478.428250
478.488450
478.755050
478.900350
479.113500
479.367700
479.433850
479.444200
479.447150
480.245450
481.104150
481.193350
481.284150
482.211300
482.541850
482.656800
482.703000
483.464750
483.844900
484.262500
484.716900
485.163800
485.553550
485.970100
486.402950
486.458750
486.595950
486.611600
486.857850
486.876800
488.115400
488.420700
488.786700
489.380700
489.669700
489.780500
489.796300
490.087900
490.523450
490.975450
491.077850
491.868650
492.657500
492.669700
492.674450
492.676500
492.682050
492.709950
492.730350
492.944700
492.949400
492.963550
493.081850
493.364350
493.868550
493.890650
494.084400
494.116250
494.212250
494.330150
494.360350
494.639350
494.641800
494.797900
494.926050
494.944850
494.963700
495.326300
495.339200
495.754900
495.783600
495.815750
495.880450
495.938850
495.943200
496.130250
496.191450
496.212850
496.465250
496.727850
497.544600
497.623550
497.626550
497.719950
497.993550
498.272700
498.512350
499.105350
499.313400
499.745700
500.324100
500.493000
501.249850
501.254150
501.908150
501.955000
502.790250
502.794550
503.588100
503.659950
503.667550
503.669750
503.683500
503.692400
503.714800
504.123400
504.268200
504.675100
504.693250
504.929200
504.945000
505.732050
506.425350
506.475850
506.515900
506.872550
506.875300
507.008400
507.049250
507.612700
507.741800
507.836300
507.856350
508.051050
508.551650
508.566250
508.568550
508.974900
509.242250
509.372400
509.410550
509.476450
509.515650
509.766800
509.902350
509.923500
510.439100
510.501150
510.822900
510.867850
510.987950
511.126750
511.156550
511.583350
511.808750
512.239800
512.835350
512.871900
512.889850
512.988950
513.224050
513.226350
513.533700
513.947050
514.756150
515.001400
515.555250
515.557850
516.726100
516.866450
516.871100
517.456000
518.553600
519.482300
519.535500
519.876400
519.983450
520.076050
520.420450
520.629350
520.836250
521.042850
521.300550
521.338450
521.476350
521.689250
522.054600
522.349000
522.358550
522.588550
522.621500
522.842350
523.171900
523.225700
523.830000
523.896350
524.436550
524.465450
524.674050
524.737050
525.056650
525.092550
525.096900
525.382200
525.563700
525.641850
526.112950
526.138200
526.149950
526.570250
528.257400
528.270250
528.276700
529.005050
529.861450
529.959000
530.703500
530.815500
531.680300
531.835650
532.004500
532.125250
532.226200
532.255800
532.872850
532.921850
533.027350
533.733700
534.216200
534.242600
534.603150
535.033950
535.036750
535.094350
535.493950
535.516000
535.653850
535.814850
536.018700
536.022400
536.243200
536.495100
536.503450
536.750300
536.827300
537.115200
537.823450
538.543150
539.062350
539.182300
539.583600
539.716200
540.043300
540.059350
540.702050
541.040200
541.043550
541.306300
542.029450
542.147400
542.616200
543.056750
543.476300
543.689200
544.023750
544.176500
544.434450
544.659250
544.739250
544.752550
544.830100
544.857150
545.043950
545.317200
545.343550
545.392250
545.561300
545.576600
545.697050
546.123650
546.328150
546.385250
546.850200
547.018550
547.157300
547.210450
547.562050
548.522400
548.532250
548.593450
548.618600
548.964850
550.921450
551.269250
551.309100
552.281500
552.300450
552.484150
553.056100
553.090200
553.106800
553.119900
553.302300
553.323700
553.339900
553.629900
553.642100
553.656650
555.079400
555.088350
555.092150
555.716750
555.925250
555.930300
556.823400
556.868300
557.003350
557.184950
557.455150
557.825550
557.848050
557.909200
558.409550
558.446450
558.550300
558.627250
558.815200
559.015900
559.102500
559.182050
559.367050
560.433850
560.443900
560.459100
560.484500
560.591150
560.850650
560.885850
561.035600
561.053900
561.321600
561.494600
561.930300
562.109950
562.226700
562.649000
562.654950
562.657550
562.662200
562.792600
563.175900
563.181650
563.200550
563.214050
563.217450
563.494950
563.824350
564.031650
564.173600
564.201950
564.454250
564.456500
564.769500
564.922700
564.965450
564.982800
565.214800
565.517850
565.581100
565.838250
566.659250
567.051000
567.287400
567.870300
568.095000
568.333250
568.395400
568.633300
569.293050
569.369500
569.573100
569.718950
571.073350
571.078350
571.414450
571.798100
572.062500
572.071000
572.304150
572.489850
572.717050
572.917200
573.070150
573.168100
573.200950
573.233750
573.256600
574.108450
574.110900
574.219700
574.434450
574.814850
575.053150
575.077450
575.079700
575.378600
575.852700
575.960350
576.052900
576.211700
576.219150
576.664100
577.253450
577.449550
577.456050
577.558100
578.313650
578.452850
578.543700
578.641850
578.647600
578.653850
578.656500
580.073100
580.235100
580.813800
581.562650
582.500650
583.254500
583.563400
583.690800
586.791000
587.653200
595.831950
595.889250
597.529850
608.040350
612.660250
612.831450
613.351900
613.441750
613.562150
613.686550
613.729800
614.174200
614.497600
614.504700
614.527650
614.825300
614.940800
615.035650
615.051150
615.146900
615.549600
615.720000
615.824100
616.303750
616.419000
616.841600
616.905650
616.908700
616.925400
617.024950
617.492650
617.519100
617.581200
618.073850
618.178850
618.634550
619.301550
619.697600
619.700900
620.525150
620.926950
620.997900
622.914050
623.189700
623.366250
623.574500
623.626850
624.440050
624.875650
625.096100
625.303150
625.314200
625.341250
625.488900
625.555250
625.683750
625.770900
626.061300
626.075450
626.268250
626.536950
626.669450
627.111200
627.160600
627.280300
627.450600
627.752000
627.844900
627.869750
628.037800
628.043200
628.100000
628.323200
629.477900
629.637300
630.045300
630.130000
630.132200
630.658700
631.969750
631.973250
631.977550
632.222100
632.229000
632.231900
632.361400
632.522950
633.050300
633.336150
633.959600
634.052750
634.083550
634.130800
634.141450
634.788600
635.576900
635.803900
636.103700
636.151850
636.804750
636.948000
638.036450
638.048250
638.054600
638.167350
638.437300
638.742700
638.792850
638.798200
638.962550
639.135050
639.140800
639.637500
639.702400
640.075300
640.208500
640.400000
640.527750
640.663300
640.989800
641.028550
641.229900
641.422000
641.543350
641.632950
641.954900
641.970550
642.579900
642.583200
643.063150
643.183250
643.236400
643.240350
643.247850
643.254050
643.267950
643.283450
643.684350
644.353850
644.748450
644.903950
645.628150
646.067750
646.324950
646.756550
648.074950
648.861700
649.056550
649.211550
649.295750
649.477300
650.083600
650.241550
650.890700
651.184000
651.202450
651.209750
651.236000
651.657000
651.789350
651.800250
651.867150
651.944600
652.038200
652.057450
652.094700
652.837050
652.842750
653.251000
653.490400
653.604650
653.787500
653.817450
653.890250
654.084750
654.214300
654.217750
654.235950
654.279200
654.411100
654.415800
654.677550
654.685300
654.838300
655.276650
655.296550
655.369250
655.448400
655.489150
655.506850
655.680800
655.684300
655.875950
656.654950
656.962750
656.990900
657.390550
657.395950
657.496150
657.676300
658.308450
658.458200
658.471100
658.498300
658.508200
659.166050
659.428350
659.696000
659.930250
659.964750
660.152650
660.177400
660.289000
661.407200
661.945450
662.542400
662.630700
662.634950
662.837700
663.544950
663.989550
664.482900
664.690350
665.376250
665.615100
665.736550
665.744100
666.045700
666.652850
666.695400
667.284450
667.299800
667.351600
667.420400
667.700300
668.101550
668.182250
668.280200
668.339300
668.434250
668.622300
668.799550
668.921300
668.946950
669.574400
669.768700
669.809250
669.874300
669.899350
670.202450
670.260250
670.266400
670.279650
670.283950
670.410000
670.558300
670.708050
670.957750
671.352850
671.355950
671.473750
671.719000
671.894950
672.201100
672.353950
672.587300
672.773650
672.832500
672.933300
672.965150
673.017450
673.051100
673.053900
673.133000
673.337950
673.685650
673.758100
674.021450
674.025050
674.029700
674.041800
674.359950
674.997550
675.068250
675.352500
676.442500
676.445400
676.993950
677.483400
677.642000
677.802100
677.805500
677.814650
679.154500
679.189150
679.321250
679.748800
679.966400
680.290500
680.293400
680.374300
680.561650
680.603400
680.626150
680.849750
680.868550
681.113500
681.468300
681.473500
681.624800
681.641050
681.693050
681.886900
682.039450
682.473250
682.540500
682.714900
682.886650
682.939950
683.460300
683.488400
683.560350
683.673700
683.894850
683.927900
684.144050
684.427600
684.615700
684.650900
685.167100
685.277900
685.379850
685.406150
685.572550
685.979800
686.167450
686.239950
686.392550
686.426900
686.639250
686.653450
686.940450
687.420100
687.703300
687.712550
687.897850
688.236050
689.049950
689.712850
689.988200
690.675400
690.922850
692.595900
692.939000
693.334350
694.477800
694.532400
694.920500
695.602800
695.625500
695.675750
695.711250
695.714350
695.967050
696.226800
696.835950
696.855650
697.179800
697.583700
697.963650
698.594550
698.717850
699.141200
699.469250
699.711250
700.226300
701.109150
701.303300
701.476850
701.500600
701.596100
701.672050
701.935150
702.010350
702.028150
702.033750
702.578050
702.598100
702.605100
702.609650
702.823650
702.873500
703.091050
703.098000
703.110250
703.285250
703.574300
703.587400
703.618300
703.654900
703.938700
704.300200
704.843400
704.997050
705.161850
705.167750
707.679700
708.341500
708.763800
709.565100
709.575050
710.014250
710.095900
710.455100
712.385050
712.497850
712.941750
713.322450
713.425050
713.529550
713.583350
713.622950
713.811500
713.862150
714.081300
714.210200
714.283100
714.384250
714.510650
715.659650
715.823750
715.847850
715.872600
715.877500
715.907300
715.909600
715.919000
715.934200
715.939200
715.966850
716.652800
717.301550
717.350350
717.461200
717.967050
718.055100
718.263050
718.344400
718.483500
718.502450
718.564000
718.583050
718.748950
718.841750
719.141600
719.179500
719.337850
719.577200
719.585050
719.590450
719.649100
719.673050
719.844550
720.272150
720.351700
721.452300
722.431150
722.467000
723.153300
723.442000
723.684850
723.701500
723.747250
723.816250
723.837950
724.584500
725.737950
726.318950
726.333450
726.376150
726.888200
726.957900
727.260100
728.204800
728.285800
728.911200
730.542000
730.802000
730.819950
731.332950
731.337250
731.691200
731.990100
732.640850
733.548100
734.050200
734.164550
735.107700
736.198050
736.200150
736.206000
736.248400
736.257050
736.259700
736.752300
736.818900
737.661250
738.128600
738.236250
738.239800
739.531300
740.395300
740.400200
740.500350
740.505950
740.515600
740.523450
740.671350
740.679000
741.190850
742.556350
742.607250
743.249350
743.530800
743.608550
744.922100
745.164950
745.170700
746.010200
746.420300
746.663200
747.186950
748.507850
748.514550
748.639600
748.922950
749.240000
749.793950
750.109100
750.250900
750.335250
750.341900
750.360850
750.371200
750.411650
750.514900
750.533350
750.551700
750.558550
750.782300
750.905350
750.937650
750.982550
751.194400
751.213300
751.308100
752.035500
752.134250
752.233650
752.304100
753.506550
753.630500
753.733750
754.019600
754.458200
754.461550
754.558000
754.580500
754.720100
754.821700
754.837150
755.031250
755.608500
755.614400
755.621250
756.588000
756.613050
757.004950
757.336900
757.341200
757.393050
757.743900
757.901400
758.229500
758.466300
758.552500
758.692050
758.815450
758.908000
758.967050
758.985150
758.988800
759.149100
759.156650
759.163750
759.927950
760.447900
760.741000
761.092550
761.115550
761.163000
761.699550
762.063350
763.512700
763.584200
763.597150
763.866650
764.488450
764.936900
764.950500
765.470150
765.497300
765.874650
766.149700
766.168500
766.311550
766.325200
766.328500
766.346450
766.526100
766.545400
767.006650
767.454350
767.619100
767.762200
767.782150
767.970200
768.315400
768.610500
769.188500
769.193350
769.732950
769.989450
770.077950
771.030400
771.069950
771.111650
771.477900
771.801150
771.901300
771.922350
772.313300
772.329250
772.632000
772.705100
773.544050
773.634550
773.707000
773.733450
773.915200
774.072950
774.114400
774.546950
774.577650
774.580850
774.598850
775.016750
776.072400
776.273400
776.281300
776.406550
776.688350
776.796300
777.010850
777.375300
777.383000
777.667150
777.890150
778.716550
778.732350
778.991350
779.189500
779.411950
780.452600
780.804650
783.421050
783.435000
783.439550
783.442250
783.766050
783.777900
784.035650
784.046550
784.260250
784.691950
785.863000
785.925350
786.490400
786.866850
787.096300
787.323250
787.334550
787.830600
787.926450
788.253350
788.458400
788.760100
790.052150
790.057350
790.385850
790.574200
790.795300
790.799950
790.820600
791.470000
791.650850
792.010800
792.927100
792.943950
793.071100
793.080800
793.488300
793.534300
793.537300
794.016450
794.484550
794.828350
795.794250
795.806450
795.925550
795.953150
796.048950
796.233150
796.770300
798.004050
798.443500
799.247900
800.437600
800.642800
801.082650
801.578000
802.083700
802.694450
802.770950
803.309350
803.336250
803.436000
803.439800
804.664450
804.838950
804.997450
805.241900
806.139950
806.382450
807.095100
807.173300
807.180600
807.189050
807.654900
807.711450
808.018300
808.742850
809.002350
809.044450
809.055750
809.059050
809.300050
809.311200
809.673900
811.159950
811.173550
811.363200
811.710150
812.092000
812.113600
812.133950
812.331950
812.594550
812.700200
813.375650
813.931950
814.538650
814.719450
815.271550
815.284700
815.426900
815.555100
815.756650
815.799650
815.907850
815.929800
815.975550
816.006200
816.069250
816.332900
816.348600
816.562050
816.734050
817.096350
817.237800
817.570550
817.682600
817.690500
817.709450
817.724700
818.496650
818.647250
818.652450
818.735800
818.850600
819.038500
819.334950
819.673400
819.770050
819.772500
819.793300
820.520000
820.563200
820.632850
820.696550
820.838400
820.841300
822.283100
822.445400
822.733800
822.751750
822.759500
823.077500
823.375700
823.836550
823.924050
824.256500
824.351150
825.862600
826.362150
826.398750
826.404300
826.425700
826.458650
826.480650
826.485000
826.491250
826.982600
828.337600
828.437250
828.441250
828.476950
828.508550
828.512850
828.517150
828.522500
828.697900
828.704250
828.834800
828.918950
829.293500
829.296150
829.920300
830.448700
830.857100
831.137200
831.852750
831.857650
831.860850
832.499000
832.742650
832.827700
832.921700
833.087850
833.221900
833.341400
833.430400
833.543450
833.576250
833.636350
834.715050
835.202100
836.198700
836.367900
836.685000
836.744600
837.169150
838.015300
838.020400
838.535600
838.540950
838.549200
838.686900
838.740300
838.936300
839.357800
839.926350
840.008350
840.119100
840.242750
840.634350
841.402350
841.638900
841.820600
842.034050
842.791750
843.048500
843.053700
843.193850
843.263050
843.525850
843.811300
844.129950
844.850050
845.743700
845.753900
845.812850
846.113200
846.233000
846.766200
847.139400
847.886500
847.935700
848.302500
848.367900
848.728200
848.756550
849.807750
849.949250
850.778150
851.630100
851.654750
851.665300
851.672450
851.675150
851.683850
851.837750
851.840900
852.276700
852.799200
852.801950
852.817600
853.344700
854.461750
854.735300
855.270550
856.166600
856.385500
856.555600
857.006400
857.339600
857.386250
858.287400
858.295200
858.303400
858.328250
858.331550
858.349800
858.585400
858.595550
859.716600
860.120300
861.599700
861.875550
862.323050
864.414250
864.442750
865.089000
865.092600
865.914550
866.046650
866.095200
866.269400
866.474900
866.520450
866.680350
866.848850
866.872600
867.042750
867.364900
868.334850
868.497750
868.960300
869.110900
869.410000
869.430050
869.433100
869.904000
871.525600
871.581100
871.921700
872.601800
873.352650
873.380450
873.823750
873.844100
873.947700
874.046900
874.844800
875.003600
875.439650
875.503400
875.558150
876.149350
876.739550
876.767700
876.777000
876.801850
876.909900
876.913650
877.200150
877.452600
878.624400
878.794550
879.384400
879.599400
879.759950
880.365900
880.384400
880.392550
880.432400
881.521600
882.058950
883.092050
883.485550
883.722600
883.731050
883.841500
883.931100
884.076500
884.247000
884.474300
884.492550
884.762050
884.844950
885.613500
886.445250
887.082550
887.088400
887.133650
887.160600
887.558300
887.612750
887.780150
888.678300
889.288650
889.715800
889.728700
890.328600
890.378700
890.549700
890.940650
891.064050
891.122200
891.603500
891.625600
891.674350
891.707800
891.881900
891.900500
892.009200
892.024950
892.259050
892.392900
892.530350
892.772950
893.395250
894.480450
894.483650
894.500100
894.834950
895.338850
895.349200
896.017000
896.157750
896.293250
896.535550
897.055550
897.826350
897.956250
898.417350
898.438700
898.539600
898.591250
898.689600
898.889500
899.219800
900.562000
900.751950
901.355750
901.424100
901.533350
901.738750
902.053150
902.556500
902.579350
902.964900
902.997950
903.001700
903.942950
903.962900
904.256000
904.291600
904.732050
905.388850
905.486900
905.670250
906.598000
906.647200
906.816900
906.872050
907.884050
908.498700
908.534350
909.115000
909.918950
910.139750
910.143000
910.350150
910.753700
910.822200
911.154800
912.772050
913.008200
913.819300
913.838000
914.076700
914.231150
914.302000
915.019650
915.021950
915.081850
915.515850
915.627600
915.973950
916.038950
916.107050
916.559450
917.276450
918.007500
918.108400
918.411500
918.448150
918.462100
918.853200
919.485700
919.490900
919.494450
920.232400
920.278000
920.297750
920.910650
921.015400
921.020700
921.031950
921.348500
921.523000
921.626850
922.072050
922.083750
922.255700
922.360400
922.445000
922.604100
922.712200
923.310400
923.316600
923.754900
924.183850
924.968900
925.054000
925.074200
925.077850
925.095150
925.429450
925.520500
925.956700
926.215450
926.786600
927.037650
927.487400
927.593750
927.628100
927.802800
928.071100
929.476300
929.976900
930.037750
930.049800
930.743700
930.977750
930.994300
931.611450
932.074950
932.511450
933.483200
935.244150
935.914100
937.149600
937.444450
937.542850
937.663550
938.649800
938.783650
938.817200
941.095150
941.127400
941.137050
941.303500
941.307250
941.542200
942.168900
943.257750
943.869350
944.062150
944.440850
944.455150
944.992050
945.439300
946.048800
946.237700
946.264850
946.274100
946.288450
946.518600
946.973450
947.796300
947.800600
948.424000
948.429650
948.793800
949.116350
949.401750
949.505200
949.778400
949.939800
950.297400
950.713200
951.422250
951.467000
952.549200
952.571300
952.603750
952.606950
952.734300
953.152450
953.301200
953.387650
953.710450
953.748750
954.447700
954.518300
955.059500
955.389150
955.878800
956.222950
956.459750
956.970650
957.661100
957.742200
957.745700
958.177500
958.191150
958.343550
958.706200
958.979000
960.652700
961.576200
961.637100
963.043450
963.879600
963.882550
964.022650
964.458400
964.547300
964.589850
964.830800
964.833950
964.843750
965.002150
965.157750
965.488300
966.647800
966.804550
966.948800
967.140700
967.666700
967.674250
967.810900
968.147300
969.150200
969.661900
970.500050
971.027750
971.165500
971.453550
971.540050
971.730400
971.811200
972.095000
972.248200
972.923400
974.006200
974.199900
974.311900
974.371050
974.633950
975.140550
975.879100
976.692450
977.190500
977.305100
977.335000
978.107950
978.423000
978.903200
978.916650
978.960650
979.296250
979.300400
979.312900
979.346850
979.353450
979.370250
979.638900
979.914950
981.113600
981.443950
981.539950
981.568450
981.781750
982.214500
982.255950
982.279150
982.867700
982.940350
983.084050
983.737550
984.196550
984.200900
984.210300
984.254400
984.257350
984.289250
984.301800
985.088850
985.210400
986.707650
987.585600
987.607000
987.835650
987.901850
988.366350
988.378550
988.385200
988.440300
988.618350
988.727900
988.734000
988.947050
988.959750
989.003050
989.096200
989.165100
989.187800
989.207600
989.538850
990.144750
990.226700
990.499650
990.517450
991.045850
991.219700
991.947450
992.144850
992.543950
992.738100
992.770450
992.774300
992.786150
993.337400
993.675400
994.485850
995.178900
995.689950
996.157350
996.168100
996.532800
997.402900
997.587100
997.593350
997.609450
997.619500
997.621550
997.968800
997.971900
998.269900
999.037600
999.217350
999.225350
999.279050
1000.409900
1000.530300
1000.545850
1000.569950
1000.963200
1001.667800
1001.810550
1001.855100
1001.989600
1002.503200
1002.517650
1002.521750
1002.534750
1002.742400
1002.747600
1003.223000
1003.434250
1003.441300
1003.451900
1003.522450
1003.643250
1003.654650
1003.974500
1004.314400
1005.417150
1006.028050
1006.032550
1006.059650
1006.501050
1007.307450
1007.395650
1007.581200
1007.802600
1007.809850
1007.935100
1008.119300
1009.021300
1009.464400
1010.214300
1010.309650
1010.988600
1011.657700
1011.694800
1013.306950
1014.027850
1015.169450
1015.378150
1015.394550
1015.526050
1015.865450
1015.902400
1015.904950
1016.089050
1016.266100
1016.291650
1016.308900
1016.706200
1016.798900
1017.091300
1017.104350
1017.157700
1017.793150
1018.101000
1018.649050
1018.727100
1018.761600
1019.713700
1019.974750
1020.121300
1020.310000
1020.376350
1020.555700
1020.588450
1021.044300
1021.296250
1021.305950
1021.310150
1021.595200
1021.609200
1021.777350
1022.559650
1022.593700
1022.600850
1024.827350
1025.149700
1025.988400
1026.279250
1026.919000
1026.925200
1026.941050
1027.133600
1028.651650
1028.690650
1028.881150
1029.357150
1029.432000
1029.450100
1029.899650
1030.053600
1030.089250
1030.249950
1030.276600
1030.305200
1030.390750
1030.445450
1030.685400
1031.346100
1031.435500
1031.610450
1031.624900
1031.629800
