5.140900
5.217800
5.303100
5.726450
7.223100
10.193650
10.208300
10.234050
15.768400
24.796750
27.526650
27.530200
27.549500
45.353500
51.547950
57.196100
57.713800
62.604400
63.989900
64.028900
65.779050
67.945000
69.479200
69.638700
69.678450
69.951350
70.026550
71.384200
81.395700
84.275950
85.017050
85.436600
88.645500
89.430050
93.331650
93.946250
94.952700
97.327700
97.690600
97.708400
97.744600
97.760150
99.148450
101.349300
105.458550
108.369950
109.065150
109.081000
110.801700
111.108650
111.113950
111.121000
111.133550
121.150450
121.162000
124.330650
126.210050
126.228100
126.386650
126.406600
127.736150
127.741150
128.945250
128.950600
128.954450
128.960450
129.138650
129.144950
129.173250
130.449550
130.590350
130.614000
130.982000
131.100750
131.121150
131.193000
131.553050
131.572300
131.961000
132.478850
132.971850
132.987900
137.502500
137.535500
139.261550
141.015900
141.083500
143.851050
144.195250
145.046150
145.065600
145.236050
145.288600
147.712200
147.719300
147.734450
147.743850
147.752650
147.968450
148.214500
149.044700
149.453050
149.969200
150.354400
150.375950
150.387150
153.837650
155.585500
157.057800
161.114650
161.350850
161.415200
161.644350
162.802950
163.265950
163.272700
163.473600
164.379150
167.607650
172.379200
172.407550
173.523900
173.722100
175.206750
175.215150
175.228300
178.104500
178.115050
178.263750
179.147700
180.034350
180.040850
180.048150
181.126800
182.155750
182.535100
182.542150
182.644700
183.253450
184.806950
186.229650
187.439950
188.071850
189.537550
189.733850
189.743850
191.511700
192.484900
196.229000
196.234400
199.223450
199.306450
199.578850
199.586150
200.298200
200.452150
200.481850
201.278900
201.302300
201.328650
203.391050
203.830300
203.917100
203.922350
203.943450
203.948750
205.430850
205.438950
206.862950
206.875250
211.499350
211.601050
213.721200
213.742500
213.747550
214.908650
215.359100
215.627100
215.891950
218.090300
218.473900
218.666850
218.681950
220.100150
221.512900
222.238150
222.244050
223.065150
223.071150
223.272250
223.294600
224.053900
224.058100
224.064600
224.072900
224.086900
224.093300
227.391050
227.406150
228.856600
229.569350
229.575900
230.378600
230.396850
231.226800
231.945900
232.867500
233.587150
233.597350
233.613750
234.645150
235.170950
235.253900
238.258650
238.268150
238.747900
239.344650
239.600850
241.472950
241.478050
241.486600
242.867750
243.126150
245.048100
245.100600
245.106250
245.119950
245.126650
245.133550
246.648500
246.657150
247.279200
248.001450
248.119650
248.145200
248.152100
248.163500
248.298750
248.467900
249.017650
249.035900
249.084100
249.173700
249.873650
251.568950
251.756000
251.763900
251.878950
251.890900
251.901950
251.938100
252.025500
253.696400
253.707950
253.740150
253.847100
254.535700
254.617450
254.855650
254.910950
254.935150
255.341850
255.352050
255.358500
255.897100
255.908000
256.097700
256.153300
256.173650
256.350500
256.382750
256.873800
257.102950
257.522650
257.983700
260.372700
260.749650
261.299600
261.306200
261.895150
261.924750
261.933500
262.126100
262.151000
262.161000
263.367800
264.172750
264.726050
264.734950
266.305450
266.428600
266.436250
266.581600
266.611000
266.651600
267.087500
267.091850
267.638800
267.649200
268.549500
268.559100
268.565900
268.580450
269.315450
269.321350
269.925700
269.933250
269.942200
271.352150
271.904400
271.935550
273.264300
273.274650
274.206700
275.231000
275.236250
275.278350
275.311500
276.696850
277.851600
278.003750
278.434400
278.911800
278.918750
279.121500
279.134600
279.154100
279.196950
281.735150
281.739750
281.756850
282.103100
282.118050
282.160100
283.503150
284.013450
284.057750
284.559750
284.817800
285.159300
285.174950
287.279350
287.295000
287.894100
288.370150
288.374150
288.381400
288.387000
288.874300
288.915300
288.946800
289.337400
290.170550
290.199300
290.615300
290.761750
290.766600
290.780450
290.899900
291.340200
291.360450
291.669850
293.572100
293.832850
294.629400
294.637650
296.218800
296.238150
296.854950
296.882950
297.118750
297.125450
298.734900
299.439950
299.479550
299.757300
299.763450
299.772900
299.993050
301.531100
302.217800
302.224000
303.033550
303.038750
303.049850
303.294250
303.316350
304.357300
305.800050
306.362750
307.006750
307.101800
307.109100
308.373600
308.389200
309.760750
309.766550
310.115250
310.125050
310.521250
310.967200
311.569150
311.575100
311.625150
311.774550
312.064900
312.072400
312.229350
312.258600
312.643350
314.060000
314.111850
315.217700
315.634750
315.652700
316.062250
316.088200
316.343050
316.357500
318.901400
319.413150
319.448300
319.866050
320.316100
320.416850
321.029600
321.034950
321.044850
321.239050
321.251450
321.283250
321.331350
321.716600
322.244000
322.923000
326.095650
326.240000
326.258550
326.388850
326.577550
327.812050
328.253050
328.569350
328.599850
328.605950
328.829000
330.761050
331.748700
332.040900
332.047600
332.057400
332.225900
332.245850
332.293800
332.316650
332.448100
334.833700
335.334150
335.855500
335.878100
336.788750
336.800250
337.082850
337.617000
337.634650
337.642800
338.201500
338.688550
338.696800
338.711100
339.573550
339.613650
339.628350
341.149100
341.254350
342.337050
342.342000
342.759000
342.765950
344.150700
344.520450
344.529650
344.659850
345.492050
345.834150
345.841200
345.849200
346.301350
346.944500
347.523800
347.930550
347.937050
348.054500
348.073100
349.305350
349.329900
350.417000
350.514300
350.522300
350.526500
350.535550
350.546800
350.563700
351.409450
351.593600
352.238900
352.821750
352.994300
353.017600
354.031400
354.075950
354.290700
354.616150
354.633050
354.919750
354.927450
355.034500
356.602700
356.870600
356.874700
356.882200
356.897400
357.924250
357.936950
357.952450
357.961050
358.136900
358.207250
358.341150
358.864050
358.872900
359.131200
359.144450
359.157700
359.945550
360.900450
360.910500
360.978350
364.428850
364.669900
364.687150
365.207850
365.487800
365.517350
366.591050
367.596800
367.603950
367.748800
371.078600
371.090850
371.307300
371.312450
372.261650
373.356800
373.369850
373.386500
373.406450
373.599250
373.826700
374.785700
374.789450
374.961600
374.991000
376.090000
377.279550
377.287450
377.300500
377.465150
377.526750
378.408950
379.021500
379.086000
379.467200
379.681700
379.713250
380.993450
381.668300
381.672050
381.677100
382.002800
382.395850
382.964100
383.210200
383.490750
383.814300
383.819900
385.753950
386.448600
386.461300
386.567650
386.576050
387.328300
387.511750
387.876950
387.900300
387.908100
387.923000
387.982150
388.871850
388.878700
388.907400
389.060400
389.488950
389.494300
389.512500
389.695250
390.881500
393.736150
393.757400
394.466700
394.626000
394.630750
394.954550
394.964150
395.154900
395.165750
395.311500
396.129350
396.145500
396.275050
397.550250
397.615300
397.758350
397.764350
398.361750
398.633100
399.621500
399.724600
400.123500
400.752950
401.217850
401.663900
401.673700
403.480650
403.495200
403.763750
404.474700
404.762750
405.133200
405.594900
405.607650
405.789650
407.015600
407.279400
407.286250
407.624450
408.340850
408.353100
409.096700
412.636450
415.050350
415.850850
415.858000
416.109350
416.116100
416.123700
417.670700
417.930700
417.963200
418.013600
419.086400
419.091850
419.383450
419.906250
419.968250
420.453250
420.587550
422.370450
422.501250
422.522100
422.540600
422.559450
422.634000
422.755750
425.444900
425.473900
425.628600
425.639300
425.865500
425.904700
425.967050
426.279850
426.296500
426.594750
426.599650
426.606450
427.000050
427.063350
427.080800
427.104100
427.498100
428.615850
429.334400
429.584700
429.611500
430.122950
430.489050
430.511500
431.290100
431.296400
431.302350
431.528800
432.165750
432.837350
433.364100
433.676100
433.684100
434.142600
434.379800
434.491900
434.801450
435.517950
435.618450
436.360000
436.966150
437.251550
437.285400
438.699550
438.714950
438.910100
440.699850
440.735800
441.197100
441.214800
441.243800
441.737200
443.790350
443.803200
444.406850
444.611550
444.616850
445.518750
446.765650
448.408500
448.756200
448.829150
448.928250
449.213200
449.217300
449.221850
449.859150
450.079000
450.166900
450.175200
451.780000
451.803700
451.990300
452.010250
454.210100
454.218900
454.425150
456.077050
456.713100
457.514550
457.682900
458.922250
458.930900
459.735350
461.047650
461.310550
462.908250
462.917500
463.139150
463.565100
465.601950
465.608300
466.674250
466.895550
466.908150
467.052200
467.097650
467.680100
467.684900
467.692450
469.711350
469.726700
470.040350
470.062400
470.165500
470.188250
470.887450
471.234150
471.241350
471.438500
473.505650
475.050950
475.081100
475.380700
475.387100
475.663450
476.487950
477.148050
477.161150
477.282600
477.317750
478.148300
479.441350
479.448800
480.157850
480.659350
482.026900
482.033850
482.519250
482.596300
483.357600
484.450150
484.877050
484.921700
485.503150
485.577750
486.016950
486.185250
486.866900
486.892250
487.055950
487.330400
487.538950
487.764050
487.788900
489.507500
489.515500
490.526450
490.892600
491.422350
492.012500
492.337400
493.585750
493.720250
493.755900
493.782350
494.461400
494.879700
494.892100
495.093600
495.549700
495.582750
495.956950
495.969850
495.975150
496.208400
496.378000
496.406150
498.540050
498.570150
498.596500
499.815600
500.067200
500.123450
501.386550
501.737000
501.743600
502.614900
502.622550
502.852050
502.875000
502.884200
502.900850
503.924600
504.299250
504.331100
504.349050
504.451950
504.910350
504.921750
505.109650
505.161750
506.525750
506.772900
506.977900
507.000800
507.484600
507.490600
508.172000
508.185050
508.427800
508.433550
508.645450
508.654350
508.832650
509.426800
509.435050
510.854600
510.867750
510.973750
512.107500
512.118800
513.564300
513.582300
513.609200
513.961350
514.351800
514.357150
514.848950
515.391100
515.438600
516.288150
516.553800
516.630300
517.086500
517.103950
518.370150
518.375800
519.641650
519.733800
520.787700
521.528100
521.532800
521.538100
521.544400
523.170950
523.243850
523.275100
523.962150
524.060050
524.770600
525.734600
526.746000
526.753900
527.795650
528.294150
528.529600
528.937650
530.316950
530.361100
531.163600
531.179400
531.185750
531.528500
531.540250
531.558300
531.757750
531.781050
533.239150
533.244900
533.249500
533.637200
533.653300
535.361550
535.670000
537.021800
537.035050
538.046450
538.061800
538.074900
538.122650
538.130750
538.600150
538.608300
538.671100
538.677600
538.684300
538.696800
539.188550
539.464500
539.484400
540.513650
541.499800
542.053600
544.747400
544.832250
544.839300
545.977250
545.992000
546.004150
546.021350
546.098150
546.556350
546.576550
547.313700
547.647850
547.962200
548.949850
548.995700
549.708950
550.260500
550.264550
551.060650
551.092800
552.316750
552.834300
552.953300
554.308950
554.525950
555.812950
556.678900
556.719800
557.539550
558.048100
558.138400
558.718350
558.734000
558.975050
559.010650
561.161550
561.210150
561.292050
561.325700
561.963150
562.040050
562.045150
562.058300
562.065400
562.244550
565.283400
565.646600
565.652050
566.268100
566.279050
566.314000
566.339800
566.426200
566.473800
567.347700
567.397600
567.533100
567.547450
568.289600
568.341000
568.405900
568.837550
569.319650
569.813150
569.847050
571.092500
571.103450
572.500250
572.514550
572.528350
572.986700
573.037650
574.671100
574.678600
574.686350
574.705150
574.712950
575.229350
575.395400
575.418850
575.451300
576.105850
576.806750
577.160750
578.186300
578.194850
578.222500
578.257350
579.201850
580.617600
580.771500
580.791600
580.834950
580.928800
582.078500
582.290900
583.184150
583.205350
587.650500
588.252350
590.831150
592.628750
596.089350
597.719650
597.969650
601.029700
603.828650
607.086100
608.204650
608.344550
609.456650
613.117600
613.746800
614.350600
614.391750
615.174000
615.505700
615.522650
616.257500
616.271500
616.837450
617.168800
617.188650
617.319700
617.687100
617.821450
618.367950
618.374800
618.643000
619.405200
619.413400
620.923000
621.526300
621.880800
621.901550
622.691200
623.154150
623.174150
623.288050
624.622150
624.654400
624.691750
626.073900
626.092000
626.209250
627.690650
627.697600
627.777650
627.850750
628.470550
628.536750
628.602300
629.546050
629.820250
630.352950
630.407350
630.949450
630.956150
631.373600
631.375850
631.385450
631.411950
631.510250
632.883550
632.985650
633.044450
633.529750
634.821550
635.819700
636.214700
636.235800
636.266000
636.451150
636.506000
636.548500
637.812750
637.817000
637.828000
638.769950
638.965150
638.984000
639.003950
640.853150
640.858350
642.680950
643.290050
643.300000
643.307000
643.311650
643.319500
643.926450
643.931950
643.938700
644.110250
644.567300
645.316550
645.879500
646.111000
646.308600
646.337550
646.493300
650.118850
650.174200
650.201200
650.509200
650.532900
651.262600
652.291300
652.315250
652.327150
653.061800
653.071950
653.514500
653.570250
653.580100
654.270600
654.469550
655.823700
655.829650
655.847100
655.856700
656.438550
656.788250
656.795100
656.831200
657.092400
657.108050
657.473050
657.507600
658.988650
659.410350
659.413150
659.419600
659.435750
659.544750
659.552600
659.729500
659.968900
660.164500
665.774000
666.307500
666.464250
666.509750
667.948500
667.958900
667.988150
668.012400
668.162100
669.083000
669.114050
669.138750
669.521850
669.756900
669.762600
670.887550
670.892850
670.898800
672.054550
672.497000
672.921700
673.407650
673.794000
674.120650
674.304400
675.178950
675.185250
675.403450
678.511700
680.112100
680.797300
681.766450
683.351100
683.872950
684.286150
684.294700
684.993850
685.904450
685.911400
686.019500
686.569250
686.637050
687.389050
687.547950
687.554000
687.652050
687.672900
688.105000
688.539650
688.552750
689.141050
689.148100
689.159050
692.486000
692.494100
692.747700
692.871000
694.598150
694.630050
694.638150
694.669800
694.948750
694.954900
695.169200
695.175250
695.274550
695.283250
695.689750
696.359750
696.375150
696.395600
696.408650
697.723250
698.260100
699.501200
701.375200
702.833000
702.926000
703.400550
704.309800
704.315200
704.326700
704.337450
704.795550
704.812300
704.948850
704.953000
704.963800
705.449400
705.471050
706.266350
706.758200
706.790250
710.133650
710.211450
710.224900
710.701000
710.988900
712.011000
712.312400
714.353100
714.716100
715.213050
715.240350
715.977500
715.982750
716.138150
717.144100
717.719500
718.575800
718.770600
720.096150
720.128000
720.153850
720.169000
720.291200
720.684800
724.190450
724.493150
724.879250
724.934500
724.941750
725.012000
725.023400
726.048400
727.593350
727.838300
727.876450
727.892300
728.147700
730.273050
730.398000
730.403750
730.407850
730.688650
730.704350
730.747500
730.794550
731.978550
731.989150
732.639350
732.679550
733.829500
735.155400
735.168950
735.229900
735.236600
735.247600
735.352700
737.019350
737.212000
737.228200
737.254450
737.700000
738.267050
738.272200
738.888050
739.050300
740.587350
741.744400
741.797650
741.834250
741.842550
742.137200
742.163200
742.211050
742.216850
742.436000
743.204450
743.212750
743.398700
745.862300
745.877400
747.384900
747.407700
747.847550
748.661950
748.989650
749.043250
749.058250
749.203600
749.214250
749.246650
749.319400
750.859450
750.878050
751.882750
751.910800
752.040300
753.430950
753.445150
753.486450
753.716450
754.546450
754.724100
755.346300
755.378000
755.407950
755.430500
756.957250
756.988300
757.481000
757.502450
757.909700
758.150550
758.442850
758.601100
759.064800
759.070800
759.691950
759.696950
759.795350
759.803000
761.229650
761.249050
761.286550
761.373950
761.390350
761.396850
762.185950
762.251600
763.163000
763.415250
763.833500
766.000050
767.412200
767.418550
769.125700
769.576950
769.581600
769.793200
769.877000
771.309250
771.316600
774.051550
774.076550
774.185050
775.470150
776.471150
779.086500
779.093350
779.127100
779.166650
779.185300
780.232800
780.308450
781.925100
781.938250
782.309600
784.361100
784.375000
784.403700
784.455350
784.463500
784.726100
786.549850
786.588250
787.730300
788.944900
788.963150
788.993050
789.272300
789.781900
791.132100
791.137400
791.593250
792.489400
792.496500
792.988850
793.014900
794.724400
796.059150
797.988900
797.993550
797.999700
798.006500
798.016550
798.111550
798.122350
800.831950
801.342250
801.367500
801.911500
802.663600
804.382450
804.392850
805.934200
806.224100
806.229400
806.234900
806.239900
806.246250
806.254400
806.538500
806.561150
807.365800
807.375400
807.386550
807.545200
808.028900
808.040550
808.264200
808.318750
808.526050
808.678300
811.113400
811.234400
811.240300
811.603400
812.245800
812.250800
813.596900
813.602900
813.980600
814.233050
814.290400
814.361050
815.730300
815.813750
816.339950
816.346950
816.580850
817.051000
817.057200
817.538150
817.632800
819.976400
819.980600
820.431950
820.950850
821.182000
821.209250
822.225500
822.269500
822.407000
823.062700
823.069000
823.075400
823.101300
824.177350
824.183350
824.258850
824.613450
824.914150
824.939300
826.208450
826.373550
826.763800
826.773700
826.806550
828.264350
828.785900
828.793550
830.649400
830.877850
830.908250
832.558300
834.106200
834.200300
834.821950
834.831350
835.112600
835.119650
835.203450
835.872350
835.944650
835.949950
836.973950
837.680800
837.686250
837.694850
837.899000
839.280500
839.466500
839.497800
840.124100
840.361100
840.537650
842.068300
842.076850
842.370600
842.898950
843.331500
843.337800
843.348900
843.580950
844.029600
844.048200
844.083450
844.139200
844.902250
844.952000
845.141500
846.200750
846.392750
846.585050
847.125400
847.132300
847.140900
847.501950
848.394600
848.400950
849.583200
849.739850
851.352550
851.373500
852.969000
853.117000
853.135250
853.424600
853.528850
854.028050
855.029550
855.050900
855.176300
855.191650
855.728900
855.758500
856.340450
857.758050
857.763600
858.268600
858.286100
858.293250
858.304950
858.333900
859.274450
859.329900
860.436800
860.451800
860.939000
862.817400
863.100200
863.481400
863.759550
863.764200
864.080000
864.630650
865.136100
865.143500
866.591200
866.629450
867.630850
868.757600
868.771850
868.785450
868.798200
870.717450
871.368250
871.579650
873.150300
873.193450
873.206150
873.883700
874.147250
875.230800
875.417350
875.981850
876.386000
877.100250
877.105800
877.442700
877.454450
878.134750
878.225600
878.997750
879.026300
879.035800
879.058850
880.120450
880.148000
880.427050
880.433400
880.470300
880.682450
880.701150
881.655750
881.668450
882.134600
883.896350
883.934450
883.946250
884.821750
884.851300
885.026300
885.318750
885.334150
885.388350
885.417250
885.901650
886.180000
886.488700
886.795600
887.755150
887.781150
888.486700
888.880050
888.912100
891.860150
892.537850
893.023850
894.014600
894.021550
894.497450
895.383050
895.389950
895.671350
896.633650
896.639850
897.013200
897.058400
897.279700
897.314350
898.102600
899.058900
899.428250
899.445900
899.857600
900.276400
903.515750
903.716700
903.722500
903.731550
903.849650
903.876100
903.994600
904.019850
905.863400
906.754900
906.761750
906.769850
906.893100
907.578450
908.566900
909.015400
909.954550
909.962800
909.970200
910.375500
910.387750
910.411700
910.936850
912.456600
912.462850
913.017900
913.644000
913.649750
913.659050
916.120750
916.129900
916.621800
917.577100
917.587900
917.596400
918.643000
918.653600
919.134750
919.472250
919.604500
919.610350
919.787400
919.803250
919.869950
920.221000
921.044400
921.051050
921.456300
921.470900
922.342050
922.352250
922.776750
922.791900
926.365400
926.374450
927.114300
927.299550
927.316150
928.005600
928.149950
928.697850
928.724750
928.749500
928.872650
931.191600
931.308050
931.376150
931.853800
935.164350
937.714250
937.997300
938.025850
938.383850
938.590950
938.621850
938.824700
939.083650
939.857350
940.414500
940.462350
940.842150
941.968400
941.975850
941.997650
943.321350
943.481800
945.875600
945.884550
946.400350
946.418050
946.596150
947.454350
948.153000
948.160750
948.179900
948.185150
948.205850
948.767350
948.796100
949.661100
949.668600
950.579200
951.945850
951.952500
953.656450
954.249950
956.040150
956.304750
956.421650
957.743850
960.762500
961.954150
961.959500
962.398750
964.418600
964.425500
964.834750
964.876050
965.517650
965.548050
966.670850
966.742900
967.121950
968.610250
968.837450
968.905950
970.712150
971.083800
971.745650
972.086900
972.200250
973.456450
973.479650
973.590950
973.609250
973.909500
974.718800
975.869850
975.885800
976.197600
976.215750
976.235450
977.110750
977.934650
977.951600
978.595200
978.606250
978.617700
978.628000
979.613600
980.146950
980.169400
980.210550
980.222700
982.081100
982.087000
982.111800
982.280150
983.550100
983.682600
983.691100
983.699100
983.705050
983.710250
983.737550
983.743550
983.749300
983.757500
984.173250
984.181550
984.192650
984.945450
987.850700
988.371600
988.377900
988.841800
989.263700
989.284950
990.188050
990.448100
990.741900
991.900750
992.469650
992.476500
993.129200
993.754550
994.384100
994.789500
995.660950
998.325900
999.556600
999.561950
999.865750
1001.128250
1001.134650
1001.310200
1001.315750
1001.323250
1001.478050
1001.888650
1002.466550
1002.524550
1002.541200
1003.091900
1004.719750
1004.941650
1005.147350
1005.245100
1005.660150
1006.636550
1006.642350
1006.893100
1006.990800
1008.057100
1008.064200
1009.282100
1009.290950
1009.328900
1009.334200
1010.594750
1010.607950
1012.629300
1014.417900
1014.642550
1014.943300
1015.246150
1015.252250
1015.582450
1015.609100
1016.584750
1016.608600
1017.339150
1017.393400
1017.481450
1018.335500
1018.514950
1018.541550
1019.307600
1020.111550
1020.475750
1020.489050
1020.511050
1021.075550
1021.905050
1022.188500
1022.487550
1022.495250
1022.567000
1022.730900
1022.735700
1024.462750
1025.548200
1026.918650
1027.187850
1027.337950
1028.746750
1028.764900
