10.217550
10.221150
22.103350
22.106600
22.109500
22.112600
22.116050
27.262150
27.272100
31.604600
34.475650
34.478850
36.074050
36.088850
36.091900
36.098850
38.124450
38.127800
38.131700
49.620050
49.633500
54.283200
54.289700
54.301200
60.830500
63.961500
63.967200
63.987450
65.097700
69.272300
69.279500
70.097600
70.105950
70.121350
70.177800
75.020150
78.516650
78.916200
79.400200
88.615000
88.618600
91.166400
91.170300
91.177900
92.495950
93.643950
93.646950
93.650350
95.719100
95.722500
95.732600
95.741100
96.948350
96.954500
96.962700
96.965600
96.967700
96.971200
96.985150
98.472100
99.083500
99.086650
99.093500
99.096800
100.229950
100.234050
100.730150
102.407900
102.414200
103.370250
103.376300
103.379900
106.073150
106.080250
106.100850
107.798400
107.804950
108.556000
109.452150
109.461150
110.897050
112.002950
112.005800
112.151200
115.048650
115.059350
115.247950
115.717150
121.019400
122.727400
122.736900
123.267150
123.270550
123.277000
123.280100
123.283100
123.291250
123.294300
124.181250
124.216500
124.219500
124.222800
124.226700
124.231950
126.026200
127.425350
127.428550
129.000700
129.022100
129.025500
129.031500
129.034700
129.045750
129.212650
129.216000
129.518850
129.522250
129.525550
129.529600
131.120200
131.126750
131.504050
131.507200
131.889700
132.663650
132.669850
135.371950
135.378150
135.884750
135.905100
135.935550
135.938350
135.941550
135.945250
135.949100
135.953600
136.196550
136.834150
137.152650
137.156550
137.159650
138.534100
138.537650
139.351700
139.354550
139.360900
139.364750
140.903550
140.917350
140.920350
141.311650
142.942100
142.954600
143.445600
143.448950
143.455900
143.459200
144.189550
144.200350
144.953250
145.039600
146.054250
146.404650
146.407150
146.410300
146.414000
146.422300
146.425700
146.434350
146.437100
146.440650
146.445050
147.157950
147.963300
147.966600
147.971350
151.005850
151.223450
151.226750
151.687300
151.690800
152.131600
152.135050
152.471050
152.993900
154.643550
155.669500
156.301100
157.031750
157.037850
157.048200
157.053850
157.061850
157.064900
157.067650
157.071350
157.075550
157.079750
157.405250
158.185000
158.937200
158.942450
159.447000
159.459150
160.136900
160.266350
160.708350
160.711650
160.718500
160.747500
160.750150
160.753350
160.757600
160.761400
161.953700
161.957900
161.961700
162.640700
162.792600
162.800850
163.249750
163.531050
164.576650
164.583800
165.030850
165.351850
165.369650
165.586550
165.975700
166.560500
166.564800
166.579650
168.486950
168.490650
168.599950
168.605950
168.721650
168.785350
169.207900
169.217500
169.445650
170.224000
170.227300
170.239600
171.505500
171.508700
171.511700
171.518800
171.953350
171.956800
171.960850
172.307350
172.310900
172.743950
172.747900
173.493050
173.495750
173.498850
173.502200
173.505750
173.838950
173.846350
173.921250
174.264900
174.268750
174.599100
175.132750
175.135950
175.139100
175.258700
175.648950
175.664600
176.058100
176.355700
176.365100
177.454700
177.458700
177.687850
177.699300
177.701850
177.705000
177.708300
177.712100
177.716100
177.720250
177.725100
177.763550
177.776050
178.489850
178.496350
178.737900
178.860850
179.020500
179.096050
179.448100
179.783700
179.835250
179.838050
179.841550
179.845050
179.849350
179.853550
180.695250
180.698400
180.701850
180.711200
180.718700
180.745250
181.066650
181.408150
181.426450
181.762500
181.781300
181.827300
182.276700
182.431950
182.495250
182.837000
183.187700
183.266600
183.274000
183.742200
183.921900
184.106000
184.113250
184.332750
184.758500
185.758650
187.045050
187.466100
187.924850
188.406350
188.409850
188.776300
188.836450
188.982250
189.401350
189.404100
189.410400
189.417850
190.786100
191.240650
191.244600
191.641050
191.800500
192.613250
192.616800
194.062000
194.120850
194.130550
194.474950
194.590400
195.188900
195.363300
195.373050
195.381800
196.042550
196.045700
196.369500
196.372650
196.375550
196.828750
196.845750
197.237500
197.242950
197.265500
197.269950
198.141700
198.779850
198.789750
200.288050
200.294100
200.300800
200.341150
200.343450
200.351100
200.355250
200.847400
201.280050
201.283750
201.651500
201.654650
201.699700
202.218450
202.222350
202.600950
202.699700
202.931250
202.950500
202.958550
204.036100
204.069400
204.478050
204.481650
204.747050
206.358950
206.934050
206.940500
206.956950
206.985150
207.275500
207.839050
207.855500
207.887400
208.265900
208.269600
208.944350
209.000800
209.004600
210.575350
210.587850
210.747350
210.896800
210.908000
211.611900
211.615050
212.094700
213.048500
213.108700
213.802950
214.037700
214.041850
215.011250
215.051500
215.055750
215.065350
215.221150
216.317750
216.533750
216.547250
216.568050
216.570850
216.574700
216.579550
216.583700
216.588650
216.593350
216.731250
216.735050
216.794700
217.665200
218.301450
218.867000
218.996450
219.539000
219.542400
219.554000
219.607700
219.611250
220.091250
220.101000
220.348300
220.853100
220.922900
220.939900
220.942650
220.945800
220.953900
220.958800
221.048500
221.510800
221.514450
221.517900
222.115650
222.249900
222.266250
222.649900
222.818600
222.821700
223.489200
223.971050
223.984500
223.998550
224.434350
224.547550
224.699450
224.703750
224.750000
224.755600
225.326550
225.336700
225.704450
226.301500
226.306250
226.933550
226.936100
226.939000
227.188150
227.238550
227.246200
227.258600
228.065650
228.288150
228.291000
228.444050
228.824500
229.376800
229.447100
229.573950
230.043350
230.942450
231.137650
231.140650
231.144000
231.698600
231.705850
231.710500
232.319600
232.334550
232.591400
232.970150
233.368850
233.372950
233.746500
234.235250
234.542250
234.546050
234.556600
234.565450
234.568250
234.572100
234.583500
234.769900
235.391000
235.742500
235.747950
235.754050
235.998600
236.014300
236.233300
236.477800
237.015000
237.018250
237.218850
237.961600
237.994650
237.997400
238.000850
238.004450
238.008350
238.013900
238.061100
238.721300
239.282800
239.285950
239.460750
240.056600
240.074500
240.211450
240.215400
240.394500
240.399250
240.628850
240.694900
240.857450
241.141000
241.144300
241.506600
241.683150
242.018150
242.160600
242.811200
242.818200
242.821800
242.970400
243.164950
243.429850
243.764600
243.994250
244.642300
244.844550
244.856750
244.869700
245.102400
245.106100
245.312300
245.318850
245.544700
245.753200
245.964800
246.017200
246.020150
246.465150
246.540950
247.185850
248.456100
248.468100
248.470950
248.474850
248.638500
248.999150
249.581700
249.585350
249.907500
249.910750
250.206150
250.670700
250.708050
250.710700
250.714450
250.718750
250.722850
250.768750
250.776900
250.786800
250.791200
250.991300
251.380050
251.807600
251.812200
252.084850
252.510600
252.687350
253.008850
253.012550
253.200950
253.572350
253.575200
253.579850
253.583700
254.087550
254.096000
254.123700
254.126550
254.130450
254.199750
254.447150
255.249500
255.520550
255.523400
255.623300
256.145200
256.171050
256.173100
256.466950
256.962250
257.019600
257.333450
257.791250
257.989000
257.992400
258.007200
258.121050
258.554000
259.108650
259.457650
259.461000
259.966150
260.032000
260.037300
260.040250
260.043800
260.047550
260.353450
260.379400
260.942500
260.951000
261.155250
261.158700
261.977000
261.980800
261.985550
262.509700
262.840150
263.074450
263.077850
263.548600
263.555250
263.561900
263.672800
263.928950
263.934250
264.275700
264.545550
264.859700
265.173900
265.183500
265.187400
265.420700
265.608750
266.198350
266.208750
266.241050
266.243750
266.247350
266.252200
266.256650
266.476650
266.489300
266.563950
266.567250
266.593000
266.596900
266.608400
267.208100
267.609000
267.612600
267.967700
268.173600
268.188850
268.198950
268.202200
268.206050
268.277100
268.327650
268.330650
268.333900
268.337250
269.623050
269.626750
269.966650
270.449850
270.452700
270.469450
270.472300
270.476150
270.969250
270.975900
271.306900
271.323000
271.772300
272.391800
272.399400
272.691100
273.149600
273.301600
273.874000
273.882050
273.884600
273.888050
273.891400
273.895300
273.899400
274.730600
275.237050
275.243750
275.483000
275.518800
275.521550
275.525150
275.529550
275.836000
275.839150
275.843050
275.847850
276.032300
276.244550
276.248950
276.256000
276.637000
276.992300
277.111250
277.203600
277.209700
277.449150
277.572000
277.575250
277.580150
277.588300
277.597200
277.600100
277.603900
277.607350
277.616600
277.620550
277.812800
277.821800
277.861450
277.864350
277.867650
278.552250
279.024400
279.196700
279.798400
280.097700
280.296850
280.792800
280.817050
280.820750
280.823900
280.827350
280.831600
281.254950
281.274350
281.649000
282.175000
282.301200
282.315650
282.318600
282.322350
282.326350
282.333200
282.727750
282.805500
283.017800
283.043900
283.176100
283.416150
283.872400
283.876350
284.189250
284.199200
284.686000
284.710000
284.869800
285.002200
285.034900
285.037700
285.042250
285.046350
285.721400
285.745600
286.587950
286.597300
286.619550
286.644050
286.647300
286.651000
286.655050
286.660300
286.819850
287.144900
287.419450
287.802550
287.819050
288.002600
288.593150
288.596200
288.603550
288.610600
288.614450
288.626150
288.761100
288.793450
289.335450
289.740350
289.743500
290.038650
290.117750
290.140600
290.607100
290.844700
291.896150
292.128800
292.202100
292.403500
292.411600
292.418800
292.421550
292.426100
292.429850
293.564650
293.567750
294.087500
294.249700
294.677800
295.418050
295.421150
295.424150
295.744100
295.750850
296.153650
296.301550
296.367600
296.968350
297.626000
297.650950
297.654200
297.657650
297.661400
298.005150
298.046500
298.704850
298.707800
298.720100
299.135600
299.198800
299.539100
299.941600
299.970000
299.972800
299.976900
299.980650
299.984900
299.989850
300.057100
300.170650
300.562050
300.759700
301.780450
302.443100
302.904550
302.921050
302.937350
302.944100
303.498300
303.518200
304.191250
304.199250
304.266900
304.767450
304.770900
304.877300
304.915750
305.416850
306.327200
306.395500
306.557900
306.722350
306.725400
306.728900
306.733050
306.738100
307.249050
307.267350
307.659350
307.880600
309.273900
309.514700
309.577900
310.083300
310.129000
310.132500
310.135650
310.138550
310.142300
310.146650
310.679750
310.745950
310.748700
310.752300
310.756100
310.904600
311.325400
311.328450
312.063400
312.069300
312.250900
313.471750
314.189050
314.448100
314.543400
315.292800
315.601750
315.726000
316.005650
316.454750
316.558550
316.570000
316.574000
316.577200
316.579700
316.807500
316.811050
317.595550
317.797550
317.844200
317.848700
317.860700
317.863350
318.429700
318.655950
318.841250
319.010400
319.090800
319.123350
319.496450
319.728700
319.732200
319.833700
320.290200
320.622350
320.845950
321.207300
321.300400
321.501150
321.533500
321.536350
321.539800
321.544250
321.550100
321.552700
321.881750
322.126300
322.387150
323.114450
323.137850
323.456750
323.463400
323.787850
324.199650
324.358250
324.361650
324.488200
324.493750
324.499700
324.507400
325.727900
325.745500
325.748350
325.752500
325.757200
326.965950
326.969000
327.251650
327.262350
327.932650
328.430900
328.610650
329.137650
329.141450
329.144700
329.156150
329.166250
329.171450
329.174600
329.437850
329.652150
329.866200
330.022550
330.961050
330.964800
331.143050
331.172750
331.175750
331.179200
331.499150
331.768700
331.772000
332.136600
332.230400
332.233350
332.237700
332.242100
332.247200
333.509050
333.531550
333.534250
333.537550
333.541250
334.062050
334.098100
334.900250
334.904000
334.942250
335.157850
335.465550
335.622950
335.777150
336.270250
336.547900
336.868400
336.872300
337.303250
337.896950
338.197150
338.240350
338.664750
338.670300
338.862950
339.100650
339.547700
339.550550
339.886000
340.224150
340.516250
340.881450
341.206100
341.254000
341.570400
342.152900
342.162350
342.166100
342.170050
342.405900
342.414900
342.738000
342.740800
342.745250
343.039450
343.044600
343.047400
343.552850
344.416350
344.419800
344.423650
344.619000
345.157850
345.160650
345.167050
345.380850
345.383650
345.391150
346.108200
346.649300
346.674050
346.898300
346.939950
347.008850
347.107000
347.109600
347.394100
347.414650
347.653400
347.687400
347.690950
347.703950
349.126200
349.128950
349.132900
349.137000
349.430700
349.462650
349.466350
349.954700
350.058500
350.062400
350.384950
350.412350
350.415700
350.599600
350.851300
351.268250
351.552500
351.633700
351.872550
352.304500
352.630650
352.661850
352.664750
352.668200
352.672500
352.677600
352.718800
352.961750
354.141200
354.156550
354.249450
354.758750
354.998050
355.610200
355.675750
355.682300
355.685200
355.688700
355.693200
356.077150
356.781050
357.229400
357.258550
357.732250
357.893400
358.396300
358.403500
358.527650
358.832650
359.188100
359.274650
359.682550
359.823550
359.838250
359.841500
359.845450
360.286650
360.290500
360.316150
360.426250
360.429950
360.433150
360.437100
360.898100
361.088950
363.037850
363.321750
363.331000
363.333700
363.596550
363.764450
363.815250
364.094850
364.112950
364.115800
364.119550
365.360350
365.540600
365.709450
366.097600
366.564750
366.574650
366.738450
366.772800
367.914850
367.926000
367.933900
367.938750
367.942400
367.946850
367.950950
368.241200
368.257850
368.270250
368.273250
368.278100
368.282600
368.287950
368.539150
368.945850
368.960750
369.209400
369.819950
370.185450
370.377650
370.644500
370.653400
371.806250
371.977500
372.058400
372.062150
372.738350
372.811800
372.838900
373.142900
373.370750
373.374900
373.387700
373.390700
373.394300
373.399100
374.344450
374.368200
374.381000
374.608400
374.790950
374.947050
375.079850
375.269650
375.283200
375.286050
375.290550
375.294400
376.605750
377.571450
377.669600
378.188900
378.215350
378.222900
378.289400
378.293500
378.645200
378.848400
378.851600
379.253250
380.163600
380.231300
380.239250
380.717900
380.728150
381.007550
381.011250
381.140250
381.159600
381.162600
381.165750
381.999350
382.386450
382.393000
383.024850
383.616600
383.697750
385.050350
385.779500
386.143500
386.149850
386.545450
386.575400
386.578450
386.582500
386.586900
386.591600
386.923000
387.313450
387.316250
387.669350
388.242050
388.266100
388.831600
388.868350
388.884350
389.085100
389.688250
390.059450
390.204350
390.208150
390.717050
390.720050
390.723700
390.727900
390.955800
391.530050
391.659550
391.669900
391.674850
391.686600
391.689700
391.693450
392.208000
392.218500
392.241050
392.774650
393.592700
393.952100
394.233750
394.255700
395.015750
395.353700
395.440550
395.452900
395.455700
395.459850
395.465250
395.765700
396.292000
396.592700
396.818550
397.372150
397.766300
398.084450
398.257350
398.842700
399.341850
399.344800
399.371100
399.374150
399.378300
399.382300
399.982900
399.997150
400.134700
400.707750
401.154950
401.317950
401.600950
402.373050
403.083600
403.597450
403.625050
403.844150
403.847100
403.850550
404.160500
404.465000
404.469250
404.482150
404.485000
404.488600
404.494700
404.711400
405.354500
405.684850
405.802800
406.108350
406.208850
406.211750
406.389450
406.392700
406.397450
406.401550
406.982000
407.244200
408.201000
408.598200
408.920550
409.224150
409.413200
409.692300
409.903000
410.748750
410.779800
410.782600
410.786350
410.790200
410.795150
412.176300
412.183400
412.186550
412.191400
412.535900
412.542500
413.032000
413.334550
413.509650
413.512950
413.516800
413.560250
415.106000
415.108950
415.113000
415.116550
415.121550
415.248100
415.520700
416.379000
416.382350
416.676000
416.694400
417.069200
417.096750
417.897850
418.484700
419.011100
419.472450
419.619050
419.623200
420.166800
420.236900
421.549650
421.553450
421.943400
422.138350
422.194150
422.204200
423.423550
423.475800
423.867450
423.870300
423.873600
423.877200
423.881750
424.323700
424.687400
424.773350
424.975050
426.082400
426.422400
426.979850
427.300650
427.538000
428.249100
428.365750
428.371600
428.386700
428.389700
428.393450
428.676250
428.682800
428.701650
429.030900
429.384950
429.834000
430.108150
430.317350
430.711050
430.954900
431.125950
431.128850
431.683550
431.693950
432.701750
433.092000
433.290250
433.294050
433.633100
433.760800
433.779900
434.267250
434.270650
435.035050
435.259900
435.495600
436.004450
436.052550
436.510600
436.815200
436.818100
437.404200
437.986050
438.019800
438.941100
438.943850
438.947700
438.952050
439.237050
440.113000
440.369100
440.528900
440.886400
441.090600
441.686300
442.011100
443.338050
443.529650
443.533200
444.145300
444.184200
444.199750
444.202650
444.206800
444.212150
444.216500
444.220250
444.223950
444.230000
444.344950
444.992000
445.790650
445.801250
446.164550
446.168600
446.916400
446.920000
448.456550
449.605950
449.708150
449.711900
450.130850
450.152250
450.163050
450.166100
450.169800
450.383450
451.108750
451.120850
451.619100
451.811600
452.476550
452.479700
452.643700
453.169900
455.401250
455.658250
455.679400
455.682450
455.686100
455.691950
455.697150
455.707500
455.794500
456.051850
456.066750
458.164400
458.541200
458.544200
458.562400
458.595450
458.598450
459.164050
459.222850
459.225700
459.230000
459.779950
460.036350
460.039100
460.307450
460.751550
460.763600
460.771100
461.377950
462.108550
462.291200
462.294750
462.971200
463.129600
463.187850
463.204450
463.208550
463.660850
463.962950
464.488900
464.805400
464.816600
465.683700
465.696500
465.716400
465.719000
465.723250
466.367000
466.643000
467.016400
467.019300
467.036750
467.491350
467.509200
467.782800
468.108650
468.131450
468.361150
468.403050
468.406000
468.417350
468.421400
468.632900
468.636300
469.576650
470.479300
470.482450
470.860850
471.559800
471.563400
472.024450
472.730300
472.740850
472.932400
472.937850
473.732200
473.743400
473.753800
473.756600
473.760050
473.764950
473.845450
473.854950
473.878800
473.971000
474.363100
475.276850
475.280100
475.535050
475.747600
476.244800
477.218700
477.267550
477.749150
477.921150
478.004350
478.008100
478.012050
478.017950
478.222950
478.243550
478.259150
478.262200
478.799100
479.005400
479.251100
479.272650
479.295850
479.501150
479.738550
480.364250
481.176500
481.268700
481.271750
481.288100
481.291100
481.294850
481.298950
481.855600
481.862650
482.160600
482.690250
483.167150
483.234200
483.275800
483.278850
483.283400
483.291750
483.478250
483.481500
483.486300
483.497500
484.253300
484.892000
484.903200
484.906700
484.931750
484.934800
484.938800
484.943700
484.948200
485.263550
485.509850
485.683700
486.015750
486.018450
486.021500
486.042800
486.708650
487.721700
488.056800
488.362650
488.688950
488.692800
488.991850
489.036100
489.647450
489.656800
489.661350
490.156300
490.221250
490.403050
490.431150
490.435750
490.439100
490.913050
490.916450
490.931450
490.949700
491.382900
491.407800
491.501050
492.209900
492.722750
492.763550
492.968750
493.121850
493.577550
493.581700
493.584950
493.720750
494.042500
494.049450
494.070050
495.147850
495.151400
495.844100
497.005100
497.007550
497.107300
497.221550
497.413000
497.544700
498.249350
498.405350
498.412800
498.710350
498.729800
498.732500
498.736300
498.740200
498.841200
498.901700
499.461400
499.499150
499.948100
499.963150
499.968950
499.971950
499.975500
499.979950
500.167000
500.941800
501.281450
501.368650
502.023400
502.026300
502.221150
502.334650
503.048500
503.146600
503.715900
503.718950
503.722700
503.726500
503.731500
504.345650
504.507350
504.756550
504.770700
505.460950
505.544400
505.557750
506.091150
506.270350
506.283050
506.479300
506.489200
507.540350
507.790850
509.080550
509.695750
509.803100
510.325900
510.334800
510.338900
510.615700
510.870450
511.182600
511.487150
511.523250
511.778350
512.202600
512.213950
512.220250
512.224700
512.229300
512.260100
512.268600
512.289950
512.572900
513.006650
513.013600
513.033400
513.365500
513.601350
513.852050
513.866250
513.878500
513.884800
513.887050
513.890050
513.894600
514.151050
514.763950
514.779000
514.782350
514.786450
515.210850
515.258600
515.261600
515.265450
515.269950
515.274000
515.526600
515.656700
515.660150
516.100300
516.122000
516.124150
516.412200
516.415150
516.597750
516.931550
516.949700
517.022400
517.265900
517.555950
517.558850
517.562650
517.566850
517.682000
518.400500
518.708250
518.729500
518.756200
518.896150
519.280000
519.382750
519.524100
519.672850
520.347650
520.621300
520.638950
520.643000
521.062800
521.476700
521.481500
521.969300
522.796300
522.950250
523.796350
523.816550
523.822850
524.139250
524.300250
524.341650
524.436600
524.439800
524.443900
524.675250
524.684600
524.707000
524.709950
524.714250
526.035450
526.343650
527.089650
527.655200
528.329250
528.447650
528.450550
528.454000
528.458200
528.465850
528.757750
529.044350
529.058000
529.070750
529.611950
530.006950
530.010750
530.399250
530.942000
531.103100
531.106700
531.272750
531.511700
531.633350
532.198550
532.238900
532.698900
532.719350
532.955750
533.758700
533.771100
533.847000
534.308400
534.677900
534.680700
534.684250
534.688900
534.693850
535.221600
535.234500
535.942700
536.659900
536.743550
536.753200
536.756950
536.770650
536.773550
537.044100
537.247350
538.911450
539.191200
539.592350
540.051300
540.164550
540.314450
540.698850
540.703850
540.708200
541.363500
542.043550
542.051650
542.204500
542.364850
542.575650
542.882700
542.885800
542.889350
543.191450
543.220600
543.833250
544.024500
544.031750
544.222650
544.320800
545.055250
545.156600
545.172500
545.183950
545.238150
545.912700
546.284850
546.303600
547.048550
547.676150
547.679250
547.754100
547.930050
548.929450
548.936450
549.685400
549.797000
549.858950
549.861800
549.865650
549.869950
549.875400
550.720300
550.723900
551.156900
552.289400
552.509250
553.511850
553.514850
553.518550
553.522300
553.650800
554.156400
554.694600
554.698200
554.701900
555.055700
555.231100
555.367250
555.531900
555.730600
556.028200
556.063650
556.849050
556.876300
556.902500
557.169850
557.875650
558.075800
558.306650
558.332250
558.770850
559.274700
559.875150
560.239700
560.998300
561.394150
561.466100
562.219950
562.465650
563.059900
563.998550
564.006900
564.054950
564.393750
564.561600
565.047350
565.082550
565.085600
565.088900
565.092850
565.096150
565.120450
565.418800
565.574850
565.943000
566.232000
566.759250
566.775100
566.781650
566.786350
566.789400
566.957700
567.092650
567.095700
567.888450
568.334650
568.346200
568.673750
568.686800
569.069900
569.710600
570.050100
570.056550
570.855050
570.926500
571.408400
571.412100
571.711200
572.090250
572.358650
573.944700
573.954700
575.136350
575.616150
575.665150
575.676000
575.678950
575.681200
575.684450
576.502900
576.998200
577.011850
577.583000
578.372700
578.864200
578.868100
579.707600
579.966900
580.443550
581.016000
581.580000
581.589700
581.598850
581.972400
581.984750
581.999200
582.003100
582.756000
583.057300
583.060350
583.062600
583.072600
583.076800
583.431500
583.435600
583.700750
583.876450
584.003100
588.485050
590.653100
591.532500
592.908450
593.828550
595.307600
595.428750
595.628450
598.374150
608.942750
609.456600
610.426100
611.161200
612.244950
612.420400
612.936450
613.823150
613.934000
613.937500
614.202150
614.215900
614.317000
614.333600
614.634350
615.065900
615.079300
615.371850
615.374900
615.535250
616.590100
616.777400
616.850950
616.919900
616.924450
617.175650
617.317100
617.564500
617.631300
617.645000
617.851450
617.863100
617.866000
617.870500
618.279800
618.696050
618.718500
618.722700
618.727500
618.732450
619.556150
620.031950
620.237100
620.790650
620.863000
620.943050
621.236400
621.738500
621.905700
621.912250
622.481350
622.485050
622.607150
623.621800
623.625800
623.733050
624.530800
625.163100
625.720800
626.594900
626.598500
626.796450
626.812450
626.815350
626.819700
627.337950
627.729950
627.734650
628.133450
628.166700
628.772250
628.778250
628.792150
628.795250
628.806200
628.808250
628.812900
629.226300
629.604650
630.280400
630.312950
630.415300
630.418350
630.422400
630.426250
630.762300
630.853850
630.857500
630.878900
630.883250
631.045500
631.048950
631.991250
632.184450
632.193000
632.484600
632.717900
632.832700
633.211550
633.305600
633.572450
634.223950
635.042750
635.370700
636.012400
636.015850
636.071500
636.232350
637.033500
637.117950
637.137450
637.303850
638.376100
638.388700
638.492700
638.497100
638.503600
638.514150
638.517150
638.520500
638.523350
638.525850
638.531600
639.369350
639.544300
639.840100
639.946950
639.974750
639.978450
640.296150
640.795750
640.977100
641.279950
641.497450
641.529700
641.532800
641.536850
641.541950
642.019650
642.315500
642.616150
642.783000
642.910850
643.129400
643.164050
643.459350
643.608550
643.615200
643.763400
644.156500
644.541350
644.703750
644.729700
644.732950
645.432200
645.604900
645.898300
646.045000
646.815850
646.851450
647.396200
647.400250
647.808400
648.025300
648.029000
648.056250
648.288850
648.292350
650.077350
650.677950
650.878550
651.478150
651.481850
651.932950
652.828300
653.069750
653.278400
654.318150
654.656500
654.659650
654.662150
654.749250
655.349500
655.610050
655.616050
655.833900
656.201100
656.204200
656.444300
656.447550
656.467700
656.956350
657.136250
657.503050
657.647200
658.371850
658.380200
660.014250
660.033750
660.045350
660.181600
660.607400
660.610950
661.379000
661.705100
661.841950
662.344350
662.350450
662.998350
663.001150
663.009450
663.189400
663.496750
663.499750
663.503400
663.507500
663.708750
663.976500
664.299050
664.477100
664.714650
665.360400
665.527450
665.600050
665.603500
665.620900
665.624150
665.628250
665.633200
665.707750
665.896250
665.907650
666.300600
666.440000
666.599800
667.621350
667.625050
667.646950
667.663200
668.128600
668.132650
668.749400
668.854950
669.141550
669.299900
669.368300
669.371000
669.375500
669.800300
669.813300
669.824350
669.827650
669.831750
669.835850
670.493700
670.718800
670.730800
671.699050
672.338900
672.818750
672.820950
672.826800
673.065500
673.493600
673.878650
674.116800
674.126600
674.485600
674.492400
674.799600
674.805450
675.223350
675.365250
675.512300
675.544650
675.548450
675.909000
676.680150
676.684000
676.761750
676.764450
676.774800
676.780200
676.784250
676.972350
677.650250
677.667950
677.670600
677.675400
678.449100
678.579300
678.821150
678.962200
679.258250
679.261400
679.265150
679.269900
679.277250
679.282500
680.140250
680.468300
680.775250
680.961250
681.077700
681.088500
681.533550
681.556650
681.826700
682.746050
682.776400
683.328450
683.335350
683.339600
683.343350
684.163750
684.700500
685.039850
685.054000
685.312900
685.381250
685.384200
685.388800
685.700250
686.123900
686.133250
686.597100
686.600900
686.926250
687.254400
687.588000
687.606500
687.632750
687.647750
688.219300
688.372700
688.452600
688.655300
688.908300
688.911650
688.941600
688.944550
688.948150
688.952100
689.093500
689.333150
689.713250
689.930450
690.358550
690.689500
690.693750
691.948650
692.031100
692.488750
692.565600
692.584950
692.588300
692.592200
692.946050
692.975050
692.978100
692.981550
692.991000
693.453050
693.882350
694.173600
694.349150
695.092300
695.594350
695.765900
696.117200
696.123900
696.141100
696.144700
696.149050
696.153650
696.158800
696.270800
696.276250
696.334350
696.686500
697.147500
698.179700
698.427850
698.783950
698.815500
698.907800
698.919500
699.304650
699.487300
699.501600
699.510950
699.514250
699.518500
700.397550
700.672300
700.685250
701.241400
701.294750
701.897300
702.293700
703.194900
703.431900
703.448800
704.495450
704.498300
704.837450
705.072750
705.595050
705.608400
706.615400
707.119150
707.122200
707.320000
707.515750
708.298850
708.491550
708.558100
709.229500
709.327450
710.046400
710.204550
710.578250
710.582050
710.978950
711.016800
711.019550
711.023150
711.406650
711.647900
712.408450
712.417700
712.433900
712.437100
712.440800
712.445700
713.457100
713.720650
713.798600
713.965250
714.349650
714.554450
714.575600
714.578400
714.582050
714.586050
715.048950
715.065700
715.368200
715.920250
715.991200
716.647450
717.073750
717.651450
718.696950
718.766400
718.895900
718.899000
719.911650
720.112000
720.292650
721.560200
722.099400
722.748300
723.080350
723.174650
723.188550
723.192200
723.195300
724.502750
724.951900
724.962600
725.441250
726.382750
726.625700
728.033950
728.053350
728.056450
728.062450
728.066250
728.071450
728.581000
728.584200
728.886800
729.323200
729.353400
729.364300
729.367550
730.013200
730.016600
730.020850
730.479100
731.011800
731.240250
731.564650
731.829700
731.833750
731.894500
731.900050
732.359600
732.617400
732.994650
733.855050
733.931800
733.987700
734.009400
734.012250
734.222800
734.255800
734.258950
734.263300
734.453850
734.599400
734.603550
735.103850
736.450400
737.287400
737.290400
737.312500
737.315400
737.319050
737.322850
738.420700
738.488400
738.491700
738.495850
738.499800
740.034400
740.037900
740.339950
740.350750
740.353500
740.356650
740.360400
740.365150
740.491400
740.688300
740.698950
741.171650
741.176300
741.330900
742.960150
744.363550
744.433050
744.822050
745.813950
746.138600
746.358300
746.372350
747.027950
747.048500
747.063150
747.066250
747.070050
747.074400
747.078200
747.119350
747.373100
748.518950
748.685350
749.944950
749.952950
750.049850
750.575000
750.614100
750.692350
750.759500
750.870200
750.892850
750.896250
750.915750
750.919150
750.923550
750.934100
750.938050
751.051550
751.110550
751.768650
752.266500
752.635850
752.797100
752.800600
752.906000
752.912350
753.839450
754.072100
754.348650
754.356000
754.372650
754.375400
754.379850
754.384700
754.786500
755.216100
755.396500
755.415150
755.418700
755.424600
755.429800
755.884350
755.888550
755.974400
756.359600
756.365300
756.689900
756.864400
757.832650
757.839000
758.191350
758.399150
758.531400
759.308150
759.825250
759.835400
759.897100
760.287600
760.554000
760.920050
761.536200
761.866250
761.869950
762.070000
762.088750
762.728500
762.756000
762.759100
762.767900
763.206000
764.119500
764.176200
764.179550
764.183300
764.188300
764.221950
764.501450
764.965650
764.974300
765.229050
765.281000
765.284550
765.289650
765.961500
766.373350
766.378100
766.772950
766.810750
766.814050
767.048000
767.476250
767.495050
768.016150
768.032900
768.596850
768.806800
769.412250
769.415350
769.543900
769.940350
770.070600
770.073800
770.969000
770.980600
770.983450
770.991100
771.036700
771.041150
771.419550
772.871300
773.230050
773.571250
773.663350
773.666750
775.001000
775.021600
775.024500
775.028050
775.032300
775.036700
775.458700
775.485350
775.488650
775.765750
776.010500
776.525600
776.528750
776.816400
777.083800
777.622850
777.634200
777.640250
777.643000
777.647000
777.656950
778.171350
778.217350
778.221750
778.225450
778.230350
778.748200
778.751100
778.886700
778.903700
778.941750
778.944650
778.948500
778.953800
779.153750
779.442750
780.058050
780.406850
780.888400
782.073400
782.114700
782.157800
782.160600
782.164400
782.168600
782.431350
782.441950
782.814450
783.165700
783.606300
783.609150
783.733600
783.890800
784.254850
784.647300
784.650600
784.976250
785.257100
785.922800
785.929250
786.303100
786.365450
786.584050
787.497950
787.820750
787.836000
788.319900
788.753050
788.769700
788.970550
789.001550
789.004500
789.008350
789.012800
789.447900
789.451900
789.471000
789.475100
790.221650
790.517000
791.065000
792.656250
792.795450
792.802250
792.826750
792.944400
793.645500
793.656200
793.674250
794.618000
795.455550
795.729850
795.831000
795.839050
796.293700
796.720400
797.257850
797.276950
797.723550
797.726300
797.730300
797.734300
797.751100
797.755100
798.062100
798.065350
798.082850
798.097000
798.100250
798.275450
798.279150
799.520950
799.523650
799.900650
799.904400
800.430800
800.850800
800.949050
800.954800
800.961150
801.205850
801.523500
802.794400
802.801800
802.806000
802.809200
802.813050
803.131050
803.606500
804.372200
804.378900
804.574600
805.443250
805.581900
805.803950
806.016500
806.033600
806.037500
806.668950
806.687700
806.694300
806.697500
806.701050
806.705800
806.803450
807.751800
807.794450
807.863150
808.290200
808.428100
809.253350
809.862750
809.873600
810.255950
810.259850
811.033600
811.036200
811.040000
811.045150
811.268050
811.650100
811.710750
811.930450
812.557600
813.414100
813.433450
813.454750
813.457700
813.461200
813.894150
814.537300
814.744550
814.747650
814.752550
814.757050
814.761900
815.236950
815.467250
816.073850
816.860600
817.676850
817.756500
817.896200
817.904000
817.916350
817.920100
817.929050
818.423050
818.580000
818.796300
818.832200
819.454950
819.790300
819.809000
819.812100
819.815750
819.820650
820.010700
820.014200
820.411000
820.422800
820.426200
820.462700
820.770750
821.022750
821.293000
821.583500
821.599400
821.603350
822.140550
822.635550
822.896700
823.705600
824.019300
824.022700
824.127350
824.397450
824.428850
824.444600
824.447350
824.452000
824.455250
824.585400
824.873150
824.876400
824.880350
824.885900
825.177300
825.372250
825.735450
825.749550
825.787150
825.790450
825.794000
825.806400
825.810000
826.389250
826.402900
827.134650
827.514950
827.860450
827.863200
827.867100
827.871450
827.876450
828.160850
829.011800
829.041350
829.592700
829.996550
830.013450
830.024300
830.175900
830.550400
831.246650
832.422700
832.466450
832.513600
833.070700
833.081200
833.227400
833.230900
833.725150
833.740450
834.428950
834.434400
834.498750
835.415350
835.598950
836.289100
836.740400
836.855750
836.861200
836.870300
837.859050
838.046850
838.049950
838.053700
838.068800
838.073050
838.077250
838.582650
838.839200
839.828350
839.831800
839.962950
840.406700
840.770850
841.192000
841.195500
841.266500
841.808650
841.811900
842.372750
842.981950
842.984950
843.292500
844.186150
844.719150
844.956050
844.959550
845.222400
845.233500
845.237450
846.597850
846.609500
846.617050
846.800950
847.606100
847.612400
847.879500
847.884150
847.989450
847.992150
847.995900
848.000500
848.151350
848.831000
848.833750
850.825100
850.880450
851.762700
852.445650
852.709850
853.205100
853.787200
854.419900
854.425650
854.571500
855.620350
855.654950
855.658150
855.662150
855.666500
855.769650
857.865050
858.138050
858.141500
858.157450
858.981750
858.985150
860.441200
860.560050
860.975850
860.981800
862.472000
862.483900
862.789250
862.914900
863.674450
863.919500
863.927500
864.371400
864.374950
864.379400
864.383000
864.430750
864.434700
864.629900
864.954000
865.150650
865.921950
866.243900
866.664650
866.978350
867.415650
867.684350
867.781200
867.941400
867.995900
868.706300
869.302100
869.870200
870.472600
870.764000
871.033350
871.036700
871.224000
871.453050
871.455850
871.464350
871.469150
871.818250
871.821800
872.074650
872.080550
872.102450
872.106000
872.564400
872.865700
872.868550
873.296000
873.700550
873.742200
873.745450
874.462150
875.137450
875.140850
875.467250
875.470650
875.950450
876.047050
876.467450
876.913800
877.075050
877.666200
878.368650
878.879300
878.979500
879.267350
879.782050
879.905000
879.928100
879.931050
879.934600
879.941000
880.957400
881.113450
881.116400
881.494900
881.554700
882.673950
883.793900
884.443300
884.446800
884.686900
885.362800
885.669400
885.985250
886.223000
886.299950
886.591650
886.778950
886.825450
887.181600
887.748100
887.750850
887.772050
887.775300
887.779500
887.922100
888.154750
888.158700
888.178800
888.666150
888.815800
888.935050
889.600350
890.135900
890.425100
890.506700
891.337750
891.932000
893.294250
893.322850
893.326150
894.287050
895.082900
895.659700
895.663850
896.147100
897.243300
897.862050
897.870300
898.259550
898.276750
898.280000
898.284200
898.288750
898.686950
898.824100
898.830050
898.891700
898.894800
898.898750
898.939150
898.943050
899.436050
899.885700
899.889250
899.950900
900.346400
900.349950
900.365100
900.368300
900.373050
900.745600
901.407600
902.078150
902.710500
902.714500
903.300850
903.380850
903.908250
904.462900
904.465900
904.469800
904.474000
905.160850
905.750500
905.754100
906.598550
907.506700
907.509450
907.853000
908.498500
908.777850
909.180400
909.278350
909.935150
910.054350
910.177150
910.180100
910.183750
910.187750
910.268150
910.279750
910.728550
910.923650
911.280600
911.311700
911.819800
912.797200
913.353950
914.055350
916.737150
916.938800
917.334850
917.338200
917.507150
917.510100
917.513950
918.228400
918.245100
918.462350
918.496950
919.008750
919.931050
919.937850
920.116100
921.069200
921.988650
922.015600
922.026450
922.031100
922.437300
922.733550
922.753600
922.756550
922.760550
922.764750
922.960800
923.187100
923.420400
923.855900
924.074150
924.089900
924.095750
924.098400
924.101250
924.355900
925.707300
925.716600
925.720150
926.359400
927.134000
927.609450
927.630950
927.634350
927.638950
927.656250
927.662550
928.619500
928.852650
929.272350
929.518050
929.525250
930.338500
930.724450
931.727300
931.730450
932.577750
932.580650
932.585500
932.673100
933.297250
934.493850
934.497450
935.922600
936.138100
936.141700
936.162350
936.165400
936.169050
936.727000
936.754850
936.766600
936.770950
936.775300
936.779750
937.102850
937.789950
937.793550
937.936700
938.261700
938.264850
938.594000
938.597900
938.935800
938.951950
938.955550
938.960700
938.963350
938.965400
938.967700
939.115150
939.867000
940.109800
940.127050
940.553500
940.592750
940.774250
940.797800
940.946350
941.585300
941.821450
941.824850
941.901650
942.070250
942.947450
942.967200
943.189100
943.506000
943.528900
943.532350
944.304500
944.335950
944.338950
944.342300
944.346200
944.351450
944.504900
945.344050
945.438000
945.750600
946.665100
947.138400
947.142100
947.929900
947.951000
947.954000
947.958350
947.962650
948.749250
948.764800
950.322000
950.618150
950.621200
951.164000
951.167850
951.795900
951.799150
951.822050
951.827800
951.830800
951.835500
951.843200
951.985300
952.294150
952.559200
952.802450
952.894400
953.023350
953.257150
953.378550
954.444200
955.446850
955.467250
955.979100
956.623550
957.253500
957.999950
958.147100
958.149950
958.154350
958.158300
958.401550
958.429150
958.529450
958.840350
959.659250
960.238200
960.600850
961.138150
962.490250
962.738650
963.175550
963.801800
963.804900
963.996800
964.437900
964.525250
964.536700
964.548150
964.596250
964.891000
965.305200
965.514650
965.558800
965.583450
965.586350
965.591550
965.724900
965.727800
966.576850
966.623300
967.242550
967.269250
967.723900
968.052850
968.856300
969.678400
969.987450
970.642250
972.136100
973.011500
973.014800
973.140550
973.159650
973.162600
973.167450
973.864900
974.379050
975.062150
975.783750
975.790300
976.054750
976.500800
976.504150
976.508150
976.588800
976.611700
977.234400
977.417250
977.681900
978.450950
978.881700
979.234900
979.553750
980.162900
980.193250
980.196400
980.200050
980.204900
980.732100
980.763000
981.747950
982.398150
982.724350
983.159500
983.418500
983.800900
983.813100
983.816350
983.821250
983.825500
984.984350
984.988700
985.161650
985.186600
985.189900
985.194100
985.468450
986.342100
986.737500
986.904350
987.558800
987.708350
987.725700
987.728950
987.732800
988.128350
988.151050
988.267350
988.270350
988.275000
988.279000
988.283450
988.959750
989.414950
989.493550
989.496850
990.034800
990.186500
990.626550
991.059200
991.082800
992.111700
993.602150
993.904300
994.701550
995.348000
995.354400
996.008250
996.763050
996.788350
997.055700
997.714000
997.977500
998.202050
998.245800
998.742700
999.395900
1000.042050
1000.045650
1000.308750
1000.415400
1001.589950
1001.751600
1001.762100
1001.772050
1001.775200
1002.066550
1002.069650
1002.074200
1002.078050
1002.587750
1002.859950
1003.052950
1003.619900
1004.010200
1004.181050
1004.635300
1005.473900
1006.385200
1006.730600
1006.835600
1007.154350
1007.186800
1007.796100
1007.801550
1007.822650
1007.825650
1007.829500
1008.327300
1008.818850
1009.208150
1009.580350
1009.865700
1009.868800
1009.942800
1009.946100
1009.950850
1010.271200
1010.574550
1011.444900
1011.609150
1012.064900
1012.102350
1012.413400
1012.447100
1012.507600
1012.510800
1012.515850
1012.770950
1013.874250
1014.640000
1014.945600
1014.970250
1015.355850
1015.360650
1015.374150
1016.442400
1016.648050
1017.031350
1017.424250
1017.789700
1018.161350
1018.361650
1019.728700
1019.953700
1020.051050
1020.487700
1020.525600
1020.547900
1020.734900
1021.208050
1021.211700
1021.261650
1021.542400
1022.129850
1022.321100
1022.324950
1022.949150
1023.822650
1024.300550
1024.451650
1024.771100
1025.119600
1025.716800
1025.747600
1025.750650
1025.754000
1025.758400
1025.762700
1026.313700
1026.816800
1027.973250
1027.977200
1028.072400
1030.301350
1030.740150
1031.494100
1031.507950
