0.807050
1.238950
1.518450
1.720050
2.515200
3.275350
3.284800
3.301200
3.327000
3.372700
3.382650
3.410800
3.439650
3.621100
3.729250
3.744550
4.604800
5.180300
5.207900
5.279300
5.873300
7.022850
10.199250
10.202100
10.208650
10.221500
10.600750
11.081150
12.066950
12.836400
13.222450
18.336950
19.380650
19.837500
25.202900
28.347650
35.455950
43.794200
43.868750
49.433450
50.223150
51.767200
55.468300
55.471250
55.807650
60.602650
63.702050
68.048950
86.377350
88.214500
90.857000
91.669300
91.826200
92.212950
93.274150
100.587650
106.135650
110.184150
110.958000
111.847000
112.326650
112.501550
113.009550
119.289750
120.754200
125.486250
125.706700
125.715300
125.846350
125.855400
125.862700
125.875600
125.893050
125.904750
130.845600
139.111350
140.908600
142.987750
144.173600
144.190600
144.227850
144.234400
144.267500
144.274050
144.284500
150.559150
151.640950
154.432900
154.998500
156.062000
159.892350
160.621350
163.115150
164.715650
165.422850
172.364200
176.328500
176.369550
176.397000
176.424650
176.452700
176.509900
178.348750
180.464650
187.491800
191.611650
194.553450
196.729400
196.786550
198.243100
198.596450
200.569450
204.406300
204.606800
206.323950
207.800500
208.978850
209.642200
211.168000
219.023450
224.343950
224.500800
224.532700
224.541650
226.085350
230.603900
233.362900
234.026600
237.482950
242.522250
242.526300
245.657100
246.017400
246.043900
246.054950
246.107950
246.117400
246.145700
246.156000
246.172600
246.679550
246.767950
248.008900
248.950050
250.831550
250.868100
255.099700
255.954500
256.154100
256.450750
259.653450
261.394450
261.886750
262.640750
262.674000
262.799500
264.587200
265.252200
267.992800
269.359150
271.037850
271.802900
272.645200
276.113200
278.916000
278.923550
279.003250
279.080550
279.129650
285.042650
285.093750
285.141750
285.264350
285.269850
286.298700
286.390450
291.253700
291.308050
295.121900
295.257850
295.915150
295.935850
295.955800
295.982950
295.990500
296.062300
296.093000
298.273400
298.432400
299.064700
299.177700
301.361250
302.385750
302.486600
302.840500
303.315100
303.983150
304.400300
304.733300
306.877900
308.955650
309.023500
309.155750
309.181600
309.198000
309.331300
312.329150
312.346150
312.381700
317.940550
319.849700
319.863500
319.893950
319.915800
319.928400
319.936800
319.947050
323.571800
324.134500
326.994050
328.913650
330.238200
332.428900
334.411000
335.855700
338.841250
340.693500
341.784850
344.612000
346.903800
347.208850
348.388550
348.397700
350.323800
350.506550
351.292850
352.487500
352.773200
352.781950
355.280750
357.139950
359.110150
359.444750
359.669400
360.300950
361.885700
362.878250
366.593900
368.466400
368.478850
368.494600
368.503700
368.552800
368.577050
368.651850
368.667550
368.846350
370.215400
370.619700
372.553100
373.186100
373.201200
373.210250
373.231950
373.241150
377.554550
377.946500
379.204600
379.459400
380.698300
380.952300
383.362350
383.381200
383.437400
383.464800
386.194100
386.197300
386.950000
387.284900
387.434150
387.462600
387.479150
390.083700
390.973850
391.672000
391.750450
391.797900
391.923000
392.023250
393.633500
395.387800
396.973400
398.638050
398.956300
399.919350
400.152950
401.351000
404.005850
405.065600
406.012100
407.284550
407.355350
408.256650
409.336250
410.887050
411.042800
411.265050
418.347250
418.512650
418.644800
418.813150
418.866500
418.903100
418.911250
418.918900
419.605600
419.991000
420.153500
422.832450
422.852550
422.918500
423.262450
424.307950
424.742800
425.056950
425.548500
425.793350
426.911900
428.403300
429.596350
429.947800
430.077450
430.618250
431.561400
432.372600
433.676250
438.885750
439.067100
439.299900
441.107600
444.332850
446.815450
448.975300
450.654250
450.665250
450.675250
451.363800
451.975150
452.883400
454.858250
456.168500
459.938050
459.962250
459.980100
459.994950
462.334100
462.658400
463.318750
465.089300
465.828200
467.493100
467.693150
468.922250
469.858850
469.881100
469.995200
470.011550
470.051550
472.109700
472.267850
472.835750
473.103550
474.332400
474.517200
474.577800
474.593700
474.602350
474.699550
478.148600
478.887800
479.912950
480.917700
483.021900
483.064550
483.078850
483.093350
483.101850
483.501800
483.858750
486.024800
486.654500
488.042400
488.202800
488.340550
488.351900
488.378750
488.496150
488.559300
488.568400
488.613450
488.655600
488.686550
489.962750
490.429900
491.055100
491.301600
496.811050
497.387900
498.766400
500.639100
501.560750
501.714150
502.037150
503.112700
503.528900
503.676550
505.248850
507.216450
507.355600
509.955850
510.443400
510.760850
510.909150
510.956050
510.964050
511.028950
511.060800
511.141950
511.478700
512.060900
512.961250
516.278800
518.884250
519.621900
522.514900
522.929800
523.898900
524.261000
524.957300
528.775200
529.218850
529.874800
530.026600
530.232150
530.826200
531.168650
531.172150
531.587400
532.278350
532.627100
532.837600
533.661450
534.718850
535.703150
536.493350
536.503400
536.528950
536.929200
539.482300
540.051850
540.289200
541.455700
542.062050
543.196600
544.788700
546.156300
547.151950
548.128300
548.172050
548.409850
548.803200
549.036050
549.728950
552.612050
552.934200
554.997050
555.076850
555.249250
557.003450
559.414950
561.882050
564.144300
565.221700
566.222300
567.075650
568.712600
568.947000
569.325100
569.418200
569.651800
570.083050
570.336850
570.374150
571.537100
572.356450
574.779050
575.213350
575.771200
577.700700
577.910200
577.961300
578.314200
578.363850
578.368050
578.395950
578.436500
578.708500
579.336200
581.180200
581.452150
581.497750
581.664350
581.712150
582.115950
582.281550
582.413000
582.457800
593.828850
614.163700
614.334050
614.671200
615.111450
615.499700
615.512050
615.521650
615.546600
615.559400
616.436900
618.646900
618.799050
618.834300
619.395350
619.552250
619.623900
620.044400
620.474950
620.570100
620.709950
620.965900
621.263800
621.608250
621.858150
622.387550
622.464650
622.860100
623.035050
623.134000
623.516600
624.849450
624.880750
624.897700
624.907000
624.914950
624.941050
625.470150
627.619450
627.732500
628.015600
628.032900
628.054600
628.241600
628.864900
631.750450
632.973000
633.042200
633.056650
633.405150
633.451050
633.510900
633.851350
634.248450
634.402400
634.475700
634.570250
634.899200
635.066250
635.177800
635.415650
635.570900
635.738600
635.813450
635.915900
636.052950
636.256450
636.329350
636.680450
636.931350
637.492600
637.685700
640.311600
640.607650
641.382800
642.995050
643.172150
644.304150
645.061850
645.443900
645.983700
646.074950
646.392000
646.563950
646.687600
646.790250
647.429750
647.723250
648.057200
648.068350
648.281550
648.366850
648.551250
648.764850
648.899700
648.997450
649.012050
649.593550
649.769500
650.344750
650.574750
650.865650
650.936850
650.948800
650.996650
651.013300
651.289900
651.335500
651.353350
651.905850
652.189700
652.657350
653.752200
655.364100
655.374550
655.389850
655.426000
655.482050
655.568250
655.607800
655.759000
655.793000
656.839000
657.569600
657.587350
657.931250
658.446700
658.941900
659.173150
659.700250
660.205500
660.633350
660.862300
661.110200
661.304400
661.465900
661.645750
661.861750
662.186200
662.360900
662.365550
662.760800
662.817400
662.978100
663.157300
663.462450
663.477700
664.318650
664.372750
664.464850
664.587550
664.704350
664.757550
664.884300
665.261850
665.961950
666.128600
666.304100
666.375800
666.723850
666.734700
666.750250
666.759100
666.766350
666.804050
666.868200
666.916250
666.940350
666.964350
667.448050
667.603600
669.926950
669.956500
670.179300
672.753600
673.131300
673.864100
673.978850
674.469900
674.781150
674.885950
674.983300
675.210350
675.266500
675.412350
675.652950
675.756400
675.916800
676.104850
676.398700
676.516250
676.643950
676.770650
677.256350
677.388150
677.576800
677.711200
677.835200
678.065800
678.606150
679.065900
679.260450
680.109200
680.134400
680.349000
680.356850
680.573200
680.801300
683.039950
683.727500
683.947050
685.452200
686.358850
686.366950
686.406650
687.047500
687.550550
689.332450
689.773850
689.994000
690.414400
690.573350
690.810350
690.953900
691.085650
691.288950
691.379700
691.604900
691.675650
691.769500
692.039950
692.326250
692.398350
692.507000
692.671450
692.832650
693.106350
693.595850
693.707150
693.837400
693.909400
694.026550
694.199800
694.368900
694.473250
694.596000
694.726550
694.840100
694.899050
694.958400
695.108000
695.257550
695.419300
695.568450
695.684750
695.840450
696.039050
696.852650
697.840800
697.853700
697.869050
698.321500
698.568350
699.220450
699.828000
700.450150
702.910550
704.446600
706.176750
706.403300
706.616150
706.800250
706.920250
707.039400
707.343950
707.453300
707.548900
707.666800
707.733150
707.936200
708.055000
708.212800
708.555200
708.850550
708.909050
708.963750
709.078550
709.431750
709.681450
709.786100
709.919950
710.071200
710.120850
710.212600
710.349050
710.509200
710.680550
710.779050
710.927800
710.979450
711.239900
711.294200
711.570000
711.750350
712.360000
712.419350
712.829800
713.645550
714.116000
714.123300
714.134350
714.168800
714.214750
714.397750
714.412550
714.432900
714.445400
714.555750
716.868350
717.998400
720.051100
721.357200
721.605750
721.765650
721.887400
721.982700
722.126450
722.421600
722.642850
722.852950
722.982550
723.145700
723.198400
723.257350
723.420600
723.643550
723.893500
724.448550
724.621950
724.684650
724.882550
725.039400
725.248100
725.305250
725.643950
725.751750
725.922100
726.066050
726.119650
726.183850
726.272500
726.432700
726.596050
726.663500
726.727950
726.877750
727.093700
727.248350
727.395800
727.450750
727.558400
727.798600
727.804400
728.105400
728.211800
728.311050
728.483800
728.961650
729.205250
729.260300
729.387450
729.631000
729.913300
730.093800
730.152600
730.304500
730.481550
730.565450
730.754350
731.077400
731.149150
731.346800
731.404900
732.118200
732.459750
732.501300
732.741200
733.094350
733.422650
733.529100
733.711500
733.865300
733.960700
734.196750
734.389650
734.567300
734.762350
734.810350
734.869350
735.182800
735.307900
735.355300
735.527800
735.654650
735.841450
736.045950
736.152250
736.403200
736.495900
736.772550
737.185050
737.314450
737.426400
737.536700
737.741600
737.809200
737.922700
738.326400
738.472150
738.579050
739.102950
739.724800
740.112050
740.166600
740.224950
740.387300
740.412750
740.654150
740.715800
740.859400
741.038950
741.142700
741.507700
741.557800
741.694400
741.801550
742.013800
742.062100
742.152700
742.293800
742.818800
743.114100
743.468850
743.572400
743.638000
743.700800
743.883800
744.073800
744.420300
744.768100
744.973100
745.197450
745.365800
745.631200
745.757300
745.945850
746.304100
746.410500
746.739150
746.922850
747.101800
747.247650
747.315950
747.408450
747.562850
747.700550
747.793350
747.878600
747.993550
748.194900
748.409000
748.585500
749.017300
750.294350
750.760500
750.871600
750.982000
751.000100
751.009200
751.016700
751.024350
751.050950
751.062500
751.200450
751.228300
751.255450
751.605800
751.713850
752.267000
753.602500
753.906000
754.025050
754.725200
754.911000
755.520100
756.245200
759.256650
762.174500
763.467300
763.490300
763.497600
763.563250
763.571100
763.606700
763.634900
763.670100
763.749700
763.778700
764.313450
765.864150
768.891150
769.033750
769.231650
769.452700
769.657700
769.824050
769.936050
770.491750
770.582400
770.638000
770.830200
770.986050
771.332450
771.425750
771.691100
771.875100
772.277400
772.578650
772.639450
772.946400
772.995000
773.110850
773.412800
773.592900
773.792450
773.880500
774.053350
774.128250
774.345400
774.493900
774.618000
774.800000
774.907950
775.129150
775.463350
775.621550
775.679450
775.822100
775.963850
776.183300
776.486500
776.630700
776.867800
777.166550
777.281650
777.481550
777.602050
777.662500
777.847850
778.079550
778.128300
778.271100
778.314350
778.368650
778.590750
778.839500
779.014300
779.429000
779.553650
779.763000
779.907550
780.157800
780.290100
780.422900
780.475500
780.752600
780.871000
781.029000
781.261300
781.373050
781.651250
781.786300
781.931300
782.138800
782.256600
782.316850
782.373900
782.519650
782.696950
782.756300
783.071200
783.220250
783.432750
783.531000
783.698750
783.884300
783.933950
784.083550
784.131550
784.291150
784.340500
784.460200
784.728550
784.779600
785.111050
785.341750
785.404900
785.649800
785.852400
785.987600
786.042800
786.162550
786.339300
786.591900
786.759800
786.877950
787.012900
787.115850
787.216000
787.303550
787.566250
787.821000
788.044500
788.106200
788.582750
788.748600
788.953850
789.063400
789.236400
789.383050
789.802400
789.917650
790.076900
790.750300
790.829550
791.263350
791.518350
791.645600
791.809800
791.927150
791.978750
792.229500
792.478700
792.539500
792.653900
792.842000
793.400800
793.580900
793.629800
793.762200
794.111300
794.116250
794.252150
794.335800
794.475150
794.674650
794.766200
795.013450
795.075250
795.271000
795.438050
795.552750
796.347300
796.505700
796.635800
796.773900
796.948650
797.386100
797.556700
797.700650
797.791300
798.031450
798.198300
798.434150
798.485500
798.833550
798.945050
799.027000
799.087500
799.339750
799.565600
799.777250
799.827300
800.276450
800.441150
800.518750
800.945150
801.080100
801.840900
802.054050
802.400350
802.527150
802.764900
802.872500
803.037050
803.316100
803.547050
803.720050
803.809150
803.959450
803.992750
804.019300
804.048850
804.082650
804.109100
804.152300
804.224700
804.629700
804.790900
804.955650
805.160700
805.401950
805.810800
805.815550
805.910600
806.088850
806.198300
806.256550
806.320400
806.481600
806.723900
806.790350
806.968450
807.199000
807.547500
807.659300
807.867950
808.043400
808.205050
808.451600
808.963900
809.056000
809.361700
809.877400
810.031650
810.339650
810.406750
810.558350
810.725400
810.930350
810.996050
811.130750
811.182150
811.356900
811.412300
811.569750
811.625700
811.828550
811.882650
812.493950
812.974100
813.028900
813.143650
813.795850
813.936000
814.566650
814.673650
814.829100
814.879000
815.007950
815.112600
815.216800
816.236150
817.533500
819.494200
820.102550
821.347900
821.500950
821.525950
821.537100
821.545600
823.551750
823.564850
823.573350
823.585950
823.603000
823.620900
823.729350
823.749100
823.760550
824.549500
826.238800
827.398850
827.732750
827.930850
827.939600
830.242500
830.320450
832.361350
832.777250
834.073200
834.085200
834.096550
834.104600
834.129600
834.135900
835.490450
837.318450
838.611350
838.620150
838.648150
838.656050
838.680250
838.695650
838.714200
840.265300
840.534550
841.667350
841.684100
841.696350
841.709600
841.719300
842.857100
844.317950
845.261500
849.675750
850.433500
850.443550
850.479750
850.507300
850.513550
850.520650
850.585150
850.616950
850.998750
853.998450
858.956300
858.982100
858.990900
861.172250
863.274700
866.860200
867.544150
867.557300
867.566500
868.546200
870.377250
872.853300
872.872000
872.880600
872.916650
872.933100
872.939400
872.958550
873.102950
873.635750
873.964300
874.317800
874.470150
874.624800
874.976550
876.870000
877.058150
878.142300
879.557650
881.539550
881.733550
881.844450
882.792150
885.212700
886.644250
886.876700
887.406650
892.308250
892.317800
892.339100
892.347000
892.425000
892.443350
892.471600
892.484600
892.621800
892.657950
894.698800
895.197100
896.399650
897.013600
897.305400
897.562700
897.796600
897.983000
899.520950
900.472400
900.799850
900.807450
900.816250
900.835600
900.842600
900.896800
900.946100
901.080400
901.116550
901.138150
901.432800
901.501300
901.924750
902.431400
903.405950
904.046550
905.776800
905.978650
907.705750
908.722200
911.276450
911.350000
911.781850
911.880900
912.764950
912.848500
913.317450
913.504650
914.307800
914.685800
916.837650
917.951350
918.500500
919.661200
920.840200
920.928800
921.986950
922.019050
922.530900
923.063050
923.274750
923.658100
923.829150
923.951950
924.308900
924.406050
924.635950
924.834850
925.341350
925.434150
925.547050
925.601250
925.856550
926.575450
927.501250
928.944150
930.180050
930.263200
930.823200
931.243300
931.461500
932.284200
932.642400
933.063750
933.165650
933.176800
933.199550
933.206500
933.244700
933.253300
933.459550
933.859550
933.962950
934.105500
934.266450
934.624700
935.144350
935.297350
935.617750
935.675100
935.895650
936.474550
936.878000
936.935450
936.953900
937.838150
938.519550
938.531050
938.542500
939.402350
941.781750
942.335450
943.772150
944.889100
944.930550
945.400100
945.971950
946.132050
946.267350
946.447050
946.596450
946.779000
946.894000
947.057550
947.209100
947.268400
947.325000
947.481150
947.671650
947.786650
948.170550
948.278750
948.906750
948.955200
949.265700
949.432500
949.544650
949.945100
949.994250
952.511150
952.824450
952.843200
952.864850
952.873900
952.905150
952.940000
954.756150
956.944300
957.115300
957.582350
957.689150
957.816650
958.004750
958.213400
958.376750
958.437450
958.501850
958.698000
958.933700
959.035550
959.257550
959.365450
959.607800
959.665200
959.757200
960.016900
960.144150
960.526950
960.701750
960.912850
961.068150
961.191700
961.383000
961.788250
964.652900
964.660000
964.692650
964.700500
964.731250
964.767850
964.782100
964.805850
964.927350
964.961600
965.059350
965.096550
965.166450
965.238400
965.320850
966.364850
966.562950
968.350700
968.373700
968.400100
968.404050
968.581450
968.604000
968.637000
968.648100
968.678450
968.717750
968.744000
969.870100
969.967150
970.019400
970.064600
970.416800
970.564700
970.685750
970.827050
971.140300
971.324350
971.539950
971.607350
971.792700
971.922900
972.086800
972.149100
972.217000
972.436050
972.594150
972.734100
972.796400
972.962650
973.046550
973.239450
973.394450
973.447150
973.571750
973.741700
973.856300
973.911250
974.089700
974.218350
974.364700
974.487700
974.601700
975.132750
975.307100
975.398250
975.643200
978.411950
982.657000
983.128550
983.182350
983.464150
983.570400
983.770700
983.878650
984.003250
984.065200
984.276000
984.375100
984.475400
984.673850
984.783250
984.902100
984.965500
985.153150
985.278550
985.442750
985.933750
986.111200
986.306450
986.411950
986.469000
986.631550
986.769800
986.879400
987.001650
987.287500
987.436750
987.685450
987.920950
988.067000
988.138600
988.233000
989.397450
990.408050
990.427750
990.435450
990.464700
990.472000
990.478700
991.730000
992.328250
992.376650
992.398450
992.407800
992.450450
992.509200
992.542450
992.579950
992.684050
992.790100
992.888950
993.725850
994.972750
996.201500
996.255750
996.419650
996.513800
996.613200
996.854050
996.922900
997.072800
997.167700
997.373000
997.548500
997.635400
997.750000
997.873400
997.923200
998.085400
998.178750
998.381550
998.534900
998.743450
998.845500
999.028500
999.200900
999.316150
999.530950
999.694950
999.749800
999.928000
1000.009250
1000.065450
1000.285900
1000.476750
1000.643600
1000.809750
1000.870950
1001.340700
1001.451500
1001.558200
1001.608500
1001.677800
1001.801450
1002.531000
1003.024350
1006.849400
1007.142900
1007.150850
1007.163200
1007.172300
1008.498600
1008.749900
1008.796400
1009.075200
1009.185000
1009.250450
1009.367800
1009.600600
1009.706350
1009.819700
1010.014000
1010.080400
1010.247900
1010.418600
1010.741800
1010.928500
1011.082200
1011.456400
1011.509050
1011.607300
1011.750500
1011.808200
1012.063650
1012.192150
1012.782050
1012.978400
1013.025700
1013.154300
1013.272650
1013.510700
1013.565150
1013.752300
1013.942450
1013.999300
1014.342900
1014.464400
1014.609450
1014.754550
1014.820000
1015.116600
1015.362150
1015.766650
1016.441550
1017.646050
1017.654450
1017.689850
1017.696250
1017.727450
1017.767750
1020.818850
1020.833800
1020.869600
1020.877800
1020.986300
1021.084450
1021.108500
1021.159850
1021.194300
1021.217100
1022.714650
1023.195150
1023.318950
1023.383800
1023.564050
1023.629400
1023.799200
1023.903500
1024.028550
1024.171050
1024.266600
1024.417150
1024.624350
1024.764450
1024.880050
1024.932850
1025.180350
1025.235500
1025.303100
1025.446350
1025.553200
1025.656950
1025.898200
1025.933750
1026.205400
1026.262650
1026.322150
1026.453650
1026.568850
1026.625300
1026.814750
1026.948500
1027.086700
1027.146000
1027.251150
1027.434950
1027.551050
1027.658200
1027.757900
1027.901100
1028.017300
1028.123250
1028.250850
1028.374400
1028.464950
1028.681650
1028.731250
1028.959000
1029.087250
1029.194650
1029.375300
1029.738200
1029.749000
1029.891450
1031.437800
