0.056350
0.107650
0.129550
0.178400
0.182350
0.389650
0.409550
0.445800
0.517650
0.564400
0.573150
0.576400
0.882450
0.929600
0.946900
0.994100
1.125800
1.180800
1.185450
1.262200
1.403500
1.466100
1.572550
1.588750
1.677100
1.825450
1.877100
2.059200
2.083200
2.199950
2.307050
2.331600
2.669250
2.867350
2.889000
3.056250
3.368150
3.381350
3.422600
3.425400
3.560800
3.618750
3.627850
3.692500
3.757450
3.815500
4.220250
4.244300
4.261500
4.498750
4.607850
4.843200
4.908750
5.121550
5.124650
5.129850
5.134200
5.157750
5.178950
5.259750
5.479150
5.761150
5.765900
5.948850
6.470300
6.557800
7.719450
9.004550
9.043950
10.187750
10.194800
10.198500
10.205100
10.233750
10.274150
10.404750
10.464650
10.489600
10.571500
10.622100
10.706000
10.761000
10.809250
10.850850
10.901100
10.961200
11.046150
11.123700
11.194350
11.402750
11.611950
11.983500
12.157400
12.542150
12.668800
13.009150
14.675050
14.965950
15.982500
16.039050
16.219250
16.226900
17.614300
17.925050
18.464150
18.749550
19.302550
19.397850
19.950750
20.557500
20.716850
22.059500
22.120350
22.195200
22.241850
22.945450
23.253050
24.684600
24.836550
24.886200
25.171550
25.292800
25.916950
26.454750
26.822750
27.664000
28.416400
28.914550
29.633100
29.872400
29.892450
30.587400
30.653700
30.698350
31.045650
31.064100
31.227100
32.399800
33.413150
35.019300
35.045750
35.609150
36.075900
37.269150
38.205600
39.037750
39.880450
39.951850
41.557000
41.749500
42.366750
42.446700
43.093200
43.095400
44.227000
44.261700
44.873400
44.982850
45.778150
45.887750
46.126450
46.823200
46.861400
46.933050
47.060900
47.579950
47.617000
47.778450
48.341500
49.026450
50.170850
50.206200
50.421800
51.509350
52.437050
52.664750
53.079600
53.126300
53.816600
53.828500
53.863250
54.603900
55.073650
56.068300
56.577550
57.517100
57.668350
57.956700
58.931700
60.124350
61.097200
62.167350
62.697250
62.955850
63.289600
63.312050
63.961000
64.173400
64.255950
64.721250
65.037050
66.239800
66.479700
66.482800
66.989900
67.109500
67.287050
67.320900
67.374450
68.486800
68.667650
68.777800
68.781950
69.090000
69.457050
69.518300
69.529250
69.543550
69.571600
69.629650
69.737750
69.777450
69.985800
70.203450
71.543700
72.982250
77.138550
78.136850
79.376750
79.736000
79.800150
80.120150
81.235250
81.475050
83.947500
87.002550
87.243000
88.031050
88.034950
88.157400
88.223750
88.742850
88.862850
89.316000
89.353050
89.356300
89.361900
89.367750
89.733700
89.760500
89.787850
89.906700
89.938400
90.193200
90.964750
91.997150
92.168450
92.854250
92.860200
93.026800
93.063250
93.990850
95.196950
95.327750
95.734200
95.868850
96.755950
96.776250
96.927800
97.336450
97.344150
98.124500
98.476450
98.930100
98.964900
100.824400
101.188700
101.194350
101.838300
101.850800
102.112650
102.242900
102.369800
102.628450
103.406700
103.606350
103.692950
103.734350
103.756650
103.821850
104.278850
104.340800
104.512300
104.792150
105.628600
106.277600
106.312800
106.509250
106.534100
106.615350
108.108750
108.115100
108.612200
108.998950
109.201600
109.462450
109.655400
110.388500
110.886800
110.976550
111.035950
111.445650
111.748600
112.335650
113.260950
113.301600
113.621200
115.403450
115.516100
116.561600
118.073850
118.990650
119.053900
119.061650
119.326350
119.538900
119.565800
119.812150
120.987200
122.006100
122.899900
122.961700
123.008100
123.064600
123.934750
124.542900
124.795450
125.529700
125.879400
126.173100
126.734350
126.882800
127.944650
130.042950
130.073550
130.925200
131.333850
132.282650
132.422250
132.432100
132.540650
132.924600
133.360150
134.060950
134.495100
134.536500
134.617550
134.622550
134.973300
135.050100
135.676750
135.819600
135.836450
135.847150
136.860150
137.109500
137.123400
137.293500
137.537150
137.933100
138.771350
138.792300
138.931700
139.479600
139.628550
139.643900
140.387400
140.420000
140.748850
140.784700
140.826750
141.167800
141.410200
141.452900
141.459750
141.910050
141.923100
142.001750
142.146950
142.318850
142.330650
142.686300
143.504300
143.768300
143.775700
143.803450
144.068650
144.948500
144.980950
145.795150
146.227250
146.594350
147.011600
147.026100
147.078900
147.299650
147.886600
148.208800
148.817200
149.023850
149.050850
149.094200
149.101750
149.105350
149.420500
149.960100
150.420450
150.800350
150.804950
151.087350
152.200050
152.717550
153.691350
153.811100
154.133700
154.241150
154.683650
155.116800
156.132350
156.908550
157.390100
157.648150
157.898400
158.027600
159.042600
159.108700
159.326100
159.367600
159.592100
159.624600
160.462250
160.494700
160.556150
161.050650
161.355100
161.777300
162.211600
162.216400
162.276300
162.482050
162.535550
164.100300
164.120400
164.412100
165.683200
166.061750
166.074850
166.450050
167.137750
167.152850
167.171550
167.216550
168.482800
168.875600
169.563200
170.504200
170.528950
170.591000
171.082600
171.086750
171.518300
171.790700
171.933300
172.168750
172.227700
172.914150
174.132800
174.151350
174.355050
174.532350
174.552200
175.110750
175.219850
175.443800
175.769850
176.112700
176.138700
176.477850
176.486950
176.675450
176.983700
177.368900
177.438550
177.544700
178.358450
178.762300
178.777100
179.232300
179.247450
179.308700
179.460400
180.424800
180.842600
181.164700
182.606450
182.726250
182.757550
182.762650
183.192450
183.225150
183.450800
183.477300
183.680650
183.690000
184.291750
184.316900
184.743950
185.080850
185.710650
185.870200
185.944000
185.948600
186.047300
186.831150
187.246150
187.653800
187.991550
188.007050
188.022900
188.045200
188.246500
188.342200
188.362500
188.591750
188.957350
189.111700
190.134350
190.154800
190.294500
190.307400
190.356650
190.575200
190.843950
191.021400
191.024850
191.287100
191.592650
192.824700
192.963050
194.799350
194.832100
194.855700
194.872250
195.751450
196.102300
196.257550
196.395900
196.583450
196.626850
196.752400
197.413150
197.585100
197.661050
197.785300
197.804750
198.264500
198.698550
198.714150
200.353950
201.694500
201.734050
202.180850
202.488550
202.492000
202.586300
202.601600
203.445200
203.591050
204.421000
204.453300
204.786450
204.813600
204.884150
205.392800
206.257650
206.273400
206.294300
206.443000
206.455750
206.631900
206.945500
207.614400
207.960200
208.050350
208.340850
208.361950
208.418850
208.426750
208.859200
209.033750
209.104950
209.250550
209.468750
209.999700
210.271550
210.456800
210.945500
211.349850
211.912850
211.927750
212.520650
213.725000
213.845750
213.918750
214.558950
214.879000
215.082800
215.255550
215.272800
215.731550
215.789000
215.794850
215.989850
217.055450
217.789550
218.584700
219.411200
219.590600
219.882300
220.137200
221.019200
221.264700
221.281150
221.440300
222.024800
222.098550
222.161400
222.333050
222.660250
223.109300
223.213200
224.838500
225.284800
225.632800
225.771600
226.019450
226.581450
226.927100
227.222900
227.248150
227.801750
227.849750
228.997700
229.016700
229.667650
229.839000
230.125900
230.619200
231.043500
231.222600
232.489200
232.505250
232.890700
233.419950
233.473400
233.486750
233.507000
233.511100
233.573350
233.585750
233.837950
234.170650
234.217650
234.640400
234.644500
234.752550
235.386250
235.500050
235.511350
235.603400
235.960700
235.982700
236.590450
236.623250
236.647100
236.669850
236.712650
237.293850
237.315000
237.402150
237.460550
237.901750
238.131900
238.264150
238.803350
238.814650
239.505350
239.648500
239.686350
239.810950
240.063100
240.068600
240.229550
240.465650
240.739200
240.746300
241.925000
242.067300
242.173350
243.049400
243.537400
243.886800
244.052700
244.323950
244.642250
244.650350
244.704300
244.739750
244.743300
244.749300
244.780750
244.828100
245.056850
245.190850
245.232900
245.244750
245.521350
245.765550
246.023550
246.032100
246.440400
246.466400
246.512500
246.943950
247.368150
247.614750
247.619250
247.638200
247.654250
247.927900
247.954100
248.024700
248.403100
248.766950
248.790550
248.807200
249.450250
249.463750
249.471450
249.965900
250.021850
250.761550
250.977950
251.456700
252.035600
252.061400
252.068450
252.136950
252.185450
253.194500
253.544500
253.554400
253.875100
253.930200
253.952600
254.082100
254.319400
254.818850
254.963450
255.124600
255.367950
255.582800
255.677950
256.508300
256.638350
256.642750
256.915650
257.609550
258.853550
259.281150
259.663350
259.830100
259.832900
260.180100
260.651600
260.866200
261.009200
261.449850
261.484200
261.530600
261.661000
261.914500
262.250750
262.276400
262.411200
262.485200
263.039700
263.073100
263.376700
263.407200
263.581100
263.883650
264.180250
264.183900
264.189050
264.242350
264.249400
264.279600
264.283250
264.356250
264.530050
264.793150
264.854700
265.479700
265.482950
265.510200
265.637550
265.773550
265.977350
267.356150
267.489400
267.582000
267.835900
267.846250
267.851850
267.867400
267.930300
267.998500
268.013450
268.047800
268.086150
268.092100
268.167950
268.434400
268.723250
269.126150
269.405750
269.673200
269.929950
270.859300
270.969400
271.181500
271.197900
271.497300
271.557800
271.950450
272.591650
272.601400
272.606800
273.475150
273.868900
273.917700
274.047750
274.096550
274.718500
275.119950
275.254400
275.964950
276.284250
277.030950
277.035900
277.039500
277.063050
277.067250
277.145750
277.184000
277.215500
277.236600
277.272550
277.356200
277.663700
277.668600
278.161200
278.896850
279.028050
280.013600
280.098450
280.115200
280.217750
280.221950
280.236750
280.503000
280.569000
280.643150
280.666100
280.737050
280.758600
280.887100
281.588400
281.598400
281.856050
281.953750
282.326000
282.456950
282.460550
282.648600
282.784400
282.922600
283.011650
283.014500
283.039750
283.500150
283.540650
283.563200
283.614650
284.032150
284.204200
284.225750
284.239650
284.910550
284.915000
285.716650
285.766050
285.770350
286.097750
286.437500
286.904200
286.909000
287.633000
287.859600
287.877100
288.399050
288.403250
288.409950
288.707200
288.735350
289.243850
289.249950
289.684750
289.688550
289.712650
289.968950
290.366100
290.492400
290.515850
290.752800
290.845800
291.128250
291.437000
291.440800
291.458800
291.482150
291.967850
292.039650
292.047250
292.056800
292.717450
292.720050
292.770600
292.878800
292.959250
293.168100
293.240950
293.249600
293.255600
293.351600
293.374950
293.866300
294.343500
294.581950
294.584150
294.596850
294.605250
294.887800
295.161300
295.380450
295.612000
296.106800
296.273750
296.580950
296.744900
296.826900
297.031950
297.123450
297.158750
297.901850
298.010250
298.028450
298.064350
298.178450
298.216100
298.236950
298.293200
298.989700
299.359950
299.856200
300.381200
300.738700
301.194100
301.349100
301.394450
301.897750
302.176200
303.163000
303.384350
304.174050
304.336700
304.383800
304.425900
304.469350
304.538650
304.724650
304.756050
305.011550
305.043300
305.266450
305.448800
305.595500
305.727950
306.130600
306.632750
307.547450
307.558750
307.728150
307.817050
307.878500
307.951150
307.993100
308.267500
308.578400
308.768650
308.785200
308.933200
309.107100
309.706750
310.769950
310.772350
310.896950
310.926800
311.207300
311.357200
311.483650
312.053750
312.123850
312.166250
312.241550
312.309300
312.315800
312.814650
312.987200
313.267200
313.412000
313.845600
313.861200
313.863500
314.120000
314.138600
314.415600
314.601550
314.606000
314.621150
314.624850
314.649600
314.681850
314.800300
314.990450
315.290200
315.334850
315.395200
315.687900
315.836100
315.840550
316.090350
316.127100
316.131700
316.645150
316.898500
316.975050
317.042800
317.089950
317.114850
318.068050
318.079300
318.167100
318.205950
318.318650
318.619000
319.932400
319.974050
320.007800
320.180850
320.304650
320.480000
320.494100
320.613300
320.937850
320.941700
320.960150
322.005750
322.008500
322.030100
323.010850
323.077100
323.316450
323.588950
323.609900
323.811250
323.833650
324.972800
325.428100
325.616600
325.873600
325.928550
326.087950
326.199300
326.556450
326.710600
327.321400
328.079200
328.160650
328.165100
328.391750
328.402700
328.607500
328.731950
328.768450
328.890550
329.107650
329.440950
329.531350
329.723800
330.054650
330.061150
330.081550
330.083900
330.087600
330.093400
330.108850
330.439400
330.442500
330.628350
330.632000
330.790050
331.070900
331.779550
332.010650
332.017850
332.022900
332.028200
332.188400
332.190750
332.197550
332.417100
332.648650
332.896750
333.102450
333.416100
333.418750
333.426250
333.519200
334.138050
334.300800
334.315900
334.584450
334.692350
334.756100
335.642150
336.011650
336.041350
336.264200
336.969700
337.222150
337.294450
337.298050
337.985950
338.036250
338.197400
338.454400
339.113350
339.121650
339.126150
339.829850
339.896950
339.917150
340.065550
340.527150
340.633500
340.837700
341.052550
341.264700
341.883750
341.964250
342.356800
342.412600
342.563450
342.654750
342.677050
342.880700
342.963750
342.971550
343.009650
343.555500
343.801800
344.050000
344.231350
344.486050
344.491350
344.511000
344.625600
344.996100
345.018100
345.021300
345.024550
345.038600
345.042450
345.138650
345.505100
345.570200
345.669950
345.744200
345.983300
346.018400
346.582100
346.757350
347.003000
347.405000
347.677500
347.692650
347.695500
347.962650
347.996150
348.175000
348.223300
348.642100
348.832350
348.908500
348.979650
349.466300
349.644350
349.879200
349.897800
351.058250
351.147000
351.366650
351.517850
351.577100
351.900450
352.384950
352.554700
353.389600
353.596200
353.679900
354.249800
354.525900
354.617300
354.637600
354.646950
354.719500
355.134850
355.178600
355.796200
355.807000
356.260250
356.409200
356.489050
356.686350
356.945950
357.190700
357.351300
357.365750
357.454650
357.666400
357.675800
357.690650
358.372650
358.375800
358.835400
359.038050
359.070350
359.142150
359.906350
360.111650
360.236800
360.321700
360.457250
361.338050
361.527450
361.645100
361.810650
362.059750
362.095000
362.253900
362.665700
362.706950
363.166500
363.191550
363.274900
363.879350
363.904250
364.104000
364.409000
364.413700
365.001850
365.072650
365.169500
365.200300
365.230000
365.566700
365.571900
365.794750
366.045100
366.123350
366.398800
366.421450
366.473250
366.789450
366.939850
367.445550
367.484000
367.861600
367.863950
368.028600
368.167050
368.465800
368.531250
368.572400
369.488300
369.554300
369.653950
369.913050
369.999550
370.048950
370.179000
370.835750
371.047900
371.096250
371.100200
371.436850
371.542600
371.699600
371.783500
371.803800
371.806350
371.959400
372.094150
372.191200
372.923050
374.025200
374.034050
374.051400
374.091500
374.550800
374.715750
374.824800
374.954300
374.982800
375.057650
375.298000
375.580850
375.609400
376.224400
376.229900
376.600450
376.905250
376.948650
377.333550
377.403300
378.548700
379.579800
379.594000
380.106850
380.135950
380.146350
380.442450
380.611200
380.875800
380.897500
380.917250
381.307000
381.389150
381.498150
381.513200
381.818600
382.318650
382.357550
382.630350
383.320000
383.449500
383.754950
383.830850
383.871650
384.258000
384.332750
384.431850
384.836250
384.840450
385.182400
385.215050
385.478000
385.492100
385.543450
385.845100
385.866750
386.267850
386.275450
386.517400
386.740650
386.796000
386.851550
386.875950
386.890450
386.903750
387.170600
388.132900
388.994050
389.132700
389.253750
389.301650
389.525000
389.762350
390.526050
390.559300
390.811400
390.823900
391.047000
391.366400
391.387200
391.978600
393.099050
393.184450
393.313950
394.330750
394.343700
394.352200
394.472000
394.485400
394.494900
394.499600
394.905800
394.979050
395.027050
395.045950
395.085800
395.120650
395.174950
395.208650
395.873300
395.877950
395.896500
395.912150
396.446050
396.596800
396.624300
396.629600
396.757600
397.278350
397.547100
397.746700
398.087800
398.090300
398.241600
398.518800
398.524450
398.830600
398.970750
399.180150
399.183900
399.314150
399.427950
399.854450
399.905750
399.961300
400.283700
400.359050
400.770050
400.811300
400.923100
401.122850
401.231200
401.259300
401.503650
401.708000
402.076550
402.260300
402.965050
403.556800
403.733500
404.183600
404.364600
404.371900
404.480250
404.607300
404.745550
404.749450
404.776000
404.780600
404.809150
405.268400
405.415000
405.745100
405.750650
406.072700
406.074750
406.294350
406.411700
406.994350
407.275350
407.832600
408.050600
408.297100
408.980000
409.490650
409.868150
409.942650
410.723500
410.839300
411.103650
411.325450
411.333350
411.349950
411.433900
411.677100
411.985850
412.012450
412.073450
412.117050
412.380650
412.414600
412.513000
412.587050
412.758700
413.529850
413.592650
413.684000
414.750550
414.757750
414.761400
415.012800
415.127900
415.316250
415.338450
415.789500
415.860900
416.458450
416.563250
416.580400
417.096350
417.113150
417.386350
417.418100
417.640000
418.105750
418.203950
418.439600
419.322600
419.354300
419.764000
420.059900
420.653800
420.760000
420.818100
420.830100
420.838250
420.850200
420.878900
420.905900
421.122150
421.155850
421.737750
421.757350
421.945000
422.020350
422.236700
422.301950
422.368650
422.678100
423.095800
423.424300
424.140100
424.200200
424.210150
424.311400
424.400550
424.471900
424.779250
425.046200
425.144600
425.511300
426.153000
426.165400
426.181150
426.357550
426.484900
426.502900
426.601200
426.861900
426.969900
426.998200
427.099550
427.281150
427.603200
427.623600
427.644900
427.683700
428.182050
428.199150
428.241300
428.349450
428.356150
428.800950
429.140450
429.826700
429.965200
429.975250
430.109650
430.203900
430.246550
430.283400
430.289350
430.945900
430.952450
431.133150
431.613650
431.700950
432.126250
432.169300
432.395150
432.476850
432.923200
432.975050
432.989800
433.073250
433.562900
433.567000
433.958700
434.124300
434.267650
434.340700
434.351550
434.403550
434.573300
434.795900
434.819750
434.826550
434.835350
435.210250
435.262950
435.279150
435.488250
435.497550
435.518650
435.984550
436.688850
436.936300
437.151200
437.160200
437.614750
437.636750
437.665300
437.901250
438.359900
438.372750
438.448950
438.740500
438.943150
438.950050
439.541300
439.971350
440.140850
440.873600
441.259450
441.293150
441.556550
441.675800
442.098100
442.219050
442.571900
442.963900
443.402750
443.476400
443.536600
443.553150
443.930950
444.427100
444.448900
444.451950
445.140150
445.177600
445.450000
445.537950
445.627350
445.817750
446.120900
446.623950
446.756000
446.781450
447.001550
447.008200
447.040450
447.245250
447.618150
447.774100
448.149850
448.251300
448.431350
448.446550
448.485300
448.618200
448.622400
448.772550
448.818850
448.821800
448.952450
448.961150
449.548600
449.573050
449.586750
449.883100
450.118900
450.124050
450.448750
450.594050
450.626800
450.757250
450.966750
450.971650
450.976750
451.046500
451.115600
451.128750
451.258550
451.451900
451.558100
451.576600
451.616900
451.972750
452.013850
452.023900
452.059450
452.069900
452.513950
452.517250
452.827300
453.508650
453.558000
453.590150
453.656950
454.033600
454.049900
454.529750
454.604950
454.611100
454.655100
454.731550
454.773250
455.100150
455.106700
455.110750
455.359350
455.455650
455.890650
455.962400
456.041750
456.070850
456.343850
456.383100
456.732850
457.241500
457.246500
457.400600
457.695750
457.754700
457.988050
458.204200
459.071200
459.080200
459.095850
459.105850
459.117250
459.868150
460.252950
460.385350
460.531500
460.696000
460.828100
460.879250
461.516600
461.582200
461.614950
461.628000
461.669850
461.809700
462.262800
462.311200
462.328250
462.824850
463.579950
463.649950
464.366850
464.381150
464.452450
464.786850
464.791800
465.023800
465.173450
465.177300
465.335750
465.350750
466.258450
466.416500
466.445800
466.579900
466.585450
466.837000
466.849400
466.851650
466.859400
466.876150
466.884300
467.314550
467.621750
467.781150
467.786400
467.812000
468.073850
468.684150
468.699650
468.714600
468.791550
468.820050
468.927350
469.043300
469.483700
469.515100
469.783200
470.116450
470.129850
470.305050
470.375000
470.634550
470.735350
470.978150
470.982150
471.803750
471.836600
471.858100
471.890450
471.924750
472.138800
472.155300
472.159450
472.639850
472.709150
472.747850
472.911900
472.932400
473.055250
473.267750
473.464450
473.711050
473.858850
474.355850
474.859750
474.891250
475.271750
475.275650
475.613800
475.616750
475.674450
476.007950
476.382800
476.460300
476.541450
476.544550
477.150000
477.626800
477.795100
477.817850
477.827550
478.383350
478.601550
478.604750
478.819450
478.849950
478.862000
479.087950
479.294300
479.580300
479.742100
479.975100
479.979100
480.317900
480.364100
480.510600
480.725700
480.901450
480.912350
481.196100
481.523850
481.735800
481.760900
481.764550
482.180900
482.340950
482.458950
482.928500
483.061650
483.292000
483.356400
483.518800
483.560350
483.585250
483.656950
483.717450
483.806300
483.925500
483.960350
484.245650
484.326000
484.359750
484.765150
485.111850
485.153000
485.257750
485.283200
485.290950
485.314750
485.359400
485.365000
485.984800
486.142300
486.171350
486.205950
486.245700
486.250250
486.937000
487.271000
487.326850
487.463300
487.749450
488.269150
488.282800
488.296050
488.310650
488.396850
488.531750
488.548450
488.600650
488.644700
488.649650
488.662200
488.664400
488.723850
488.729650
488.744150
488.771100
489.434950
489.665050
489.758600
489.910400
489.915000
489.945450
490.002550
490.014650
490.100500
490.271700
490.277150
490.529650
490.533800
490.549000
490.642850
490.657450
490.762300
490.856600
491.212050
491.296200
491.633300
491.725200
491.856350
491.897400
491.976300
492.028300
492.381900
492.433100
492.610050
492.677850
492.696400
492.730350
492.768850
492.776050
492.822100
492.963050
493.297500
493.373150
493.884550
493.911950
493.935400
493.969200
494.042900
494.047600
494.090850
494.308500
494.811700
494.867350
494.908850
494.939800
495.894800
497.425000
497.439850
497.504600
497.623450
498.047800
498.507850
498.521200
499.088250
499.193000
499.405300
499.708950
499.755450
499.869250
500.241300
500.530000
500.545250
500.741500
501.134750
501.214350
501.247050
501.331450
501.335850
501.339900
501.462700
501.800400
502.003850
502.045550
502.050100
502.054100
502.236300
502.569350
502.601000
502.701850
503.723450
503.728250
503.911400
504.170700
504.558200
504.686350
504.917000
505.010300
505.023850
505.041250
505.051850
505.078600
505.484000
505.511700
505.559600
505.928900
505.957250
506.004650
506.316750
506.318850
506.324900
506.330300
506.332350
506.503600
506.652050
506.853000
506.996850
507.006050
507.124800
507.202200
507.492900
507.514200
507.583450
507.587050
507.603950
507.642000
507.902100
508.047900
508.087000
508.171900
508.357700
508.367900
508.384350
508.745750
508.928050
508.959850
509.321400
509.362650
509.380100
509.386150
509.425450
509.455550
510.638350
510.653100
510.655550
510.684600
510.789100
511.246850
511.263150
511.268000
511.762800
511.807650
512.205600
512.208300
512.221400
512.255850
512.731700
512.980550
512.983400
512.985900
513.341450
513.376850
513.392200
513.468600
513.525650
513.555750
513.774200
513.807500
514.540800
514.552950
514.720350
514.730400
514.867700
514.925050
515.020600
515.313650
515.358600
515.537550
515.564850
515.662950
515.918700
516.638500
516.673250
516.678050
517.143800
517.146250
517.169900
517.230550
517.248800
517.377750
517.381750
517.392250
517.428250
517.444800
517.549850
518.015700
518.219750
518.639400
518.678550
518.876200
518.961200
519.218900
519.223700
519.262150
519.275800
519.339150
519.366150
519.690800
519.854600
519.869850
519.941300
519.960400
519.967300
520.164100
520.263450
520.455350
520.534200
520.724150
520.772550
520.840650
520.891650
520.922750
520.927900
520.948450
520.979050
521.059250
521.135350
521.212750
521.295350
521.552500
522.086550
522.131050
522.135650
522.148950
522.316150
522.434050
522.455400
522.519550
522.542350
522.769200
522.923850
522.944850
523.124300
523.142750
523.416400
523.921250
524.063900
524.068550
524.074400
524.105150
524.468250
524.548050
524.585000
525.076850
525.110100
525.119850
525.664450
525.876350
526.096950
526.112850
526.255300
526.531000
526.768750
526.955750
526.976850
527.318100
527.409750
527.804200
527.974450
528.117200
528.149250
528.302350
528.470650
528.474650
528.477650
528.480250
528.996100
529.035950
529.161400
529.166400
529.483350
529.500200
529.788650
529.989400
530.099300
530.196350
530.456050
530.459500
530.571100
530.634700
530.803950
530.880500
530.893100
531.039000
531.084400
531.097500
531.225050
531.572050
531.619650
531.669650
532.234450
532.333050
532.346150
532.369650
532.438900
532.466100
532.531800
532.865350
532.910800
532.917600
532.920800
532.960100
533.004200
533.077600
533.093450
533.132800
533.287800
533.292050
533.300700
533.373550
533.449050
533.476150
533.537050
533.753500
533.768500
533.813200
533.976550
534.130450
534.288150
534.433750
534.546400
534.739250
534.867000
534.924250
534.942000
534.961750
535.157100
535.226900
535.458900
535.500200
535.512700
535.547150
535.549500
535.570650
535.663350
535.726050
535.732100
535.762450
535.787950
535.802550
535.914800
535.946150
535.987300
536.041850
536.047150
536.182000
536.190550
536.231500
536.433100
536.476450
536.519450
536.558750
536.904600
537.643050
537.655350
537.969900
537.975550
537.986000
538.028350
538.181350
538.186250
538.193500
538.198650
538.636750
538.847200
538.932050
538.936600
539.123050
539.247050
539.483100
539.840850
540.024100
540.159850
540.190250
540.223300
540.296650
540.299500
540.526750
540.708900
540.727800
540.754800
540.826150
541.216450
541.343600
541.349100
541.364600
541.756900
541.784400
541.807300
541.844450
541.895200
541.924400
541.954600
542.296650
542.492450
542.712600
542.722950
542.743100
542.748200
542.818150
543.022350
543.028850
543.181500
543.322950
543.583750
543.651600
543.807550
543.831100
543.861900
543.929250
544.227700
544.231300
544.241400
544.672950
544.743000
544.850150
545.302300
545.351850
545.381500
545.735300
545.776150
545.809000
545.839400
546.317850
546.376450
546.518650
546.634450
547.071750
547.095200
547.807100
547.823500
548.127500
548.194750
548.393000
548.397200
548.450850
548.479300
548.560000
548.668100
548.872600
548.888500
549.027400
549.042950
549.101400
549.455950
549.669200
549.679250
550.384150
550.597450
550.624150
550.697550
550.708150
550.711900
551.172700
551.196200
551.200750
551.215750
551.231200
551.895800
552.091450
552.172950
552.182400
552.305400
552.324200
552.343950
552.365000
552.993200
553.043700
553.254300
553.537500
553.567900
553.629600
553.656600
554.030700
554.045650
554.051000
554.320100
555.084300
555.302900
555.510250
555.645450
555.764350
555.932050
556.055200
556.057950
556.060800
556.072750
556.332050
556.374550
556.455800
556.503300
556.513800
556.516800
556.555050
556.849350
557.293550
557.305250
557.327300
557.543650
557.648500
557.724600
557.728850
557.813900
557.827800
557.882550
558.011500
558.302850
558.388850
558.582850
558.587800
558.663750
558.786050
558.811250
558.835300
558.969650
559.381200
559.493400
559.548550
559.589600
559.627000
559.909350
560.207050
560.623500
560.802300
560.944850
560.985450
561.020000
561.334200
562.087100
562.094400
562.193950
562.561850
563.123500
563.213300
563.243050
563.450650
563.475950
563.525800
563.714900
564.344950
564.387500
564.601100
565.035400
565.095400
565.210050
565.389000
565.727600
565.978350
566.253450
566.517800
566.525800
566.871450
567.085000
567.396500
567.617100
567.622750
567.681500
567.697500
567.762500
568.077600
568.156000
569.155150
569.334450
569.359550
569.576500
569.748900
569.775800
569.825150
569.841550
570.155350
570.163250
570.179200
570.198400
570.716100
570.721450
570.754750
570.764600
571.131500
571.234150
571.304950
572.058700
572.377550
572.382300
572.387350
572.390200
572.400950
572.940350
572.966300
573.243500
573.354900
573.503150
573.585200
573.621250
573.817800
573.820100
574.460950
574.514600
574.659100
574.784400
574.796250
574.817250
575.178850
575.259950
575.426050
575.430100
575.584250
575.701550
575.758750
575.778850
575.902450
576.048700
576.069600
576.084100
576.198000
576.229350
576.285050
576.942850
576.950550
576.956300
577.042850
577.054850
577.062150
577.095000
577.142150
577.203200
577.565800
577.614500
577.629200
578.434000
578.448500
578.482800
578.560200
578.629650
578.633800
578.636250
578.643600
578.666800
579.447850
579.552500
579.795950
580.140900
581.254550
581.596150
581.601700
581.829000
581.845600
581.896500
582.209400
582.481750
583.065350
583.212000
583.215650
583.325100
583.346150
583.351000
583.479350
583.556000
583.596550
583.670650
583.686200
583.912150
584.107950
584.134350
584.911450
585.421200
585.471400
585.619800
585.704150
585.711800
586.691050
587.235450
587.415000
587.840100
587.889850
588.439400
588.889650
589.209350
589.524100
590.225450
592.628350
593.829200
594.173450
594.508750
594.951850
595.318600
596.374000
596.668800
596.689650
596.849250
597.014000
597.429150
598.929000
599.321100
599.794500
600.069900
601.029250
601.349800
601.669650
601.889400
602.169550
602.649800
603.887250
603.968850
604.627950
605.356700
605.507650
606.387050
606.886150
606.966350
607.265650
607.285700
607.809500
607.984950
608.284050
609.303600
609.456550
609.603300
609.622450
610.102250
610.126800
612.591650
612.639950
612.820300
612.931850
612.955550
612.974600
613.057950
613.429550
613.539450
613.658200
613.695950
613.737400
613.971700
613.998000
614.016350
614.023550
614.169300
614.303650
614.326100
614.520250
614.744400
615.111150
615.268650
615.477200
615.556150
616.124200
616.172050
616.291350
616.408450
616.412400
616.445850
616.554150
616.804100
616.997900
617.019150
617.084750
617.239450
617.297200
617.302200
617.460750
617.470600
617.493700
617.498000
617.517750
617.592950
618.067150
618.139150
618.153300
618.162000
618.262650
618.627800
618.731200
619.260350
619.329700
619.600000
619.626800
619.638750
619.661100
620.009000
620.077200
620.672250
620.674850
620.677900
620.696250
621.293550
621.629100
621.647300
621.858600
621.868300
622.503350
622.701050
622.939400
623.064300
623.088750
623.501450
623.552200
623.793300
623.864600
623.868650
623.959250
624.203850
624.631900
624.748100
625.071550
625.289400
625.301900
625.321000
625.351700
625.371650
625.496200
625.502950
625.674950
625.746150
625.761900
625.830300
625.832950
625.845650
626.029950
626.032300
626.035400
626.063600
626.231450
626.256450
626.363700
626.503700
626.851500
626.855300
626.889900
627.134850
627.141850
627.158000
627.160500
627.284950
627.289850
627.331550
627.404500
627.425700
627.456200
627.465750
627.889300
627.989700
628.082800
628.125950
628.129650
628.143300
628.219550
628.291300
628.410900
628.417750
628.423200
628.606300
628.665450
629.129700
629.141100
629.194400
629.198950
629.212500
629.217300
629.232150
629.362500
629.381450
629.457000
629.467000
629.727900
630.149000
630.151550
630.404900
630.440900
630.612950
630.861200
631.183950
631.259350
631.321250
631.398200
631.517800
631.745500
631.764500
631.950750
632.229450
632.343000
632.348950
632.362200
632.965350
632.987650
633.860450
634.035600
634.042050
634.055400
634.219450
634.302350
635.034650
635.303700
635.482400
635.789400
635.850300
636.084350
636.279750
636.639250
636.664150
636.804000
636.824900
636.875350
637.228850
637.434850
637.932200
638.000750
638.183350
638.258600
638.323750
638.516650
638.652850
638.931800
638.943200
638.955650
638.967400
639.249050
639.252900
639.423000
639.627000
639.708550
639.842700
639.847500
639.863300
640.180600
640.207450
640.303300
640.406050
640.767950
641.204050
641.356200
641.435150
641.543200
641.757450
641.787800
641.854900
642.142600
642.175050
642.191800
642.284650
642.347600
642.453750
642.463950
642.487400
642.837350
642.855700
642.961500
642.978800
643.048300
643.251050
643.369450
643.389100
643.683700
643.815800
643.883400
643.990100
644.094500
644.115800
644.132850
644.157500
644.221200
644.544400
644.589500
644.767500
644.890900
644.893250
644.936150
645.010850
645.104700
645.114350
645.368100
645.535450
645.885350
646.057700
646.094250
646.544350
646.583000
646.770000
647.297700
647.328700
647.547500
647.552550
647.559350
647.576100
647.909150
647.922950
648.758950
648.869350
648.956100
648.965350
649.460650
649.472500
649.971600
650.012400
650.045750
650.256700
650.403650
650.472350
650.756800
651.252500
651.271600
651.547950
651.832350
651.836350
651.872900
651.922500
651.932650
652.054350
652.231250
652.260250
652.291250
652.364150
652.369350
652.391150
652.426750
652.438750
652.576200
652.666050
652.679800
653.029400
653.118300
653.318950
653.323800
653.517000
653.571450
653.574150
653.579550
653.610300
653.671700
653.916150
654.069400
654.092350
654.160500
654.289750
654.416850
654.685150
654.873650
654.878150
654.896400
654.973000
654.997600
655.015250
655.165100
655.169750
655.176900
655.383550
655.407850
655.427600
655.474250
655.501100
655.842700
655.868300
656.107550
656.155600
656.169500
656.517400
656.543950
656.595850
656.613300
656.721950
656.960800
657.489150
657.555200
657.571800
657.662500
657.762850
657.832100
657.866800
657.902750
658.003000
658.110950
658.117350
658.129800
658.145500
658.227500
658.239100
658.256050
658.287200
658.534050
658.559150
658.688350
658.701550
658.721550
658.766300
659.086500
659.811350
659.848300
659.868300
659.913800
659.952300
659.968300
659.987150
660.154250
660.157450
660.416950
660.423050
660.480700
660.490850
660.845750
660.882950
661.079500
661.098900
661.719750
661.733200
661.957750
662.544800
662.656300
663.034550
663.042200
663.157950
663.541650
663.547000
663.557500
663.621850
663.737800
663.831600
664.610700
664.638650
664.794050
664.955800
665.116550
665.531500
665.870700
665.889500
666.019350
666.293800
666.372700
666.570150
666.640150
666.671200
666.700400
666.852550
666.857950
666.922350
667.044800
667.056750
667.083250
667.201100
667.358900
667.546800
667.990950
668.000400
668.023250
668.051950
668.074350
668.098750
668.454900
668.466900
668.598200
668.615950
668.639200
668.774800
668.996500
669.074050
669.194950
669.249400
669.354550
669.404600
669.511950
669.518650
669.619750
669.792950
669.830300
669.842700
669.921050
669.938700
670.161650
670.348250
670.352750
670.381100
670.419850
670.425050
670.533450
670.754650
670.793850
670.799300
671.019700
671.220700
671.264850
671.267150
671.273650
671.679850
671.928150
672.034050
672.173400
672.372800
672.451850
672.514550
672.644250
672.658950
672.661750
672.734750
672.750700
672.756500
672.921600
673.010650
673.033150
673.060950
673.133850
673.302850
673.329700
673.337500
673.464750
674.053900
674.132450
674.197950
674.202050
674.212300
674.232550
675.504900
675.742650
675.758950
675.884500
676.058250
676.212750
676.557700
676.631100
676.643100
676.877600
676.935950
677.070000
677.089900
677.095300
677.126500
677.212800
677.245750
677.556900
677.714500
678.096950
678.129950
678.161800
678.241700
678.591750
678.614100
678.780500
678.789300
679.058300
679.169150
679.345300
679.389950
679.400900
679.608150
679.748750
679.809500
679.887600
679.890750
679.904400
679.931850
680.009650
680.135900
680.162400
680.425300
680.479100
680.548300
680.553050
680.627400
680.796000
680.922500
680.994900
681.031100
681.188450
681.388400
681.403700
681.489300
681.539500
681.549100
681.562350
681.567400
681.576000
681.608300
681.788450
681.857350
682.117800
682.130700
682.140800
682.315700
682.508150
682.861550
682.873100
682.878250
683.011950
683.147400
683.473700
683.486550
683.491450
683.499400
683.523650
683.528800
683.531200
683.598450
683.623050
683.635750
683.831850
683.835150
683.847500
683.853200
683.912300
683.987100
684.055650
684.222800
684.340450
684.648250
684.657450
684.667350
684.724950
684.947150
684.990350
684.999150
685.085850
685.152500
685.288150
685.334800
685.339200
685.383150
685.391100
685.447350
685.654700
685.727450
685.786850
685.965650
686.072600
686.338300
686.352150
686.356750
686.603950
686.625550
686.644200
686.694900
686.708850
686.731600
687.027950
687.579950
687.730750
687.735250
687.756850
687.778750
687.794400
688.031350
688.063250
688.082900
688.200000
688.254400
688.633600
688.733700
688.772950
689.152750
689.292000
689.598800
689.823600
689.860650
689.865100
690.085800
690.216950
690.361200
690.444550
690.554650
690.587950
690.672050
690.675050
691.137250
691.141850
691.148450
691.238950
691.418650
691.439550
691.846250
691.872900
691.950200
691.953450
692.371150
693.326150
693.337100
693.347350
693.647900
693.661400
693.663800
693.893100
694.047000
694.232200
694.570600
694.612250
694.616000
694.927000
695.323850
695.538750
695.546100
695.743450
695.847150
695.995150
696.011050
696.033450
696.383350
696.391350
696.770000
696.810600
696.976800
697.558200
697.562200
697.625700
697.698250
697.852750
697.936050
698.080450
698.616000
698.627200
698.700000
698.944350
699.212500
699.227250
699.246250
699.279150
699.308600
699.420700
699.583950
699.598700
699.654550
699.861750
699.884100
699.918250
699.932400
699.939650
700.097800
700.290150
700.497450
700.507800
700.654300
700.715250
700.964300
701.018550
701.164150
701.833150
701.839200
701.856500
701.869200
701.969500
702.199500
702.209800
702.224250
702.398450
702.481900
702.687850
702.699600
702.706800
702.712800
702.748600
702.756400
702.794150
702.809550
702.843650
703.347750
703.371000
703.377350
703.705650
703.708650
703.725100
703.909550
703.934950
704.000000
704.808200
705.075450
705.081650
705.112750
705.218550
705.259750
705.612250
705.795500
705.911450
705.916000
706.381500
706.820850
706.865850
706.870800
707.074800
707.485050
707.665600
708.012100
708.056550
708.439150
708.717350
709.072150
709.439200
709.445250
709.455650
709.476000
709.858550
709.993450
710.589400
710.630900
710.661150
710.678700
710.693400
711.102350
711.141150
712.258000
712.263850
712.274800
712.398100
712.544050
712.766700
712.904850
713.170450
713.288200
713.490450
713.497950
713.526000
713.539700
713.622200
713.658250
713.839900
713.894750
714.011400
714.015750
714.057450
714.074950
714.103300
714.267650
714.407450
714.554350
714.561150
714.702650
714.801700
714.816800
715.116850
715.138250
715.175700
715.191450
715.210900
715.260700
715.572850
715.678650
715.683600
715.686650
715.839050
715.921250
715.944200
715.947300
716.002800
716.034450
716.134500
716.491350
716.564200
716.884400
717.020250
717.233350
717.264900
717.313600
717.515150
717.716600
717.824400
718.214650
718.311200
718.331400
718.524850
718.546050
718.571400
719.017500
719.033200
719.045300
719.058800
719.069300
719.097550
719.112100
719.174600
719.189250
719.233750
719.308500
719.322150
719.343850
719.349550
719.457850
719.629500
719.655300
719.761400
719.768800
719.801550
719.836800
720.222250
720.252000
720.295450
720.339850
720.344850
720.972850
720.977750
720.991750
721.270850
721.283600
721.418200
721.601400
721.638900
721.676600
721.739800
721.743950
721.956500
722.078800
722.107700
722.125850
722.785250
722.906650
722.911150
723.133550
723.148550
723.473350
723.476200
723.515600
723.895450
724.025400
724.028150
724.101500
724.483400
724.693250
724.868350
725.642050
726.037400
726.155900
726.315500
726.319150
726.321450
726.371550
726.504400
726.727650
726.731200
726.881950
726.919100
727.613300
727.693200
727.909150
728.710750
728.770650
728.776450
728.901050
729.277150
729.302850
729.453300
729.466750
729.846700
729.862600
729.867150
729.951400
729.965750
729.997550
730.361500
730.379350
730.391950
730.514300
730.800350
730.920600
730.925650
731.014600
731.127800
731.250100
731.623650
731.696800
731.778200
731.788600
732.154400
732.169500
732.182700
732.186850
732.640850
732.648150
732.667400
732.672000
732.716050
732.802350
732.836100
732.856300
733.389150
733.681400
733.721850
734.015050
734.035800
734.069600
734.082000
734.109450
734.316000
734.341300
734.757850
734.910150
734.925850
734.933650
734.953450
734.971050
734.981550
735.018200
735.331150
735.406800
735.607450
735.619100
735.655950
735.658500
735.661850
736.175550
736.625650
736.868300
737.072000
737.245500
737.502100
738.098450
738.202200
738.213000
738.220350
738.246600
738.255900
738.299550
738.302200
738.405800
738.931950
739.521000
739.973100
739.992100
740.032650
740.035250
740.090600
740.244600
740.534300
740.667050
740.672900
740.677150
740.680700
740.691600
740.715200
740.742800
741.184900
741.215350
741.586750
742.334550
742.348150
742.359700
742.448850
742.726350
743.053850
743.071200
743.300450
743.541450
743.674300
743.688550
743.824700
743.952450
743.971200
744.068800
744.586950
744.791800
745.119250
745.155450
745.360450
745.501450
745.602800
745.883650
745.886150
746.007650
746.073500
746.154850
746.263450
746.621600
746.639250
746.652550
746.665450
746.694200
746.790650
746.991800
746.996600
747.267800
747.694500
747.752350
747.784250
747.829250
747.836100
748.305500
748.531100
748.540650
748.740150
748.744000
748.823000
749.356050
749.428800
749.440850
749.617000
749.621350
749.658350
749.752250
749.758300
749.761500
749.791150
750.316900
750.328750
750.369950
750.375950
750.455300
750.499000
750.511600
750.719150
750.946550
750.955800
751.010950
751.060350
751.067350
751.083850
751.132600
751.293350
751.472650
751.806800
751.825150
751.830250
751.893900
752.011500
752.094300
752.273650
752.302500
752.398500
752.520200
752.832700
752.881250
752.899300
752.904950
753.048200
753.067450
753.350300
753.370950
754.109250
754.136200
754.148800
754.162700
754.199800
754.217900
754.465700
754.478450
754.519950
754.669650
754.679250
754.734650
754.738200
754.804100
754.820950
754.929250
755.051750
755.177700
755.188550
755.452500
755.484050
755.556500
755.717150
755.920700
755.991550
756.092200
756.096750
756.116150
756.295750
756.300600
756.321050
756.329100
756.433300
756.554100
756.712800
756.758200
756.763550
756.811800
756.823200
756.917350
757.019400
757.037150
757.053500
757.506100
757.635950
757.677050
757.871850
758.073050
758.101450
758.110300
758.130000
758.182950
758.478350
758.679750
758.819600
758.958750
758.963850
759.885200
759.891050
759.926500
759.932350
760.182700
760.188800
760.394100
761.120200
761.122500
761.380750
761.385400
761.538900
761.547800
761.790550
762.033400
762.060000
762.110000
762.114800
762.326000
762.806200
763.122550
763.376950
763.740300
763.804500
764.068550
764.081850
764.087300
764.141250
764.147850
764.178600
764.196600
764.349850
764.373750
764.529550
764.535800
764.593250
765.113100
765.149200
765.356350
765.412800
765.436750
765.717800
765.862950
765.865550
765.939650
766.031550
766.145950
766.186500
766.417450
766.454700
766.458450
766.791400
766.803450
766.895150
767.057200
767.978500
768.073800
768.109800
768.312550
768.838200
769.154850
769.178650
769.413550
770.363200
770.375900
770.869700
771.131750
771.307400
771.541650
771.568300
771.666600
772.888000
773.085100
773.402100
773.428850
773.710250
773.878600
773.901850
774.207950
774.243150
774.276300
774.509950
774.556050
774.846450
774.855450
774.898850
775.112000
775.137000
775.146500
775.237450
775.465450
775.559500
775.894200
775.916050
776.213500
776.510000
776.589600
776.724000
777.329700
777.397650
777.591900
777.934100
778.432150
778.713600
778.823500
778.849650
778.921300
778.992800
779.210450
779.287550
780.389050
780.414650
780.541050
780.557650
780.620750
780.671800
780.685850
780.792950
780.822850
780.827200
781.219100
781.743550
782.038150
782.329000
782.684200
782.699850
782.730650
783.315350
783.387650
783.468950
783.550800
783.555950
783.605900
783.696950
783.765450
784.185300
784.329800
784.590550
785.013750
785.027050
785.054050
785.329550
785.730800
785.786900
785.858100
785.860850
785.888850
785.893800
786.110100
786.167400
786.170400
786.656950
786.993750
787.009600
787.323350
787.789450
788.519350
788.688150
788.981850
788.990050
788.994550
789.002050
789.110850
789.140900
789.181350
789.195600
789.219850
789.382300
789.714950
789.930650
790.080250
790.202850
790.603450
790.618500
790.919850
791.020300
791.022350
791.035000
791.188850
791.472750
791.533400
791.825450
791.869550
791.890350
792.248950
792.584150
792.613150
792.779100
793.023900
793.030200
793.076750
793.447150
793.606300
793.686150
793.848150
793.860000
794.467800
794.491200
794.580200
794.584100
794.628850
794.657150
794.702050
794.952350
794.978050
795.330850
795.335550
795.646350
795.826150
795.842050
795.861550
795.864550
795.880900
795.921350
795.943450
796.062250
796.348550
796.406350
796.508800
796.872700
796.898450
796.915250
797.025100
797.029650
797.033500
797.050800
797.636950
797.736150
798.004000
798.278450
798.281400
798.296900
798.554600
798.567550
798.692400
798.712500
799.246550
799.252300
799.395350
799.407700
799.476100
799.499800
799.690650
800.145600
800.148800
800.685450
801.007500
801.051550
801.107250
801.687000
801.771400
802.012450
802.041300
802.145100
802.414200
802.641400
802.983050
803.063450
803.370450
803.376450
803.385100
803.417350
803.419450
803.427750
803.687650
804.015400
804.383000
804.396500
804.447250
804.486900
804.700950
804.709750
804.854600
805.123800
805.128600
805.362900
805.828650
806.002100
806.252900
806.501450
806.541550
806.569800
806.839950
807.890300
807.991000
808.111000
808.364100
808.598450
808.619100
808.715750
808.769800
808.910250
808.929500
808.946550
809.049150
809.088750
809.132700
809.139850
809.199750
809.340750
809.389200
809.404500
809.448400
810.018250
810.063800
810.370750
810.402550
810.404800
810.680350
810.883150
811.104300
811.195600
811.199750
811.236300
811.279450
811.357950
811.387650
811.420350
811.633000
811.876100
811.994900
812.310500
812.315950
812.372400
812.603850
812.764650
812.770850
812.788100
813.343650
813.803450
813.910850
814.022600
814.184950
814.187200
814.478350
814.487050
814.645800
815.280000
815.418400
815.495050
815.500250
815.517700
815.689400
815.929050
815.984250
816.015050
816.025600
816.100550
816.238900
816.353550
816.362400
816.404050
816.407250
816.430450
816.436050
816.439350
816.520450
816.537100
816.609700
816.755700
816.962350
817.022450
817.028250
817.069200
817.072450
817.082150
817.107050
817.213350
817.307250
817.325100
817.343050
817.562800
817.582900
817.591750
817.638400
817.665100
817.700800
817.704100
817.757900
817.772300
817.994900
818.037450
818.125550
818.387000
818.397350
818.436500
818.445700
818.494250
818.507550
818.536100
818.721200
818.729350
818.790250
819.315450
819.322750
819.336350
819.378000
819.438900
819.475650
819.506250
819.674100
819.694600
819.729250
819.738100
819.766000
819.791550
819.811650
819.818450
820.264450
820.278200
820.310500
820.441800
820.453700
820.469250
820.480300
820.561150
820.781400
820.796000
820.838000
820.869400
821.106900
821.112500
821.206500
821.394150
821.397350
821.457100
821.494050
821.497300
821.505950
821.663000
821.774100
822.145750
822.149900
822.380550
822.643500
822.731350
822.745150
822.769100
822.967800
822.970600
823.100050
823.116950
823.372400
823.451350
823.456650
823.467200
823.490900
823.516850
823.660150
823.683250
823.723750
823.741200
823.778400
823.829600
823.835500
824.057350
824.247050
824.300200
824.341500
824.457900
824.947700
825.230550
825.234600
825.266850
825.285000
825.390700
825.500500
825.516200
825.724450
826.087250
826.098200
826.105600
826.130750
826.139100
826.456400
826.476800
826.496750
826.648850
827.052200
827.066150
827.239300
827.253850
827.260250
827.286800
827.348200
827.710400
828.433400
828.439950
828.498300
828.503450
828.527000
828.552550
828.627300
828.786700
828.820250
828.831250
828.833750
828.867000
829.731450
829.850700
829.871600
829.876450
830.002300
830.006100
830.024300
830.235300
830.462400
830.469200
830.792800
830.843600
830.848150
831.166950
831.286750
831.290700
831.424500
831.427000
831.504750
831.534200
832.092250
832.113050
832.360550
832.500200
832.521450
832.574800
832.601000
832.608350
832.666250
832.680100
833.413050
833.481600
833.700450
833.704900
833.785900
833.807850
833.838000
833.846750
834.103300
834.150650
834.181650
834.196000
834.215250
834.290500
834.699100
834.729300
834.763600
834.913350
835.353650
835.363500
835.375200
835.428350
835.433050
835.465050
835.997850
836.232500
836.614400
836.908850
836.947550
836.952400
836.974300
837.091800
837.152250
837.239100
837.244850
837.806800
837.838200
838.147550
838.156550
838.189300
838.195750
838.217900
838.253600
838.260900
838.487950
838.529100
838.606400
838.678550
838.988800
839.471050
839.482900
839.488400
839.611750
839.991700
839.996300
840.087200
840.093050
840.104450
840.118850
840.248000
840.273250
840.449900
840.596850
840.659250
840.745800
841.095050
841.325200
841.814300
841.827500
841.935500
841.940300
841.999500
842.015150
842.475200
842.486200
842.617100
842.717800
842.754300
842.766250
842.865250
843.504500
843.520100
843.565350
843.827600
843.834000
843.866400
844.559300
844.985750
845.129700
845.722350
845.753600
845.758050
845.827500
846.227700
846.448400
846.459950
846.487450
846.492000
846.589500
846.750950
846.953000
847.198500
847.204750
847.284350
847.515050
847.518950
847.810050
847.998200
848.002300
848.114200
848.160050
848.402900
848.658150
848.664750
848.734600
849.032100
849.036000
849.583900
849.598450
849.715700
849.810900
849.909850
849.915500
850.205350
850.445750
851.054000
851.490250
851.817350
851.823800
851.842850
851.861800
851.873400
851.897750
851.902400
851.906500
851.908550
851.951500
851.976850
852.253300
852.300850
852.379100
852.695800
852.809300
852.980200
853.712600
853.733500
853.747300
853.902850
853.934100
854.275000
854.288000
854.372150
855.133800
855.610200
855.687850
855.901450
855.906250
855.913950
856.145550
856.540000
856.944400
856.954900
856.968650
856.981750
856.988000
857.121250
857.138400
857.148200
858.217600
858.234250
858.377450
858.379600
858.419000
858.649650
858.955800
858.972300
859.454450
859.638700
859.868600
859.903550
860.125800
860.442650
860.654550
860.774800
860.780500
861.279050
861.283000
861.788750
861.957550
862.021150
862.505950
862.690050
862.896150
863.085000
863.396950
863.427350
863.674250
863.689300
863.941700
864.165250
864.298150
864.476300
865.700350
865.996350
866.119450
866.161000
866.165600
866.179050
866.191450
866.196450
866.272550
866.281750
866.295000
866.779400
866.859100
866.862100
866.865300
866.869450
866.875000
866.901900
866.952700
866.963700
867.051600
867.187250
867.219300
867.798400
867.902800
868.030100
868.039850
868.840500
868.850600
868.883750
868.889500
868.924900
868.953650
868.962350
869.049500
869.086100
869.150900
869.161650
869.192000
869.570400
869.767450
870.666700
870.732700
871.169800
871.328050
871.345050
871.364500
871.673250
871.767800
871.959600
872.000200
872.004500
872.373700
872.433100
872.438200
872.674050
873.515700
873.621000
874.597650
874.661850
874.810800
874.999150
875.496050
875.501850
875.507850
875.520000
875.547350
875.623050
875.626850
875.914700
875.923750
875.962050
876.034450
876.068250
876.458800
876.478150
876.718800
876.795250
876.804900
876.862800
876.909950
876.921800
877.178600
877.335800
877.339600
878.690550
878.849500
878.993500
878.999050
879.342450
879.409650
879.547450
879.678550
879.681100
879.686450
879.878600
880.087250
880.421850
880.509500
880.514700
880.533150
880.746000
881.817950
882.042500
882.081650
882.293000
882.298550
882.339200
882.673000
882.697400
883.066850
883.366800
883.371100
883.375600
883.918100
883.922100
884.186900
884.270550
884.477350
884.772500
884.919950
884.924050
884.953350
885.446150
885.600150
886.216600
886.614350
886.701300
886.857750
887.120450
887.753800
887.781150
887.788500
887.822850
887.872100
888.473200
889.020650
889.041200
889.068800
889.097100
889.135950
889.159300
889.170250
889.186950
889.198650
889.209250
889.219550
889.224150
889.716400
890.214800
890.235850
890.575250
890.578600
890.583300
890.622800
890.977200
891.434400
891.634550
891.983200
892.147550
892.337300
892.362900
892.629900
892.764300
892.790300
892.841050
892.853700
893.132800
893.405300
893.820150
893.873950
893.972550
894.040050
894.493300
894.567150
894.876400
895.022100
895.303050
895.334950
895.341250
895.349550
895.356250
895.881550
895.958800
896.424200
896.519500
896.538200
897.908850
897.935050
897.949650
898.383350
898.393850
898.707100
898.764800
898.951900
899.230600
899.405400
899.410150
899.412950
899.446700
899.560300
899.797600
899.810350
899.826050
899.831250
899.852800
899.879600
899.928650
900.165400
900.201650
900.246600
900.507450
900.535300
900.657100
900.688400
901.119950
901.124000
901.236450
901.250200
901.255200
901.713350
901.719100
901.741700
901.768300
902.252150
902.312600
902.529150
902.544350
902.596650
902.701000
902.734650
902.762100
902.859550
903.176750
903.188250
903.245700
903.744750
904.307300
904.556000
904.566800
904.857700
905.173150
905.267900
905.489050
905.505000
905.593550
905.608050
905.944950
906.545800
906.550150
906.577750
906.608950
906.637150
906.717450
906.736950
906.761400
906.996950
907.005800
907.218750
907.794250
907.872450
908.257350
908.263550
908.270600
908.852850
908.858150
908.862950
908.950300
909.281800
909.697100
910.131050
910.133650
910.138050
910.186950
910.353000
910.659950
910.694150
910.732200
910.973050
910.997050
911.988750
912.052000
912.172800
912.462450
912.722750
912.784800
913.114000
913.311950
913.505350
913.717200
913.754900
913.830750
914.369800
914.377000
914.381600
914.559500
914.899700
915.024450
915.027950
915.049800
915.067250
915.087800
915.092300
915.095000
915.280450
915.305400
915.319950
915.791800
916.084500
916.089400
916.740250
917.223850
917.319150
917.977650
917.996450
918.015250
918.057750
918.068050
918.163750
918.171950
918.179350
918.233700
918.815200
918.817450
918.876050
918.895200
919.166200
919.173200
919.212950
919.486900
919.674150
919.780950
919.809450
920.046050
920.342900
920.390500
920.694800
920.722550
921.180850
921.449700
921.579150
921.588900
922.251500
922.276200
922.314400
922.539850
922.941750
923.051300
923.353350
923.357250
923.733400
923.758250
923.884350
924.197300
925.074800
925.114400
925.122400
925.139400
925.176950
925.212550
925.263050
925.282750
925.485450
925.586200
925.923100
926.113250
926.767850
926.774400
926.967800
927.210300
927.540250
927.562950
927.861900
928.508900
928.531000
928.601200
928.615200
928.648100
929.348800
929.462300
929.471100
929.825000
930.190050
930.205000
930.231750
930.243150
930.250650
930.364600
930.393400
930.572950
930.580100
930.616750
930.760450
931.157300
931.224400
931.615250
932.092150
932.179250
932.184150
932.366400
932.550100
932.711300
933.558800
933.658300
933.896850
933.910800
933.921900
934.028400
934.073750
934.164500
934.170300
934.694550
934.698650
935.425100
937.347300
937.552550
937.960100
938.447700
938.452900
938.793050
939.046200
939.083500
939.087600
939.312300
939.397700
939.421350
939.453400
939.810000
939.851000
939.912850
939.946650
940.247950
940.329650
940.391750
940.609450
940.648250
940.653050
940.869450
941.213250
941.217200
941.309550
941.808400
942.241550
942.258500
942.263600
942.325000
942.328850
942.405300
942.530500
942.641050
942.657100
942.672400
942.768950
942.792750
943.078350
943.085700
943.333850
943.853750
943.893550
944.023350
944.038500
944.588350
944.594650
944.765650
944.927900
945.115450
945.194700
945.212700
945.248100
945.253100
946.046700
946.678050
946.719100
946.723500
946.734650
946.872850
947.366700
947.905050
947.955050
947.958350
947.973550
947.978500
948.276550
948.527350
948.594150
948.643750
948.862450
949.231600
949.236850
949.734300
949.864950
949.892100
950.077850
950.306100
950.684450
951.036850
951.406350
951.431550
951.494400
951.550650
951.628600
952.117100
952.122400
952.483100
952.506750
952.527350
952.652750
952.656950
952.707700
953.154200
953.184750
953.190300
953.496100
953.527650
953.596950
954.028150
954.164400
954.506600
954.555100
954.749450
954.751800
954.761850
954.936850
955.238300
955.248800
955.263650
956.175400
956.458650
956.463400
956.578900
956.621100
956.652550
957.846850
957.851950
958.334250
958.539600
958.669600
958.679050
958.691100
958.776650
959.223500
959.285650
959.548750
959.792150
959.899300
959.919500
959.929350
960.202200
960.623900
961.097300
961.101350
961.304900
961.751700
961.912850
962.243600
962.250500
962.298050
962.301350
962.315550
962.369450
962.772150
962.800100
963.204600
963.206800
963.776450
963.801600
963.864450
963.875050
963.881500
963.943450
963.971750
963.980700
964.019300
964.759050
965.114850
965.120250
965.677850
965.771800
966.223000
966.361050
966.392300
966.402800
966.541100
967.151700
967.247000
967.342650
967.824350
967.873800
968.180150
968.277400
968.371300
968.398550
968.586850
968.597400
968.931750
969.057650
969.082300
969.534000
970.228950
970.356950
970.636150
970.641400
970.803450
970.808750
970.961850
970.968200
971.267500
971.315050
971.354350
971.450100
971.585600
971.665600
972.054750
972.369800
972.792600
973.627400
973.975750
973.980500
973.991450
974.015750
974.026800
974.044750
974.065900
974.242800
974.288850
974.323250
974.344150
974.582300
974.601000
974.684700
974.749450
975.474400
975.514900
975.901650
976.045500
976.051050
976.096600
976.148400
976.153350
976.306650
976.600800
976.613200
976.722550
976.772300
976.785100
977.055450
977.606500
977.611050
977.635400
977.782000
977.824300
978.288100
978.447400
978.621650
978.795950
978.901650
978.906400
979.324150
979.370100
980.146450
980.160900
980.615300
980.700750
980.725700
981.041800
981.205000
981.307700
981.756250
982.064950
982.073800
982.085150
982.374150
982.379400
982.494600
982.774450
982.787500
982.859100
982.870600
983.992400
983.998150
984.330400
984.412000
984.915550
985.134650
985.311800
985.320050
985.373400
985.382150
985.408850
985.412350
985.737250
985.991500
986.010900
986.024500
986.041550
986.044750
986.056950
986.158650
986.315350
986.318650
986.323050
986.385900
986.857800
986.885250
987.165000
987.604950
987.611350
988.001650
988.252800
988.433000
988.493800
988.509900
989.054750
989.251150
989.345050
989.349100
989.710650
989.827500
989.851850
989.992650
990.585700
990.590000
990.635450
990.903300
991.019900
991.026400
991.036250
991.219050
991.249950
991.254950
991.607700
991.677850
991.698200
991.703250
991.713950
991.744100
991.846100
992.086800
992.099250
992.118000
992.544550
992.807650
992.812700
993.218750
993.231800
993.256250
993.437150
993.806600
993.825050
993.971000
993.978500
994.019350
994.062850
994.319700
994.325100
994.546950
994.600300
994.730050
995.363300
996.146200
996.151250
996.183950
996.508450
996.528550
996.588200
997.108800
997.249100
998.423450
998.493350
999.301900
999.471550
999.600900
999.740150
999.854300
999.906050
1000.041800
1000.051950
1000.182500
1000.546000
1000.826350
1001.205000
1001.792650
1001.796200
1002.224450
1002.244750
1002.261500
1002.283950
1002.569900
1002.607250
1002.731650
1003.171900
1003.528550
1003.908750
1004.161450
1004.643850
1004.710750
1005.336550
1005.345550
1005.413950
1005.420350
1005.426800
1005.464550
1005.485250
1005.631050
1005.637750
1005.746050
1006.083650
1006.199000
1006.480700
1006.488550
1006.667450
1006.684750
1006.777850
1006.823050
1007.219850
1007.241750
1007.254150
1007.258650
1007.422200
1007.426400
1007.502550
1007.509950
1007.591650
1007.612600
1007.703950
1007.855250
1008.053650
1008.149600
1008.154650
1008.228150
1008.313950
1008.392650
1008.432650
1008.716550
1009.071800
1009.131900
1009.213200
1009.770850
1009.803750
1010.121300
1010.130400
1010.267150
1010.622950
1010.666500
1010.751750
1010.969050
1011.020600
1011.163450
1011.241200
1011.291800
1011.295750
1011.575000
1011.676200
1011.932000
1012.135150
1012.202950
1012.404900
1012.429250
1012.459750
1012.472550
1012.491850
1012.633650
1012.762200
1012.971300
1013.286100
1013.588650
1014.742200
1014.750200
1014.758100
1014.889400
1014.952000
1015.038250
1015.620650
1015.709950
1015.984700
1016.266200
1016.475600
1016.495000
1016.529850
1016.784050
1016.788150
1016.979150
1018.155050
1018.489100
1018.495000
1018.830300
1018.834150
1018.976350
1019.255350
1019.303750
1019.308700
1019.344300
1019.360100
1019.371050
1019.459850
1019.491300
1019.866050
1019.871150
1019.895050
1019.914050
1019.923500
1019.926250
1019.965100
1020.400150
1020.417200
1020.493700
1020.515750
1020.564450
1020.574150
1020.659550
1020.661950
1020.674300
1020.683400
1021.021150
1021.279700
1021.335000
1021.362500
1021.508550
1021.542100
1021.603000
1021.868400
1022.198150
1022.405250
1022.559700
1022.576500
1022.599000
1022.603350
1022.658750
1023.032200
1023.687450
1024.374150
1024.512900
1024.574450
1024.636800
1024.723900
1024.952150
1025.763850
1025.832650
1025.887400
1026.969500
1027.139050
1027.144150
1027.401850
1027.428300
1027.439250
1028.089150
1028.107300
1028.133900
1028.149700
1028.489500
1028.679300
1028.792650
1029.212450
1029.236600
1029.274500
1029.428600
1029.572550
1029.763850
1029.807800
1029.833300
1029.847500
1029.971300
1029.981150
1029.984600
1030.055400
1030.183500
1030.254000
1030.595000
1030.599500
1031.128450
1031.136150
1031.602400
