2.222300
5.149350
5.189900
10.198500
10.205450
10.207800
10.217650
10.226750
10.235700
10.242850
10.247700
10.459700
12.216250
18.840100
22.103550
22.109800
22.112900
22.122300
22.125500
22.559300
24.594150
26.056900
26.076550
27.530600
27.533000
27.555000
28.286750
28.289300
28.292200
28.297250
28.332500
34.475850
34.488050
36.074350
38.131850
38.157050
41.263900
44.041000
49.617050
49.633750
49.639850
52.507000
57.924050
58.827350
60.600150
60.610100
63.792500
63.795150
63.903050
63.961600
63.967500
63.976750
64.021450
65.775950
65.779700
66.655700
66.727000
68.522450
68.525000
68.558050
69.276250
69.364900
70.100800
73.202550
81.855250
87.038150
87.637650
88.263800
88.615200
90.172200
91.178050
91.208500
91.211750
91.216750
91.240950
92.489200
92.492750
92.999950
93.002650
93.022550
93.399050
93.644050
95.441250
95.455900
95.473400
95.719300
95.722600
95.734850
96.945550
96.961100
96.971350
99.049650
99.086850
99.090400
99.100550
99.394500
100.226400
100.234200
100.507200
100.727500
100.740450
102.079800
102.082450
102.085500
102.089200
102.408100
102.428250
102.460500
102.469450
103.370500
103.373550
103.376400
103.380100
103.502750
103.598650
105.108850
107.035750
107.046750
107.511000
107.514300
107.798650
107.801750
107.815300
108.556150
108.672400
109.449150
109.455400
110.115300
110.897200
110.904400
110.907950
111.718050
111.865150
111.873550
111.903950
112.003150
113.721900
113.729200
113.759600
115.045550
115.048800
115.083050
115.088900
116.123400
116.130050
116.139950
116.143300
116.814350
118.843000
118.845600
119.269600
119.275650
119.279600
120.122300
120.138550
120.184250
120.870300
122.377950
122.607350
122.733650
123.283350
123.298600
124.044200
124.080800
124.181500
124.193100
125.709450
125.727650
125.745900
127.425450
127.441800
127.484300
128.144100
128.951100
129.000850
129.028750
129.034800
129.219850
129.224900
129.228500
129.519050
130.443700
131.120350
131.507350
131.511150
131.547850
131.550650
131.565350
131.870450
132.666750
132.680200
132.684150
133.293200
133.678550
133.709050
133.820700
134.471800
135.372050
135.378400
135.881650
135.887850
135.890950
135.897750
135.901900
135.920800
136.136050
136.192850
136.289100
136.826200
136.837850
136.849450
136.854100
137.382800
137.406150
138.534300
138.537750
139.354650
140.903650
140.914300
140.920750
141.562550
141.870550
141.873400
142.192350
142.195350
142.387800
142.937300
142.942200
142.946600
142.975900
142.979850
143.180750
143.445750
143.862250
143.865700
144.189750
144.200450
144.957100
145.050700
146.054400
146.418100
146.434450
146.440450
146.500750
147.153900
147.963400
148.073350
148.076200
148.079450
148.083450
148.094300
148.559150
148.573900
148.587650
148.731250
149.178550
149.451700
149.454800
149.766400
149.773250
150.997650
151.001450
151.005950
151.223600
151.227000
151.271250
151.330850
151.687500
151.690850
152.000750
152.997900
153.524100
154.640400
154.643650
154.663350
154.670250
154.682850
156.308050
157.034900
157.038050
157.051550
157.055150
157.062000
157.067750
157.071350
157.244550
157.247150
157.408300
157.411250
158.188450
158.422000
158.937450
158.940000
159.442450
159.447200
159.833050
160.140200
160.143450
160.257500
160.261700
160.718650
160.722100
162.607500
162.640900
162.642950
162.649500
162.796800
162.972000
163.250000
163.342900
163.531250
164.583900
165.033750
165.352000
165.362150
165.643150
165.975950
166.001700
166.577500
166.583500
166.918500
167.396350
167.663550
167.667450
167.825550
167.828850
168.487050
168.490800
168.600150
168.668500
168.782100
168.789400
169.083150
169.212650
169.747400
170.224250
170.227500
170.562700
170.566200
171.508800
171.511900
171.522400
171.953550
172.744100
172.748100
173.113150
173.117600
173.493150
173.496150
173.499150
173.505900
173.846400
174.268900
174.599300
174.677250
175.133000
175.139350
175.142350
175.254300
175.649100
175.660850
175.668900
176.355950
176.370150
177.454950
177.458850
177.541250
177.666200
177.679650
177.687950
177.776300
178.493200
178.500200
178.742000
178.861000
179.104800
179.109200
179.437150
179.609950
179.780800
179.794300
179.809700
179.819150
180.018850
180.702150
180.713950
180.873600
181.044350
181.048100
181.777750
181.792950
182.040750
182.138550
182.272750
182.314250
182.432000
182.435150
182.455200
182.837200
183.184800
183.187850
183.266850
183.325300
183.331300
183.353000
183.370050
183.494600
184.106150
184.755650
184.789150
184.792700
184.807350
184.881950
185.126400
185.129650
185.133150
185.407350
185.410350
185.768250
185.772400
186.427800
186.876300
186.879550
187.045200
187.466300
187.469100
187.472450
187.530450
187.719900
187.922250
188.409900
188.743000
188.766750
188.770550
188.856000
189.401400
189.410700
189.414000
189.418050
189.860500
190.263100
190.786250
191.244850
191.271100
191.358950
191.439450
192.294900
192.297900
192.513500
192.613400
192.617050
192.630150
193.209850
193.969000
194.062150
194.124200
194.127550
194.130850
194.134300
194.475200
194.964500
195.116050
195.363550
196.045800
196.048850
196.372800
196.623550
196.828800
197.237650
197.308650
197.588000
197.590900
198.135300
198.216250
198.417750
198.436300
198.780050
198.833700
199.103500
199.106750
200.288250
200.290950
200.294350
200.297650
200.324550
200.332950
200.345750
200.349500
200.660150
200.847650
201.017400
201.020650
201.040150
201.651700
201.680950
201.699950
202.722100
202.745550
202.950600
202.954400
203.338650
203.350450
203.381550
203.384900
203.694450
204.036300
204.039650
204.079450
204.186200
205.133800
205.445200
206.430800
206.457050
206.937100
207.275700
208.265950
208.957400
209.758850
210.024350
210.575550
210.582700
210.587950
210.751750
210.755950
210.896900
210.904600
210.908100
211.193350
211.237900
211.331300
211.612150
211.615200
211.784000
212.085100
212.091750
212.845750
213.048700
213.112550
213.117150
213.748000
213.803200
214.029650
215.051600
215.055800
215.661800
215.803150
215.811350
215.815100
216.547350
216.551050
216.735300
217.045800
217.665250
217.668900
217.745750
218.301500
218.462350
218.470750
218.654450
218.996500
219.009650
219.539150
219.542700
220.091400
220.097800
220.110650
220.161050
220.489550
220.862600
220.926250
220.929450
220.934050
220.942950
221.048600
221.072700
221.076100
221.099550
221.849250
221.999350
222.115900
222.119200
222.122900
222.266550
222.321400
222.656650
222.660150
222.818800
223.012100
223.015600
223.472300
223.475600
223.481000
223.485650
223.971200
223.974400
224.001650
224.082600
224.378850
224.387050
224.645650
225.329750
225.340050
225.346950
225.550500
225.704550
225.727150
225.798500
226.301650
226.306400
226.381450
226.387950
226.480400
226.933600
226.949300
226.953100
226.955600
227.208250
227.211000
227.227150
227.238650
227.258850
227.397350
228.065750
228.069950
228.299800
228.673350
228.824650
229.376900
229.574000
229.583150
229.609450
229.631500
229.644200
229.659450
230.370200
230.623950
230.745200
230.942600
231.156400
231.161350
231.256800
231.658500
231.701800
231.706050
231.710800
232.319800
232.324000
232.330850
232.334850
232.717350
232.878250
232.951700
232.960850
232.965700
233.080350
233.381400
233.384950
233.741100
234.235400
234.317200
234.546350
234.799600
234.811050
235.184050
235.391200
235.419350
235.426250
235.748100
235.754250
235.966350
235.998750
236.375950
236.381950
236.490450
236.495200
237.012000
237.018400
237.026000
237.961800
237.984750
238.038900
238.721450
238.756300
239.282900
239.286100
239.292650
239.300300
239.313100
239.317100
239.432650
239.460750
239.465200
239.713250
239.925900
240.056850
240.208050
240.224850
240.391600
240.526750
240.698500
240.857550
241.144350
241.282400
241.921300
242.144050
242.811400
242.970550
242.973800
243.433500
243.448800
243.764650
244.332400
244.338350
244.370100
244.645900
244.657900
244.844800
244.856750
245.106300
245.312550
245.319150
245.544850
245.681750
245.965100
246.017300
246.020300
246.043050
246.112900
246.116250
246.452000
246.465400
246.541000
247.186000
247.196950
247.203000
247.220050
247.507600
247.513450
247.638050
247.790600
248.179250
248.377450
248.437650
248.630800
248.634800
248.767600
248.962050
248.965150
248.999250
249.581850
249.585300
249.712550
250.209900
250.505600
250.508950
250.678000
250.689650
250.698300
250.703650
250.761750
250.777050
250.991500
250.995500
251.147500
251.380300
251.560700
251.804550
252.091500
252.132100
252.154600
252.353900
252.514000
252.843500
253.539950
253.542500
253.637500
253.643350
253.647500
253.688000
254.080450
254.093500
254.110200
254.536200
254.585450
254.588300
255.246350
255.249700
255.474650
255.509150
255.523550
255.529600
255.539350
255.603200
255.614150
255.622100
255.933750
256.145450
256.151650
256.174100
256.189400
256.277700
256.296750
256.962500
257.025100
257.256950
257.337500
257.699100
257.797500
257.989200
258.110450
258.316250
258.516250
258.556750
258.788700
258.820600
259.108750
259.447600
259.966200
259.969400
259.981700
259.989300
260.357800
260.401800
260.723400
260.758200
260.946800
261.107950
261.155350
261.293150
261.319800
261.334250
261.695800
261.924250
261.969100
261.977150
261.985650
262.240450
262.326300
262.529800
262.568000
262.731900
262.768450
262.793150
262.796250
262.799400
262.862150
263.044300
263.080500
263.165300
263.333850
263.393150
263.555450
263.567700
263.932550
263.963600
264.295450
264.542400
264.545800
264.893000
265.304100
265.608850
265.907350
265.933850
265.978500
266.014750
266.030950
266.215900
266.419250
266.476800
266.480850
266.567450
266.580750
266.587300
266.758550
267.193850
268.045300
268.176550
268.179600
268.334000
268.580500
268.767000
268.788650
268.861150
268.865150
268.939600
269.336700
269.693250
269.781250
269.947450
270.099250
270.450050
270.452850
270.456050
270.462900
271.307000
271.535550
272.039250
272.044600
272.409800
272.698400
272.704900
272.712800
272.715300
272.772750
273.104000
273.153500
273.482750
274.712500
274.766600
275.043450
275.222600
275.235900
275.244000
275.260550
275.489900
275.510150
276.032550
276.241750
276.468800
276.634300
276.637150
276.987200
276.992550
277.214300
277.311150
277.326750
277.438350
277.575450
277.584550
277.631750
277.768600
277.812950
277.822050
278.035600
278.539750
278.552450
278.710250
279.024650
279.393150
279.396450
279.798650
279.802900
279.976050
280.097850
280.101900
280.139200
280.141400
280.144450
280.293750
280.389550
280.528200
280.534900
280.664700
280.792950
280.801050
280.809250
280.817250
280.821050
280.827400
280.921000
281.166150
281.182950
281.190200
281.255000
281.265900
281.270000
281.274500
281.655400
281.669350
282.175100
282.179100
282.187400
282.198100
282.301300
282.432600
282.478600
282.481450
282.499800
282.720100
283.021650
283.044000
283.055050
283.460700
283.480700
283.497200
283.500900
283.506750
283.872600
284.196050
284.199400
284.211750
284.261250
284.264550
284.682650
284.686100
284.690000
284.710000
284.713250
285.002350
285.063150
285.173550
285.438200
285.721600
286.245950
286.588150
286.597650
286.615450
286.624350
286.630250
286.638950
286.861000
286.970850
287.201550
287.427600
287.790850
288.366800
288.427600
288.545600
288.593250
288.596400
288.599700
288.614850
288.770450
288.789300
289.178050
289.335600
289.407300
289.743600
290.049050
290.154050
290.352100
290.355150
290.362950
290.657400
290.662650
290.770350
290.844800
290.848600
291.074100
291.414850
291.422700
292.132450
292.399950
292.403700
292.411750
292.433600
292.626150
292.801200
293.221350
293.564850
293.568000
294.087450
294.249950
294.311450
294.677850
294.684000
295.421300
295.424350
295.427750
296.098350
296.352600
296.363350
296.374800
296.871950
296.931350
297.365500
297.618350
297.621050
297.626200
297.628750
298.005400
298.009200
298.590300
298.705100
298.708050
298.710950
298.714550
299.135850
299.539400
299.937950
299.941900
299.945700
299.951100
299.955450
299.959350
299.968550
300.049050
300.057050
300.170900
300.406250
300.553750
300.763350
300.808750
301.503850
301.536250
301.785900
301.916550
301.919650
301.927800
302.446500
302.864100
302.867800
302.904850
302.908600
302.913300
302.927600
303.518350
303.522450
303.699400
304.072400
304.147000
304.151050
304.191450
304.679950
304.774950
304.915950
304.919450
305.272300
305.416950
306.270500
306.395700
306.421400
306.558050
306.691000
306.984600
307.282100
307.331550
307.419050
307.833950
307.928350
308.095950
308.200200
308.509550
309.021850
309.126200
309.514850
309.518250
309.577950
309.581550
309.585550
309.592500
309.595000
309.619600
309.647600
309.699050
309.767200
310.083550
310.087050
310.118650
310.132600
310.636800
310.679900
310.688950
310.700000
310.835600
310.838300
310.886350
311.348850
311.657000
311.831050
311.834050
312.077450
312.313550
312.563000
313.032400
313.036650
313.040750
313.101900
313.105550
313.110000
313.115200
313.388900
313.440900
313.461550
313.722650
314.328750
314.374200
314.536300
314.538500
314.540550
314.543550
314.547600
314.550600
314.650500
314.803250
314.808200
315.044950
315.048350
315.293050
315.301050
315.497100
315.977350
316.010000
316.167550
316.454950
316.464650
316.542750
316.564050
316.621700
316.811200
317.482050
317.488400
317.595650
317.598550
317.602350
317.801150
317.806650
317.840700
317.852650
317.914250
318.341400
318.429800
318.656050
318.838250
318.841400
319.010600
319.078650
319.091000
319.095250
319.367250
319.483600
319.496700
319.504050
319.732400
319.833850
320.204450
320.287050
320.419600
320.630250
320.849050
320.859850
321.207500
321.552950
321.555100
321.881900
321.898300
321.902650
322.092650
322.129650
322.133100
322.351350
322.363600
322.427650
322.695500
322.712050
322.870250
322.951100
323.121000
323.137950
323.463700
323.468100
323.528200
323.639650
323.788050
323.952400
323.956200
324.491000
324.611650
324.663650
324.666800
324.895550
324.947700
324.988850
325.731000
325.739600
325.866100
326.168650
326.293950
326.348400
326.387000
326.587450
326.707650
326.970300
326.974700
327.251800
327.258900
327.543500
327.937150
327.945550
327.954750
328.265900
328.431150
328.619300
329.141700
329.161150
329.167250
329.441000
329.645750
329.695950
329.866350
330.001200
330.274550
331.146000
331.256450
331.768850
331.987950
332.136850
332.227600
332.230600
333.001750
333.037550
333.138850
333.142600
333.150350
333.517650
333.531100
334.062150
334.064850
334.068450
334.144500
334.404650
334.422900
334.821400
334.900400
334.904150
335.147850
335.318550
335.465750
335.623150
335.636000
335.682000
335.774200
335.960400
335.964150
336.273750
336.284150
336.292050
336.299600
336.551250
336.555550
336.868550
337.083300
337.195850
337.248500
337.303400
337.370250
337.966200
337.983400
337.988400
338.002550
338.197250
338.240600
338.670500
338.906650
338.910850
339.548050
339.553600
339.886050
339.889550
340.227900
340.481200
340.484350
340.488000
340.881650
340.900100
341.044900
341.218450
341.540700
341.696250
342.129400
342.154950
342.288900
342.314050
342.415150
342.531750
343.827650
343.831100
343.847100
344.043800
344.047700
344.069600
344.074000
344.082750
344.204650
344.235150
344.391700
344.708750
345.158000
345.160900
345.167350
345.380950
345.387850
345.740100
345.746050
345.844450
345.866900
346.108550
346.655150
346.665800
346.712950
346.901850
346.906000
346.910500
346.940100
347.009100
347.112950
347.127750
347.132200
347.414800
347.653550
347.683900
347.687500
347.700150
347.840100
347.913100
347.929700
348.287050
348.331250
348.499950
349.015500
349.058000
349.064550
349.238000
349.242650
349.445000
349.449100
349.462800
349.955000
350.062600
350.243350
350.415900
350.419350
350.427550
350.599700
350.851400
351.070900
351.268400
351.283350
351.552700
351.633850
351.872800
352.027450
352.219800
352.222600
352.230600
352.242350
352.316200
352.630950
352.634400
352.961950
353.146350
353.179850
353.412800
353.497750
354.121200
354.124800
354.156700
354.162750
354.255900
354.778750
355.130000
355.396400
355.399800
355.408850
355.675900
355.751800
356.077250
356.136300
356.781300
356.784300
356.908200
357.037250
357.040900
357.135700
357.234300
357.241150
357.244600
357.250850
357.255400
357.268550
357.326250
357.893550
357.915950
357.952900
358.008750
358.012950
358.396600
358.400250
358.812450
358.815250
358.821100
358.832700
359.174950
359.185800
359.199000
359.203400
359.294950
359.330600
359.682700
359.697750
359.701750
359.820750
359.828150
359.833050
359.841750
360.286950
360.290800
360.300800
360.413650
360.833750
360.837250
360.898300
361.114700
361.358300
361.499550
361.506600
361.529850
361.858000
361.880950
362.216050
362.240000
362.242750
362.307250
362.559750
362.688200
362.784100
363.038100
363.041500
363.321800
363.328050
363.331600
363.510600
363.596700
363.764600
364.000450
364.091850
364.813600
364.851900
365.033200
365.370250
365.540750
365.547350
365.709600
365.933550
365.967150
366.045850
366.093900
366.281350
366.370700
366.542550
366.726550
366.738550
367.423850
367.790050
367.853550
367.915000
367.922150
367.952300
367.956150
367.961150
367.972300
368.241350
368.244300
368.250500
368.253650
368.278450
368.293800
368.303450
368.539350
368.552200
369.205400
369.209600
369.219300
369.844400
370.199250
370.203800
370.651000
370.730500
370.906900
371.308600
371.901650
372.058550
372.460150
372.475550
372.803700
373.367800
373.442800
373.523400
374.224100
374.341000
374.344650
374.352000
374.368100
374.379550
374.389500
374.394000
374.799050
375.178250
375.223650
375.939100
376.051350
376.167600
376.171800
376.213700
376.399550
376.605900
377.270800
377.794050
377.799650
378.192650
378.220200
378.510200
378.546700
378.645300
378.848600
378.854400
378.859900
378.881300
379.253400
379.257150
379.387250
379.497050
379.742750
380.091050
380.243650
380.728300
380.732050
380.986000
381.144150
381.148900
381.167350
381.173950
381.177700
381.531600
381.999550
382.030550
382.034550
382.393200
382.405450
382.480150
382.500750
382.540000
382.543450
382.561650
382.567150
382.572500
382.899000
383.025100
383.613050
383.616700
383.697950
383.704000
384.578450
384.585750
384.898150
385.009800
385.013400
385.068750
385.539200
385.745050
385.778000
386.562700
386.898850
386.923200
386.933900
387.329500
387.332150
387.335450
387.653150
387.656350
387.669400
387.677850
387.683900
388.239400
388.245150
388.831800
388.865850
389.130050
389.688300
389.697300
390.052400
390.059700
390.208400
390.582050
390.595850
390.955950
390.959100
391.179350
391.207600
391.659600
391.662600
391.686100
391.691650
391.698500
392.241200
392.599450
392.649850
392.774800
392.779800
392.788900
392.792000
393.468200
393.690450
393.972600
394.237150
394.240400
394.243700
394.247100
394.400650
395.019050
395.024400
395.033350
395.569250
395.985950
395.989700
395.999900
396.047400
396.292050
396.533000
396.536050
396.818650
396.822100
397.372300
397.760050
397.771450
398.087900
398.095350
398.121750
398.257500
398.363200
399.030400
399.342000
399.350600
399.441250
399.478400
399.986100
400.004900
400.265650
400.269050
400.280500
400.707850
401.155000
401.158450
401.215650
401.219250
401.223750
401.241500
401.318100
401.321100
401.516550
401.527550
401.613550
402.107500
402.369300
402.373150
402.693250
402.816650
402.829400
402.836300
403.087750
403.597550
403.625100
403.850650
403.854100
403.858200
403.957150
404.480250
404.483400
404.503050
404.966550
404.974000
404.977650
405.368600
405.371750
405.682300
405.685050
405.802950
405.806300
406.211900
406.215200
406.220700
406.296600
406.964100
406.967550
406.982150
407.176450
407.179450
407.244350
408.193050
408.197300
408.204950
408.239600
408.243650
408.248900
408.421250
408.598350
408.896750
409.413450
409.690900
409.746450
409.903050
409.906300
410.222350
410.238650
410.242750
410.771300
410.780050
410.786650
410.793050
411.059450
411.063050
411.072950
411.128700
411.133550
412.161450
412.542650
412.724100
412.727900
412.749450
412.763300
412.773100
413.334700
413.560450
413.841150
414.220350
414.223700
415.070350
415.073900
415.109050
415.117250
415.520850
415.524850
416.149000
416.155750
416.196750
416.379150
416.382550
416.386800
416.676250
416.912950
417.104350
417.556750
417.766800
417.770350
417.893050
417.897950
417.960200
417.963650
417.968450
418.279050
418.282650
418.628200
418.809150
419.011150
419.260600
419.265400
419.475700
419.672650
420.041350
420.237050
420.260750
420.265050
420.779700
421.549800
421.943500
422.201200
422.208200
422.364650
422.839000
423.467850
423.832500
423.840750
424.323800
424.687450
424.773400
424.777400
424.980900
425.002700
425.096100
425.665350
426.059000
426.065150
426.152300
426.155150
426.165500
426.422600
426.426650
426.533800
426.889100
426.953000
426.980050
427.113650
427.538250
427.723700
428.368800
428.382450
428.386850
428.390800
428.679500
429.277600
429.291950
429.537200
429.549400
429.834100
429.837450
430.083000
430.108350
430.317550
430.549800
430.705050
431.055500
431.136600
431.140750
431.268250
431.683800
432.701900
432.830200
433.294100
433.633150
433.638850
433.761100
433.780050
433.785750
433.827550
434.001950
434.141950
434.145350
434.274300
435.037050
435.041350
435.254200
435.260100
435.325450
435.495800
435.550450
436.004700
436.104350
436.335150
436.387900
436.865200
437.016750
437.109650
437.907750
437.911500
438.010150
438.126150
438.897300
438.900550
439.234100
439.237150
439.507600
439.545650
439.800550
440.039250
440.113100
440.383350
440.525450
440.725050
440.728300
441.090700
441.238300
441.686450
441.690250
441.697850
442.011300
442.023000
442.189500
442.865050
442.911800
443.533250
443.545400
443.641900
443.857400
444.188200
444.200350
444.370800
444.373450
444.581550
444.614150
444.988650
444.995700
445.011250
445.015950
445.299700
445.786100
446.164800
446.329550
446.333650
446.848400
446.920100
447.083950
447.086700
447.354250
447.513800
447.517450
447.925200
448.273300
448.276500
448.438800
448.649400
449.425200
449.609450
449.712050
450.128050
450.148200
450.383600
450.883000
451.006850
451.113350
451.121000
451.629600
451.640250
452.133050
452.137100
452.141150
452.204300
452.207750
452.421050
452.567200
453.041600
454.786200
455.039450
456.052050
456.066850
456.213100
456.563600
456.646700
456.712450
456.715750
456.720800
456.752050
457.012950
457.019900
457.359350
457.647750
457.712100
457.965600
457.968800
458.599000
459.164100
459.187500
460.036550
460.233800
460.310750
460.314050
460.751750
460.756800
460.767950
460.771150
461.023650
461.375050
461.550650
461.553450
461.556600
461.577650
462.291450
462.294800
462.573550
462.859350
462.971350
463.129850
463.190750
463.208900
463.660950
463.966800
463.971150
463.998950
464.262000
464.264800
464.287450
464.493200
464.519600
464.565550
464.606900
464.610300
464.802650
464.999800
465.085150
465.680350
465.687000
465.693400
465.718400
465.730850
466.095000
466.367100
466.646200
466.654000
467.016500
467.019950
467.023550
467.034450
467.045800
467.792600
468.106000
468.315950
468.388450
468.394500
468.398350
468.406650
468.632950
468.636650
468.640150
468.794400
468.801400
468.934350
468.937850
469.140650
469.577350
469.711900
470.108250
470.111800
470.869800
471.563600
471.983800
472.028850
472.529700
472.691350
472.730500
472.937950
472.971750
473.290700
473.294050
473.297500
473.517150
473.739200
473.834400
473.842000
473.879100
473.968100
473.984900
474.005250
474.010800
474.036850
474.041000
474.051300
474.352550
474.363150
474.427450
475.277100
476.173750
476.248000
476.257250
476.266500
476.557500
477.154400
477.267750
477.280200
477.284100
477.294900
477.502350
477.520700
477.534200
477.551750
477.577400
477.620350
477.717100
477.921400
477.987600
477.998450
478.248900
478.602200
478.796450
478.807450
479.251250
479.428800
479.437650
479.501350
479.738650
479.814800
480.024950
480.364500
480.671050
481.176700
481.268950
481.272000
481.855750
481.862950
481.956250
481.970500
482.007100
482.010250
482.023300
482.447450
482.684450
482.688050
482.709250
482.722600
482.726200
482.728950
483.167250
483.247350
483.285850
483.291900
483.508250
484.104700
484.446800
484.449950
484.892200
484.906850
484.910500
484.916900
484.923150
485.510000
485.517250
486.021750
486.024450
486.030850
486.043000
486.570800
486.708900
486.712950
486.750500
487.690900
487.695200
487.721950
487.742000
487.902950
488.036400
488.057000
488.362900
488.689150
488.991950
488.995250
489.001850
489.332250
489.335050
489.343200
489.500600
490.008850
490.217300
490.221350
490.407850
490.419100
490.913150
490.916600
490.928150
490.941600
490.954050
490.972800
491.182100
491.383150
491.404500
491.501100
491.909900
492.191350
492.210100
492.320000
492.692150
492.723000
492.732800
492.772450
493.122050
493.233050
493.577650
493.585050
493.716100
494.027150
494.464300
494.484750
495.151550
495.844300
495.848100
495.986450
495.991500
496.405650
497.005300
497.107500
497.127700
497.211850
497.254150
497.413200
497.607200
497.663950
497.696900
498.249400
498.253500
498.405700
498.412900
498.416950
498.421150
498.425100
498.710500
498.725350
498.736450
498.837500
498.841400
499.461600
499.468250
499.840250
499.944700
500.365200
500.375900
500.400100
500.407950
500.941950
500.945950
501.281650
501.303850
501.311950
501.347950
501.368800
502.023450
502.218000
502.334800
502.338350
502.341750
502.509350
502.762150
503.048600
503.051800
503.431950
503.576050
503.655600
503.692700
503.846300
504.148050
504.308100
504.348500
504.504000
504.511600
504.753300
504.763900
505.316900
505.424400
505.428100
505.544400
505.548600
505.557950
505.611450
505.782550
505.791400
506.011850
506.096800
506.270550
506.283150
506.500500
506.507650
506.516250
506.536500
506.997600
507.791100
508.115850
508.136900
508.140750
509.067200
509.430000
509.653500
509.695800
509.708550
510.326050
510.335050
510.415850
510.601200
511.182800
511.186400
511.487400
511.781800
511.794550
511.806450
511.822550
511.826550
512.202800
512.220550
512.268850
512.286500
512.328300
512.532950
512.573050
512.904300
512.953200
513.006800
513.161050
513.613500
513.845450
513.852250
513.913350
513.927900
515.220600
515.519300
515.660350
515.716450
516.107000
516.110750
516.278350
516.598000
516.834950
516.931700
517.022500
517.266100
517.370500
517.537350
517.555150
517.561250
517.682250
517.741650
517.930350
518.062850
518.400700
518.615750
518.708500
518.729650
518.749150
518.756400
519.280100
519.349050
519.352100
519.382850
519.649450
519.672900
519.901500
520.347950
520.482000
520.621450
520.625100
520.639100
520.643250
520.647000
521.062850
521.476850
521.495800
521.923000
521.933000
521.955950
522.087800
522.090900
522.108200
522.528450
522.540200
522.555900
522.796350
522.800150
523.402000
523.404550
523.407800
523.430150
523.538650
523.749150
523.814050
523.816750
523.819900
523.969000
523.972800
524.481400
524.484100
524.508600
524.512750
524.669500
524.689550
524.702350
525.850900
526.031450
526.035600
526.576800
527.637150
528.324400
528.731250
528.757850
528.761600
528.771750
528.817700
529.044450
529.058200
529.318600
529.330850
529.977350
530.004300
530.006650
530.010950
530.291600
530.357200
530.865350
530.947050
531.106700
531.630750
531.633650
531.953500
532.195450
532.198750
532.238950
532.545700
532.722850
532.772700
532.788150
532.955900
532.959150
532.963300
533.758900
533.767000
534.305600
534.308550
534.322500
534.426600
534.661950
535.234650
535.247750
535.699400
535.702300
535.800250
535.911050
535.939000
536.307500
536.311100
536.314550
536.660050
536.663950
536.676100
536.710300
536.726950
536.737650
536.743750
536.770900
536.981500
537.001600
537.247450
537.280250
537.283100
537.504400
537.510900
537.959250
538.366150
538.370400
539.202100
539.292450
539.592500
539.595250
539.599250
539.609400
539.877800
539.892250
540.051350
540.164800
540.319400
540.479500
540.704050
540.763550
541.108750
541.111700
541.122950
541.274700
541.363650
542.043750
542.047200
542.208250
542.575750
542.849900
542.853300
543.191650
543.195150
543.484650
543.492100
543.589950
543.833400
543.836850
544.024700
544.027750
544.222850
544.321050
544.398250
544.938550
544.942350
545.053500
545.152700
545.156700
545.179450
545.230100
545.244750
545.500800
545.503600
545.650900
545.709400
546.016000
546.285050
546.288500
546.303650
546.326750
546.338550
546.645200
546.670900
546.891850
547.048750
547.426150
547.434100
547.663450
547.930150
547.934650
547.949650
547.965100
548.156550
548.381050
548.403050
548.929700
549.189900
549.682400
549.797300
550.632300
550.669600
550.858550
551.093200
551.157150
551.160500
551.171450
551.421650
551.499100
551.575500
552.282200
552.289750
552.509400
552.512750
553.025050
553.473750
553.477050
553.480500
553.490900
553.626300
553.651000
553.654150
553.658150
554.156600
554.188700
554.267950
554.682700
554.690450
554.741150
555.231300
555.239450
555.359550
555.371850
555.527900
555.917150
555.989550
556.067000
556.209000
556.311700
556.529850
556.580200
556.731650
556.849100
556.902600
556.916900
556.931400
556.983300
557.003650
557.023000
557.160050
557.163000
557.875750
558.076050
558.191900
558.332350
558.734550
558.774600
559.051750
559.056650
559.088450
559.091800
559.094900
559.323500
559.735400
559.786150
559.875150
559.883000
560.229900
560.530350
560.587000
560.613800
560.617200
560.995450
561.001800
561.075700
561.084750
561.088850
561.132000
561.138700
561.142150
561.144700
561.287200
561.290150
561.299500
561.398200
561.466300
562.008700
562.020150
562.024000
562.220150
562.473550
563.025550
563.048750
563.054900
563.066000
563.100400
563.344150
563.484600
563.491050
564.002100
564.007050
564.055150
564.396900
564.555150
564.573200
565.339100
565.419000
565.943100
566.127250
566.142750
566.150400
566.206200
566.230350
566.235400
566.240600
566.649700
566.756350
566.759550
566.776250
567.076900
567.196250
567.536250
567.888650
567.893650
567.933800
567.973950
567.976750
568.341700
568.351350
568.670400
568.673900
569.253250
569.451800
569.455100
569.707150
569.710800
569.852100
570.050250
570.056700
570.063400
570.071050
570.157100
570.395550
570.855100
570.913600
570.926650
571.047300
571.050450
571.081050
571.234050
571.405700
571.408700
571.440050
571.460500
571.667450
571.921000
571.923850
572.358800
572.903500
572.914850
573.204150
573.207450
573.944750
573.947900
573.954850
574.640650
575.148900
575.153000
575.214100
575.216900
575.319650
575.611250
575.665250
575.684750
576.199050
576.238600
576.836100
576.990550
576.998350
577.001350
577.004900
577.008900
577.548800
577.601600
577.702650
577.948250
578.021700
578.026050
578.372900
578.613500
578.722950
578.833100
578.864350
578.868450
579.036400
579.548300
579.552600
579.707800
580.439600
580.785700
581.024150
581.170000
581.174800
581.586250
581.589850
581.877700
581.972550
581.985150
581.996350
582.178550
582.197100
582.756200
582.776850
582.796100
583.329750
583.367550
583.428600
583.700800
583.876650
584.003300
584.097900
584.100850
584.133350
590.189250
603.887000
603.937750
612.936700
613.328850
613.335100
613.338350
613.782900
613.797950
613.802900
613.806700
613.815200
613.934100
614.205600
614.215950
614.238500
614.317200
614.487700
614.634550
614.643750
614.650700
615.069550
615.079300
615.310400
615.378850
615.392950
615.535500
615.539250
615.852450
615.997250
616.590400
616.774400
616.777550
616.840000
616.924600
616.929550
617.171150
617.173700
617.177100
617.186450
617.299400
617.631450
617.639100
618.012750
618.075700
618.279950
618.693300
618.723000
618.737950
618.741850
618.745700
619.136750
619.542250
620.035700
620.043450
620.237250
620.241000
620.777100
620.785300
620.790900
620.863100
620.917350
620.938400
620.943350
621.236500
621.269600
621.738750
621.741850
621.746500
621.819450
621.916850
622.485300
622.742550
622.745450
622.753100
622.798000
623.064750
623.467200
623.621950
623.654300
623.698300
623.726600
623.746900
623.796750
624.085050
624.093650
624.095900
624.542250
624.846950
624.851650
624.899950
624.903500
624.911400
625.051550
625.271150
625.274650
625.650900
625.657150
625.669150
625.702750
625.707650
625.720900
625.766650
626.006550
626.010100
626.023850
626.252700
626.598650
626.796600
627.554300
628.133600
628.259950
628.280700
628.778300
628.781900
628.791800
628.795500
629.103850
629.226450
629.229650
629.236950
629.258150
629.274100
629.279300
629.292950
629.306900
629.550500
629.604750
629.789900
630.277150
630.280550
630.290000
630.328300
630.413250
630.429950
630.762500
630.857700
630.878950
630.883450
630.938950
631.376400
631.412450
631.724600
631.727450
631.757600
632.184600
632.193600
632.288800
632.484750
632.619250
632.622350
632.829450
632.832900
633.165550
633.302150
633.305800
633.525400
633.576150
633.584650
633.895700
634.224100
634.402750
634.405350
634.464850
635.076850
635.370800
635.374400
635.921900
636.015950
636.019550
636.051550
636.071700
636.114800
636.232550
636.236600
636.636550
636.646650
637.036700
637.118000
637.301000
637.304000
637.317050
638.356200
638.363150
638.376300
638.388850
638.516200
638.519900
638.522550
638.536650
639.636850
639.723100
639.840250
639.947200
639.975050
640.107800
640.112100
640.118150
640.124950
640.296200
640.299400
640.306200
640.317050
640.323550
640.330700
640.336050
640.487950
640.783550
640.795900
640.800400
640.903550
640.981300
641.455600
641.497600
641.502250
641.990050
642.019800
642.027650
642.142400
642.315700
642.529650
642.783200
642.791550
642.910950
643.129550
643.142100
643.164200
643.183750
643.196000
643.459400
643.484050
643.615250
643.627450
643.763600
644.156700
644.322200
644.325250
644.523000
644.715150
645.122850
645.127050
645.135550
645.368200
645.432350
645.930400
645.936350
646.048800
646.809150
646.815950
646.849950
646.930100
647.012700
647.396400
647.400400
647.624700
647.628400
647.649300
647.820800
648.029000
648.124750
648.289000
648.292400
648.639450
648.643250
648.968400
648.971500
648.984250
648.989900
649.544900
649.770200
649.889950
649.893200
650.077400
650.084650
650.190950
650.550750
650.554100
650.561850
650.674900
650.678100
650.882550
650.891000
651.206850
651.443100
651.478150
651.482200
651.569500
651.933100
652.344950
652.624900
652.630500
652.643850
653.070000
653.281500
653.297050
653.890350
653.893850
654.318150
654.322150
654.459150
654.462650
654.467800
654.472000
654.629150
654.633000
654.664000
654.749500
654.793550
655.486150
655.610150
655.613150
655.616250
655.631550
655.662950
655.824150
655.830950
656.052250
656.201250
656.204300
656.208050
656.444450
656.447750
656.468150
656.470850
656.475200
656.956350
656.963400
657.136300
657.219050
657.755200
657.927900
658.209300
658.361300
658.368450
658.873350
659.332650
659.423500
659.545200
660.008650
660.014350
660.181850
660.185000
660.208700
660.445600
660.454250
660.607600
660.611100
660.617400
660.632150
661.379100
661.382300
661.387050
661.575950
661.582750
661.835550
661.864250
662.344500
662.350550
662.354650
662.357800
662.763500
662.766900
663.001350
663.009500
663.189600
663.283150
663.497150
663.708900
663.767900
664.302950
664.477300
664.718150
664.805000
665.363900
665.367800
665.491700
665.499500
665.527550
665.600200
665.603850
665.708000
665.723400
665.809000
665.895150
665.899750
665.904000
665.907800
665.916700
666.378200
666.603350
666.607150
667.580500
667.647100
667.663350
667.665600
667.669650
667.675800
667.900250
668.005750
668.132700
668.142050
668.427700
668.435200
668.752850
668.799800
668.803350
668.855350
669.054550
669.141700
669.282900
669.285850
669.300300
669.353400
669.393700
669.628100
669.641900
669.800450
670.340150
670.718950
670.985600
671.014850
671.498800
671.838650
671.902900
671.912900
672.282800
672.294450
672.297550
672.339150
672.342650
672.347300
672.538600
672.821050
672.837500
673.053400
673.065750
673.252100
673.605450
673.610750
673.878700
673.958150
674.116900
674.471300
674.488900
674.799750
674.805700
675.197850
675.223500
675.227050
675.361150
675.365450
675.512500
675.516700
675.545000
675.912550
676.443750
676.680300
676.684200
676.770950
677.148450
677.625200
677.650400
677.655550
678.143100
678.182650
678.449250
678.579400
678.821300
678.835750
678.962250
679.163000
679.167550
679.716250
679.754050
679.900500
680.136150
680.140300
680.468450
680.541650
680.641750
680.961500
680.967050
681.033500
681.036150
681.080350
681.084300
681.088500
681.208550
681.533800
681.537350
681.562650
681.580500
681.584500
681.826900
681.842000
682.121300
682.125500
682.304900
682.433150
682.652850
682.685900
682.746150
682.753500
682.776650
683.186350
683.328700
683.331950
683.339650
683.839150
683.880700
683.933800
683.950800
684.160350
684.174650
684.287600
684.400150
684.449850
684.459250
684.705550
684.967650
685.046900
685.054200
685.313150
685.332300
685.346850
685.355650
685.360450
685.453400
685.572350
685.595250
685.994100
686.133300
686.239600
686.246450
686.560800
686.590950
686.609300
686.926450
687.254550
687.315100
687.544600
687.547600
687.554500
687.588100
687.644500
688.219400
688.226750
688.231700
688.372700
688.452750
688.529950
688.547150
688.908500
688.948500
688.954050
689.093700
689.097150
689.329500
689.607850
689.713350
689.717150
689.911500
689.933550
689.947700
689.951800
690.209750
691.317650
691.510450
691.916350
691.948850
691.997150
691.999900
692.028500
692.039350
692.053300
692.481000
692.559650
692.575050
692.585600
692.654100
692.666300
692.948800
692.962600
692.971200
692.975350
693.147950
693.368950
693.453200
693.461750
693.825400
693.876100
694.173750
694.237750
694.345350
694.736400
695.092500
695.572850
695.594500
696.120900
696.291350
696.310750
696.650800
696.686700
696.693000
696.737850
696.824250
696.991950
697.147700
697.150500
697.153700
697.156950
697.160250
697.167350
697.678850
698.179800
698.183600
698.784200
698.846900
698.856000
698.869250
698.951800
699.129650
699.487400
699.494450
699.549800
699.824800
700.023000
700.386600
700.389900
700.402750
700.644200
700.676250
700.680550
701.427200
701.441150
701.787250
701.897450
701.901000
702.193950
702.533000
702.536000
702.544300
703.195000
703.199300
703.208000
703.420100
703.447550
703.451750
703.494300
703.498050
703.608050
703.611000
703.619650
703.891650
703.894950
704.059050
704.064300
704.211300
704.334200
704.463350
704.471050
704.495550
704.837650
704.841300
704.876550
705.091700
705.604800
705.632650
705.638450
705.979800
705.982950
706.080300
706.615500
706.618400
706.622750
706.633800
707.011600
707.015250
707.025300
707.036550
707.040650
707.097650
707.498600
707.504750
707.519850
707.886000
707.889050
708.295250
708.928850
709.235750
709.734350
710.046400
710.208550
710.292700
710.351050
710.578250
710.585850
710.601100
710.613300
710.706700
710.874950
710.979150
710.981900
710.985150
710.991600
711.406800
711.410800
711.648100
711.660800
712.018700
712.400700
712.422850
712.605250
712.660050
713.237750
713.470700
713.554450
713.790900
713.965400
714.057350
714.349850
714.356450
714.551600
714.557750
715.045650
715.056450
715.070350
715.252850
715.368450
715.924100
715.928050
715.932000
716.235600
716.240450
716.386900
716.647550
716.651800
716.944500
717.070500
717.074050
717.145100
717.147250
717.288850
717.427250
717.443400
717.463800
717.609100
717.654700
718.732500
718.766500
718.770250
718.773950
718.892950
718.896050
718.899500
718.914500
719.361250
719.365300
719.423850
719.915650
719.919000
720.292700
720.297200
720.844550
720.952300
720.990800
720.994550
721.000400
721.016100
721.540350
721.560300
721.742150
721.985250
721.994400
722.098150
722.454250
722.460550
722.748450
722.751750
723.080550
723.174750
723.177450
723.188650
723.344400
723.351150
723.355800
723.745550
723.806450
723.810500
723.813200
724.217400
724.220500
724.234600
724.502950
724.506200
724.700600
724.925200
724.932750
724.962750
724.978900
725.172300
725.441450
725.444250
726.071700
726.212500
726.382900
727.819100
727.848650
727.855650
727.872100
727.885850
728.030600
728.095200
728.581150
728.886900
729.232600
729.323350
729.326150
729.353350
729.378950
729.381500
729.615400
729.978350
730.013300
730.021050
730.479200
730.482500
731.011900
731.015850
731.019300
731.185950
731.199250
731.220600
731.224750
731.265650
731.564850
731.833950
731.881650
732.313050
732.317000
732.359800
732.363350
732.496400
732.617550
732.626000
732.640900
732.725050
732.994900
733.100550
733.281950
733.658650
733.932100
733.987900
733.997600
734.001750
734.222900
734.239800
734.571300
734.599600
734.605850
735.064000
735.104000
735.107850
735.117650
735.862750
736.028800
736.035850
736.454250
736.640350
736.737650
736.753300
736.973000
737.292450
737.300700
737.304600
738.420800
738.438900
738.632150
738.917350
739.080600
739.084450
740.037950
740.042000
740.190800
740.350700
740.354000
740.358200
740.491550
740.506200
740.688500
740.794400
741.171900
741.176600
741.331000
741.800850
741.803900
741.889150
742.694600
742.697350
742.711700
743.510300
743.559000
743.591800
744.367900
744.372200
744.433250
744.822250
745.153150
745.156100
745.809650
745.814150
746.067400
746.070550
746.138700
746.142350
746.146100
746.159900
746.395800
746.650000
746.793450
747.028150
747.031050
747.035050
747.048750
747.119450
747.331400
747.337450
747.970500
748.002900
748.048500
748.397000
748.506900
748.682400
748.689850
748.988250
749.095450
749.098700
749.584800
749.679550
749.945150
749.998550
750.610500
750.759600
750.870300
750.898750
751.051850
751.115800
751.531400
751.768700
751.771650
751.779400
752.081850
752.085500
752.271000
752.278550
752.325650
752.648600
752.797200
752.909250
753.227750
753.231700
753.728000
753.839600
754.074650
754.078100
754.348800
754.356200
754.398800
754.618450
754.760850
754.794400
755.216250
755.368750
755.372650
755.396600
755.411650
755.563000
755.573050
755.884500
755.922250
755.974550
755.978800
755.986450
755.990150
756.349000
756.359700
756.864600
757.062400
757.086400
757.253000
757.832800
757.835700
757.843600
758.191400
758.402900
758.602800
758.649900
758.653550
758.657900
758.749900
758.752550
758.757800
759.020350
759.033950
759.498450
759.505650
759.900400
759.904700
760.081850
760.089650
760.920200
760.924400
761.533000
761.536400
761.866450
761.870150
761.965100
762.025250
762.030600
762.039650
762.044150
762.130100
762.725400
762.738850
762.748300
762.759600
762.763150
763.057350
763.065500
763.206150
763.211950
763.218600
763.299650
763.417550
763.633200
763.646850
764.008650
764.034600
764.090800
764.106100
764.119700
764.153700
764.222050
764.457250
764.501550
764.708300
764.968700
764.971350
765.172350
765.268650
765.961600
766.378300
766.592200
766.776750
766.782200
766.986950
767.048100
767.051250
767.113650
767.495300
768.022800
768.033100
768.387250
768.555550
768.571400
768.597050
768.807050
768.818350
768.890850
768.893850
768.924900
769.544100
769.921800
769.940450
770.070750
770.084350
770.289650
770.292500
770.724900
770.727950
770.741850
770.948600
770.969100
771.034450
771.401700
771.419650
771.982950
772.070700
772.355500
772.865350
772.874250
772.882350
773.567200
773.571450
773.663550
773.666850
773.674050
774.136200
774.139600
774.144300
774.159000
774.190850
774.194600
774.610200
774.618750
774.848450
774.917000
775.001050
775.016900
775.464200
775.470700
775.489050
775.678600
775.766050
775.879600
775.883000
776.010750
776.459400
776.463500
776.528750
776.767750
776.819700
777.084050
777.087650
777.619950
777.626400
777.630150
777.644900
778.171350
778.174400
778.189550
778.748300
778.751350
778.754500
778.886850
778.918050
779.153850
780.055150
780.058400
780.416050
780.585550
780.888650
781.218050
781.221100
781.230700
782.073550
782.131800
782.277050
782.298750
782.353450
782.431400
782.442050
783.168750
783.172200
783.191350
783.200400
783.535450
783.609300
783.612700
783.891050
783.895550
784.255050
784.647400
784.650700
784.976400
784.997000
785.150800
785.730050
785.733700
785.754500
785.775700
785.923050
785.926650
786.288250
786.291350
786.303200
786.306800
786.369100
786.584250
786.588550
786.592150
786.759100
786.769800
787.396000
787.400050
787.498100
787.501600
787.817450
787.836050
788.323150
788.734850
788.756350
788.769950
788.970800
789.448100
789.452200
789.471100
789.761450
790.225450
790.517150
790.530950
790.546400
790.889400
790.892750
790.902250
791.439950
791.746450
791.768850
792.201350
792.660300
792.678000
792.795600
792.802400
792.827050
792.944550
793.645650
793.665000
794.618200
794.621000
794.729800
795.082200
795.455650
795.612100
795.740650
795.744300
795.813950
795.837050
796.297050
796.300750
796.720550
796.808350
796.816900
797.258000
797.262100
797.421200
797.424050
797.427050
797.441750
797.697850
798.062300
798.065450
798.079150
798.082900
798.087000
798.089050
798.275700
798.279250
798.496150
798.499650
798.902050
798.984850
799.253400
799.258850
799.262800
799.308800
799.312500
799.540200
799.598550
799.900800
800.065050
800.067750
800.141500
800.144950
800.157200
800.427800
800.430850
800.925150
800.941100
801.206100
801.471200
801.523750
801.617150
801.620350
801.631600
801.634850
802.208350
802.794550
802.804950
803.131250
803.135700
803.194800
803.333950
803.606550
803.871200
804.437250
804.574750
804.577650
804.582100
804.586350
804.784050
805.432400
805.473600
805.582050
805.797700
806.181200
806.229900
806.669000
806.684350
806.687950
806.790100
806.793350
807.267250
807.272550
807.277850
807.557500
807.563700
807.726800
807.746250
807.799550
807.863300
807.918450
808.118400
808.293550
808.362100
808.428150
808.889600
808.911800
808.964500
809.307500
809.401250
809.865500
809.869350
810.116300
810.263150
810.309800
810.473450
810.476900
810.480700
810.485750
810.900400
810.993500
811.000400
811.003800
811.262050
811.270850
811.274200
811.278200
811.710800
811.713800
811.732850
811.927000
811.930550
812.033400
812.192900
812.435800
812.439150
812.463500
812.562750
812.650300
813.384850
813.417700
813.433450
813.437500
813.451200
813.454700
813.458950
813.599850
813.894400
813.902400
814.085700
814.409050
814.420500
814.429600
814.434550
814.440250
814.533350
814.537550
814.708450
814.917250
815.237100
815.325800
815.580450
816.497550
816.500550
816.919400
816.922350
816.996050
817.023450
817.192250
817.202750
817.223300
817.366350
817.424450
817.428650
817.515400
817.677050
817.679450
817.682350
817.904200
818.236150
818.423250
818.445450
818.799550
818.835750
818.861250
818.885250
818.936050
819.161950
819.166900
819.536100
819.723150
819.785250
819.804900
819.809150
819.829800
820.414350
820.422000
820.771000
821.022950
821.583650
821.599550
821.603550
821.923750
822.140650
822.143950
822.428050
822.635700
822.896850
823.057550
823.071500
823.076350
823.716900
823.870400
824.019550
824.026950
824.046250
824.127450
824.397550
824.407750
824.455250
824.478600
824.499650
824.585550
824.835300
825.177450
825.578500
825.739500
826.169050
826.180700
826.199100
826.248900
826.257350
826.410400
826.414350
826.742950
826.949200
827.134800
827.253700
827.511950
827.518650
827.542500
827.840850
827.966650
828.384450
828.442550
828.455100
828.458550
828.606350
828.615400
828.619350
829.011950
829.015000
829.041450
829.547950
829.551500
829.558700
829.565900
829.939250
830.000800
830.013700
830.081000
830.176100
830.288650
830.666050
830.831750
831.066950
831.070150
831.226250
831.569450
832.422800
832.510050
832.654950
832.753650
832.782250
833.070750
833.074350
833.081400
833.217500
833.227450
833.231050
833.725400
833.728500
833.732000
833.735800
833.764650
833.875200
833.878950
834.195950
834.429000
834.438150
834.442000
834.473450
834.502900
834.534400
834.538300
835.160850
835.422400
835.599100
835.727950
836.280750
836.289250
836.291900
836.300650
836.737600
836.740600
836.743400
836.749600
836.765100
836.902750
836.907100
837.287450
837.592500
837.794450
838.091650
838.096750
838.103700
838.117250
838.582850
838.929750
839.348000
839.831950
839.850350
839.963050
839.987350
840.341500
840.406850
840.761850
840.764500
841.180900
841.192250
841.195650
841.512600
841.622950
841.772100
841.812050
841.815650
842.000000
843.031850
843.035200
843.048700
843.292700
843.335800
843.566200
843.776350
843.779250
843.786900
843.832550
843.866400
843.875000
843.900900
844.186350
844.190550
844.441350
844.719350
844.722750
844.904150
844.907700
844.959750
844.964650
845.078550
845.095000
845.210600
845.222850
845.224900
845.233500
845.247750
845.252550
845.262500
845.700600
845.972250
846.188950
846.598100
846.801050
846.822700
847.078500
847.083950
847.609200
847.887850
847.896850
847.980850
848.151400
848.155700
848.170400
848.556950
848.831150
849.031950
849.101500
849.112200
849.116300
849.122200
849.267350
849.490300
849.765000
849.768000
849.803450
849.807400
850.278900
850.282550
850.825300
850.829350
850.880600
851.082500
851.248450
851.271400
851.311100
851.315550
851.330400
851.335000
851.363800
851.370350
851.409400
851.767550
852.086500
852.094250
852.384400
852.449350
852.710100
852.758350
852.880050
853.164300
853.167950
853.202250
853.205300
853.208850
853.220350
853.222600
853.226250
853.231500
853.240700
853.274450
853.613750
853.616750
853.661450
853.756450
853.787450
853.790450
854.387750
854.425800
854.876200
855.443900
855.450700
855.577350
855.599600
855.603150
855.616900
855.632950
855.769750
856.302050
856.308500
856.348700
856.372850
856.666900
856.673600
856.836400
856.839950
857.152700
857.632850
857.791350
857.867700
857.870900
858.053200
858.141600
858.157700
858.186350
858.190450
858.195500
858.262750
858.468500
858.981850
858.985100
859.172200
859.310100
859.313050
859.316150
859.319900
859.721300
859.728550
860.001250
860.005400
860.556450
860.560250
860.979150
861.192700
861.206300
861.242950
861.263850
861.267650
861.866550
861.933900
862.472150
862.491450
862.509800
862.789450
862.796450
862.915000
862.962200
863.472200
863.475750
863.674600
863.681550
863.919700
863.923550
863.932150
864.359400
864.419600
865.147250
865.150900
865.164400
865.207400
865.295150
865.409300
865.419950
865.884750
865.922200
866.238800
866.247450
866.664850
866.668100
866.687350
866.924650
866.956500
867.153400
867.265700
867.431450
867.446450
867.641550
867.822250
867.941600
868.281450
868.400800
868.482450
868.504450
868.508200
868.517800
868.700500
868.703300
868.856450
869.095000
869.097800
869.302300
869.312300
869.870350
870.077550
870.396550
870.446850
870.472850
870.764100
870.767850
871.033500
871.037000
871.062900
871.333200
871.587850
871.594550
871.807900
871.829250
872.069550
872.077100
872.121550
872.125550
872.451050
872.564450
872.575850
872.843400
872.851800
873.054200
873.057250
873.064200
873.118400
873.236650
873.296200
873.700650
873.704600
873.737150
873.739600
873.749050
874.064650
874.113350
874.116650
874.167700
874.171550
874.320100
874.361000
874.437150
874.440500
874.652600
874.655900
875.134150
875.137700
875.141900
875.403000
875.415000
875.425000
875.467450
875.482500
875.678250
876.234450
876.237450
876.467550
876.470650
876.584350
876.587850
877.075150
877.083500
877.659500
877.877700
877.884400
877.897200
878.368750
878.419800
878.423150
878.639550
878.700250
878.703100
878.725350
878.879450
878.891550
878.974050
879.267550
879.394050
879.430350
879.607000
879.627350
879.631950
879.779000
879.782250
879.792900
879.896700
879.927450
880.118800
880.122900
880.694850
880.957500
880.960850
880.994400
881.063250
881.113550
881.492200
881.495150
881.503000
881.554850
881.838800
882.115800
882.118800
882.660300
882.674200
882.859500
882.913450
883.174200
883.176900
883.183200
883.187100
883.799900
883.804500
884.446950
884.451200
884.674900
884.678450
885.019250
885.362900
885.370200
885.390250
885.669650
885.880500
885.993900
886.226700
886.305050
886.779050
886.812950
886.992300
887.147000
887.156100
887.400800
887.529150
887.744700
887.747900
887.750800
887.918950
887.942850
888.155000
888.158850
888.179050
888.359450
888.666350
888.693450
888.815900
888.935200
889.600550
889.603250
889.610350
889.910800
890.100650
890.132100
890.136200
890.412350
890.917700
891.334150
891.337950
891.401250
891.636000
891.639450
891.654400
891.746350
891.851900
891.929200
891.932100
891.946450
892.266200
892.628800
892.682900
892.686000
892.783400
893.280650
893.298200
893.326100
893.540400
893.544800
893.587350
893.709200
894.030000
894.287200
894.380500
895.024000
895.030500
895.083050
895.094450
895.281550
895.659900
895.663950
896.332950
896.457900
896.603450
896.610600
896.838650
897.251250
897.280150
897.727050
897.858350
897.862350
897.870550
898.555150
898.662900
898.674150
898.687050
898.824300
898.891850
898.903800
898.907850
898.911750
899.209100
899.436250
899.440650
899.513950
899.851900
899.885800
899.951000
900.091100
900.745850
900.749650
900.897000
901.054350
901.416300
901.611600
901.615250
901.619250
901.795400
902.051750
902.055000
902.073450
902.090200
902.159250
902.707450
902.710650
902.714750
902.931750
902.935250
903.300950
903.380900
903.641250
903.714800
903.908400
904.012100
904.134350
904.401550
904.453600
904.463350
904.930800
905.007750
905.161050
905.689400
905.787650
906.041000
906.044700
906.159300
906.583750
906.587000
906.598900
907.067200
907.073950
907.079950
907.347900
907.351450
907.404250
907.509600
907.513950
907.555450
907.853250
907.891100
907.894450
908.502450
908.650050
908.778100
909.180550
909.188200
909.278550
909.322100
909.935300
910.054400
910.058800
910.125350
910.271400
910.279700
910.732250
910.923800
910.926900
910.930300
910.941500
911.311850
911.520600
911.816400
912.648500
912.797400
912.830350
912.833600
912.974400
913.256950
913.311950
913.686800
913.693650
913.786550
913.887650
913.897600
914.055550
914.112200
915.297800
915.392850
915.571100
915.574650
915.599750
915.704450
915.768900
915.772000
916.336800
916.450200
916.494900
916.498000
916.677850
916.701850
916.705450
916.729300
916.733300
916.750100
916.755250
916.923350
917.334950
917.338450
917.431050
917.434100
917.481700
917.951200
918.060600
918.106650
918.228400
918.245300
918.344800
918.462450
918.469100
918.499750
918.504150
919.008950
919.617850
919.633750
919.636900
919.640800
919.928500
919.934400
919.945450
919.956550
919.961650
920.116300
920.683350
920.949150
921.069200
921.072200
921.095350
921.344850
921.348800
921.354850
921.363700
921.995000
922.003350
922.006550
922.018300
922.022500
922.069250
922.437500
922.701150
922.733650
922.792350
923.196900
923.324350
923.420550
923.855950
923.913500
924.071250
924.101500
924.106050
924.126050
924.224350
924.356000
924.772600
925.704400
925.707350
925.933650
926.228200
926.359600
926.363200
926.527600
926.531650
927.539300
927.580150
927.583950
927.603300
927.609650
927.623900
927.641400
927.658950
927.669350
928.366400
928.448900
928.467500
928.619650
928.788050
928.852850
928.861900
929.518250
929.520700
929.523650
929.543500
929.547250
930.078250
930.087550
930.292050
930.295000
930.298750
930.338600
930.600600
930.605150
930.742650
930.906200
931.408500
931.510100
931.727400
931.741150
931.745200
931.838800
932.274100
932.546900
932.559950
932.578250
932.673250
933.095700
933.744750
933.767450
933.857950
933.862050
933.893300
933.900050
934.127500
934.133500
934.215100
934.884550
934.897900
934.954400
935.393200
935.396450
935.580150
935.931050
936.028150
936.035050
936.141850
936.354800
936.652250
936.655800
936.715000
936.727100
936.730200
936.733650
936.761250
936.773750
937.099650
937.480200
937.939450
937.942900
938.585900
938.591000
938.594250
938.602000
938.607300
938.801400
938.842250
938.937750
938.963550
938.970450
939.723750
939.822600
939.863000
939.867200
940.058950
940.109950
940.127300
940.553650
940.769100
940.774350
940.781300
940.789900
940.927500
940.931800
941.131650
941.136050
941.278850
941.585450
941.825100
941.901850
941.982300
942.070400
942.073950
942.581350
942.584750
942.802400
942.809050
942.950850
942.965000
943.189350
943.529100
943.532600
943.537400
943.664350
944.022550
944.292900
944.301250
944.498350
944.501650
944.542450
944.546000
944.559000
944.563250
944.750750
944.755400
944.762300
945.076250
945.344200
945.347450
945.349900
945.369550
945.753500
945.818550
945.982800
946.003350
946.661800
946.677450
946.842100
947.142150
947.171500
947.930050
948.145800
948.691550
948.694900
948.722700
948.999600
949.239200
949.533950
949.677000
949.733800
949.999800
950.309150
950.322200
950.334400
950.621400
950.869150
951.164150
951.796050
951.799300
951.802500
951.812900
951.823700
951.828100
951.985500
952.297750
952.368500
952.559350
952.565500
952.631400
952.634150
952.649900
952.777450
952.894550
952.909700
953.023500
953.153450
953.227800
953.385300
953.808950
954.119050
954.441650
954.447400
954.637650
954.641250
955.084350
955.088150
955.459300
955.509450
955.753600
955.760800
955.812300
955.829300
955.832450
955.982700
956.274250
956.626600
956.636650
956.640600
956.802850
957.161000
957.175800
957.196800
957.526250
958.000250
958.105050
958.120750
958.141900
958.401650
958.533950
958.720650
958.726750
958.927150
959.356750
959.360050
959.363700
959.386250
959.398850
959.418950
959.505300
959.662650
959.990150
960.360100
960.414300
960.600900
960.604900
961.141700
961.638300
961.647050
962.468900
962.477400
962.480250
962.490550
962.738850
963.178900
963.743100
963.805150
963.997050
964.438050
964.453250
964.512350
964.517250
964.548250
964.596400
964.610250
964.614050
964.891050
964.894100
964.896950
965.494000
965.503250
965.508550
965.521400
965.550500
965.559000
965.576200
965.593800
965.756900
965.955100
966.191550
966.195150
966.407500
966.576950
966.663650
966.777700
967.196350
967.246450
967.272450
967.280050
967.605850
967.609950
967.724050
967.730000
968.010150
968.022650
968.296300
968.298950
968.959550
968.964150
968.977550
968.989350
969.009150
969.408550
969.678450
969.703950
969.987600
970.161900
970.186650
970.254900
970.272650
970.469800
970.642400
970.888050
971.068450
971.082450
971.699850
971.703800
971.931250
971.934750
972.139900
972.653150
972.657600
972.695000
973.019100
973.025800
973.124950
973.300000
973.571550
973.591400
973.624700
973.867900
973.950600
973.954450
975.062300
975.120050
975.387850
975.405300
975.783750
975.787050
975.790500
975.798200
975.842700
976.054950
976.482350
976.508150
976.611900
977.039700
977.042400
977.234500
977.417350
977.674200
977.677700
977.751950
977.808300
977.811600
978.005500
978.009700
978.370850
978.443100
978.471850
978.873500
978.881850
979.150950
979.223650
979.227650
979.364350
979.389000
979.808150
980.147150
980.171600
980.176550
980.862900
981.330600
981.483000
981.748050
981.751700
981.755700
981.792850
981.803950
981.807550
981.812150
981.976600
982.178500
982.548850
982.552200
982.724550
982.727850
983.159550
983.162750
983.418650
983.437350
983.664800
983.668800
983.676850
983.695750
983.788650
983.791250
983.802300
984.209350
984.305950
984.309150
984.464000
984.703300
984.709850
984.984550
984.988800
985.161800
985.165000
985.207050
985.410700
985.464200
985.468600
985.628450
985.637400
985.730600
985.738250
986.036300
986.337300
986.342250
986.507450
986.733700
986.737700
986.904550
987.002250
987.715850
987.723400
988.128450
988.168300
988.172750
988.291500
988.750500
988.754350
988.809400
988.812800
988.959950
989.490850
990.186650
990.193600
990.255800
990.816600
991.059400
991.083150
991.236100
991.267900
991.271000
991.275250
991.284750
991.765550
992.111750
992.481650
992.877300
993.007050
993.144000
993.606300
993.610050
993.807800
993.901700
993.912150
994.123350
994.366400
994.369400
994.501950
994.505250
994.515950
994.540650
994.619650
994.668600
994.690650
994.701650
995.204650
995.207950
995.351150
995.354650
995.359050
995.558150
995.999200
996.002150
996.018700
996.060550
996.070950
996.075300
996.763200
996.766750
996.788550
996.791400
997.055900
997.698550
997.702650
998.199050
998.202150
998.245800
998.297900
998.742900
999.211150
999.396000
1000.042150
1000.045800
1000.308850
1000.312800
1000.316500
1000.415500
1000.425700
1000.451900
1000.457250
1000.691350
1000.695000
1000.763350
1000.961500
1001.020100
1001.119700
1001.129050
1001.590150
1001.593350
1001.744150
1001.762400
1001.769850
1002.049500
1002.053550
1002.074550
1002.079900
1002.235750
1002.323900
1002.563950
1002.568050
1002.587800
1002.596250
1002.860100
1003.042050
1003.053050
1003.609600
1003.612200
1003.614950
1004.184650
1004.303400
1004.635450
1004.639550
1004.642600
1004.958650
1004.984200
1005.019400
1005.242600
1005.255900
1005.260300
1005.284950
1005.347500
1005.474050
1005.484200
1006.385350
1006.394100
1006.786850
1006.835800
1006.861500
1006.878300
1006.885700
1006.918650
1007.154500
1007.160350
1007.191500
1007.195950
1007.392650
1007.579150
1007.805200
1008.002850
1008.051650
1008.293400
1008.332250
1008.878550
1008.884800
1008.888900
1008.972800
1009.049950
1009.513900
1009.516550
1009.519350
1009.580400
1009.590300
1009.865850
1010.271350
1010.274950
1010.278700
1010.444250
1010.465000
1010.851950
1010.854800
1010.997250
1011.016100
1011.445000
1011.448200
1011.597050
1011.609200
1011.833900
1011.837550
1012.022450
1012.062700
1012.098500
1012.102300
1012.121050
1012.127000
1012.420100
1012.439850
1012.447300
1013.097150
1013.100400
1013.108500
1013.490250
1014.637100
1014.640300
1014.647750
1014.934850
1014.945700
1014.975200
1015.355900
1015.369650
1015.374250
1016.124250
1016.245250
1016.251650
1016.442700
1016.454300
1016.458750
1016.470900
1016.648050
1016.651900
1016.830300
1016.842500
1017.391900
1017.623150
1017.626250
1017.792900
1018.167750
1018.188650
1018.212850
1018.231500
1018.408550
1018.428550
1018.445250
1018.451550
1018.455050
1018.498100
1019.269050
1019.272600
1019.294800
1019.492850
1019.822000
1019.959800
1020.044950
1020.048600
1020.487850
1020.543800
1020.735100
1021.101500
1021.208200
1021.266000
1021.317600
1021.322100
1021.542550
1021.573950
1021.577800
1022.129900
1022.292200
1022.321350
1022.325250
1022.436750
1022.945850
1022.949350
1022.953050
1022.968200
1023.157250
1023.822800
1023.996500
1024.013500
1024.017050
1024.688150
1024.774450
1024.788150
1024.798200
1025.585350
1025.713450
1025.720850
1025.724600
1025.750950
1026.313850
1026.316900
1026.476550
1026.817100
1026.831900
1026.904550
1026.970000
1026.973200
1027.977350
1028.068950
1028.126450
1028.129200
1028.133000
1028.885600
1028.889150
1028.908900
1028.934800
1029.327150
1029.339850
1029.656750
1029.659600
1029.663900
1029.942150
1030.240250
1030.307950
1030.516200
1030.743200
1030.762850
1031.504700
1031.524450
