0.573050
2.030700
4.436650
5.138100
5.203950
5.233900
5.258900
9.380850
12.216700
14.599100
14.602200
14.611600
18.185800
20.080400
20.083800
20.088250
20.098800
22.208900
31.452300
32.481550
33.411500
38.195600
38.470500
38.473350
38.477250
38.483250
45.059400
45.070900
45.074300
45.078500
45.109050
48.150300
51.495300
57.067600
57.070000
57.072950
57.079100
57.084850
57.096950
57.145250
58.336850
64.317600
64.325700
64.329500
64.341250
64.356150
64.364300
66.235050
66.239750
66.258550
68.558450
68.696400
68.699850
68.704300
68.710250
68.716600
68.939450
69.736200
70.137500
72.822850
86.163300
89.560750
90.945600
90.949250
90.954550
91.652150
91.656250
91.662700
93.274200
94.002650
94.006200
94.041900
94.651850
94.655750
94.659150
94.662900
96.818700
96.822000
96.826250
96.833900
96.919950
97.339900
97.943600
98.968400
101.775950
101.783100
102.087350
102.395200
102.398150
102.401200
102.406550
102.895850
103.327500
104.081050
104.427150
108.064000
109.554500
113.113500
113.624500
113.628050
113.632700
114.140600
117.245300
117.249100
117.255550
117.337450
117.728050
118.853200
119.032000
121.157450
121.194350
121.979900
122.079700
123.016300
123.019950
123.557450
124.078400
125.672500
125.674700
125.678850
125.683750
125.697000
126.718800
126.722500
126.727100
126.739500
126.758950
127.023400
128.133000
129.613650
131.551000
132.440900
132.443750
132.446150
132.454950
132.460350
132.487800
132.864100
133.279100
133.787700
133.791100
133.795650
134.837750
134.841550
135.914650
135.917900
135.922050
135.928050
135.944800
135.954350
135.963550
136.499350
136.502500
136.506850
136.513650
138.104700
138.108250
138.114350
138.825750
138.829650
140.634000
140.637450
140.641650
140.650200
140.664450
140.676550
140.679700
141.146400
142.278850
142.282300
142.287250
142.294600
143.500500
143.503800
143.509000
144.035750
144.040200
144.043750
144.049100
144.054850
145.473700
147.033550
147.036450
147.041000
147.783400
148.076500
148.094700
150.680350
150.683950
150.689350
151.355950
151.369450
151.379500
152.057150
152.841300
152.849500
152.853700
152.858200
154.581950
156.298000
156.304700
156.311500
156.327600
156.347350
157.065050
157.547250
157.560650
157.801900
157.805450
159.174350
159.178150
160.684900
160.716900
163.248850
163.252250
163.257600
164.770400
164.773700
164.777950
164.787050
165.011000
166.966950
166.970950
166.980800
167.487850
167.491250
168.155450
168.161500
168.164150
169.060600
169.381050
170.001050
170.026200
170.030300
170.454700
173.194500
173.197650
173.210500
173.229150
173.245500
173.274950
174.068600
174.071550
174.075350
174.080300
175.242900
175.246100
176.212850
176.215950
176.223300
176.237300
176.451050
176.455050
176.460650
176.566950
178.588500
178.614250
178.618700
178.624550
178.631100
178.645950
178.744300
179.558600
179.588450
179.592250
179.824150
180.229800
180.864650
180.868850
180.877950
180.880150
181.889850
181.893800
181.903550
181.927100
183.938200
184.830200
185.149900
185.438450
185.925850
185.928650
185.941850
186.598700
186.603850
186.711600
186.727250
187.491900
187.935800
187.940000
189.611850
189.614950
189.619150
189.629850
189.660050
191.610350
191.613800
191.620450
191.625750
191.921400
192.269250
192.389050
192.393100
194.414250
194.447350
194.450950
194.456650
195.438450
195.442400
195.877100
196.373250
196.378050
197.921500
198.105000
198.244600
199.342600
199.362100
199.397000
201.839700
204.191300
204.195100
205.148850
205.152450
205.890600
207.053000
207.056450
207.072650
207.868800
209.457400
209.460950
209.471000
209.980750
209.984750
210.006150
210.485700
211.122450
211.125800
211.131900
211.536250
213.072700
213.311550
213.315450
213.358250
213.508600
213.512350
213.525250
213.982650
213.987000
214.271350
214.274900
214.280050
214.283900
214.294700
214.687150
214.756750
216.592100
217.228250
217.234000
217.239000
217.244250
217.249100
217.818050
218.554550
220.193450
220.557200
220.564250
220.567000
221.483500
221.487200
221.493100
222.838350
222.843150
222.851250
222.870250
223.952150
224.227700
224.322800
224.325700
224.329200
224.339000
224.342300
224.352150
224.355800
224.361350
224.369050
224.380550
224.552600
225.295450
225.298600
225.304500
225.311550
225.315150
225.879450
227.265100
227.268000
227.272500
227.296200
227.472050
228.807950
229.039850
229.047400
229.049700
229.057150
229.760350
230.370600
230.458550
230.461100
230.829100
232.468800
232.964150
233.419850
233.425250
233.805200
234.296750
234.312850
234.318400
234.424300
234.788150
234.791450
234.801250
235.790100
235.793700
237.613450
237.617250
237.624750
239.465550
239.481750
239.484850
240.612200
240.615500
240.620150
240.628000
241.928700
242.103300
242.109950
242.116600
242.809600
242.888350
242.891750
242.902250
242.912600
242.916600
244.324100
244.473250
244.914700
244.916850
245.112750
245.988700
246.004300
246.017400
246.024250
246.069650
246.090550
246.643800
246.653900
246.659350
246.663200
246.981300
246.985550
248.271250
248.364500
248.382050
250.189300
250.193250
250.198150
250.204100
250.506550
250.521900
250.722300
251.359600
251.372600
251.376500
251.387250
252.556100
252.560300
253.290100
253.293850
253.313450
253.316950
253.326850
253.533600
253.544100
253.673100
253.697250
254.080900
254.099800
254.132350
254.466800
254.470550
255.462900
255.465250
255.472950
255.486050
256.474350
256.756800
257.111250
257.301700
257.638750
257.643850
257.648300
259.320750
259.325300
260.152900
260.155900
260.162200
260.172100
260.342800
260.497350
261.473150
261.476600
261.483550
261.886350
262.059300
262.799550
263.351850
264.008800
264.061500
264.065450
264.333000
264.968950
266.761700
267.040050
267.043300
267.837050
267.983100
267.986250
268.086750
269.601300
269.605000
269.609700
270.360700
270.363950
270.373450
270.785950
270.793400
270.805550
270.809400
270.972450
271.015200
271.272650
271.276500
271.282850
271.285750
271.289800
271.292950
271.408000
272.218450
273.211300
273.214950
273.811800
273.816050
273.822000
273.830850
274.788000
274.791850
275.445350
275.450700
275.583900
275.596700
276.246550
276.250850
276.364250
276.655000
277.027650
277.031250
277.035700
277.156300
277.320700
277.325050
277.334000
277.349100
277.361050
277.825150
277.832950
278.184450
278.740950
278.744900
278.883200
279.811300
279.815150
279.835100
280.040750
281.004850
281.027400
281.381900
281.386600
281.604150
281.708900
281.712600
281.715100
282.202850
282.309150
282.859950
282.863650
282.874850
282.983250
283.398050
283.411700
283.415450
283.420350
283.425050
283.428850
283.438850
284.359550
284.363300
284.368350
284.379900
284.383900
284.389600
284.406150
284.436900
284.440550
285.347750
285.351200
285.394350
285.408050
286.135500
286.992100
287.253200
287.257250
287.293600
287.297500
287.751100
287.755450
289.095700
289.107500
289.603700
290.303400
290.416450
290.662100
290.949100
290.952650
290.962350
291.295050
291.306150
291.311400
291.315200
291.717300
291.721300
291.738050
291.773550
291.796050
291.893100
292.201800
293.115250
293.184600
293.187850
294.235500
294.238650
294.243500
294.399300
294.817950
294.830850
294.938500
295.741150
295.828300
295.835100
295.839450
295.847600
295.858300
295.861650
295.867800
295.873350
296.099200
296.102250
296.107150
296.112400
296.120550
296.130250
296.609350
297.290550
297.293550
298.116900
298.554350
298.559600
298.563350
298.647800
299.080950
299.093550
299.187250
299.201750
299.205850
299.209800
299.214800
299.218600
299.332400
299.336350
299.692300
299.758300
300.475350
300.569500
301.178750
301.187700
301.197300
301.200900
301.532000
301.713450
302.118450
302.125700
302.132750
302.346350
303.316200
303.320700
303.622800
303.626400
303.632950
303.635700
303.983200
304.483750
305.444800
305.453850
305.891050
306.155200
306.160900
306.446850
306.726100
306.860550
307.441700
307.544300
308.073650
308.551700
308.772750
308.776550
308.906000
308.913750
309.041300
309.200100
309.204400
309.767550
310.640500
310.711250
310.714750
310.771350
310.774850
310.778500
310.800200
310.916250
311.911200
311.915100
311.925050
311.932400
312.173300
312.286250
312.612750
312.617950
312.621100
313.180650
313.482200
313.844000
313.852650
314.044500
314.741400
314.745500
314.982300
315.102950
315.420600
315.642050
315.647550
316.812700
316.815950
316.824550
316.830000
317.235000
317.239250
317.334100
317.475100
317.735850
317.739950
317.944750
318.061000
318.808600
318.812700
318.819900
318.929100
318.947600
318.951600
319.304350
320.726850
321.035900
321.750250
321.753400
321.757650
321.917300
321.956850
322.366850
323.046600
323.297350
323.303500
323.329000
323.439150
323.602650
324.026250
324.146650
324.150450
324.269400
324.729500
325.239050
326.551500
326.554850
326.559100
326.565900
326.849500
326.853750
328.013850
328.207500
328.775700
328.780150
328.789000
328.792800
328.807950
328.814300
328.972500
328.977200
329.636900
329.640150
330.420450
330.663350
331.818800
332.220950
332.294650
333.288650
333.292800
333.421050
333.425650
333.429950
334.049250
334.077100
334.883550
337.083750
338.346900
338.350600
338.356350
338.547050
338.551100
338.565150
338.569550
338.835600
338.916950
340.436200
340.439900
340.445450
341.069050
341.077000
341.091700
341.359200
342.279950
342.283400
342.291450
342.924550
342.928350
343.409250
343.772050
344.976850
345.002000
345.755200
346.390900
347.028950
347.333450
347.735850
347.909350
347.918600
348.367450
348.992250
349.029000
349.080000
349.083650
349.088250
349.310700
350.707050
350.714250
350.725700
351.086200
351.600100
351.619800
351.798350
352.473400
352.476950
352.484650
353.127900
353.131000
353.479300
355.636900
356.038200
356.041550
356.047400
356.157950
356.391550
356.515850
356.521150
357.425400
357.937850
358.298800
358.337500
359.026600
359.180950
359.184200
359.187750
359.675100
359.923150
359.932550
359.948550
359.950950
360.214750
360.861500
360.900250
361.165600
361.368350
361.371700
361.376550
361.405250
363.366350
363.905100
363.926700
363.930750
364.006650
364.404250
364.407700
364.413500
364.712900
364.717100
364.721050
364.725300
365.261300
365.465400
367.014600
367.017850
367.021750
369.162350
369.166000
369.171650
369.566400
369.742300
370.611300
370.615250
370.619800
370.626100
371.558000
371.779550
371.782750
371.790750
371.796300
371.831600
372.247650
372.305650
372.308550
373.127450
373.132000
373.151300
373.639550
373.659050
373.722750
374.414900
375.354650
375.507100
375.754950
376.214000
376.250650
376.258850
377.229750
377.233300
377.252600
377.401100
377.406550
377.425700
377.877150
377.908300
378.552600
378.590700
378.595250
378.598950
378.603950
378.927200
379.142400
379.387550
379.978600
379.982450
380.222100
380.226950
380.952350
381.065650
382.146700
382.370400
382.530250
383.401100
383.518850
384.512500
385.624450
385.628050
385.636600
385.921000
386.516650
387.262050
387.265750
387.270850
388.472300
388.483900
390.299950
390.992600
391.012400
391.016850
393.886900
394.134150
394.138100
394.515100
394.930400
394.942150
395.314750
395.632000
395.668500
397.296100
397.394550
397.410000
397.413650
397.419000
399.015600
399.019300
399.023150
399.025350
399.027650
399.030600
399.233900
399.241400
399.255750
399.576650
400.138750
400.880300
400.887700
400.894400
400.958450
401.396000
401.399250
402.300100
402.873450
403.572350
403.575350
403.583500
403.587300
403.602450
403.606300
403.946850
404.000700
404.120000
404.145950
404.151650
404.782250
405.577900
405.581300
405.586050
405.893750
405.953450
405.956450
406.333050
407.316700
407.320300
407.744600
407.758850
407.802550
407.813300
407.817800
407.968950
408.184900
408.711050
408.714450
408.966800
408.972100
408.976750
408.986250
408.997950
410.368400
410.645350
411.422000
411.444050
411.448000
411.456250
412.181950
412.187300
412.196650
412.624400
412.638350
413.639200
413.646850
413.658800
413.856950
414.395350
414.407900
414.412150
415.247700
415.262600
415.266150
415.803000
415.806800
416.457150
416.468650
416.705150
417.386350
417.390750
417.805200
417.926450
419.773850
419.930500
419.964900
420.012750
420.201200
420.349850
420.353650
420.541500
420.685550
420.691800
420.872650
420.876000
421.848000
421.852100
422.383450
422.577000
422.580550
422.593650
422.596000
422.603850
423.497050
423.766800
423.771850
423.933250
424.071000
424.151150
424.232900
424.240150
425.042300
425.637050
425.649600
426.208850
426.692950
426.904050
427.218050
427.688550
427.894850
428.050450
428.068000
428.072100
428.353900
428.894400
429.304600
430.054550
430.066450
430.959950
431.069850
431.651350
431.657500
431.669450
431.673200
431.678600
432.572350
432.602650
432.607200
434.264900
434.689450
434.880550
435.146750
435.708650
435.712800
436.403400
436.666850
438.017850
438.618350
438.636000
438.864800
438.914050
439.925950
441.515450
441.520150
441.528300
441.532350
441.617150
441.746050
442.283750
442.287600
442.864300
444.798150
445.051000
445.587900
445.591150
445.842950
445.847650
445.908250
446.311000
447.894350
448.250850
448.254850
449.370100
449.617700
449.839700
449.843150
450.562350
450.576400
450.589500
453.122300
453.127550
453.328150
453.332650
453.692300
453.987050
453.991100
454.296650
454.299200
454.334600
455.276900
455.279950
456.243700
456.902350
457.198200
457.202050
457.241900
461.345550
461.525350
461.826700
461.830000
462.561500
462.565150
462.575750
463.191100
463.195050
463.204900
465.199150
465.350500
465.362400
465.367650
465.370000
465.375600
465.378800
466.708350
468.182400
468.368350
469.317850
469.321200
469.333850
469.712350
470.322650
470.332650
470.336450
470.338950
470.356600
470.389500
470.557550
470.573600
470.898700
472.829300
472.838100
472.843750
472.972100
473.764200
473.830700
473.834650
473.840250
474.321000
475.502750
476.130850
476.529800
477.804300
477.807000
477.817200
477.829950
477.955950
478.535250
478.541000
478.563750
478.939650
478.944450
480.250900
480.261650
480.861250
480.896950
481.451400
481.596450
482.993850
482.997850
483.499900
483.503700
483.513200
483.865500
483.869700
483.886150
484.791300
485.284050
485.293250
485.304700
486.724700
486.734550
486.746900
486.750600
486.754500
487.523150
487.532300
487.903950
488.116800
488.265750
488.269500
488.293100
489.525650
489.529100
489.661600
489.681100
489.688000
490.548700
490.962300
491.665250
491.668600
491.683550
493.264150
493.267750
493.274000
493.277550
495.091450
496.047650
497.046050
498.760900
498.820800
498.829400
499.222550
499.480950
500.250300
500.253500
500.263150
500.267400
500.272850
500.301250
500.305150
500.763100
500.869600
500.913550
501.096150
501.706800
501.710800
501.922100
502.565000
502.570700
502.576400
503.366550
503.375150
503.528950
503.769800
503.996200
504.215700
504.365150
504.369000
504.374350
504.376600
504.380700
504.384050
504.387200
504.391850
504.396000
505.031950
505.373850
505.377350
505.382000
505.387050
505.391800
505.639250
505.643650
505.843800
506.664450
506.737850
507.543950
507.547750
507.552650
507.556900
508.696900
508.709950
508.742850
508.763950
508.877700
508.881800
508.922850
509.270150
509.523050
509.855950
509.862000
509.923550
510.409550
510.739950
510.746750
510.748900
511.666850
511.866600
511.873700
512.757450
512.761050
512.767300
512.961300
513.177550
513.266700
513.464100
513.870800
514.413850
514.725650
514.733300
515.044500
515.131400
515.244550
515.902850
515.910500
515.922100
515.925850
516.306400
516.310000
516.330250
516.334000
516.464600
516.979100
517.177600
517.204250
517.663000
518.199450
518.440900
518.656650
518.808500
518.828700
518.957200
519.637100
519.641500
519.656900
519.805350
519.811950
520.056050
520.764300
520.958150
520.961900
521.140250
522.111100
522.122150
522.184200
522.193900
522.955800
523.060350
524.284650
524.287600
524.294450
524.329100
525.068250
525.090550
526.405100
527.424150
527.428350
528.076900
528.080600
528.740000
528.742800
528.746550
528.750650
528.758650
528.762200
531.948300
531.955000
531.958000
531.968550
532.257150
532.309450
532.313500
532.316100
532.319950
532.327900
532.368550
532.380250
532.395200
532.580550
532.707150
533.361300
534.294650
534.306750
534.956000
535.179550
535.206450
535.307850
535.974350
536.147700
536.152500
536.175350
536.200000
536.818600
536.929350
537.040650
537.043550
537.047300
537.051900
537.057450
537.443050
537.447150
537.524300
537.740900
538.061200
538.065750
538.077050
538.082300
538.172050
538.425950
539.263850
539.454850
540.003850
540.396550
540.409600
540.413300
540.418800
540.432950
540.608950
541.229400
541.235350
541.436450
541.787100
541.987800
542.743600
543.369250
544.150400
544.363700
544.398600
544.406550
544.413100
544.624000
544.675450
545.292400
545.296850
545.324900
545.635750
545.875550
546.047650
546.115400
546.124050
546.143100
546.180900
546.383650
547.448200
547.679650
547.810050
547.815000
548.032750
548.036150
548.038300
548.404250
548.816100
548.904850
549.121600
549.929850
549.933650
549.941450
549.948000
549.989000
550.197300
550.356100
550.958200
551.264700
551.364750
551.392550
551.397350
551.408600
551.413200
551.557200
552.484200
552.493650
552.508600
552.524050
552.528950
552.653200
553.704650
554.273700
554.350300
554.731650
554.779100
554.788800
554.792500
554.796000
554.813200
556.522550
556.983750
557.013400
557.016800
558.120050
558.903050
558.947250
559.147700
559.158750
559.696700
560.207200
560.435450
561.470900
561.872600
561.878650
562.600450
562.618850
563.051050
564.989250
565.004100
565.269850
565.273500
565.275800
565.279350
565.281700
566.366950
566.377000
566.513550
566.736900
567.298000
567.306300
568.793900
569.092900
569.099650
569.106800
569.125650
569.550000
569.825500
569.919050
570.083050
571.047650
571.541450
571.544150
571.746800
571.879600
571.882850
571.892500
572.489700
572.598500
572.602900
573.744550
574.927900
574.938300
575.224950
575.869300
575.884400
577.429600
577.813550
577.910150
578.221200
578.422600
578.508550
579.021800
579.141750
579.144600
579.148750
579.156950
579.815600
579.819900
579.964900
580.432800
580.437100
580.458550
580.767000
581.038300
581.170550
581.175750
582.349350
582.354000
583.409000
583.704400
583.707550
583.721900
584.118800
584.123150
609.456550
613.783300
613.796800
613.802150
614.145000
614.157750
614.408400
614.818900
614.822450
614.850000
616.163450
616.203950
616.344250
616.348350
617.065000
617.590650
617.594500
617.691800
617.878000
618.013100
618.137950
618.745400
619.019250
619.507000
619.701000
619.704600
620.083650
620.613950
620.618850
622.434950
623.730400
623.734900
624.262550
624.687600
624.916350
625.139950
625.515250
626.200950
626.259400
626.277100
626.284350
626.312850
627.156300
628.032150
628.037250
628.149200
629.509900
629.845050
630.033450
630.038600
630.618400
630.738450
630.761800
630.890700
631.434250
632.174500
632.189750
632.194650
632.310400
632.744300
632.754000
632.764700
632.973000
633.102900
634.051550
634.608450
634.612750
634.897700
636.653250
636.915550
637.054750
637.423400
637.427350
638.107800
638.243950
639.028600
639.255650
639.414450
639.422650
639.438400
639.442400
639.445300
639.463300
639.834600
640.288300
640.607650
640.705850
641.381700
641.475150
641.483450
641.488550
642.142650
642.267200
643.130800
643.774200
644.191100
644.859350
644.863300
645.558050
646.102750
646.106350
646.124200
647.506350
647.510400
647.695350
647.805450
647.943850
648.259000
648.263200
648.457350
649.176550
649.179900
649.628900
650.373600
650.632700
650.640100
650.863400
650.873100
650.904950
650.938750
650.942300
651.250350
651.271050
651.276150
651.278700
651.422450
651.537050
651.611700
652.205400
652.210550
652.373300
652.718300
652.876800
652.965150
653.924600
654.272700
654.864250
654.899100
655.329700
655.621250
656.024650
656.085100
656.088500
656.093000
656.868800
656.891450
657.503500
657.888000
658.102550
658.291700
658.295100
658.602000
658.698250
658.834700
658.841900
658.868950
659.014150
659.476300
659.480200
659.485400
660.025200
660.314350
660.317450
661.604050
661.608450
661.818750
662.601350
665.488050
665.496600
665.988750
666.194550
666.209100
666.212550
666.388450
666.855800
667.276100
667.366550
667.440550
667.448000
668.228750
668.355100
668.603750
668.607800
669.102900
669.137050
669.360000
669.992750
670.166600
670.502650
670.620300
670.839100
670.980700
671.229650
671.237550
671.253750
672.225400
672.239750
672.297900
672.333950
672.473850
672.693600
674.972150
675.412300
676.078900
676.930700
676.976450
676.980500
677.257400
677.490400
679.370200
679.373100
679.601850
680.340900
680.356600
680.608650
681.063050
681.207900
681.308150
681.313900
681.421350
681.666550
681.669950
681.672500
681.681850
681.980700
682.052700
682.056550
682.368350
682.740150
683.767650
683.787650
684.102150
684.107100
684.294350
685.315400
685.318650
686.147600
686.180800
686.201900
686.859950
687.782650
687.785550
687.853850
688.234750
688.521000
689.252950
689.676850
689.680500
689.920050
690.728800
690.848850
691.168050
691.439950
691.797350
692.837850
692.865950
692.870000
693.712500
693.721050
694.404300
696.013850
696.017450
696.527750
697.334250
697.516150
697.520950
697.647500
698.194950
698.235950
698.239350
698.253900
698.258300
698.263000
698.398150
698.470800
699.132900
699.151050
699.227400
699.284950
699.847000
699.863250
699.867150
699.873600
699.875900
700.978500
701.156100
701.242600
701.246400
701.253900
701.416350
702.020150
702.210300
702.443250
702.794000
703.183400
704.132650
704.143200
704.334650
704.514700
704.697750
705.010800
705.332950
706.151800
706.656150
706.671050
706.675100
707.478650
708.076550
708.762650
708.766850
709.286050
709.472300
709.976900
709.981750
710.479600
711.355150
712.019150
712.279650
712.283400
712.305650
712.394750
713.392050
713.662350
713.994550
714.936900
715.150700
715.512400
715.916400
716.054300
716.065350
716.126600
716.416200
716.423600
716.426750
716.430750
716.486500
717.050450
717.114650
717.120650
718.048900
718.287200
718.748300
719.431100
719.452300
720.416800
720.421100
720.964700
722.766550
723.704150
725.224550
725.228250
725.234250
725.241450
726.116850
726.951750
728.756950
728.767900
728.779150
730.480250
731.543050
731.546600
731.551450
734.077850
734.081650
734.237800
734.243150
735.169400
736.934300
737.054600
737.065350
737.070150
737.073850
738.367400
738.372650
739.905250
740.215100
741.347100
741.351450
741.408750
742.185350
742.219750
742.225450
746.358750
747.298250
747.301850
747.307150
747.760000
747.765400
748.099050
748.858750
748.898500
748.908150
748.924700
748.989550
749.044250
749.670000
749.715100
750.437450
750.440300
750.899650
750.921100
750.927050
751.877200
751.888650
751.908300
751.912150
752.835150
753.266150
753.393700
753.397800
753.414200
753.417400
753.421400
753.431950
753.940700
753.946100
754.254300
754.683800
756.325300
756.329000
756.908600
756.921000
757.117700
757.121100
757.191100
758.905550
759.516850
759.872150
759.882600
759.887800
759.893700
759.896850
760.098950
760.457800
760.544750
760.548800
760.552850
760.556200
762.384650
763.235200
763.399750
763.415150
763.427600
763.711650
764.033950
764.037600
765.001800
765.617250
765.760150
765.768550
765.864100
765.989550
766.146900
766.151100
766.479650
766.586150
766.589000
766.593500
766.600000
766.603900
766.630300
767.588600
768.806200
768.867750
768.871150
768.888550
770.298050
770.310900
770.470150
771.991850
771.994150
772.110450
772.472750
772.978550
773.254250
774.342450
774.346750
775.466900
775.474400
776.365750
776.368950
776.373750
777.022750
777.027400
777.910100
777.913850
778.081600
778.085150
778.090450
778.096050
778.169050
778.418450
779.533300
780.626950
781.733000
781.736950
782.091000
784.255000
784.594400
787.444550
787.448100
787.458100
787.466950
787.751350
788.050300
788.085900
788.169350
788.778300
788.786750
788.791250
788.796450
788.803900
790.025150
790.575900
790.580050
790.586700
791.197650
791.201050
791.214450
791.663050
791.716150
791.720250
791.734650
793.493850
794.662400
794.665300
794.681400
796.093350
797.404250
797.491900
797.844100
798.043000
798.047250
798.658300
799.233000
799.237300
799.245600
799.263450
799.656250
799.660100
800.701750
800.705400
801.763900
802.300000
802.424350
805.355450
805.830050
806.437700
807.242450
807.274250
808.944350
808.948200
809.453650
809.727650
810.622950
811.821100
811.824600
813.896450
814.123700
814.127000
814.134650
815.392650
816.097800
817.000800
818.311850
818.316150
818.321800
818.699350
818.702950
819.506850
821.340550
821.344000
821.349150
821.358950
821.840600
822.192850
822.335750
823.356300
823.359700
823.424650
823.428650
823.433550
823.470000
824.342950
824.493650
825.252000
825.256000
825.275200
825.783100
826.052400
826.057600
826.169400
826.632750
827.314300
827.318050
828.361650
828.792000
828.956000
829.788550
830.106850
831.173950
831.220050
832.239900
833.497500
833.500750
833.505900
833.916950
833.921000
833.924150
833.926250
833.930650
833.934500
833.938400
834.672700
834.778050
835.054050
835.514000
835.960550
835.992600
835.996250
837.445100
838.003050
838.419650
839.075700
839.096150
839.101900
839.352700
839.597000
839.870050
839.886350
839.890900
839.893500
839.901600
840.134850
840.303300
841.289150
841.292350
841.296350
841.517450
841.619650
841.982900
842.311050
842.745900
842.755000
842.767500
842.792250
844.254250
844.265600
844.295200
844.949400
845.385200
845.396850
845.404550
845.538300
846.215000
846.582400
846.756150
847.460350
847.580300
847.855250
847.925100
848.305350
849.019500
849.550300
849.554550
849.821100
849.825850
849.870200
849.946250
849.960150
850.265150
850.988750
851.000100
851.859800
852.491200
852.902650
853.313250
853.583250
853.756850
854.374200
854.658550
854.666650
855.296500
855.734150
855.955250
856.200850
856.405300
857.225950
857.686600
857.969300
858.059450
858.067250
858.484500
859.534600
860.281450
861.249700
861.253300
861.280400
861.283550
862.212050
862.533350
862.700400
862.703700
862.708000
862.876800
863.635000
863.870000
863.874550
863.881650
864.110300
865.096850
865.222900
865.225550
865.229750
865.237850
865.723550
865.838700
866.131850
866.144100
866.161500
866.416150
866.423950
866.429150
866.435550
867.007400
868.149900
868.544450
869.437100
869.523650
870.305400
870.308550
870.508300
871.317200
872.044200
872.365250
872.394150
872.523250
872.527100
872.607900
872.768600
873.863600
873.868150
875.187800
875.192050
875.445550
875.610200
876.086000
876.089700
876.095150
876.782350
877.663400
877.667150
877.679450
877.684150
877.712450
878.366350
878.369250
878.372900
878.689900
878.997650
879.256600
879.296150
879.596600
879.892050
879.896000
879.902500
881.264000
881.812100
881.954650
882.265050
882.409900
882.936050
882.939650
882.952050
883.607800
883.865650
884.188150
884.191700
884.203700
884.266000
884.429550
884.504450
884.559950
884.980300
885.223750
885.432900
885.673250
885.925250
885.929700
885.935850
886.097050
886.110500
886.338850
886.349600
886.591250
886.609600
886.876700
887.324950
887.615250
888.758050
888.825100
888.828950
888.890100
890.864700
890.873800
892.129850
892.156350
892.159900
892.725550
893.272150
893.680350
893.684200
893.687450
893.988400
895.739850
895.916550
896.303800
896.932500
897.120700
897.280650
897.825650
897.829650
897.840950
898.314850
898.688950
898.711450
898.716350
899.964650
900.277250
900.487850
900.492600
900.555300
901.944950
901.953200
901.956650
901.959900
901.964000
902.714900
903.540650
903.781800
903.879600
903.883200
904.054800
906.231800
906.327900
907.168750
908.162200
908.174300
908.178400
908.183700
908.495000
909.040900
909.325450
909.329850
909.336500
909.513800
909.924550
911.468500
911.472700
911.478650
911.484700
911.490100
911.521000
911.637600
912.738250
913.028650
913.052450
913.254600
913.257850
913.615900
913.621700
914.153100
914.416900
914.455200
915.132500
915.136600
915.260850
915.964150
916.858300
917.566950
917.967200
917.970250
918.967150
918.971000
918.977400
918.994500
919.019550
919.024350
919.468200
921.163850
921.167550
921.433450
921.856600
922.343850
922.657250
923.456200
924.782350
924.843250
925.412100
925.479900
925.492600
925.522700
926.358750
927.327300
927.583150
927.933850
929.169950
929.186900
929.432650
929.599650
929.690650
930.733450
931.209650
931.217450
931.335150
932.104900
932.228850
932.262500
932.265700
932.309200
932.779600
933.080450
933.210150
933.278050
933.534700
934.196000
934.730350
936.235900
936.249550
936.253700
936.501550
936.935450
938.114000
938.118950
938.121050
938.124550
938.128200
938.140650
938.591950
939.080500
939.430200
939.862300
940.296900
940.451850
940.796200
941.145350
941.621600
941.625550
941.905250
942.030050
942.450750
943.772150
943.929950
944.136700
944.250150
944.253750
944.465900
944.929000
945.317200
946.295100
946.304500
946.515100
946.911900
946.916050
946.945550
947.715600
948.592050
948.601950
948.622700
948.842950
949.079350
949.083000
949.405500
949.806300
950.069300
950.074300
950.941950
950.945600
951.299550
951.333400
952.424350
953.216100
953.759500
953.956150
954.122400
954.346050
954.397700
954.696000
954.712550
954.716700
954.794700
956.188000
956.419500
956.691800
958.189100
958.192900
958.311150
958.805050
958.854800
959.238900
959.242050
959.399300
959.484800
959.765300
959.916350
962.746800
963.855500
964.500700
965.527050
965.530400
965.539650
965.791750
966.160650
966.582450
966.655000
967.995600
968.139900
968.143650
968.167650
968.171300
968.176600
968.295450
968.565050
968.570400
968.579300
968.594900
968.878200
969.945550
970.153650
971.386950
971.395300
971.400600
972.352250
972.566600
972.574300
973.983700
974.151650
974.403050
974.406350
974.410450
974.436400
975.273500
975.277200
975.279700
975.286850
975.428000
976.252050
976.656400
977.257050
977.733900
977.810000
978.098050
978.109800
978.113650
978.275400
979.496350
980.498850
980.502400
980.516500
980.694100
980.959950
981.020600
981.027100
981.533500
981.960800
982.238650
982.361550
983.397800
984.760250
985.505950
986.244150
986.314850
987.792050
987.795400
987.800750
988.612900
989.162200
989.380300
989.517750
989.521650
989.783250
990.284850
990.861300
991.730050
991.763700
991.782500
991.789500
992.170950
992.291900
992.300400
992.303200
992.311550
992.328250
992.542400
992.919900
992.923700
993.424850
993.931550
993.936900
994.209750
994.214000
995.550650
996.075150
997.292200
997.309500
998.362500
998.761450
998.771000
999.323500
1000.073850
1000.077700
1000.662350
1002.018700
1002.022450
1002.209250
1002.476750
1002.627400
1003.013000
1003.016300
1003.020100
1003.022500
1003.038050
1003.800800
1003.824900
1003.828400
1004.129600
1005.061450
1006.955750
1006.960600
1006.965350
1007.886800
1008.227850
1008.233700
1009.586600
1010.616050
1011.716050
1012.636500
1013.737550
1013.753000
1014.131750
1014.449650
1014.942950
1015.812100
1015.815150
1015.831950
1017.305450
1017.396650
1017.914100
1017.918050
1017.937850
1018.208200
1018.268900
1018.279350
1018.301100
1018.648450
1019.599650
1021.303000
1021.307350
1021.468650
1021.621050
1023.347750
1025.820650
1026.383700
1027.386100
1027.389900
1029.415750
1029.451800
1029.608300
1029.613000
1030.625850
1031.743000
