0.083050
0.166200
0.605050
0.685850
0.774650
1.140250
1.450400
1.457750
1.737700
1.826000
1.869850
2.030650
2.320050
2.517950
3.720300
3.901550
4.040350
4.215050
4.471400
4.593750
4.703950
4.781350
5.150050
5.308050
7.286650
8.863750
10.195800
10.198350
10.202600
10.204700
10.212450
10.278000
12.933250
13.945600
14.623750
14.796100
16.217900
18.834850
20.253050
20.571400
22.154150
22.170600
22.507400
22.546700
22.576750
26.402800
27.043050
27.127500
27.198550
27.772200
27.933850
27.978000
28.082600
28.202000
28.213100
28.347750
29.452150
31.317350
31.452350
31.964450
32.452650
32.529100
33.392800
33.397750
33.597950
33.651100
34.755750
34.856050
35.378350
36.678850
36.739150
37.195550
37.289250
37.535000
37.583850
37.881250
38.195900
38.629650
38.698900
38.973200
39.190950
39.555150
39.685650
40.035250
40.263550
41.188400
41.403500
42.111550
42.583250
42.743150
43.353000
43.944100
45.068850
45.098750
46.234100
46.526350
46.692100
46.840700
47.035500
47.064500
47.432850
47.858400
48.664800
48.854700
48.940150
49.557750
49.745800
50.025050
50.520700
50.976950
51.495250
52.054100
52.140700
52.990100
53.949400
54.433050
54.712950
54.910500
55.219750
55.601600
56.244750
56.816850
57.084300
57.249600
57.586100
58.083000
58.332900
58.450750
58.566600
59.313150
59.514300
60.295950
60.384500
60.732850
60.978500
61.253000
61.764250
61.769950
61.896700
62.023100
62.265650
62.320600
62.602850
63.756000
63.967750
63.970800
64.334200
64.339050
64.352750
64.465600
64.607250
65.040650
65.571400
65.814900
65.948650
66.392150
66.403300
66.860650
67.168250
67.426800
68.154650
68.740150
68.861600
69.592950
69.781300
69.785550
70.317250
71.204100
71.269150
73.342100
75.100750
75.500050
76.104400
77.517550
77.557700
77.917050
79.336900
79.400400
82.094550
82.115650
82.135350
82.515100
82.635750
83.075700
84.535550
85.016700
85.416800
86.177700
86.637650
86.681600
86.942300
87.002500
87.693300
87.963700
88.154300
88.903600
89.156700
89.652650
90.122700
90.144250
90.657300
90.735900
91.017250
91.584550
91.919350
91.979650
92.392550
92.468450
92.838750
93.367950
93.709850
93.874450
93.977200
94.214700
94.566950
94.766750
94.987500
95.541250
95.579400
95.966950
96.054450
96.316500
96.394200
96.416450
96.955000
97.216650
97.634250
97.778500
97.883950
98.581200
98.968350
99.273300
99.447900
99.692150
100.494300
100.573650
101.895900
102.615750
103.047300
103.894350
103.965350
104.146350
104.208650
104.934900
105.256300
105.675700
106.016700
106.080700
106.117250
106.348650
106.784200
107.515300
107.762300
107.996300
108.035800
108.343450
108.479600
108.894750
109.759700
110.705900
110.815150
111.023650
111.071300
111.218400
111.604900
111.806550
111.849000
111.903450
112.330900
112.491250
112.612750
112.838450
113.113500
113.593100
113.838700
113.966100
114.005350
114.140600
114.172500
115.184700
115.389800
115.545750
115.564200
115.651000
116.103000
116.473650
117.337400
117.369250
117.414150
117.594250
117.621500
117.960700
117.989150
118.058500
118.370600
120.047700
120.576750
120.689700
121.123200
121.591950
121.686650
122.079750
122.143350
122.359100
122.829550
123.146150
123.435950
123.743950
124.095850
124.329250
125.268400
125.313300
125.430800
125.718800
125.742600
125.785550
125.973950
126.686000
126.695800
126.710450
126.737250
126.977400
127.074900
127.078650
127.111100
127.498400
127.551550
127.992300
128.038700
128.220600
128.339750
128.578650
128.887600
130.383050
130.908000
130.990250
131.165950
131.245900
131.427550
131.820000
131.835550
131.899150
132.117800
132.429800
132.460250
132.471900
132.813250
133.642550
133.827800
133.878550
134.089400
134.175150
134.906950
135.517950
136.098750
136.446850
136.543300
136.780400
137.160100
138.430700
138.614700
138.794300
138.825300
138.829650
139.292450
139.958450
140.443950
140.651900
140.658400
140.778600
141.193250
141.436500
141.727600
142.304050
142.404450
142.723750
142.992600
143.335800
143.441700
143.772850
143.921250
144.349850
144.602600
145.075700
145.548900
145.626900
145.831650
146.292700
146.314800
146.370350
146.900800
147.087550
147.295600
148.076650
148.094750
148.289250
148.763350
149.203750
149.458250
150.448300
150.964750
151.367000
151.387000
151.513850
152.000850
152.146200
152.672150
152.747350
152.816000
154.620700
154.825800
154.986200
155.285800
155.670100
156.248300
156.269750
156.525100
157.069050
157.078900
157.153000
157.621600
157.893100
158.323350
158.747700
159.217250
159.611250
159.696900
160.237900
160.624950
160.763950
160.841350
161.380100
161.449650
161.906300
162.008400
162.712900
162.879000
163.208250
163.450950
163.552350
164.125850
164.200050
164.422600
164.766900
164.777500
164.905500
165.006700
165.031300
165.436250
165.746450
166.574100
166.963650
167.325550
167.358600
167.610500
167.647200
167.744800
168.178200
168.182600
168.204150
168.261200
168.316900
168.518650
169.237150
169.779250
170.165000
170.547300
170.636650
170.809100
170.997300
171.073650
171.575750
172.052300
172.083800
172.264150
172.268250
172.272100
172.418350
173.601750
174.007650
174.124300
174.694250
174.741100
175.200550
175.545800
175.641200
175.993050
176.364500
176.537650
176.605400
176.623700
178.018500
178.666600
178.718650
178.905250
179.012150
179.070700
179.579350
179.665900
179.684600
180.711700
180.987250
181.039800
181.205200
182.445450
182.613800
182.708500
182.907300
183.834600
184.180600
184.189200
184.198850
185.060700
185.234050
185.671300
185.888600
185.929050
185.938150
185.942150
186.205650
186.409550
186.711550
186.737250
186.755200
186.791450
186.950400
187.045100
187.372450
187.689000
188.002150
188.539600
188.891450
189.418300
189.762550
190.016250
191.271400
191.606550
191.612300
191.662200
191.933700
191.943200
192.030250
193.567750
194.621250
194.653700
194.964800
195.032300
195.047750
195.069200
195.074850
195.522600
196.119300
196.215550
196.366950
196.369900
196.438150
196.481000
196.564200
196.616800
197.019950
197.304500
197.993450
198.311900
198.422000
198.774700
198.886100
199.639600
200.076450
200.983550
201.017700
201.311900
201.344000
201.506600
201.645050
201.753900
201.839650
202.147800
202.825800
203.207950
203.212450
203.337050
203.346300
203.350800
203.357450
203.417300
203.860950
204.191250
204.485500
204.493800
204.575750
204.679650
204.806250
204.832100
205.131050
205.295150
205.584700
205.830600
206.600550
207.056650
207.074800
207.167200
207.270400
207.286500
207.429450
207.622000
207.692550
207.763150
208.021450
208.373700
208.444500
208.582750
208.837000
208.970650
209.323350
209.394900
209.649350
209.981250
209.984700
210.006100
210.010800
210.084650
210.286350
210.604500
210.766350
211.283600
212.639950
212.869850
213.072750
213.358900
214.117850
214.275100
214.279600
214.295350
215.144600
215.234900
215.445050
215.742650
216.101000
216.378250
216.684150
217.263250
218.125250
218.589200
219.405350
219.604150
219.969800
220.517900
220.588250
220.751700
220.823450
221.484900
221.645600
221.949400
221.988650
222.023250
222.260000
222.320200
222.333350
222.363750
222.544800
222.652800
222.682550
222.699950
222.956050
223.355650
223.531400
224.552550
224.801050
224.840950
224.888950
225.123050
225.229450
225.299350
225.302150
226.310350
226.921850
227.287850
227.292500
227.795000
227.917250
228.346350
228.496350
230.187950
231.141150
232.745900
232.964150
233.167300
233.195200
233.316600
234.313750
235.120950
235.483650
235.788150
236.314300
236.571300
237.005000
237.029650
237.280500
237.718450
238.595300
238.618750
238.696300
238.756000
239.197150
239.208550
239.296550
239.455850
239.481350
239.492350
239.501050
239.692400
240.034750
240.040200
240.047650
240.063800
240.442400
240.666600
241.102900
241.290100
241.528550
241.641750
242.009050
242.199650
242.262550
243.060200
243.383250
243.734750
243.761700
244.033900
244.220000
244.232250
244.332050
244.569550
244.644800
244.725050
245.319450
245.511350
245.757350
245.986000
245.988550
245.993300
246.010550
246.023450
246.065850
246.178500
246.263500
246.509200
246.552100
247.379650
247.933250
248.377800
248.591550
248.766000
248.856750
249.015500
249.040250
249.305500
249.310200
249.317050
249.322050
249.475850
250.509050
250.517200
250.621250
250.641250
250.820350
250.827800
250.995400
251.060450
251.360400
251.363650
251.367450
252.544200
252.546850
252.567250
252.687750
252.737450
252.908200
252.996900
253.306350
253.327650
253.548750
253.629500
253.731600
253.804650
254.093750
254.099750
254.165450
254.234800
254.614900
254.729000
256.464150
256.561950
257.000000
257.357750
257.362650
257.672950
257.726450
257.781800
257.794600
257.905800
258.014200
258.151050
258.620850
258.890900
259.128350
259.584500
259.737600
260.007500
260.590050
261.236150
261.476600
261.786350
261.856100
261.889350
262.059250
262.205550
262.876400
263.250950
263.779300
263.934900
264.209900
264.507550
264.613950
264.891400
265.085000
265.452050
265.474700
265.930750
266.408700
266.427850
266.487950
266.571700
267.343850
267.351400
267.519650
267.591600
267.834000
268.313900
268.443600
268.770150
269.038650
269.054300
269.067650
269.421850
269.952200
269.998600
270.134800
270.290750
270.318000
270.368350
270.838450
270.877900
270.881850
271.024250
271.295700
271.302250
271.805700
271.973650
272.039550
272.269150
273.831700
274.369150
274.646200
274.690150
274.750900
274.806700
275.108600
275.428550
275.573000
275.663650
275.915100
276.101750
276.204400
276.242000
276.306500
276.315600
276.482500
277.114450
277.489750
277.524300
277.590750
278.023050
278.184500
278.846650
279.035000
279.090550
279.449400
279.689650
279.838850
279.848750
280.245700
280.248600
280.723350
280.748500
280.870800
281.257600
281.348550
281.450400
281.927050
282.286900
282.298100
282.487550
282.580800
282.587650
282.983200
283.268050
283.839150
283.991850
284.016300
284.233200
284.430850
284.443850
284.680700
284.882100
284.889750
284.945650
285.013650
285.096550
285.127300
285.391750
285.551700
285.977600
286.316050
286.823200
286.866150
286.924600
286.996250
287.183450
287.446500
287.524000
287.542300
287.580100
287.642450
287.790000
287.804950
287.845400
288.003100
288.205300
288.555800
288.578200
288.581550
288.703000
289.136100
289.799650
289.999100
290.120900
290.394500
291.309150
291.770350
291.899700
292.322700
292.679600
292.694550
292.765950
292.769850
293.513150
293.545800
293.571900
294.147800
294.241200
294.250200
294.610400
294.822500
294.826100
294.839200
295.061050
295.276750
295.365150
295.386300
295.692950
295.711850
295.832200
296.035500
296.043550
296.341250
296.363850
296.453300
296.795600
296.992800
297.372850
297.662600
297.856550
298.029150
298.890600
299.334500
299.488750
299.539050
299.545550
299.560000
299.595600
299.699750
299.704500
299.713800
299.742450
300.466450
300.533350
300.625400
300.774700
300.778100
300.782150
300.791150
300.893950
301.131700
301.184350
301.189000
301.506100
301.685550
301.878200
302.048950
302.573600
302.644300
302.992500
303.076250
303.135000
303.324550
303.457550
303.540300
304.042750
304.690650
305.871900
306.171050
306.319700
306.614650
306.715150
306.726900
307.301200
307.322650
307.368900
307.416250
307.756400
307.831750
307.856950
308.285350
308.551700
308.733450
308.861400
308.882000
309.004700
309.047650
309.054900
309.061900
309.571700
310.084200
310.119000
310.133100
310.156550
310.200150
310.537000
310.626100
310.956900
311.133900
311.335150
311.599600
311.690600
311.786200
311.984650
312.185250
312.502900
312.541700
312.595450
312.600600
312.614200
312.629900
312.723850
312.748150
313.044350
313.341900
313.471500
313.855800
313.862100
313.865850
313.884850
314.092600
314.095400
314.098950
314.870100
314.896750
315.584050
315.719700
315.725600
315.822000
315.944700
316.159900
316.236950
316.274650
316.363200
316.955350
317.605600
317.915550
317.992300
318.362450
318.756700
318.812750
319.583350
319.860000
319.924050
320.010150
320.212800
320.625800
320.739250
321.121050
321.313400
321.332250
321.445150
321.590900
321.663750
321.763750
321.906600
321.983900
321.998750
322.174350
322.274300
322.348000
322.359000
323.053450
323.197050
323.616900
323.853350
324.036450
324.272350
324.442900
324.505700
324.608600
325.058650
325.063600
325.081450
325.159650
325.217750
325.467450
325.628500
325.838700
326.224300
326.322950
326.353350
326.437550
326.893400
326.898000
327.029900
327.058900
327.063650
327.198800
327.654850
327.908400
328.632100
328.772150
328.985400
328.991200
329.112700
329.823450
330.158050
330.213600
330.719550
331.206250
331.364850
331.709600
331.807650
332.045350
332.282400
332.857550
333.343250
333.489450
333.648250
333.706250
333.876500
334.097100
334.212600
334.293850
334.978250
335.088350
335.170250
335.395000
335.502150
335.615200
335.913150
336.139700
336.625350
336.703600
336.812350
336.931450
337.347300
337.682600
337.897400
338.018150
338.058600
338.245600
338.612850
338.781900
339.148500
339.318250
339.545800
339.722250
340.508450
340.550450
340.766950
341.207600
341.241650
341.421900
341.457500
341.463300
342.030000
342.378600
342.440650
342.481500
343.013050
343.152900
343.164600
343.611300
343.703300
343.988650
344.293150
344.392100
344.640700
344.735600
344.848900
345.060200
345.199750
345.284750
345.379250
345.730800
346.104000
346.353750
346.428300
346.773000
347.073200
347.543250
347.690900
347.898650
347.926000
348.287050
348.326350
348.622600
349.158050
349.168300
349.301700
349.308750
349.332700
349.428950
349.560850
349.861200
349.912800
350.564700
350.764450
351.005550
351.177600
351.607150
351.828150
351.842400
351.852250
351.859850
351.862100
351.953900
352.253350
352.780350
353.145500
353.157300
353.610550
354.746250
355.412700
355.679250
355.959300
355.980500
356.175700
356.221000
356.521300
356.553050
356.781650
356.873400
356.882100
356.910250
357.061950
357.144650
357.330150
357.630600
357.858550
357.916300
358.298750
358.425500
359.181350
359.184200
359.189500
359.204450
359.234250
359.918150
359.923200
359.953300
359.955450
360.008150
360.497050
360.563450
360.631200
360.801750
360.908200
361.358650
361.935000
362.161450
362.346100
362.479050
362.506900
362.705850
362.815650
362.970850
363.191450
363.268650
364.006650
364.173050
364.406000
364.473100
364.476250
364.483450
364.567850
364.718500
365.169300
365.479850
365.749850
365.780650
366.791450
367.021900
367.028350
367.039100
367.045200
367.493500
367.828550
367.845200
368.349600
368.442350
368.743100
368.846050
369.175850
369.303100
369.742250
370.108800
370.193900
370.516850
370.651550
370.661050
371.557900
371.571600
371.788700
371.806600
372.309300
372.319350
372.333550
372.462200
372.678450
372.728500
372.967350
373.143050
373.184700
373.722650
373.822250
374.137650
374.259150
374.525700
375.353950
375.418700
375.569350
375.656050
375.711950
376.199200
376.201950
376.205550
376.220650
377.467750
377.599200
377.735050
377.890600
377.899400
378.127850
378.248900
378.552600
379.144600
379.153650
379.157950
379.387550
379.489100
379.500050
380.338900
380.553800
381.004700
381.310150
381.501150
381.564200
382.182050
382.390250
383.338500
383.390750
383.400350
383.485900
383.849700
384.298850
385.160500
385.385700
385.641450
385.689700
385.801350
385.816100
385.917550
386.244100
386.609400
387.053100
387.074150
387.323600
387.649250
387.669750
388.166650
388.963800
389.314350
389.738400
389.880600
390.018450
390.278500
390.341550
390.554700
391.071800
391.077650
391.450150
391.486200
391.518400
392.088600
392.199450
393.105550
393.295750
393.636250
393.759300
394.228750
394.253200
394.433300
394.534450
394.557900
394.654750
394.680500
394.897600
395.572500
395.612900
396.365550
396.413750
396.969200
397.139300
397.225550
397.372650
397.414500
397.420950
397.432500
397.973050
397.982200
398.043350
398.086650
398.579050
398.910500
399.041250
399.230700
399.234900
399.266700
399.320250
399.366900
399.392150
399.725150
399.933100
399.980600
400.025250
400.818500
400.881950
400.889850
400.909550
400.946850
400.953350
401.319450
401.381050
401.530000
401.697150
401.827000
402.022900
402.144600
402.422050
402.767900
402.806700
402.914200
402.969300
403.039350
403.574200
403.875950
404.057350
404.120550
404.166600
405.416550
405.420000
405.532350
405.937900
405.945250
405.954900
406.033100
406.135600
406.333100
406.518850
406.632000
406.986800
407.138900
407.229750
407.375300
407.578900
408.020600
408.262300
408.319700
408.441600
408.456950
408.919850
408.972450
409.083950
409.095850
409.117850
409.905500
409.996750
410.183050
411.013100
411.619650
412.178800
412.184100
412.187950
412.402550
412.802600
413.316000
413.591300
413.613450
413.781900
413.913750
414.358350
414.544750
415.045000
415.099550
415.257800
415.813750
415.822850
415.930050
416.157650
416.354250
416.747500
416.758400
416.905450
417.701800
417.884650
418.286200
418.307400
418.431850
418.491700
418.531250
418.750600
419.376550
419.404900
419.672950
419.776100
419.880500
419.988250
419.993750
420.008500
420.056200
420.201150
421.241200
421.671000
422.140650
422.413350
422.417150
422.440300
422.445650
422.464800
422.485200
422.574800
422.686500
422.814300
422.872250
423.315250
423.626650
423.799850
423.871000
424.073850
424.086350
424.089200
424.386700
424.940300
425.155950
425.660950
426.376100
426.475800
427.145800
427.827700
427.879300
427.920800
428.068900
428.538250
428.926900
429.243300
429.591450
429.646850
429.756700
430.321050
430.400900
430.523150
430.550000
431.247800
431.291900
431.532250
431.612650
431.719700
432.578650
432.835900
432.858100
432.977700
433.186700
433.384450
433.389150
433.815850
434.050500
434.338700
434.740400
435.035650
435.195850
435.542900
435.616900
435.833150
436.138200
436.329750
436.815750
437.146000
437.757700
438.549950
438.948450
440.174800
440.843500
441.464150
441.493200
441.580750
441.698150
441.909000
442.046300
442.282300
442.305250
443.110150
443.418900
444.089200
444.181900
444.426250
444.542650
444.576200
444.862550
444.954750
445.026950
445.301750
445.467200
446.022500
446.231450
446.656300
446.811250
446.820550
447.148300
447.599600
447.767950
447.873200
447.976200
448.185350
448.285350
448.423250
448.501350
449.064800
449.171850
449.449650
449.512650
449.792100
449.830600
449.938500
450.253550
450.441850
450.572900
450.799600
450.904100
451.123250
451.449550
451.876300
452.052050
452.101350
452.112250
452.137400
452.795750
453.131500
453.223450
453.275400
453.724100
454.589700
454.853200
455.274050
455.385800
455.411850
455.592200
456.257400
456.326450
456.466600
456.486450
456.683750
456.749800
456.902450
457.100400
457.734450
457.771800
457.823700
458.077000
458.228650
458.370550
458.920150
459.237600
459.746400
459.754900
460.130500
460.581500
460.965500
460.970700
460.998450
461.493950
461.617900
461.873400
461.918050
462.031550
462.112050
462.408500
462.717150
463.120300
463.355350
463.508250
463.740000
463.876300
464.735300
465.199050
465.360600
465.403600
465.607600
465.675050
466.424700
466.693500
466.816550
467.153600
467.233800
467.422150
467.873750
467.893800
468.228700
468.569350
468.744300
468.934600
469.042250
469.338400
469.363250
469.636950
470.061450
470.117150
470.550700
470.575750
470.812300
470.878700
471.006150
471.127100
471.275850
471.483250
471.571050
471.899800
472.037100
472.122950
472.144500
472.331950
472.972150
473.127600
473.568450
473.597750
473.771450
473.897200
474.211800
474.472850
474.628200
474.643300
474.696000
474.951700
475.076900
475.198250
475.351100
476.023300
476.510450
476.729350
477.428550
477.648950
477.810000
477.923150
478.320400
478.572850
478.635250
478.713500
478.799550
479.146850
479.434800
479.770800
479.964600
480.005800
480.251150
480.464000
480.466950
480.729800
480.795600
481.542300
481.563250
481.596450
482.162100
482.182650
482.223000
482.320800
482.534300
482.670700
482.974200
483.232650
483.500600
483.632750
483.680550
484.105250
484.491550
484.679150
484.958850
485.297550
485.406400
485.573350
486.586600
486.754100
486.758850
486.841550
486.883000
486.950050
487.362100
487.749000
487.876200
488.107250
488.576050
488.689500
489.587950
489.749350
489.753150
489.802050
490.283100
490.408050
490.440800
490.513100
490.647850
490.967650
491.048700
491.128700
491.597100
491.875050
492.316350
492.383900
492.441350
492.524600
492.583700
493.044050
493.461350
493.547550
493.608500
493.698300
493.970500
494.030700
494.108300
494.637750
494.902950
495.090650
495.664150
495.792200
496.205200
496.324700
496.745200
496.923900
497.504700
497.995600
498.109400
498.760850
498.827650
498.839400
498.954250
499.010200
499.948600
500.029100
500.277850
500.282250
500.446000
500.646700
500.913550
500.933700
501.366700
501.434950
501.916400
502.006650
502.255300
502.762450
502.831950
502.897650
502.902100
502.909150
502.966600
503.163300
503.196150
503.457100
503.568250
503.596450
503.718300
503.928250
504.063850
504.069150
504.236500
504.586650
505.036000
505.157400
505.380050
505.383650
505.387600
505.494450
505.505850
505.509400
505.722450
506.298050
506.664450
507.150100
507.744100
507.810650
508.663350
509.115000
509.120350
509.248700
509.496300
509.524600
509.703950
509.923450
510.297650
510.521950
510.867450
511.973900
512.042600
512.374450
512.758050
512.900550
513.161600
513.273300
513.573000
513.780350
514.248200
514.344250
514.557600
514.809050
514.921700
515.578550
515.754850
516.022350
516.166100
516.203950
517.121550
517.319100
517.537700
517.849250
517.876050
518.050350
518.519900
518.535250
518.805000
518.808550
519.023100
519.194950
519.209500
519.274950
519.496050
519.649650
519.761500
520.107750
520.764250
520.786350
520.860150
521.216150
521.442150
521.585150
521.628700
521.800350
521.840950
521.920450
522.884350
522.955800
522.990000
523.089800
523.189250
523.914250
523.975200
524.084750
524.301050
524.304250
524.368600
525.216700
525.256700
525.310050
525.461700
525.585300
525.690650
525.827050
526.025700
526.037800
526.090900
527.169650
527.694550
527.760150
527.808550
528.084950
528.088650
528.225350
528.621900
528.706100
529.017600
529.422150
529.493200
529.539150
529.843900
531.112000
531.980050
531.983050
532.059300
532.148300
532.380300
532.580550
533.625250
533.685650
533.690600
533.956900
534.213800
534.588400
534.741950
535.134600
535.186100
535.198350
535.307800
535.593150
535.663300
536.122700
536.127500
536.135300
536.153800
536.250550
536.600100
536.795400
536.830800
537.210700
537.303000
537.524500
537.571850
538.209650
538.223650
538.418600
538.555800
538.738050
539.107650
539.191700
539.263800
539.368600
539.515400
539.803950
539.941000
540.309700
540.396550
540.458950
540.590050
541.028700
541.281750
541.802100
542.036850
542.050150
542.098900
542.120350
542.288100
542.436100
542.518450
542.616800
542.788600
542.958000
543.160400
543.288900
543.867200
543.897200
543.930850
543.942650
544.224650
544.584450
544.587500
544.597150
544.624000
544.670300
544.694750
545.411750
545.501050
545.524850
545.677450
545.728800
546.156350
546.372450
547.295700
547.676750
547.884650
548.007750
548.570950
548.789250
548.804550
549.384450
549.588450
549.703700
549.970250
550.214300
550.404950
550.480250
550.998200
551.668600
552.111350
552.594450
553.239200
553.610200
553.815550
553.820450
554.150550
554.156900
554.609400
554.892800
555.320550
555.383750
555.750100
555.983450
556.031250
556.096650
556.402950
556.596850
556.664650
557.063500
557.544550
557.936800
558.134000
558.614000
558.628050
558.906900
559.529450
559.654500
559.748650
559.802150
559.968400
560.202700
560.365450
560.446450
560.614150
561.802650
562.154900
562.589550
562.723450
562.838450
562.865000
563.325150
563.740050
563.930750
564.523850
564.559450
564.916200
565.168050
565.399050
565.523050
565.864250
565.946800
566.166200
566.678400
566.690250
566.849500
566.912400
567.499050
567.750050
568.071250
568.146500
568.595200
569.723550
569.758350
569.927550
569.932200
570.807000
570.947400
570.981250
571.143550
571.194800
571.246800
571.533000
571.788950
572.881750
573.228950
573.320500
573.494550
573.500300
573.722050
573.755650
574.181700
574.371300
574.806350
575.239950
575.625850
576.078700
576.100550
576.690700
576.847100
577.347650
577.675250
577.801650
577.817500
577.954950
578.007250
578.223700
578.229150
578.233400
578.381400
578.442050
578.508600
579.051600
579.298950
579.332950
579.335950
579.341600
579.708050
579.711850
579.716500
579.827050
580.278800
580.434850
580.459050
580.486600
580.659600
581.017050
581.035700
581.049050
581.058550
581.460300
582.287900
582.504450
582.777200
582.843600
583.031800
583.206700
583.502650
583.844000
584.627050
584.637250
584.732250
585.523850
588.369700
589.473950
589.524050
589.903850
590.533550
590.653100
590.753850
590.989100
591.408950
592.351350
594.388750
594.928800
595.133550
595.548900
596.363850
597.394150
597.448900
597.909500
598.694400
598.749550
598.909450
599.529550
599.589550
599.874600
601.661850
603.623550
603.893900
603.908850
604.448500
605.072250
605.547400
605.767100
606.126850
606.186750
606.226700
606.486550
606.546500
606.826400
606.846300
606.865900
606.946100
607.066150
607.245750
607.265650
607.505350
607.665100
607.964450
608.004900
608.064800
608.248800
608.364650
608.384250
608.444200
608.464200
611.001000
611.021300
611.111400
611.113600
611.265750
611.420800
611.505500
611.905450
611.940300
613.316150
613.635550
613.783500
614.150900
614.297750
614.342000
614.606850
615.224050
615.616650
615.771450
615.871450
616.141000
616.160100
616.164750
616.302900
616.563400
616.816750
617.285000
617.621900
617.645500
617.826200
618.058750
618.131650
618.144500
618.172300
618.252100
618.318050
618.459300
618.533250
618.959500
623.613200
623.801200
623.930600
623.969150
624.262450
624.370550
624.702700
624.869250
625.238800
625.416500
625.507500
625.717750
625.785400
626.064450
626.388300
626.429700
626.589900
626.638450
626.888700
627.004500
627.517850
627.697700
627.772600
628.052700
628.264550
628.392000
628.749400
629.145000
629.213750
629.349900
629.417500
629.509950
629.718100
629.845100
630.049650
630.111750
630.224850
630.258900
630.268800
630.754000
630.784200
631.092000
631.184700
631.330750
632.175700
632.184950
632.193450
632.285900
632.306050
632.337500
632.759600
632.767050
636.963900
637.304250
637.541850
637.705000
638.130200
638.330300
638.472750
638.477400
639.427500
639.548950
639.797850
640.148750
640.276150
640.427050
640.483300
641.169000
641.376550
641.390350
641.415950
641.780650
641.848350
641.860000
641.949800
642.129650
642.303400
642.308950
643.016400
643.463350
643.868700
643.872850
643.876900
643.879000
644.283250
644.462100
644.477250
644.751000
644.863500
645.058500
645.114650
648.064150
649.292500
649.863400
650.191350
650.368250
650.634100
650.863400
650.904900
650.945500
650.955400
651.186000
651.259950
651.272450
651.428350
651.469850
651.564350
651.668750
651.946500
652.217000
652.309550
652.337300
652.376300
652.418400
652.625250
653.063050
653.285100
653.314150
653.556450
653.924600
653.971450
654.205100
654.318550
655.335500
655.480100
655.710850
655.951900
656.133200
656.325350
656.551100
656.655150
657.219150
657.507350
657.628200
657.868550
657.887950
658.713650
658.759100
658.766150
658.970300
659.136000
659.141000
659.478400
660.185350
662.128850
663.170650
665.600550
665.955050
665.962200
666.388500
666.476000
666.768700
666.807200
667.479950
667.616000
667.714000
667.735300
668.122950
668.260100
668.315450
669.194250
669.260000
669.654750
670.583100
670.722400
670.819800
670.839250
670.973500
671.253900
671.373950
671.540150
671.613850
671.913900
671.942450
672.077000
672.087700
672.118700
672.297800
672.399150
672.454000
672.473950
673.066100
673.179600
673.219300
673.326300
673.349050
673.370450
673.477550
673.493600
673.941100
673.945200
674.019400
676.163250
676.432300
679.515600
680.074400
680.131600
680.155100
680.285050
680.321900
680.989050
681.088850
681.128550
681.421300
681.461050
681.687100
681.809000
681.854850
681.860000
681.901350
681.980800
682.049900
682.055050
682.060800
682.065650
682.068100
682.093500
682.373250
682.447250
682.454250
682.872700
683.060500
683.279650
683.380600
683.787750
683.947150
684.113650
684.126650
684.167700
684.172400
684.260050
684.615500
684.803200
684.940800
685.280550
685.284950
685.313400
685.435550
685.635700
685.746900
685.891000
685.994500
686.206300
686.445450
686.695150
687.633850
687.644850
687.792550
688.082750
688.232250
688.335800
693.432750
695.169700
695.864450
695.872050
695.908050
696.052050
696.629000
696.672100
696.815750
697.220900
697.296050
697.346300
698.004800
698.117400
698.194900
698.256800
698.367000
698.624650
698.787250
699.067400
699.099300
699.297500
699.628250
699.749050
699.904700
700.547500
701.529300
701.532300
701.814750
702.128950
702.510500
703.420400
703.675950
704.031200
704.140450
704.796250
704.820250
704.916400
705.319650
705.592300
707.729550
712.302500
712.329150
712.338850
712.579750
712.583000
713.006750
713.357250
713.393900
713.564900
714.120100
714.238850
714.669050
715.520000
715.834000
715.928950
716.649000
716.671050
717.405500
717.427600
718.037750
718.774300
718.893200
719.010500
719.120300
719.126900
719.777300
719.902950
719.995850
720.334500
720.496350
720.610400
725.454950
725.499000
727.567050
728.164900
728.760050
730.296450
730.901000
731.352300
732.360150
733.844950
733.854750
734.355950
734.738000
734.745350
735.165750
736.045850
736.265300
736.514600
737.143200
737.278550
737.399350
738.242850
738.297350
738.301650
738.600450
739.306200
739.896050
739.921950
741.522100
741.783850
742.078550
742.257350
743.845200
744.121800
744.247550
744.719950
744.733000
746.124000
746.463100
747.432650
747.572650
747.751800
748.057850
748.240100
748.413200
748.858700
748.921450
749.058800
749.104100
749.358700
749.363800
749.575250
749.817850
749.958250
750.068600
750.122450
750.327750
750.440200
750.468250
750.473000
751.234600
751.367400
751.437650
751.903500
752.638400
752.794450
752.908100
753.525550
753.656300
753.787450
753.931200
753.955850
755.110500
755.155600
755.919850
756.458200
756.899650
756.934250
757.127950
757.131400
757.192350
757.283000
757.604750
758.462650
758.568650
758.783100
759.232700
759.251500
759.255750
759.258700
759.774600
759.976150
760.248850
760.447950
760.547850
760.551800
760.644400
760.772700
761.396200
762.825600
763.282100
763.606900
763.767500
764.036750
764.415400
764.490500
764.558600
765.762250
766.003750
766.032000
766.931750
767.077950
767.668700
767.841100
767.890000
769.340500
770.315800
770.563500
774.144650
774.180350
775.471800
777.808550
778.171850
780.419900
782.265150
782.269950
783.236400
783.259550
783.718200
784.017250
784.307850
784.446050
787.448900
787.459100
787.462850
787.601100
788.169350
788.633850
788.799550
789.482350
789.714550
791.076450
791.208100
791.220300
791.507600
791.814450
792.166950
792.543200
792.895000
793.405350
793.482800
793.759200
794.265350
794.499600
796.089050
796.094150
796.104500
796.107050
796.435750
797.177800
797.234400
797.809550
797.814950
797.839650
797.844000
798.171050
798.554600
799.032650
799.408050
800.073400
800.078050
800.525800
800.612250
800.624300
801.359200
801.515550
801.631900
801.844050
802.141700
802.434200
802.731550
802.861850
802.914650
803.501150
803.757150
804.361900
804.607550
804.633800
805.137900
805.604500
807.032200
807.541700
807.650750
808.248800
808.465400
808.987850
808.995000
809.010750
809.108250
809.179950
809.627450
810.047300
810.109250
810.199300
810.949200
812.749600
812.792100
813.230600
813.346900
813.689700
813.865450
813.891700
814.030600
814.034650
814.329450
814.473850
814.524250
814.913200
815.052350
815.065900
815.152250
815.396550
815.754050
815.967850
816.188550
816.301200
816.586850
816.685700
817.269000
817.514300
817.532850
818.000900
818.136200
818.282000
818.857750
819.701400
819.724100
819.830300
820.222650
821.343600
821.357150
821.822900
822.189900
822.556950
822.621650
822.794600
822.836200
823.134000
823.334600
823.441400
823.897750
823.919400
824.231050
824.508500
824.556800
824.582250
824.673500
824.735400
825.324900
825.421500
826.409850
826.735750
827.710900
828.053750
829.059750
829.104400
829.566300
829.855750
830.004950
830.162550
830.700050
830.823100
831.072300
831.233000
831.379900
832.074650
832.227750
832.280050
832.513250
832.554250
832.655250
833.385050
833.399950
834.811950
835.071550
835.085750
835.095600
835.874800
836.717550
837.134600
838.131850
838.279850
838.509150
838.755750
840.191300
840.249500
840.284700
841.165750
841.319450
841.469600
841.770650
841.915700
842.163550
842.391500
842.406400
842.948650
843.471750
843.532050
843.715200
843.791150
844.051400
844.249900
844.630500
844.753000
845.074100
845.085300
845.387200
845.416850
845.475350
845.714650
846.065050
846.075100
846.453000
847.602850
847.635950
848.901400
848.968550
849.532250
849.732350
850.464150
850.691950
850.990100
851.155050
851.287850
851.610650
851.672550
851.785250
851.976850
852.127950
852.151600
852.312350
852.485200
853.205650
853.548600
854.144900
854.330000
854.341300
854.399800
854.533100
854.577800
854.580650
854.589300
854.661250
854.776850
854.917400
855.447750
855.720400
856.121050
856.187950
856.248650
856.251150
856.950050
857.637900
858.003050
858.192250
858.241000
858.887500
859.218400
859.643600
859.912750
859.963900
860.001550
860.012000
860.024850
860.279400
860.380000
860.832700
861.092250
861.138050
861.279700
861.283750
861.741900
861.822100
862.192600
862.595450
862.696350
863.020150
863.635000
864.073450
864.470350
864.814400
864.900150
865.097000
865.706850
865.824250
866.266400
866.413750
866.603550
867.105350
867.303200
867.311150
867.315550
867.596250
868.160500
868.180350
868.206750
868.546550
868.822200
869.270900
869.318100
870.167600
870.625000
871.402000
871.668800
871.733500
871.738350
871.943150
872.130850
872.289550
872.396600
872.502800
873.563450
874.305750
875.528750
875.724400
875.917500
876.128000
876.183050
876.491900
876.746250
877.924100
878.250900
878.339300
878.392950
878.540450
878.843800
879.049450
879.239800
879.360100
879.968000
880.031350
880.814100
880.839600
880.907650
881.264050
881.660700
882.025850
883.209800
883.350400
883.452450
884.190950
884.193950
884.196100
884.429650
884.470150
884.504300
884.529800
884.557550
884.704450
884.992850
884.996700
885.272250
885.487700
886.159200
886.869450
886.927900
886.929950
887.023550
887.218050
887.582400
889.539850
889.906450
889.976150
890.000550
890.376650
890.711300
890.865200
890.869100
890.884300
891.092350
891.873550
893.210000
893.858650
894.195600
894.266750
894.300100
895.190050
895.354800
895.607250
895.763850
895.837200
895.985050
896.304450
896.359600
896.907700
897.067150
897.083250
897.110400
897.605350
897.856450
897.990650
898.806150
898.891550
898.896250
899.310300
899.868200
899.998900
900.483650
901.103150
901.255450
901.573000
901.803300
901.855500
902.727600
902.754400
903.492050
903.605250
903.776000
903.818200
904.063850
904.397950
905.508000
906.061350
906.306650
906.497750
906.582600
906.924300
907.712400
907.738600
908.155850
908.162350
908.174900
908.177550
908.197050
908.318000
908.348650
909.040850
909.466250
910.218050
910.626500
910.893150
910.934300
911.236650
911.468250
911.518250
912.076800
912.350650
912.417100
912.843050
913.039200
913.067750
913.417800
913.628050
913.635250
913.766000
914.186900
914.895700
915.260800
917.302150
917.326950
917.378950
917.749250
918.000900
918.115350
918.186600
918.417450
918.474400
918.797850
919.233450
919.477700
919.801400
919.987100
920.613600
920.977100
921.037800
921.172250
921.902400
922.402650
922.901400
924.659800
924.798250
924.824250
924.855450
924.906450
925.363500
925.397150
925.749400
925.798650
925.836050
926.624500
926.691050
926.709750
927.054250
927.292900
927.567200
928.046650
928.113400
928.400350
928.553250
929.272950
929.751200
929.856900
930.067950
930.617450
930.737750
931.051350
931.437600
931.681500
931.819600
931.885300
932.104850
932.198800
932.680000
933.247600
933.279000
933.880150
934.225550
936.013650
936.566100
936.996800
937.080000
937.188750
937.194000
937.312800
937.646600
937.835550
937.966850
938.004700
938.131900
938.241800
938.334650
938.559400
938.589150
939.066350
939.073450
939.080950
939.508150
939.743200
939.821100
939.840200
940.442100
941.559000
941.905250
942.030150
942.967400
943.165600
943.472500
943.529350
943.798800
944.105550
944.110100
944.125100
944.253600
944.262700
944.951750
945.043000
945.566400
948.586700
949.395950
950.062000
950.246950
950.534600
950.866950
951.495050
951.512200
951.536700
951.542700
951.623350
951.962450
951.985750
952.040050
952.067600
952.440350
952.596050
953.165550
953.745750
954.911050
955.753900
955.865650
956.369700
956.494500
956.728400
956.941200
958.065600
958.142200
958.417350
959.507300
959.667150
960.981450
961.797350
962.289650
962.355350
962.648850
963.229650
963.611350
963.822750
964.686200
965.069400
965.557500
965.715450
965.824500
966.224700
966.683650
966.735850
966.743100
966.980500
967.493500
967.635650
967.694200
967.899150
968.282800
968.288300
968.290350
968.394200
968.433500
969.103200
969.127300
969.936800
970.173450
971.406600
974.413300
975.445000
975.450300
975.536650
975.543350
975.955600
975.977950
976.052600
976.107100
976.195500
976.612300
977.137300
977.325100
977.521300
977.810100
977.847250
977.895150
978.005800
979.900800
979.981550
980.418600
980.590300
980.779950
980.822950
980.989650
981.011550
981.302450
981.430900
981.757700
982.571650
983.421400
984.747850
985.599550
987.843550
988.250350
988.612850
988.781050
988.785750
988.834450
989.360850
989.898450
990.759550
991.585000
991.589000
992.183250
992.300850
992.305050
992.461000
992.550900
992.803200
993.773700
994.165300
994.333550
995.271300
995.418600
997.062650
1000.057200
1000.141400
1001.917900
1002.160300
1002.544750
1003.016900
1003.587900
1003.629450
1003.894650
1004.467550
1004.486150
1005.318400
1005.348500
1005.608300
1006.103950
1006.941150
1007.194200
1007.437100
1007.527800
1007.883700
1007.894050
1011.588850
1011.754250
1013.752450
1014.450700
1014.454300
1015.274050
1015.435400
1015.853200
1015.984600
1016.258450
1016.286800
1016.998250
1017.007400
1017.525650
1017.607000
1017.628950
1017.638850
1017.940700
1017.945150
1018.161850
1018.670650
1019.493250
1019.575450
1019.711800
1021.164600
1021.311500
1021.567700
1021.736750
1022.295700
1022.334650
1022.509000
1022.968050
1027.452100
1029.120100
1030.617300
1031.408800
