71.443900
71.961250
72.163500
73.782000
73.800850
74.860450
75.300950
75.320500
75.400250
76.158850
76.619350
77.297800
79.296050
79.356850
79.376950
79.776150
79.796050
79.935700
80.613600
80.695050
80.795350
80.955950
81.435800
82.115700
82.135400
82.215100
82.615700
82.675650
83.075750
84.855900
85.033850
85.274700
85.356300
85.436250
85.836700
86.177800
86.381850
86.537700
584.732400
584.772450
584.810000
584.936200
585.191750
585.349650
586.575200
586.814900
587.150550
588.208350
588.947650
590.248400
590.912900
591.048700
591.069050
591.087450
591.847800
592.953150
593.566650
593.688400
594.448800
595.429000
596.333300
597.269050
598.289000
599.349750
599.413800
599.453850
600.427650
603.989000
604.008950
604.128700
604.348800
604.368850
605.527450
605.547450
605.986750
606.107000
606.127050
606.244550
606.346700
606.406300
606.426550
606.486450
606.545900
606.617400
606.624300
606.746000
606.805550
606.845850
606.865700
606.906150
606.985950
607.025500
607.065450
607.085900
607.125750
607.145450
607.185950
607.245500
607.384900
607.485600
607.544950
607.565200
607.645600
607.904950
608.004950
608.044400
608.064650
608.084700
608.104850
608.222300
608.304400
608.344350
608.384250
608.444600
608.464450
608.504300
608.763650
609.288950
609.303600
609.363300
609.382200
609.503050
609.760550
610.022150
610.062650
610.082700
610.106700
610.126250
