70.162850
70.209750
70.228800
70.242900
70.282700
70.297000
70.303250
70.308950
70.316300
70.321100
70.328700
70.336250
70.341600
70.344300
70.349200
70.356000
70.360900
70.363700
70.369100
70.376000
70.381250
70.384250
70.388750
70.395800
70.401000
70.408500
70.415750
70.420750
70.423000
70.428700
70.435750
70.441200
70.444000
70.448650
70.455800
70.460800
70.464000
70.468600
70.475850
70.480600
70.482750
70.488600
70.495750
70.500750
70.508450
70.515750
70.520750
70.523750
70.528500
70.535650
70.540600
70.543950
70.548600
70.555600
70.560450
70.563850
70.568600
70.575550
70.580750
70.582850
70.588100
70.595600
70.600500
70.608450
70.615450
70.620800
70.623050
70.628500
70.635450
70.640600
70.643300
70.648400
70.655500
70.660650
70.663850
70.668150
70.675450
70.680550
70.683650
70.688450
70.695550
70.700300
70.703300
70.708350
70.715450
70.720350
70.728100
70.735450
70.740700
70.743550
70.748150
70.755550
70.760500
70.763800
70.768250
70.775450
70.780300
70.788300
70.795300
70.800450
70.802700
70.808250
70.815450
70.820100
70.823600
70.828250
70.835450
70.840050
70.848050
70.855450
70.860200
70.863500
70.868350
70.875400
70.880350
70.883400
70.895350
70.900350
70.908250
70.915400
70.920300
70.923450
70.928400
70.935300
70.940050
70.943550
70.948300
70.955150
70.960350
70.968150
70.975350
70.980550
70.988150
70.995300
71.000200
71.003650
71.008000
71.015150
71.020450
71.023600
71.028100
71.035300
71.040350
71.043700
71.048150
71.055200
71.060100
71.063750
71.067900
71.075300
71.080000
71.083500
71.088100
71.095200
71.100200
71.103250
71.107900
71.115100
71.120100
71.123650
71.127850
71.135200
71.140300
71.143000
71.148050
71.155100
71.159950
71.162400
71.168000
71.175050
71.180050
71.182250
71.188000
71.195200
71.199900
71.203400
71.207650
71.215050
71.220000
71.223750
71.227950
71.235100
71.240150
71.243200
71.248000
71.255050
71.259950
71.262250
71.268150
71.275100
71.279900
71.282250
71.287950
71.295000
71.299950
71.302500
71.308000
71.314950
71.319850
71.322050
71.327850
71.334950
71.340250
71.342850
71.348000
71.355000
71.359950
71.362100
71.367700
71.374900
71.379800
71.382750
71.387550
71.394750
71.400050
71.403000
71.407800
71.414850
71.419900
71.423200
71.434800
71.439700
71.441750
71.447850
71.454850
71.459850
71.462800
71.467750
71.474900
71.479700
71.482800
71.487750
71.494750
71.499650
71.502050
71.507700
71.514750
71.519650
71.521750
71.527700
71.534800
71.539650
71.541700
71.547550
71.554750
71.561800
71.567600
71.574700
71.579800
71.582500
71.587450
71.599500
71.603000
71.607350
71.619450
71.622550
71.627300
71.634650
71.639650
71.642750
71.647600
71.659450
71.661500
71.667650
71.679750
71.683000
71.686950
71.700250
71.720150
71.739400
71.743250
71.747050
71.759400
71.761950
71.767350
71.774500
71.779450
71.787450
71.794450
71.799500
71.801600
71.807050
71.814400
71.819200
71.821350
71.827550
71.834500
71.839350
71.841850
71.847300
71.854450
71.859300
71.861400
71.867100
71.874450
71.879250
71.882400
71.887350
71.894300
71.899250
71.901400
71.907300
71.914400
71.919500
71.922700
71.927050
71.934350
71.939450
71.941750
71.947350
71.954400
71.959200
71.967350
71.974350
71.979200
71.982650
71.987150
71.994500
71.999400
72.002550
72.006600
72.014350
72.019350
72.022800
72.027050
72.034250
72.039150
72.042300
72.047250
72.054300
72.059350
72.061550
72.066750
72.074500
72.079150
72.082250
72.087150
72.094250
72.099500
72.102550
72.107200
72.114400
72.119250
72.122000
72.127150
72.134250
72.139200
72.141450
72.146850
72.154250
72.159150
72.161200
72.167200
72.179300
72.181350
72.186950
72.194250
72.198900
72.200950
72.206900
72.214000
72.218900
72.221000
72.227000
72.238800
72.242150
72.247000
72.254200
72.258950
72.262450
72.266850
72.274150
72.278900
72.281050
72.286650
72.299150
72.302350
72.306800
72.314050
72.319100
72.321250
72.327000
72.334200
72.338900
72.341250
72.346700
72.354050
72.358900
72.361000
72.366850
72.373950
72.379150
72.382150
72.386900
72.394000
72.399100
72.401200
72.406850
72.413900
72.418850
72.421200
72.426900
72.433900
72.438800
72.441250
72.446850
72.454000
72.459050
72.462200
72.466800
72.473950
72.479050
72.481750
72.486800
72.494000
72.498900
72.501700
72.506900
72.513900
72.518850
72.522050
72.526550
72.533950
72.538900
72.540950
72.546600
72.553900
72.558550
72.560750
72.566800
72.578850
72.581000
72.586600
72.593850
72.598800
72.601450
72.606700
72.613750
72.618850
72.621800
72.626550
72.634150
72.638650
72.642200
72.646800
72.653800
72.658650
72.662150
72.667050
72.673800
72.678700
72.681450
72.686700
72.693850
72.698750
72.702300
72.706600
72.713700
72.718550
72.722300
72.726450
72.733700
72.738600
72.742100
72.746550
72.753800
72.758800
72.761700
72.766600
72.773650
72.778650
72.781800
72.786450
72.793650
72.798900
72.801850
72.806550
72.813550
72.818400
72.820600
72.826300
72.833700
72.838650
72.841700
72.846600
72.853600
72.858550
72.861600
72.866450
72.873600
72.878600
72.881400
72.886350
72.893450
72.898500
72.901050
72.906300
72.913500
72.918400
72.920550
72.926200
72.933600
72.938450
72.941900
72.946150
72.953350
72.958600
72.961700
72.966350
72.973450
72.978500
72.980550
72.986400
72.993450
72.998700
73.001800
73.005900
73.013300
73.018450
73.021350
73.026300
73.033300
73.038200
73.040300
73.046200
73.053300
73.058250
73.061600
73.066000
73.073300
73.078450
73.080900
73.086300
73.093300
73.098300
73.101600
73.105600
73.113400
73.118150
73.126100
73.133250
73.138350
73.146200
73.153450
73.159000
73.161200
73.165850
73.173250
73.178600
73.181150
73.186100
73.193200
73.198100
73.200150
73.206000
73.213250
73.218400
73.221100
73.226000
73.233200
73.238150
73.246200
73.253350
73.258250
73.261550
73.266100
73.273100
73.278100
73.280200
73.286100
73.293100
73.298100
73.300400
73.305800
73.313350
73.318150
73.321350
73.326150
73.333200
73.338400
73.345850
73.353000
73.357950
73.360850
73.366100
73.373100
73.377900
73.381600
73.385800
73.392950
73.397950
73.400550
73.405750
73.412950
73.418150
73.420400
73.425450
73.433050
73.438000
73.445900
73.453050
73.457950
73.465850
73.472900
73.478150
73.481200
73.485750
73.493000
73.497900
73.500000
73.505700
73.512850
73.518350
73.521250
73.526000
73.532950
73.537950
73.540050
73.545750
73.553000
73.557900
73.565600
73.572850
73.577850
73.585450
73.593050
73.597750
73.605600
73.612900
73.617800
73.621250
73.625500
73.633000
73.637850
73.640150
73.645600
73.652700
73.657800
73.660150
73.665650
73.672750
73.677450
73.679800
73.685400
73.692750
73.697750
73.700700
73.705500
73.712950
73.717800
73.720650
73.725600
73.732800
73.737800
73.745800
73.752800
73.757900
73.761050
73.765450
73.772800
73.777800
73.779850
73.785950
73.805600
73.812600
73.817600
73.820950
73.825450
73.832600
73.837550
73.840800
73.845450
73.852600
73.857750
73.860600
73.865400
73.872600
73.877650
73.879750
73.885300
73.892550
73.897500
73.900500
73.905450
73.912600
73.917450
73.919800
73.925350
73.932500
73.937300
73.939750
73.945400
73.957350
73.959500
73.965300
73.972450
73.977450
73.980750
73.985450
73.992450
73.997550
73.999800
74.005300
74.012450
74.017400
74.020250
74.024900
74.032400
74.037300
74.040800
74.045150
74.052400
74.057100
74.059650
74.065250
74.072450
74.077350
74.080800
74.085000
74.092400
74.097300
74.099800
74.105200
74.112300
74.117100
74.119250
74.125100
74.132500
74.137250
74.145200
74.152400
74.157250
74.164500
74.172200
74.177100
74.179600
74.185100
74.192450
74.197150
74.200200
74.205150
74.212400
74.217450
74.219550
74.225100
74.232300
74.237100
74.239350
74.245000
74.252150
74.257200
74.260150
74.265100
74.272200
74.277150
74.280300
74.285100
74.292200
74.297000
74.299200
74.305000
74.312200
74.317300
74.320050
74.325300
74.332050
74.337100
74.340450
74.344950
74.352000
74.357050
74.360500
74.364900
74.372000
74.376900
74.380200
74.384500
74.391950
74.397000
74.400400
74.404800
74.416850
74.420050
74.424500
74.432050
74.436650
74.439450
74.444850
74.451950
74.456800
74.460350
74.464800
74.477000
74.479450
74.484950
74.496550
74.498950
74.504700
74.511900
74.516900
74.520000
74.524600
74.531950
74.536750
74.540050
74.544800
74.551850
74.556600
74.558850
74.564600
74.571800
74.576800
74.580200
74.584600
74.591800
74.596550
74.598800
74.604600
74.611750
74.616750
74.619450
74.624450
74.631850
74.636700
74.640000
74.644700
74.651800
74.656750
74.659250
74.664700
74.676750
74.684400
74.691750
74.696550
74.699000
74.704300
74.711700
74.716700
74.718800
74.724500
74.731650
74.736450
74.738600
74.744500
74.751650
74.756650
74.759750
74.764500
74.776400
74.778450
74.784400
74.791600
74.796600
74.799750
74.804450
74.811700
74.816500
74.818650
74.824350
74.831550
74.836400
74.838750
74.844350
74.851650
74.856800
74.864500
74.871600
74.876550
74.878900
74.884500
74.891550
74.896500
74.899050
74.904550
74.911550
74.916450
74.918650
74.924600
74.931500
74.936400
74.939150
74.943850
74.951450
74.956200
74.959450
74.964250
74.971350
74.976350
74.979750
74.983800
74.991450
74.996300
74.999800
75.004200
75.011400
75.016300
75.019800
75.023950
75.031300
75.036300
75.044100
75.051350
75.056400
75.058550
75.064150
75.071450
75.076400
75.083750
75.091250
75.096300
75.104250
75.111400
75.116200
75.119450
75.124250
75.131300
75.136250
75.139150
75.143550
75.151400
75.156400
75.159000
75.163900
75.171250
75.176100
75.178600
75.184050
75.191250
75.195950
75.198350
75.204050
75.215900
75.219400
75.223850
75.231150
75.236050
75.238300
75.243900
75.251100
75.255900
75.259200
75.264050
75.271250
75.276500
75.278600
75.296450
75.298600
75.311250
75.316850
75.331000
75.336100
75.339300
75.351200
75.356200
75.358250
75.363900
75.371200
75.376100
75.378550
75.383950
75.391150
75.396050
75.398200
75.403800
75.411100
75.416300
75.423850
75.436000
75.438950
75.443950
75.450800
75.455900
75.458250
75.463900
75.470900
75.475700
75.478950
75.483900
75.491100
75.495850
75.498000
75.503600
75.510850
75.515900
75.518300
75.523700
75.531000
75.535800
75.538100
75.543650
75.550800
75.555550
75.558100
75.563700
75.570800
75.575650
75.577700
75.583600
75.590800
75.595800
75.597850
75.603850
75.610750
75.615850
75.618800
75.623650
75.630650
75.635750
75.638700
75.643700
75.650750
75.655550
75.658250
75.663600
75.670800
75.675650
75.677850
75.683550
75.690650
75.695600
75.699000
75.703400
75.710700
75.715500
75.718800
75.723550
75.730700
75.735500
75.738200
75.743550
75.750750
75.755650
75.758400
75.763450
75.770650
75.775650
75.778450
75.783350
75.790550
75.795650
75.797700
75.803250
75.815550
75.818000
75.823400
75.830550
75.835400
75.838700
75.843300
75.850550
75.855500
75.857600
75.863450
75.870450
75.875450
75.878400
75.883200
75.890450
75.895450
75.898700
75.903450
75.915350
75.918650
75.923350
75.930400
75.935450
75.937650
75.943150
75.950300
75.955250
75.957300
75.963150
75.970400
75.975150
75.977250
75.983250
75.995450
76.003200
76.010350
76.015100
76.017150
76.023100
76.030300
76.035350
76.037550
76.043250
76.050450
76.055100
76.058400
76.063100
76.070200
76.075250
76.077550
76.082800
76.090200
76.095100
76.097550
76.103150
76.110150
76.115300
76.118250
76.123000
76.130100
76.135250
76.138500
76.150800
76.170600
76.175450
76.195550
76.203050
76.215450
76.223100
76.230300
76.250400
76.254400
76.262900
76.270000
76.274850
76.277300
76.282900
76.289950
76.294900
76.297100
76.302850
76.310000
76.314850
76.317450
76.322850
76.330000
76.335200
76.338300
76.342700
76.350000
76.354900
76.358000
76.362800
76.370000
76.374700
76.376800
76.382650
76.389900
76.394950
76.397950
76.402700
76.409950
76.414800
76.417450
76.422650
76.429800
76.434950
76.437400
76.442550
76.454700
76.456900
76.462800
76.469900
76.474850
76.478100
76.482650
76.489800
76.494700
76.498250
76.502550
76.509750
76.515100
76.517400
76.522650
76.529700
76.534700
76.536750
76.542500
76.549700
76.554650
76.556950
76.562700
76.569800
76.574700
76.576750
76.582300
76.654200
76.657600
76.662600
76.669550
76.674500
76.676800
76.682450
76.689450
76.694450
76.696650
76.702500
76.709600
76.714550
76.717300
76.722300
76.729500
76.734350
76.738000
76.742350
76.749400
76.754200
76.757500
76.762350
76.769450
76.774350
76.777650
76.782350
76.789400
76.794300
76.797700
76.802350
76.809550
76.814350
76.817300
76.821950
76.829450
76.834350
76.837300
76.842150
76.849400
76.854300
76.857900
76.862100
76.869300
76.874350
76.877300
76.881850
76.889350
76.894450
76.897900
76.902150
76.914050
76.917600
76.922100
76.929350
76.934100
76.942250
76.949300
76.954500
76.957450
76.962150
76.969500
76.974600
76.982150
76.989200
76.994100
76.996450
77.002150
77.009300
77.014200
77.017200
77.021950
77.029350
77.034250
77.037700
77.042050
77.049250
77.054100
77.057100
77.062200
77.069200
77.074250
77.076500
77.082150
77.089100
77.094200
77.097600
77.102200
77.109200
77.114000
77.116400
77.122000
77.129000
77.134100
77.137450
77.141950
77.149000
77.154150
77.156250
77.162000
77.169150
77.173850
77.176100
77.181900
77.189050
77.193900
77.195950
77.202200
77.209100
77.213550
77.217400
77.221800
77.228950
77.233900
77.237200
77.242050
77.248900
77.253800
77.255950
77.261850
77.269050
77.273900
77.276000
77.281650
77.289000
77.294000
77.301800
77.309000
77.314100
77.316850
77.321700
77.328850
77.333800
77.335900
77.341600
77.348750
77.353850
77.356150
77.361500
77.368850
77.373850
77.381650
77.388700
77.393750
77.397350
77.401700
77.408700
77.413750
77.416850
77.421600
77.428700
77.433800
77.437250
77.441700
77.448650
77.453850
77.461700
77.468700
77.473500
77.476950
77.481750
77.488700
77.493700
77.497000
77.501550
77.508750
77.513800
77.517000
77.521550
77.528700
77.533550
77.536650
77.541550
77.548600
77.553550
77.555750
77.561300
77.568650
77.573350
77.575900
77.581450
77.588700
77.593450
77.595750
77.601550
77.608600
77.613500
77.616800
77.621450
77.628650
77.633300
77.641400
77.648500
77.653650
77.655850
77.661200
77.668550
77.673300
77.675400
77.681200
77.688600
77.693350
77.696650
77.701350
77.708400
77.713400
77.716450
77.721450
77.728550
77.733150
77.736450
77.741400
77.748350
77.753350
77.756050
77.761400
77.768300
77.773350
77.775500
77.781300
77.788250
77.793200
77.796500
77.801500
77.808200
77.813550
77.816600
77.821050
77.828350
77.833250
77.836150
77.841300
77.848250
77.853250
77.855350
77.861450
77.868300
77.873300
77.876650
77.880750
77.888200
77.893400
77.901250
77.908300
77.913150
77.916400
77.921350
77.928250
77.933100
77.941350
77.948150
77.953350
77.960650
77.968200
77.973150
77.975300
77.981200
77.988400
77.993500
78.001200
78.013100
78.015150
78.020950
78.028150
78.033200
78.036650
78.041000
78.048100
78.052800
78.056300
78.060950
78.068150
78.073050
78.075250
78.080900
78.088250
78.093050
78.096450
78.101050
78.108100
78.113100
78.115400
78.120950
78.128050
78.133350
78.136150
78.141000
78.148000
78.153100
78.155500
78.160850
78.168000
78.173050
78.175250
78.180750
78.188000
78.193050
78.195300
78.200700
78.208100
78.213150
78.215350
78.220800
78.227950
78.232850
78.235250
78.240750
78.247850
78.252950
78.255150
78.260850
78.272850
78.275150
78.280900
78.287950
78.292850
78.296400
78.300850
78.307850
78.313000
78.316000
78.320800
78.327900
78.332900
78.336000
78.340850
78.348000
78.352800
78.356250
78.360750
78.368000
78.373050
78.375650
78.380800
78.387900
78.392750
78.394950
78.400850
78.407900
78.412750
78.415800
78.420550
78.427900
78.432950
78.435800
78.440550
78.447800
78.453050
78.456200
78.460800
78.467700
78.472850
78.480800
78.487850
78.492950
78.495850
78.500550
78.507900
78.512750
78.514800
78.520800
78.527650
78.532950
78.535750
78.540500
78.547700
78.552500
78.554950
78.560700
78.567700
78.572350
78.575650
78.580500
78.587650
78.592600
78.595850
78.600600
78.607600
78.612700
78.614750
78.620550
78.627850
78.632650
78.635900
78.640550
78.647650
78.652350
78.654550
78.660450
78.667650
78.672200
78.687600
78.692700
78.694850
78.700650
78.707500
78.712600
78.720450
78.727550
78.732500
78.734650
78.740250
78.747550
78.752350
78.760450
78.767450
78.772750
78.775900
78.780500
78.787550
78.792400
78.795650
78.800300
78.807600
78.812300
78.814600
78.820500
78.827550
78.832150
78.835200
78.840000
78.847400
78.852250
78.860200
78.867500
78.872400
78.875550
78.880300
78.887350
78.892400
78.895950
78.900350
78.907400
78.912300
78.915650
78.920350
78.927300
78.932350
78.935700
78.940200
78.947450
78.952400
78.955450
78.960150
78.967650
78.972450
78.974550
78.980300
78.987200
78.992300
78.994700
79.013150
79.032250
79.034850
79.040150
79.052200
79.055500
79.060250
79.067150
79.071950
79.074050
79.080150
79.087200
79.092100
79.094300
79.100050
79.107150
79.112200
79.114950
79.120050
79.127050
79.134550
79.140100
79.147200
79.152000
79.154950
79.160050
79.167300
79.171850
79.174100
79.180000
79.187050
79.192100
79.200000
79.207100
79.211950
79.215450
79.220000
79.227050
79.232000
79.234450
79.240050
79.247050
79.251900
79.253950
79.259700
79.267000
79.272050
79.274300
79.279950
79.287050
79.291800
79.293900
79.300150
79.307100
79.311750
79.315250
79.319950
79.327300
79.332500
79.352450
79.372350
79.392350
79.412050
79.414900
79.419950
79.427050
79.431800
79.434200
79.439900
79.446850
79.451800
79.453900
79.459800
79.466950
79.472000
79.474050
79.479900
79.486900
79.491950
79.494250
79.499750
79.506850
79.511850
79.519550
79.526900
79.531650
79.535050
79.539700
79.546900
79.551650
79.553900
79.559550
79.571950
79.574850
79.579650
79.586850
79.591550
79.595150
79.599650
79.606750
79.611650
79.614650
79.619850
79.626750
79.631700
79.634850
79.639200
79.651750
79.655200
79.659500
79.666800
79.671800
79.673850
79.680050
79.686750
79.691750
79.694250
79.699850
79.712100
79.714950
79.719500
79.727000
79.732100
79.734800
79.739800
79.746850
79.752500
79.754700
79.759650
79.767000
79.771800
79.773950
79.779550
79.787050
79.791800
79.793900
79.799550
79.806650
79.811550
79.813750
79.819500
79.826750
79.831450
79.834550
79.839550
79.846650
79.851650
79.853750
79.859500
79.866700
79.871550
79.874750
79.879850
79.886700
79.891700
79.894800
79.899700
79.906700
79.911700
79.913750
79.919600
79.926650
79.931750
79.939600
79.946650
79.951600
79.953750
79.959500
79.966650
79.971450
79.973750
79.979650
79.986700
79.991350
79.994500
79.998950
80.006550
80.011450
80.014100
80.019550
80.026600
80.031450
80.033950
80.039600
80.046600
80.051900
80.054700
80.059550
80.066700
80.071850
80.073900
80.079600
80.086550
80.091550
80.094350
80.099300
80.106650
80.112350
80.119600
80.131700
80.133800
80.139400
80.146450
80.151300
80.153350
80.159350
80.166450
80.171700
80.174400
80.186800
80.191600
80.199150
80.211700
80.226450
80.231450
80.234850
80.239550
80.246550
80.251350
80.254600
80.259300
80.266550
80.271650
80.274100
80.279200
80.286750
80.291050
80.294450
80.299350
80.306500
80.311300
80.313700
80.319150
80.326250
80.331300
80.333700
80.339400
80.351450
80.353850
80.359350
80.366300
80.371350
80.373700
80.379250
80.386300
80.391250
80.393400
80.399450
80.406350
80.411350
80.414600
80.419300
80.431250
80.433450
80.439350
80.446300
80.451300
80.453600
80.459200
80.466300
80.471300
80.474200
80.479200
80.486400
80.491150
80.493600
80.499250
80.511600
80.514400
80.519300
80.551500
80.571500
80.586350
80.591650
80.593750
80.599000
80.610950
80.619400
80.626300
80.631200
80.633850
80.639150
80.646250
80.651300
80.653450
80.659150
80.666300
80.671150
80.673250
80.679200
80.690900
80.693000
80.699150
80.706150
80.711350
80.714200
80.719200
80.726250
80.731300
80.734300
80.738900
80.746200
80.750950
80.753700
80.759250
80.766250
80.771150
80.773500
80.779100
80.786300
80.790950
80.793300
80.799100
80.806200
80.811200
80.813250
80.819000
80.826100
80.831250
80.833650
80.838900
80.846250
80.851050
80.853300
80.859050
80.866150
80.871050
80.873450
80.879300
80.891300
80.893850
80.898900
80.906150
80.911150
80.919150
80.926400
80.933200
80.991600
80.994800
80.999100
81.006300
81.011000
81.014600
81.019050
81.026250
81.031150
81.033750
81.039200
81.046250
81.051050
81.053600
81.059200
81.066200
81.071150
81.073400
81.079050
81.086100
81.091300
81.093350
81.099100
81.106150
81.111150
81.113200
81.119250
81.126150
81.131150
81.134600
81.139150
81.146150
81.151150
81.154300
81.159150
81.166200
81.171150
81.174550
81.178950
81.186150
81.191200
81.194650
81.198600
81.206200
81.211200
81.214500
81.219200
81.226200
81.231000
81.234300
81.239200
81.246100
81.251200
81.253300
81.258950
81.266400
81.270950
81.273150
81.278900
81.286250
81.290850
81.293800
81.298950
81.306150
81.311150
81.313600
81.318950
81.326200
81.331300
81.334250
81.339050
81.346300
81.351650
81.353850
81.359250
81.366300
81.371250
81.374400
81.378850
81.386200
81.391500
81.393800
81.399100
81.406050
81.411600
81.450950
81.454150
81.458550
81.466050
81.471050
81.473400
81.478850
81.491000
81.493150
81.499250
81.506200
81.511100
81.513900
81.518950
81.526250
81.531200
81.534350
81.538700
81.545950
81.551050
81.554150
81.558750
81.565950
81.571100
81.574250
81.578950
81.586000
81.590850
81.593150
81.599000
81.606000
81.610900
81.614000
81.618900
81.626100
81.631100
81.633750
81.638950
81.646050
81.651200
81.653300
81.658950
81.666000
81.671200
81.674650
81.678800
81.686100
81.690750
81.692800
81.699000
81.706150
81.711100
81.718800
81.725950
81.730850
81.734100
81.739000
81.746000
81.751000
81.753100
81.758700
81.765950
81.770900
81.773900
81.778900
81.785950
81.790650
81.793900
81.798850
81.806000
81.811100
81.814100
81.818950
81.825950
81.831550
81.833850
81.838850
81.846100
81.850700
81.853000
81.859000
81.871050
81.874300
81.878400
81.886000
81.890900
81.893500
81.898650
81.905950
81.911150
81.914050
81.918600
81.925950
81.931150
81.934000
81.938800
81.945950
81.951050
81.954250
81.959000
81.965950
81.970800
81.974000
81.978950
81.986050
81.991050
81.994350
81.998600
82.005950
82.010800
82.013400
82.018750
82.025900
82.031000
82.034000
82.039100
82.046050
82.050950
82.053000
82.058850
82.066050
82.071000
82.074000
82.078800
82.086050
82.090800
82.092900
82.098550
82.106000
82.111450
82.118850
82.126350
82.131450
82.138800
82.146950
82.150400
82.158800
82.166050
82.171150
82.173950
82.179500
82.186300
82.191450
82.199050
82.206250
82.210900
82.219150
82.226000
82.231050
82.233200
82.238900
82.250950
82.253000
82.258600
82.265900
82.271000
82.273150
82.278700
82.286000
82.290800
82.293500
82.298900
82.306150
82.310950
82.314250
82.318850
82.326000
82.330950
82.333000
82.338900
82.346000
82.350800
82.353050
82.358850
82.365950
82.371050
82.373550
82.379000
82.385950
82.391050
82.394400
82.398800
82.405950
82.410800
82.413950
82.418850
82.426050
82.431200
82.433250
82.439000
82.446250
82.450850
82.453950
82.458950
82.466000
82.471000
82.473450
82.479150
82.490950
82.493250
82.498950
82.506000
82.510850
82.513150
82.518500
82.526050
82.531150
82.534500
82.538900
82.546150
82.551050
82.553600
82.558950
82.565950
82.570950
82.573850
82.579000
82.586000
82.594100
82.611400
82.631450
82.651450
82.679100
82.691650
82.699000
82.710550
82.718800
82.726050
82.731100
82.733850
82.738800
82.746000
82.751000
82.753850
82.758900
82.766200
82.770900
82.774650
82.778800
82.786100
82.791050
82.794300
82.799100
82.806000
82.811000
82.813300
82.818850
82.826100
82.831000
82.833100
82.839050
82.846050
82.851150
82.854400
82.858800
82.866100
82.871150
82.874050
82.879050
82.886050
82.891250
82.894450
82.899050
82.906250
82.911100
82.914250
82.918900
82.926150
82.931000
82.933100
82.939200
82.946150
82.950900
82.953100
82.958900
82.966150
82.970750
82.974550
82.979050
82.986050
82.991100
82.993350
82.998900
83.006300
83.011050
83.013200
83.018700
83.026150
83.031050
83.034150
83.038950
83.046100
83.051150
83.066600
83.071500
83.078300
83.091000
83.093450
83.098750
83.110950
83.113050
83.118900
83.126000
83.131250
83.134200
83.138700
83.146000
83.151100
83.153950
83.158700
83.166100
83.170950
83.174300
83.178850
83.186050
83.191050
83.193200
83.199100
83.211000
83.214350
83.219050
83.225900
83.231000
83.233100
83.239000
83.250950
83.253350
83.259100
83.266000
83.271150
83.273550
83.278900
83.286150
83.291250
83.294200
83.298850
83.306150
83.311200
83.313250
83.319000
83.326200
83.331200
83.333750
83.339000
83.346200
83.351200
83.354500
83.358950
83.366300
83.371150
83.373300
83.379050
83.386150
83.391250
83.393800
83.399050
83.406100
83.411250
83.413300
83.419250
83.426400
83.431250
83.433800
83.438900
83.446200
83.451200
83.454150
83.459200
83.466200
83.471150
83.473200
83.479000
83.490950
83.494400
83.499100
83.506150
83.511200
83.514600
83.519100
83.526200
83.531200
83.534900
83.539100
83.546250
83.551300
83.554500
83.559000
83.566300
83.571250
83.574550
83.579150
83.586350
83.591200
83.593300
83.599050
83.606200
83.611050
83.613650
83.618900
83.626350
83.633950
83.639150
83.646250
83.651150
83.653300
83.659150
83.666200
83.671100
83.674200
83.679100
83.686350
83.690950
83.698850
83.706250
83.711200
83.713350
83.719200
83.726350
83.731300
83.733650
83.738800
83.751250
83.753700
83.759100
83.771150
83.773500
83.779350
83.791550
83.793600
83.799100
83.806250
83.811300
83.813500
83.819250
83.826400
83.831600
83.834300
83.839100
83.846300
83.851450
83.853600
83.859100
83.871600
83.875050
83.879200
83.886450
83.891200
83.894750
83.899100
83.906550
83.911350
83.914500
83.919300
83.926350
83.931400
83.934550
83.939450
83.946700
83.951100
83.959250
83.966450
83.971400
83.979150
83.986450
83.991450
83.994950
83.999200
84.006500
84.011650
84.014850
84.019050
84.026450
84.031300
84.033900
84.039350
84.046250
84.051400
84.053500
84.059650
84.066400
84.071450
84.074500
84.079350
84.086500
84.091550
84.099350
84.106450
84.111350
84.114650
84.119550
84.126450
84.131550
84.134800
84.139100
84.146450
84.151500
84.154550
84.159450
84.166500
84.171600
84.179050
84.186550
84.191600
84.194500
84.199250
84.206500
84.211450
84.213650
84.219450
84.226650
84.231600
84.234450
84.239100
84.271950
84.279850
84.286550
84.291600
84.293800
84.299000
84.311550
84.313750
84.319500
84.331450
84.335050
84.339600
84.346500
84.351550
84.355150
84.359350
84.366600
84.371600
84.374700
84.379100
84.386650
84.391550
84.394100
84.399500
84.406550
84.411700
84.414950
84.419600
84.426850
84.431450
84.433550
84.439500
84.446600
84.451450
84.453650
84.459700
84.466600
84.471450
84.473650
84.479450
84.486700
84.491700
84.495200
84.499100
84.506600
84.511700
84.514850
84.519400
84.526750
84.531950
84.534250
84.539600
84.546600
84.551900
84.555050
84.559300
84.566650
84.571400
84.575050
84.579450
84.586650
84.591800
84.594900
84.599900
84.606850
84.612000
84.614050
84.619150
84.626800
84.631400
84.633950
84.639650
84.646700
84.651800
84.653850
84.659600
84.671700
84.673750
84.679700
84.686800
84.691750
84.695400
84.699600
84.706750
84.711750
84.719800
84.726750
84.731650
84.733700
84.739650
84.746700
84.751600
84.753850
84.759700
84.766750
84.772000
84.775050
84.779750
84.786800
84.791800
84.795100
84.799400
84.806750
84.811700
84.814150
84.819800
84.826900
84.831700
84.833800
84.839750
84.847050
84.851600
84.853800
84.859850
84.866950
84.871900
84.879850
84.886900
84.891800
84.894700
84.899850
84.907050
84.912100
84.914800
84.919150
84.926850
84.931750
84.934600
84.939900
84.946900
84.951900
84.954550
84.959800
84.972150
84.974400
84.979800
84.986900
84.991750
84.993900
84.999650
85.014500
85.019950
85.027200
85.039800
85.047000
85.052050
85.055000
85.060050
85.067050
85.071900
85.075150
85.079850
85.087050
85.092100
85.094250
85.099950
85.112250
85.115200
85.119900
85.127100
85.132000
85.134150
85.139550
85.151900
85.154800
85.159900
85.167200
85.172150
85.174300
85.179800
85.187050
85.191900
85.193950
85.200050
85.207100
85.211900
85.215350
85.219900
85.227150
85.232200
85.235350
85.240050
85.247150
85.252200
85.254450
85.260150
85.267100
85.272250
85.280100
85.287400
85.292400
85.294750
85.299950
85.307150
85.312400
85.315150
85.320100
85.327600
85.332500
85.335150
85.340250
85.347300
85.352600
85.360400
85.367800
85.372050
85.375450
85.380000
85.387350
85.392500
85.394650
85.400350
85.407500
85.413100
85.423500
85.440400
85.447350
85.452150
85.454250
85.460000
85.467450
85.472350
85.475000
85.480250
85.487300
85.492300
85.495300
85.500150
85.507350
85.512350
85.515600
85.520250
85.527300
85.532150
85.535250
85.540250
85.547350
85.552200
85.555650
85.560350
85.567350
85.572550
85.575150
85.580500
85.587400
85.592350
85.595700
85.600000
85.607400
85.612500
85.615300
85.620200
85.627400
85.632400
85.634550
85.640350
85.647450
85.652350
85.655100
85.660250
85.667400
85.672650
85.675400
85.680300
85.687550
85.692350
85.700350
85.707500
85.712350
85.715750
85.720400
85.727750
85.732550
85.734800
85.740400
85.747550
85.752400
85.754550
85.759900
85.767550
85.772750
85.775450
85.780450
85.787450
85.792550
85.795900
85.800450
85.812700
85.814850
85.820500
85.827750
85.832500
85.834600
85.840750
85.847600
85.852600
85.860500
85.867650
85.872500
85.874550
85.880500
85.887600
85.892550
85.895600
85.900450
85.907600
85.912400
85.914700
85.920400
85.932500
85.935700
85.940400
85.947600
85.952550
85.954650
85.960500
85.967700
85.972650
85.974900
85.980650
85.987700
85.995000
86.000250
86.007650
86.012400
86.014750
86.020550
86.027650
86.032700
86.035250
86.040550
86.047700
86.052700
86.055450
86.060450
86.067750
86.072700
86.076250
86.080600
86.087650
86.092350
86.094850
86.100750
86.107750
86.112650
86.114950
86.120550
86.127900
86.132650
86.136050
86.140550
86.153650
86.155750
86.160650
86.168100
86.173200
86.180750
86.193300
86.200350
86.208200
86.212400
86.220850
86.228100
86.232950
86.236000
86.240700
86.247900
86.252950
86.255750
86.261000
86.267850
86.272900
86.275700
86.280750
86.288050
86.292850
86.296050
86.300900
86.308050
86.312900
86.315450
86.320450
86.328000
86.333050
86.336050
86.341000
86.348100
86.353350
86.361300
86.368300
86.373550
86.375950
86.388300
86.393400
86.396850
86.401200
86.408350
86.413400
86.416000
86.421350
86.428650
86.433400
86.436450
86.441200
86.448450
86.453600
86.455700
86.461450
86.468300
86.473500
86.476600
86.481200
86.488400
86.493800
86.496050
86.501650
86.508550
86.513750
86.516200
86.521450
86.528450
86.535200
86.541450
86.548800
86.553850
86.556100
86.561600
86.568550
86.573600
86.577100
86.581550
86.588450
86.593800
86.596650
86.601450
86.608600
86.613500
86.616550
86.621600
86.629050
86.633700
86.636950
86.654050
86.656250
86.661800
86.668950
86.676300
86.688450
86.693800
86.695950
86.701300
86.713550
86.717000
86.721700
86.729200
86.733750
86.736350
86.741750
86.748950
86.753950
86.762000
86.768750
86.773550
86.777100
86.781850
86.788800
86.794100
86.809000
86.816800
86.829050
86.833900
86.836050
86.841750
86.849050
86.853950
86.856450
86.869050
86.874150
86.876450
86.881800
86.889500
86.894150
86.909350
86.913900
86.916700
86.928950
86.934000
86.942000
86.949100
86.954150
86.956800
86.969000
86.974450
86.977250
86.988900
86.996600
87.008900
87.014250
87.016900
87.029300
87.034300
87.036700
87.049350
87.054300
87.056400
87.062250
87.069000
87.074050
87.076450
87.089350
87.094600
87.096900
87.102000
87.109050
87.114050
87.117300
87.122050
87.129300
87.134050
87.149350
87.153950
87.157250
87.169250
87.174500
87.177100
87.182350
87.189150
87.194400
87.196850
87.202150
87.209050
87.214200
87.229750
87.237050
87.249300
87.254650
87.256950
87.262000
87.269300
87.274450
87.276900
87.282400
87.289450
87.294450
87.296700
87.302250
87.309250
87.314650
87.317350
584.203950
584.207950
584.216300
584.223300
584.228150
584.230250
584.236200
584.243400
584.248350
584.251000
584.256050
584.263200
584.268250
584.270800
584.276250
584.283050
584.288250
584.291300
584.296050
584.303150
584.308250
584.310700
584.315650
584.323450
584.328400
584.331250
584.336200
584.343150
584.348150
584.350200
584.356100
584.363200
584.368050
584.370150
584.376100
584.383150
584.388000
584.390100
584.395900
584.403050
584.408150
584.411100
584.416150
584.423100
584.428150
584.430200
584.435750
584.443000
584.448150
584.450700
584.456050
584.463050
584.467850
584.475800
584.483050
584.488250
584.490550
584.495900
584.502950
584.508250
584.511000
584.516100
584.523100
584.528050
584.530950
584.535950
584.543100
584.548100
584.551150
584.556050
584.563000
584.567750
584.569900
584.576050
584.582900
584.587850
584.590900
584.595850
584.602750
584.608200
584.611050
584.615850
584.623050
584.627800
584.629950
584.635750
584.643100
584.647950
584.650100
584.656050
584.662850
584.667800
584.669850
584.675750
584.682850
584.687900
584.691350
584.696050
584.702900
584.711050
584.715450
584.728500
584.735650
584.742900
584.748300
584.750800
584.755650
584.763050
584.768350
584.775950
584.782900
584.788400
584.795850
584.803100
584.807900
584.815100
584.823200
584.827850
584.835900
584.843000
584.847950
584.850700
584.856000
584.863200
584.868250
584.871750
584.875250
584.882900
584.887800
584.889850
584.895950
584.902700
584.907900
584.910200
584.915550
584.922900
584.927800
584.929900
584.942700
584.947750
584.949950
584.955050
584.962700
584.967950
584.970050
584.975600
584.982750
584.987700
584.990450
584.995850
585.002650
585.007850
585.010000
585.015550
585.022700
585.027500
585.030050
585.035500
585.042800
585.047550
585.049650
585.055600
585.062700
585.067650
585.069750
585.075500
585.082650
585.087750
585.090350
585.095050
585.102550
585.107650
585.111050
585.115400
585.122700
585.127600
585.129750
585.135500
585.142750
585.147550
585.150800
585.155550
585.162650
585.167700
585.170500
585.175300
585.187850
585.195500
585.202500
585.207600
585.210800
585.215250
585.222600
585.227500
585.230250
585.235450
585.242350
585.247550
585.249650
585.255150
585.262450
585.267400
585.270450
585.275500
585.282550
585.287550
585.295400
585.302350
585.307450
585.309750
585.315500
585.322600
585.327500
585.335650
585.342450
585.347450
585.355450
585.362350
585.367400
585.369550
585.375150
585.382400
585.387300
585.389400
585.395300
585.402550
585.407550
585.410650
585.415050
585.422350
585.427300
585.430650
585.435250
585.442500
585.447350
585.449600
585.455350
585.462400
585.467250
585.470650
585.475300
585.482300
585.487350
585.490700
585.495300
585.502300
585.507400
585.510700
585.514800
585.522350
585.527400
585.530450
585.535200
585.542300
585.547400
585.550700
585.555500
585.562500
585.567350
585.570350
585.575500
585.582400
585.587300
585.590750
585.595450
585.602300
585.607350
585.609950
585.615550
585.622300
585.627350
585.629450
585.635800
585.642750
585.647200
585.649300
585.655200
585.662350
585.667300
585.670650
585.675300
585.682400
585.687550
585.690500
585.694900
585.702250
585.707200
585.709350
585.715300
585.722400
585.727000
585.729050
585.735150
585.742300
585.747400
585.749650
585.755300
585.762200
585.767300
585.769350
585.775100
585.782150
585.787400
585.790400
585.795150
585.802350
585.807250
585.810500
585.815200
585.822250
585.827200
585.829500
585.834750
585.842250
585.847100
585.850150
585.855100
585.862150
585.867400
585.870200
585.875000
585.882200
585.886950
585.890500
585.895050
585.902200
585.907100
585.909150
585.915000
585.922100
585.927000
585.930300
585.935050
585.942100
585.946850
585.955100
585.962200
585.967250
585.969900
585.975300
585.982250
585.986800
585.990050
585.994850
586.001950
586.007350
586.010100
586.015050
586.022300
586.027150
586.029950
586.035200
586.042200
586.047000
586.049900
586.054800
586.061950
586.067200
586.069300
586.074750
586.082050
586.088250
586.095050
586.102350
586.107150
586.109800
586.114800
586.121900
586.127150
586.129200
586.134850
586.142150
586.147050
586.149500
586.154700
586.162100
586.166900
586.170200
586.175100
586.182100
586.187000
586.189100
586.194800
586.202150
586.206850
586.210050
586.215000
586.222000
586.227100
586.230100
586.235050
586.241850
586.247350
586.249700
586.254750
586.262000
586.267150
586.269650
586.274950
586.282000
586.287000
586.290150
586.294700
586.302100
586.306650
586.314900
586.321900
586.327100
586.330150
586.334850
586.342000
586.346950
586.350200
586.354500
586.362000
586.366850
586.369000
586.374900
586.381850
586.386950
586.389100
586.394750
586.401900
586.406700
586.408850
586.414850
586.421800
586.426900
586.430050
586.434950
586.441850
586.446700
586.449800
586.455000
586.461750
586.467050
586.469100
586.474800
586.481750
586.486900
586.490050
586.494900
586.501850
586.506750
586.509050
586.514700
586.521650
586.526750
586.529050
586.534950
586.541700
586.546450
586.549650
586.554600
586.561650
586.566700
586.569550
586.581800
586.586650
586.589950
586.594800
586.602000
586.606650
586.609700
586.614600
586.621700
586.627000
586.629100
586.634750
586.641700
586.646750
586.649700
586.655000
586.661500
586.666600
586.669550
586.674800
586.681650
586.686650
586.688850
586.694450
586.701850
586.706700
586.708800
586.714600
586.721800
586.726650
586.729650
586.734400
586.741750
586.746600
586.749000
586.754950
586.761650
586.766750
586.769650
586.774500
586.781700
586.786600
586.788650
586.794500
586.801800
586.807100
586.809550
586.821600
586.826650
586.829950
586.834550
586.841600
586.846650
586.854550
586.861750
586.866850
586.874150
586.881650
586.886650
586.890000
586.894550
586.901450
586.906300
586.908400
586.914100
586.921500
586.926550
586.930050
586.941500
586.946450
586.949050
586.954400
586.961400
586.966600
586.969650
586.974500
586.981650
586.986600
586.989700
586.994450
587.001700
587.006500
587.009750
587.014450
587.021450
587.026650
587.029850
587.034350
587.041450
587.046500
587.049800
587.054350
587.061500
587.066900
587.068950
587.074400
587.081550
587.086350
587.089800
587.093950
587.101450
587.106750
587.109450
587.114500
587.121550
587.126350
587.128800
587.134250
587.141650
587.146400
587.148500
587.154300
587.161400
587.166550
587.169250
587.174100
587.181250
587.186400
587.188550
587.194000
587.201350
587.206600
587.209350
587.214250
587.221350
587.226450
587.229400
587.234500
587.241300
587.246450
587.254300
587.261250
587.266150
587.268300
587.274000
587.281250
587.286550
587.289200
587.294600
587.301200
587.306500
587.309350
587.314350
587.321250
587.326050
587.329650
587.334400
587.341300
587.346200
587.349250
587.354150
587.361250
587.366450
587.369450
587.374200
587.381300
587.386250
587.388300
587.394450
587.401200
587.406150
587.409200
587.414250
587.421200
587.429200
587.434300
587.441250
587.446300
587.449400
587.453850
587.461350
587.466450
587.468500
587.474350
587.481300
587.486200
587.494300
587.501300
587.506150
587.509800
587.514250
587.521300
587.526200
587.529200
587.534000
587.541350
587.546150
587.548200
587.554150
587.561300
587.566000
587.569550
587.574350
587.581150
587.586350
587.589150
587.594300
587.601300
587.606100
587.608250
587.614100
587.621400
587.626350
587.629000
587.633900
587.641300
587.646300
587.649550
587.654100
587.661100
587.666350
587.669550
587.674050
587.681250
587.686100
587.688550
587.693600
587.701150
587.706200
587.709350
587.714050
587.721350
587.726650
587.733750
587.741150
587.746250
587.749350
587.753800
587.761000
587.765900
587.773950
587.781150
587.786200
587.793950
587.801050
587.806150
587.809400
587.814000
587.821150
587.825950
587.833700
587.841050
587.845950
587.854050
587.861300
587.865900
587.868400
587.874250
587.881000
587.885950
587.888250
587.893750
587.901050
587.906300
587.909150
587.914100
587.921250
587.926000
587.928800
587.934300
587.941000
587.946200
587.948700
587.953950
587.961000
587.966100
587.969400
587.974100
587.980900
587.986100
587.989400
587.994350
588.001000
588.006050
588.008950
588.014050
588.021000
588.025700
588.027900
588.033750
588.041250
588.045850
588.048100
588.053650
588.060800
588.065950
588.068050
588.073550
588.080800
588.086000
588.093800
588.100950
588.105650
588.109050
588.113800
588.120850
588.125900
588.128000
588.133550
588.140750
588.146050
588.149050
588.153900
588.160750
588.166050
588.168200
588.174000
588.180750
588.186000
588.188100
588.193700
588.200700
588.205900
588.213850
588.220700
588.226050
588.228100
588.233600
588.240900
588.245750
588.261050
588.265700
588.273550
588.280750
588.285600
588.287750
588.293700
588.300750
588.305800
588.307900
588.313900
588.320750
588.325850
588.328900
588.333750
588.340650
588.345550
588.347600
588.353550
588.360800
588.366000
588.369150
588.373650
588.380650
588.386000
588.388350
588.393100
588.400600
588.406250
588.408800
588.413650
588.425850
588.428700
588.433650
588.440700
588.445650
588.448950
588.453450
588.460550
588.465600
588.468850
588.473550
588.480700
588.485400
588.489050
588.493250
588.500750
588.505750
588.509050
588.513800
588.520550
588.525550
588.528500
588.533550
588.540550
588.545950
588.553650
588.560650
588.565850
588.567900
588.573850
588.580500
588.585850
588.588250
588.593500
588.600500
588.605650
588.607750
588.613550
588.620450
588.626050
588.628600
588.632950
588.640600
588.645550
588.653350
588.660650
588.665700
588.668900
588.673600
588.680550
588.685500
588.688450
588.693600
588.700550
588.705600
588.708600
588.713550
588.720500
588.725850
588.727950
588.733450
588.740550
588.745650
588.748100
588.753250
588.760400
588.765350
588.767700
588.772800
588.780600
588.785400
588.787550
588.793050
588.800600
588.805600
588.808500
588.813400
588.820650
588.825550
588.829100
588.833650
588.840550
588.845500
588.848700
588.853200
588.860550
588.865500
588.868850
588.873350
588.880500
588.885200
588.888750
588.893350
588.900350
588.905500
588.907900
588.913600
588.920450
588.925450
588.928550
588.933400
588.940400
588.945350
588.953400
588.960400
588.965550
588.968900
588.973350
588.980450
588.985650
588.987750
588.993200
589.000450
589.005550
589.008750
589.012850
589.020250
589.025400
589.027450
589.033400
589.040350
589.045600
589.053350
589.060450
589.065550
589.068250
589.073600
589.080650
589.085850
589.088250
589.093250
589.100550
589.105500
589.113150
589.120400
589.125150
589.127200
589.133350
589.140400
589.145600
589.148400
589.153400
589.160350
589.165650
589.168200
589.173250
589.180450
589.185400
589.193350
589.200250
589.205600
589.213450
589.220350
589.225550
589.228500
589.233250
589.240400
589.245750
589.248800
589.253350
589.260350
589.265300
589.268500
589.273150
589.280400
589.285250
589.300350
589.305800
589.307850
589.313100
589.320300
589.325300
589.332650
589.340300
589.345150
589.348250
589.353200
589.360300
589.365500
589.368300
589.373400
589.380300
589.385100
589.388800
589.393200
589.400200
589.405350
589.407400
589.413200
589.420250
589.425150
589.427250
589.432900
589.440250
589.445650
589.448500
589.453150
589.460150
589.465350
589.467750
589.473200
589.480300
589.485150
589.488100
589.493150
589.500350
589.504950
589.512800
589.520100
589.528250
589.533250
589.540200
589.545200
589.547650
589.552900
589.560350
589.565300
589.568200
589.573350
589.580150
589.585450
589.588300
589.593100
589.600150
589.605050
589.607200
589.612950
589.620200
589.625000
589.628250
589.633300
589.640200
589.644900
589.648250
589.653050
589.660100
589.665000
589.668500
589.672750
589.680150
589.685050
589.687650
589.692950
589.700300
589.705300
589.708100
589.713050
589.720050
589.725300
589.728400
589.732850
589.740100
589.745250
589.748150
589.752700
589.760000
589.765100
589.768400
589.773100
589.780050
589.785350
589.788450
589.793000
589.800150
589.804950
589.807250
589.813000
589.820050
589.825100
589.828150
589.833000
589.840000
589.845100
589.847200
589.852950
589.860100
589.865200
589.868050
589.873050
589.879950
589.884850
589.887100
589.892900
589.900100
589.905050
589.908000
589.912900
589.920050
589.924900
589.927900
589.932900
589.939950
589.945250
589.947350
589.953000
589.960100
589.965100
589.968250
589.973050
589.980000
589.985150
589.988100
589.993050
590.004900
590.007050
590.012800
590.020000
590.025000
590.027050
590.032950
590.039950
590.044900
590.052900
590.060000
590.064900
590.068350
590.072900
590.079850
590.084950
590.088500
590.092900
590.099900
590.104800
590.108250
590.112900
590.120000
590.124800
590.126950
590.132850
590.139850
590.145050
590.148200
590.153100
590.160050
590.164900
590.167850
590.173150
590.180000
590.185150
590.187450
590.192850
590.199850
590.204850
590.208050
590.212900
590.219850
590.228200
590.232250
590.240100
590.244750
590.252950
590.259850
590.264900
590.266950
590.272900
590.280050
590.284800
590.288050
590.292850
590.299900
590.305100
590.307350
590.312700
590.324900
590.326950
590.332850
590.339900
590.345000
590.347850
590.353000
590.359900
590.364700
590.367300
590.372750
590.379950
590.384900
590.392600
590.399850
590.404750
590.408400
590.412700
590.419850
590.424700
590.428050
590.432750
590.439800
590.444950
590.447800
590.452900
590.459700
590.465200
590.468250
590.472850
590.479750
590.484950
590.488250
590.493050
590.499800
590.504650
590.507150
590.512550
590.519850
590.524800
590.528250
590.532500
590.539750
590.544800
590.546950
590.552850
590.559800
590.564700
590.566850
590.573000
590.579800
590.585050
590.587900
590.592550
590.599850
590.604900
590.608300
590.612650
590.619750
590.624650
590.628150
590.632350
590.639750
590.644850
590.647900
590.652650
590.660100
590.665300
590.672600
590.680200
590.685450
590.692800
590.699900
590.705050
590.719800
590.724900
590.727550
590.732950
590.739800
590.744750
590.747900
590.752800
590.759700
590.765050
590.772550
590.779850
590.784800
590.787000
590.792750
590.799950
590.804850
590.808200
590.812750
590.819800
590.825000
590.827500
590.832800
590.839850
590.844900
590.847300
590.852750
590.859950
590.865050
590.867800
590.872900
590.879700
590.884650
590.887550
590.892600
590.899800
590.904700
590.907900
590.919650
590.928450
590.939700
590.944600
590.947900
590.952850
590.959900
590.965100
590.968250
590.972750
590.979800
590.984500
590.987350
590.992600
590.999900
591.005050
591.007500
591.012550
591.019750
591.024650
591.040100
591.045000
591.052850
591.060150
591.065150
591.072600
591.079950
591.084550
591.099950
591.105200
591.107350
591.119700
591.125000
591.127500
591.132350
591.139650
591.144750
591.147500
591.152600
591.159650
591.164750
591.167500
591.172500
591.179500
591.184800
591.188000
591.193000
591.199500
591.204650
591.206750
591.212500
591.219500
591.224850
591.228150
591.232500
591.239450
591.244650
591.248100
591.252900
591.259650
591.264400
591.267750
591.272500
591.279550
591.284600
591.287450
591.292650
591.299600
591.304300
591.306500
591.312600
591.319450
591.324400
591.327500
591.332350
591.339700
591.344750
591.352450
591.359550
591.364400
591.366650
591.372350
591.379750
591.384750
591.387550
591.392450
591.399600
591.404650
591.407750
591.412650
591.419450
591.424450
591.426650
591.432550
591.439600
591.444900
591.452600
591.459400
591.464550
591.472500
591.479500
591.484750
591.492400
591.499650
591.505150
591.507500
591.512400
591.519500
591.525200
591.539850
591.544300
591.552450
591.559450
591.564550
591.566600
591.572500
591.579650
591.584550
591.587600
591.599450
591.604650
591.607900
591.612450
591.619550
591.624500
591.627600
591.632250
591.639600
591.644800
591.647950
591.652400
591.659550
591.664800
591.667500
591.672550
591.679400
591.684750
591.687200
591.692550
591.699750
591.704550
591.706700
591.712400
591.719700
591.724400
591.726900
591.732700
591.739500
591.744650
591.747100
591.752450
591.759500
591.764450
591.766650
591.772350
591.779550
591.784700
591.787950
591.792600
591.799550
591.804900
591.807400
591.812000
591.819600
591.824700
591.827500
591.832500
591.839500
591.844800
591.852350
591.859500
591.864650
591.867800
591.872700
591.879450
591.884750
591.887450
591.892700
591.899600
591.904650
591.906700
591.912400
591.919600
591.924600
591.927250
591.932600
591.939550
591.945350
591.947400
591.952400
591.959850
591.964950
591.967600
591.972450
591.979600
591.984650
591.987150
591.992700
591.999600
592.004450
592.006500
592.012750
592.019600
592.024450
592.027650
592.032400
592.039650
592.044500
592.047350
592.052550
592.059650
592.064550
592.067450
592.072750
592.079650
592.084750
592.087350
592.092500
592.099450
592.104300
592.107800
592.112600
592.119450
592.124450
592.127400
592.132600
592.139550
592.144600
592.146650
592.152550
592.159550
592.164500
592.166550
592.172350
592.179450
592.184900
592.187600
592.192300
592.199600
592.204750
592.206950
592.212150
592.219500
592.224700
592.227450
592.232550
592.239550
592.244450
592.247500
592.252500
592.259550
592.264400
592.267500
592.272450
592.279600
592.284650
592.287100
592.292600
592.299700
592.307500
592.311950
592.319650
592.324750
592.328200
592.339350
592.345050
592.347500
592.352700
592.359500
592.364850
592.367350
592.372400
592.379350
592.384500
592.386550
592.392200
592.399550
592.404550
592.406950
592.412200
592.419400
592.424650
592.427150
592.432150
592.439450
592.444700
592.447650
592.452650
592.459400
592.464200
592.467100
592.472300
592.479550
592.484600
592.487450
592.492500
592.499500
592.504200
592.507200
592.512350
592.519400
592.524600
592.527350
592.532350
592.539500
592.544600
592.547600
592.552350
592.559600
592.564300
592.567750
592.572100
592.579450
592.584700
592.587000
592.592400
592.599500
592.604400
592.607200
592.612650
592.619250
592.624500
592.628000
592.631950
592.639550
592.644350
592.646400
592.652450
592.659350
592.664350
592.666500
592.672350
592.679400
592.684500
592.687700
592.692500
592.699450
592.704700
592.707600
592.712400
592.719450
592.724750
592.726800
592.732300
592.739400
592.744550
592.747600
592.752550
592.759450
592.764500
592.766750
592.772350
592.779400
592.784400
592.787150
592.792350
592.799450
592.804500
592.806950
592.812400
592.819350
592.824550
592.827450
592.832300
592.839550
592.844450
592.846750
592.852500
592.859550
592.864550
592.866900
592.872500
592.879400
592.884400
592.892200
592.899550
592.904450
592.907150
592.912400
592.919450
592.924500
592.926700
592.932450
592.939450
592.944400
592.946550
592.959450
592.964650
592.967850
592.972500
592.979450
592.984350
592.986600
592.992350
592.999300
593.004400
593.007550
593.012400
593.019550
593.024650
593.027700
593.032450
593.039550
593.044150
593.046500
593.052600
593.059350
593.064300
593.067300
593.072400
593.079350
593.084550
593.087700
593.092300
593.099400
593.104850
593.107700
593.112600
593.119500
593.124700
593.127750
593.132350
593.139400
593.144550
593.152450
593.159600
593.164500
593.167800
593.172550
593.179400
593.184500
593.187300
593.192450
593.199300
593.204900
593.212400
593.219600
593.224550
593.227400
593.232100
593.239450
593.244850
593.252350
593.259450
593.264450
593.267300
593.272250
593.279400
593.284550
593.287750
593.292300
593.299550
593.304400
593.307550
593.312400
593.319500
593.324600
593.326800
593.332450
593.339400
593.344300
593.347500
593.352400
593.359650
593.364400
593.366450
593.372600
593.379500
593.384650
593.387250
593.392500
593.406300
593.412450
593.419800
593.424800
593.427600
593.432550
593.439550
593.444700
593.447400
593.452350
593.459400
593.464450
593.468000
593.472350
593.484550
593.492150
593.499700
593.504350
593.507500
593.512350
593.519450
593.524650
593.526750
593.532500
593.539400
593.545050
593.547450
593.552500
593.559400
593.564550
593.572450
593.579700
593.584450
593.586600
593.592400
593.599600
593.604800
593.607000
593.612500
593.619450
593.624800
593.627650
593.632600
593.639650
593.644700
593.652700
593.659750
593.664450
593.672800
593.679500
593.684850
593.692400
593.699700
593.704950
593.707250
593.712650
593.719450
593.725050
593.727700
593.732650
593.739800
593.744700
593.752350
593.759600
593.764650
593.767650
593.772500
593.779650
593.784700
593.787750
593.792350
593.799600
593.804950
593.807650
593.812700
593.819700
593.824600
593.827600
593.839550
593.844500
593.847600
593.852600
593.859750
593.864600
593.867850
593.879450
593.884750
593.887250
593.892550
593.899500
593.904400
593.906500
593.912150
593.919600
593.924600
593.927600
593.932550
593.939550
593.944650
593.947750
593.952350
593.959650
593.964650
593.967000
593.972250
593.979650
593.984600
593.987600
593.992500
593.999500
594.004950
594.007700
594.012700
594.019550
594.024650
594.032450
594.039450
594.044900
594.047700
594.052550
594.059550
594.064400
594.067400
594.072300
594.079400
594.084650
594.092350
594.099600
594.105050
594.107600
594.112600
594.124600
594.132400
594.139550
594.144950
594.147950
594.152550
594.164850
594.167900
594.172650
594.179650
594.184750
594.187800
594.192550
594.199600
594.204550
594.207750
594.212750
594.219600
594.224650
594.227950
594.232250
594.239700
594.244500
594.252250
594.259600
594.264600
594.268000
594.272450
594.279500
594.284750
594.287750
594.292600
594.299850
594.304800
594.312350
594.319650
594.324750
594.332500
594.339550
594.344600
594.347800
594.352350
594.359600
594.364700
594.367750
594.372400
594.379600
594.384500
594.388150
594.392700
594.399750
594.404700
594.407750
594.412400
594.419700
594.424700
594.426900
594.432550
594.439650
594.444350
594.446650
594.452700
594.459600
594.464750
594.468150
594.472600
594.479700
594.484700
594.487700
594.492700
594.499600
594.504550
594.512550
594.519700
594.525050
594.527500
594.532700
594.539600
594.544600
594.546950
594.552550
594.559600
594.564700
594.567850
594.572800
594.579650
594.584900
594.587900
594.592800
594.599650
594.604600
594.607600
594.612550
594.619850
594.624600
594.627900
594.632300
594.639800
594.645100
594.648000
594.652350
594.659800
594.664900
594.668050
594.672450
594.679550
594.685150
594.688000
594.692650
594.699650
594.704850
594.707300
594.712250
594.719700
594.724750
594.727850
594.732650
594.739500
594.744500
594.746700
594.752500
594.759850
594.764700
594.772600
594.779700
594.784650
594.786700
594.792500
594.799750
594.804750
594.806950
594.812550
594.819700
594.824750
594.827750
594.832700
594.839600
594.844700
594.846750
594.852650
594.859650
594.864800
594.868000
594.872650
594.879550
594.884900
594.887850
594.892600
594.899750
594.904750
594.907600
594.912650
594.919800
594.925100
594.928050
594.932600
594.939750
594.944550
594.947950
594.952450
594.959650
594.964800
594.967600
594.973000
594.979750
594.984800
594.988200
594.992850
594.999700
595.004950
595.007400
595.012550
595.019750
595.024800
595.027900
595.032250
595.039850
595.044850
595.047550
595.052600
595.059850
595.064700
595.067200
595.072500
595.080100
595.084750
595.087800
595.092600
595.099850
595.104650
595.112850
595.119750
595.124800
595.128000
595.132550
595.139750
595.145100
595.148150
595.152650
595.159700
595.164800
595.167650
595.172800
595.179800
595.185000
595.187350
595.192800
595.199950
595.204800
595.206950
595.212500
595.219950
595.224900
595.227250
595.232850
595.239600
595.245200
595.247300
595.252800
595.259650
595.264800
595.267100
595.272800
595.279850
595.285000
595.287650
595.292700
595.299800
595.305100
595.308100
595.312900
595.319850
595.324800
595.332600
595.339800
595.344800
595.352800
595.359800
595.364850
595.368150
595.372700
595.380000
595.384850
595.392700
595.399750
595.404800
595.413050
595.419750
595.424800
595.426850
595.432650
595.439900
595.444850
595.446950
595.452850
595.459700
595.464950
595.467950
595.473050
595.479900
595.484800
595.487800
595.492700
595.499900
595.504850
595.508100
595.512950
595.519800
595.524750
595.532750
595.539700
595.544800
595.547950
595.553050
595.559800
595.564850
595.568250
595.572700
595.579950
595.585050
595.588000
595.592750
595.599800
595.604850
595.608400
595.612750
595.619800
595.624850
595.627250
595.632450
595.639800
595.644800
595.646850
595.652600
595.659950
595.664900
595.668000
595.672750
595.679900
595.687950
595.692800
595.699800
595.704900
595.707750
595.713150
595.719700
595.724900
595.726950
595.733000
595.740050
595.744700
595.746750
595.752650
595.759800
595.764700
595.772550
595.780000
595.784850
595.788050
595.792950
595.799950
595.804800
595.807700
595.813000
595.819950
595.825050
595.828200
595.832850
595.840050
595.844900
595.847050
595.852600
595.859900
595.865000
595.867900
595.872950
595.880100
595.884750
595.888350
595.892850
595.899850
595.905050
595.913050
595.919850
595.925250
595.927600
595.932850
595.939900
595.945050
595.952900
595.959900
595.965000
595.968000
595.972800
595.979850
595.985000
595.988050
595.992950
595.999900
596.004750
596.008450
596.012850
596.019900
596.024900
596.033050
596.039950
596.045050
596.048250
596.052800
596.060150
596.065000
596.072850
596.080000
596.084850
596.086900
596.092900
596.099850
596.104900
596.112950
596.119900
596.125000
596.128150
596.133050
596.139850
596.145300
596.148100
596.152700
596.160000
596.164900
596.167850
596.172450
596.179900
596.184950
596.192750
596.199850
596.204900
596.208250
596.212950
596.220050
596.224950
596.228400
596.232750
596.240000
596.245100
596.248200
596.253050
596.260000
596.265150
596.268200
596.273150
596.280150
596.285050
596.292500
596.300050
596.305050
596.307900
596.312950
596.319900
596.324800
596.326900
596.340050
596.345000
596.347950
596.352900
596.360000
596.365200
596.373050
596.380000
596.385250
596.388550
596.393250
596.399950
596.405200
596.413000
596.419950
596.424900
596.428000
596.432950
596.440200
596.445100
596.448250
596.453050
596.459850
596.465000
596.472800
596.479850
596.485000
596.487900
596.492650
596.500050
596.505200
596.508500
596.513100
596.520100
596.525200
596.527800
596.532900
596.540050
596.545150
596.547350
596.553000
596.560100
596.565250
596.573200
596.579850
596.584800
596.592900
596.600050
596.605250
596.608100
596.612800
596.620200
596.625200
596.627950
596.633050
596.640300
596.645200
596.648250
596.653250
596.660250
596.665300
596.672950
596.680200
596.685300
596.687950
596.693250
596.700050
596.705200
596.707950
596.713150
596.720200
596.725050
596.733000
596.740050
596.745250
596.748050
596.752800
596.760200
596.765300
596.772750
596.780050
596.785400
596.788450
596.793050
596.800150
596.804900
596.808300
596.813300
596.820050
596.825000
596.828200
596.833050
596.840150
596.845500
596.848200
596.853150
596.860050
596.865200
596.873050
596.880050
596.885200
596.888750
596.893100
596.900150
596.905300
596.907950
596.913300
596.920000
596.925200
596.928600
596.933050
596.940250
596.945100
596.953400
596.960250
596.965250
596.968250
596.973150
596.980250
596.985350
596.988600
596.993150
597.000100
597.005200
597.007300
597.013200
597.020100
597.025150
597.027350
597.033250
597.040300
597.045650
597.048100
597.053350
597.060300
597.065400
597.068500
597.073200
597.080300
597.085200
597.088500
597.093100
597.100350
597.105150
597.113350
597.120250
597.125250
597.128400
597.133200
597.140150
597.145400
597.148150
597.153050
597.160200
597.165150
597.167250
597.173150
597.180250
597.185400
597.188750
597.193050
597.200100
597.205250
597.208250
597.212600
597.220250
597.225350
597.228400
597.233200
597.240200
597.245200
597.253300
597.260350
597.265250
597.273250
597.280100
597.285400
597.288500
597.293300
597.300200
597.305250
597.313200
597.320150
597.325400
597.327800
597.333250
597.340200
597.345200
597.347500
597.352850
597.360250
597.365350
597.368700
597.373400
597.380300
597.385450
597.388500
597.392900
597.400300
597.405300
597.408150
597.413350
597.420100
597.425300
597.432900
597.440250
597.445400
597.448700
597.453300
597.460250
597.465200
597.467350
597.473200
597.480300
597.485400
597.488300
597.493350
597.500450
597.505400
597.508500
597.513250
597.520350
597.525350
597.528300
597.533000
597.540300
597.545100
597.547200
597.553100
597.560300
597.565400
597.568650
597.573400
597.580350
597.585400
597.593450
597.600300
597.605300
597.607600
597.613150
597.620150
597.625350
597.627900
597.633450
597.640400
597.645350
597.647900
597.653150
597.660150
597.665300
597.668650
597.673550
597.680300
597.685400
597.688100
597.693550
597.700350
597.705600
597.708850
597.713200
597.720250
597.725500
597.728800
597.733650
597.740450
597.745600
597.748550
597.753450
597.760400
597.765250
597.768650
597.773400
597.780400
597.785400
597.793250
597.800300
597.805100
597.813150
597.820350
597.825350
597.828350
597.833100
597.840250
597.845550
597.848550
597.853450
597.860200
597.865150
597.869000
597.873000
597.880450
597.885400
597.888600
597.893150
597.900300
597.905350
597.907550
597.912850
597.920350
597.925400
597.928550
597.933100
597.940550
597.945800
597.953300
597.960350
597.965200
597.968900
597.973450
597.980300
597.985350
597.987500
597.993150
598.000300
598.005550
598.008550
598.013200
598.020500
598.025600
598.028800
598.033250
598.040400
598.045200
598.053300
598.060400
598.065550
598.068700
598.073050
598.080400
598.085450
598.087550
598.093300
598.100350
598.105500
598.107800
598.113400
598.120300
598.125450
598.127600
598.133050
598.140200
598.145650
598.147700
598.153350
598.160400
598.165300
598.167650
598.173250
598.180300
598.185250
598.193650
598.200400
598.205600
598.208600
598.213100
598.220400
598.225450
598.233050
598.240300
598.245750
598.253250
598.260650
598.265650
598.273350
598.280400
598.285500
598.293300
598.300550
598.305700
598.308500
598.313550
598.320350
598.325600
598.328750
598.333450
598.340650
598.345550
598.353700
598.360450
598.365350
598.368650
598.373800
598.380450
598.385650
598.393550
598.400600
598.405250
598.407600
598.413350
598.420600
598.425650
598.428150
598.433600
598.440700
598.445350
598.447650
598.453300
598.460500
598.465600
598.468850
598.473550
598.480550
598.485750
598.493650
598.500450
598.505450
598.513650
598.520700
598.525550
598.527750
598.533450
598.540450
598.545650
598.553850
598.560500
598.565650
598.573550
598.580500
598.585600
598.593500
598.600500
598.605550
598.607600
598.613300
598.620600
598.625750
598.628400
598.633500
598.640500
598.645850
598.653250
598.660500
598.665450
598.668850
598.673700
598.680550
598.685300
598.693550
598.700650
598.705350
598.708800
598.713500
598.720600
598.725750
598.728250
598.733450
598.740450
598.745550
598.747750
598.753350
598.760550
598.765700
598.768500
598.773500
598.780500
598.785550
598.793250
598.800500
598.805300
598.808800
598.813400
598.820500
598.825900
598.829100
598.833500
598.840850
598.845300
598.853500
598.860800
598.865650
598.868500
598.873500
598.880650
598.885500
598.892800
598.900500
598.905650
598.913450
598.920550
598.925450
598.933750
598.940500
598.945500
598.948800
598.953300
598.960400
598.965500
598.969050
598.973450
598.980450
598.985750
598.988600
598.993450
599.000650
599.005550
599.008550
599.013600
599.020600
599.025550
599.027600
599.033600
599.040450
599.049100
599.052800
599.060450
599.065800
599.068600
599.073250
599.080550
599.085600
599.088650
599.093550
599.100550
599.105750
599.108500
599.113500
599.120650
599.125450
599.128650
599.133350
599.140550
599.145600
599.148500
599.153450
599.160500
599.165600
599.167700
599.173550
599.180600
599.185300
599.193350
599.200600
599.205500
599.208450
599.213450
599.220600
599.225600
599.227800
599.233450
599.240600
599.245450
599.248900
599.253500
599.260550
599.265400
599.268500
599.273500
599.280550
599.285650
599.288250
599.293650
599.300500
599.305650
599.308100
599.313300
599.320800
599.325950
599.328350
599.333300
599.340650
599.346650
599.360750
599.365900
599.368850
599.373500
599.380500
599.385450
599.387600
599.393450
599.400550
599.405450
599.408800
599.420700
599.425650
599.427750
599.433550
599.440600
599.445700
599.448650
599.460500
599.465600
599.468650
599.473600
599.480750
599.485450
599.487800
599.493150
599.500500
599.505700
599.508550
599.513300
599.520850
599.525750
599.528700
599.533600
599.540750
599.545500
599.549100
599.553400
599.560600
599.565700
599.568650
599.573450
599.580700
599.585550
599.588000
599.593450
599.600550
599.605750
599.608850
599.613600
599.620650
599.625650
599.627750
599.633350
599.640700
599.645700
599.648750
599.653600
599.660700
599.665500
599.673500
599.680700
599.685400
599.689000
599.693450
599.700800
599.705550
599.708550
599.713400
599.720650
599.725750
599.727850
599.733500
599.740500
599.745650
599.748650
599.753700
599.760600
599.765700
599.768400
599.773700
599.780500
599.785650
599.788700
599.793800
599.800650
599.805650
599.808750
599.813450
599.820600
599.825650
599.827750
599.833500
599.840800
599.845850
599.849050
599.853450
599.860600
599.865850
599.868150
599.873600
599.880750
599.885700
599.888600
599.893550
599.900700
599.905500
599.913000
599.920650
599.925650
599.928900
599.933450
599.940750
599.945750
599.948600
599.953650
599.960650
599.965700
599.968450
599.973450
599.980900
599.985500
599.987750
599.993500
600.000850
600.005750
600.008550
600.013450
600.020700
600.025650
600.028450
600.033650
600.040800
600.045750
600.048400
600.053800
600.060900
600.065750
600.068600
600.073600
600.080700
600.085350
600.088750
600.093750
600.100650
600.105500
600.107600
600.113600
600.120900
600.125800
600.127900
600.133650
600.140900
600.153600
600.161150
600.165750
600.167950
600.173750
600.180700
600.185850
600.189050
600.193600
600.200700
600.205900
600.208000
600.213600
600.220600
600.225700
600.228100
600.233650
600.241000
600.245750
600.247800
600.253300
600.260850
600.265900
600.268800
600.273900
600.280900
600.285800
600.287950
600.293400
600.300750
600.305850
600.308850
600.313850
600.320850
600.325900
600.328950
600.333800
600.340700
600.345700
600.348250
600.353900
600.360700
600.365800
600.368300
600.373750
600.380550
600.385450
600.388850
600.393600
600.400700
600.405700
600.408950
600.413750
600.420650
600.425550
600.433450
600.440650
600.446000
600.448450
600.453600
600.460600
600.465600
600.468850
600.473450
600.480600
600.485800
600.493200
600.500700
600.505550
600.508650
600.513550
600.520600
600.525550
600.533450
600.540800
600.545800
600.547900
600.553700
600.560500
600.565700
600.573550
600.580550
600.585950
600.588850
600.593750
600.600800
600.605650
600.609050
600.613650
600.620600
600.625450
600.627550
600.633850
600.640450
600.645500
600.648500
600.653200
600.660600
600.665650
600.667750
600.673600
600.680500
600.685450
600.689100
600.693850
600.706150
600.713500
600.720750
600.725850
600.728300
600.733600
600.740500
600.745850
600.753550
600.760700
600.765850
600.773500
600.780600
600.785950
600.793450
600.800650
600.805700
600.808750
600.813650
600.820550
600.825550
600.827650
600.833550
600.840600
600.845700
600.853450
600.860550
600.865500
600.867600
600.873700
600.880550
600.885850
600.887900
600.893800
600.900600
600.905700
600.908850
600.913600
600.920600
600.925750
600.929050
600.933600
600.940650
600.945800
600.948800
600.953250
600.960600
600.965400
600.967800
600.973700
600.980550
600.985450
600.988900
600.993550
601.000700
601.005500
601.009000
601.013750
601.020500
601.025650
601.033500
601.040750
601.045750
601.048900
601.053300
601.060750
601.065550
601.067650
601.073500
601.080850
601.085500
601.089050
601.093500
601.100550
601.105700
601.107750
601.113550
601.120700
601.125600
601.128400
601.133100
601.140600
601.145600
601.148950
601.153850
601.160500
601.165700
601.169000
601.173000
601.180500
601.185550
601.189100
601.193700
601.200700
601.205750
601.208900
601.213550
601.220650
601.225500
601.227600
601.233600
601.240850
601.245800
601.248350
601.253700
601.260550
601.265450
601.268150
601.273400
601.280650
601.285750
601.288950
601.293550
601.300500
601.305700
601.308850
601.313700
601.320500
601.326000
601.328500
601.333550
601.340650
601.345750
601.353500
601.360550
601.365600
601.368000
601.373350
601.380500
601.385500
601.393450
601.400500
601.405750
601.408700
601.413400
601.420800
601.425450
601.427500
601.433350
601.440600
601.445450
601.448500
601.453350
601.460700
601.465100
601.467250
601.473450
601.480600
601.485650
601.493650
601.500650
601.505650
601.513450
601.520850
601.525350
601.528750
601.533700
601.540550
601.545600
601.548650
601.553700
601.560450
601.565850
601.568750
601.573400
601.580500
601.585950
601.589250
601.593300
601.600550
601.605500
601.608650
601.613500
601.620400
601.625450
601.628900
601.633400
601.640450
601.645400
601.648900
601.653400
601.660500
601.665850
601.667900
601.673550
601.680600
601.685400
601.688300
601.693450
601.700450
601.705250
601.708550
601.713400
601.720450
601.725300
601.728350
601.733200
601.740600
601.745550
601.753550
601.760400
601.765650
601.768450
601.773150
601.780500
601.785750
601.788400
601.793350
601.800450
601.805350
601.808550
601.813400
601.820600
601.825400
601.828200
601.833350
601.840400
601.845700
601.848200
601.853600
601.860550
601.865450
601.867500
601.873300
601.880450
601.885600
601.888250
601.893550
601.900400
601.905900
601.908100
601.913000
601.920500
601.925550
601.927700
601.933350
601.940500
601.945900
601.948500
601.953650
601.965450
601.968000
601.973450
601.980200
601.985550
601.988300
601.993200
602.000400
602.005400
602.008600
602.013550
602.020500
602.025450
602.033400
602.040500
602.045450
602.048450
602.053250
602.060350
602.065450
602.068300
602.073300
602.080400
602.085650
602.092800
602.100350
602.105300
602.107450
602.113200
602.120400
602.125300
602.128200
602.133400
602.140300
602.145450
602.148550
602.153200
602.160250
602.165800
602.168450
602.173400
602.180250
602.185550
602.188300
602.193250
602.200350
602.205400
602.208150
602.212850
602.220450
602.225000
602.228300
602.233500
602.240300
602.245250
602.248550
602.253300
602.260400
602.265050
602.272950
602.280350
602.285400
602.288200
602.293300
602.300350
602.305550
602.308400
602.313250
602.320250
602.325900
602.332500
602.340350
602.345200
602.347250
602.353100
602.360200
602.365550
602.368100
602.372950
602.380300
602.385400
602.388850
602.393100
602.400250
602.405150
602.408550
602.413350
602.420350
602.425400
602.428150
602.433350
602.440200
602.445050
602.448300
602.452650
602.460200
602.465250
602.468250
602.472800
602.480400
602.485150
602.493050
602.500150
602.505150
602.507250
602.513350
602.520200
602.525200
602.527550
602.533200
602.540200
602.545150
602.548350
602.553050
602.559950
602.565100
602.567500
602.573100
602.580250
602.585400
602.588300
602.593200
602.600100
602.605000
602.608400
602.612650
602.626950
602.640400
602.645400
602.648250
602.652750
602.660200
602.665350
602.680100
602.685000
602.688050
602.693300
602.700150
602.705050
602.707350
602.713050
602.720250
602.725100
602.727700
602.733000
602.740000
602.745050
602.747900
602.753100
602.760150
602.764850
602.766900
602.779950
602.784800
602.787100
602.793000
602.800100
602.805150
602.808250
602.813050
602.820100
602.825100
602.832900
602.840150
602.845200
602.847550
602.853100
602.860300
602.865050
602.872850
602.880050
602.885200
602.887550
602.892900
602.900000
602.905050
602.908200
602.913100
602.919950
602.925000
602.933100
602.940050
602.944900
602.948400
602.952800
602.959900
602.965100
602.967150
602.972850
602.980100
602.984800
602.987200
602.992950
602.999950
603.005150
603.007800
603.012550
603.020100
603.024950
603.027950
603.032800
603.039950
603.045100
603.048700
603.052800
603.060000
603.065200
603.068200
603.072950
603.080000
603.085250
603.088200
603.092700
603.100000
603.104800
603.107550
603.112950
603.120150
603.125650
603.128000
603.132900
603.140250
603.145050
603.148150
603.152900
603.160100
603.164750
603.167100
603.172750
603.180050
603.185250
603.187850
603.193000
603.199900
603.205200
603.208100
603.212850
603.219900
603.225050
603.228350
603.232500
603.239850
603.245350
603.247600
603.252750
603.259850
603.264950
603.268300
603.279800
603.285450
603.288000
603.293000
603.299850
603.304750
603.307850
603.312750
603.319750
603.324950
603.327800
603.332750
603.339950
603.344900
603.347900
603.352700
603.359750
603.365000
603.368000
603.372700
603.379900
603.384850
603.388050
603.392600
603.399800
603.404900
603.407500
603.412400
603.419750
603.425200
603.428150
603.433000
603.439700
603.445250
603.447600
603.452750
603.459700
603.464700
603.466750
603.472700
603.479900
603.484850
603.486950
603.492100
603.499850
603.504800
603.507450
603.512150
603.519600
603.524750
603.527100
603.532500
603.539700
603.544850
603.547750
603.552300
603.559850
603.564550
603.566900
603.572500
603.579500
603.584700
603.587850
603.592550
603.599600
603.604500
603.607500
603.612650
603.619650
603.624750
603.627750
603.632550
603.639600
603.644700
603.647800
603.652400
603.659550
603.664550
603.667350
603.672650
603.679600
603.684750
603.687350
603.692550
603.699600
603.704500
603.707200
603.712400
603.719400
603.724450
603.726550
603.732700
603.739450
603.744800
603.747550
603.752400
603.759550
603.764550
603.767650
603.772600
603.779550
603.784700
603.787150
603.792700
603.799650
603.804400
603.807650
603.812550
603.819300
603.824700
603.827900
603.832200
603.839550
603.844400
603.852400
603.859550
603.864850
603.867650
603.872300
603.879400
603.884600
603.891800
603.899700
603.905600
603.912150
603.919650
603.924500
603.932000
603.939400
603.944950
603.959450
603.965050
603.972150
603.979500
603.984850
603.992100
603.999500
604.005150
604.012500
604.019400
604.024350
604.026900
604.032300
604.039350
604.044600
604.047200
604.052100
604.059500
604.064400
604.067350
604.072200
604.079300
604.084800
604.087150
604.092000
604.099650
604.104800
604.107000
604.112200
604.119500
604.124300
604.126550
604.132150
604.139450
604.144100
604.147250
604.152200
604.159350
604.164150
604.166250
604.171800
604.179300
604.183950
604.186250
604.192250
604.199100
604.203800
604.206200
604.212050
604.219250
604.224050
604.227300
604.232150
604.239200
604.244050
604.247250
604.252350
604.259100
604.264150
604.267450
604.271600
604.279150
604.284100
604.292050
604.298950
604.305700
604.312350
604.319400
604.324500
604.331750
604.339150
604.344450
604.351750
604.359050
604.364350
604.371800
604.379100
604.384350
604.391800
604.399100
604.404300
604.411750
604.424400
604.431650
604.439100
604.444300
604.451800
604.464250
604.466350
604.478800
604.484050
604.486500
604.491850
604.498900
604.503900
604.506150
604.511900
604.518950
604.523850
604.526850
604.531700
604.539000
604.543800
604.547200
604.551900
604.558750
604.563850
604.566850
604.571800
604.578900
604.583950
604.586550
604.591800
604.598800
604.603850
604.606550
604.611850
604.618800
604.623650
604.626650
604.631900
604.638850
604.644150
604.646400
604.651750
604.658850
604.663850
604.666700
604.671550
604.678800
604.683750
604.686850
604.691650
604.698800
604.703750
604.706750
604.711750
604.718950
604.723900
604.726950
604.731400
604.738650
604.744200
604.746550
604.751500
604.758750
604.764050
604.766300
604.771250
604.778800
604.783500
604.785600
604.791650
604.798700
604.803650
604.806400
604.811350
604.818900
604.823700
604.826550
604.831650
604.838650
604.843750
604.846450
604.851550
604.858650
604.863700
604.865750
604.871750
604.878750
604.883400
604.886300
604.891750
604.898700
604.903450
604.906650
604.911600
604.918750
604.923650
604.925750
604.931300
604.938450
604.943650
604.946900
604.951250
604.958600
604.963500
604.966600
604.971500
604.978600
604.983800
604.986950
604.991600
604.998500
605.003400
605.006550
605.011250
605.018550
605.023400
605.026600
605.031250
605.038500
605.043400
605.046600
605.051350
605.058500
605.063450
605.066700
605.071100
605.078400
605.083750
605.085950
605.091250
605.098400
605.103750
605.106400
605.111300
605.118500
605.123150
605.131100
605.138400
605.143650
605.146400
605.151200
605.158200
605.163850
605.166400
605.171150
605.178150
605.183450
605.186200
605.191200
605.198450
605.203300
605.206200
605.211250
605.218300
605.223250
605.226150
605.231000
605.238100
605.243350
605.246350
605.251250
605.258350
605.263050
605.266500
605.271000
605.278300
605.283100
605.285650
605.291100
605.298000
605.303000
605.306400
605.311250
605.318250
605.323200
605.325400
605.331000
605.338150
605.343150
605.346000
605.351200
605.358100
605.363200
605.366250
605.371050
605.378100
605.383100
605.386000
605.390850
605.398050
605.403300
605.405900
605.410900
605.417900
605.422950
605.425300
605.430700
605.437950
605.442900
605.446150
605.451050
605.457900
605.462850
605.466100
605.470800
605.477900
605.482950
605.486350
605.490750
605.497750
605.504700
605.510850
605.518050
605.523450
605.530750
605.538100
605.543350
605.550750
605.558200
605.563200
605.565500
605.570800
605.578200
605.583350
605.590750
605.598250
605.603500
605.610700
605.617850
605.623550
605.630350
605.643300
605.650750
605.657850
605.663800
605.670600
605.677950
605.683300
605.690600
605.698000
605.703200
605.710650
605.718000
605.723000
605.725050
605.730600
605.737900
605.743200
605.758050
605.763000
605.770400
605.778050
605.783300
605.790500
605.798050
605.803200
605.810600
605.817950
605.823500
605.830550
605.837800
605.842850
605.845000
605.850400
605.862050
605.870600
605.877550
605.882550
605.885600
605.890500
605.897500
605.902550
605.905850
605.910400
605.917400
605.922750
605.930400
605.937600
605.942950
605.950000
605.957750
605.963650
605.970250
605.977700
605.983150
605.990500
605.997850
606.003250
606.010450
606.017850
606.023850
606.030150
606.037550
606.043750
606.050350
606.057750
606.062950
606.070400
606.077750
606.083000
606.085050
606.090300
606.097700
606.110300
606.124350
606.130200
606.137550
606.142800
606.150050
606.157600
606.162850
606.170000
606.177400
606.183000
606.190150
606.197450
606.203000
606.210150
606.217400
606.222850
606.230200
606.242000
606.250250
606.257250
606.262100
606.264350
606.269950
606.277250
606.282250
606.290150
606.297050
606.302150
606.305150
606.310100
606.317100
606.322400
606.324650
606.329650
606.337300
606.344100
606.349900
606.357250
606.362750
606.370100
606.377500
606.382700
606.384750
606.390200
606.397450
606.403100
606.409900
606.417400
606.423350
606.430150
606.437500
606.442700
606.444750
606.450200
606.457200
606.462650
606.469700
606.477200
606.482600
606.489900
606.497150
606.502100
606.504200
606.509950
606.517200
606.522700
606.529850
606.537100
606.542350
606.549700
606.557100
606.562500
606.569900
606.577000
606.582450
606.589650
606.597000
606.602400
606.609650
606.621450
606.629750
606.636750
606.641700
606.644600
606.649500
606.656800
606.661700
606.664150
606.669550
606.676800
606.682000
606.684600
606.689750
606.696750
606.701850
606.705100
606.709600
606.716850
606.721700
606.724250
606.729250
606.737100
606.742950
606.749450
606.756900
606.764200
606.769200
606.776850
606.782950
606.789500
606.797000
606.802100
606.809450
606.816750
606.822550
606.829400
606.836950
606.842100
606.849350
606.856750
606.861750
606.876800
606.882100
606.889250
606.896650
606.902250
606.909450
606.916650
606.922100
606.929450
606.936700
606.942450
606.949400
606.956500
606.962350
606.969450
606.976750
606.982650
606.989250
606.996550
607.002550
607.009250
607.016750
607.022200
607.029250
607.036400
607.041700
607.045200
607.049250
607.056250
607.063350
607.069100
607.076750
607.082100
607.089150
607.096450
607.101750
607.109300
607.116450
607.122600
607.129200
607.136550
607.141950
607.149250
607.156500
607.162150
607.169200
607.176300
607.181700
607.183750
607.189000
607.196350
607.201600
607.209150
607.216350
607.221800
607.229000
607.236400
607.242500
607.256200
607.261650
607.269050
607.281550
607.289000
607.296300
607.301450
607.308750
607.316200
607.321350
607.329000
607.336350
607.341100
607.343900
607.349100
607.356350
607.361500
607.364200
607.369000
607.376050
607.396150
607.400550
607.408900
607.415950
607.421000
607.424150
607.428850
607.436150
607.441050
607.443450
607.449050
607.456050
607.461350
607.463600
607.468350
607.476100
607.482650
607.488600
607.495950
607.501550
607.508550
607.516100
607.521550
607.528750
607.536050
607.541400
607.548900
607.556050
607.561550
607.568700
607.576100
607.581300
607.588700
607.595900
607.601450
607.608550
607.615950
607.621350
607.628450
607.635750
607.641250
607.648500
607.655850
607.661150
607.668850
607.676150
607.680700
607.683500
607.695650
607.700700
607.703650
607.708750
607.715750
607.720650
607.722800
607.735950
607.740650
607.742800
607.748700
607.755900
607.760800
607.763450
607.768550
607.775700
607.780700
607.783700
607.788500
607.795650
607.800700
607.803650
607.808500
607.815700
607.820600
607.823300
607.828450
607.835550
607.840800
607.843200
607.848400
607.863850
607.868250
607.875700
607.882450
607.888500
607.895900
607.900600
607.902900
607.908350
607.915500
607.920400
607.923700
607.928350
607.935500
607.940600
607.943550
607.948500
607.955700
607.960900
607.963450
607.968850
607.975900
607.981850
607.988300
607.995650
608.001800
608.008350
608.015750
608.021900
608.028250
608.035600
608.041550
608.048100
608.055800
608.061700
608.068400
608.075550
608.080950
608.088350
608.095500
608.100800
608.108200
608.115550
608.120900
608.128100
608.135450
608.140600
608.148200
608.155350
608.160850
608.168250
608.175250
608.181050
608.188050
608.195050
608.200600
608.203400
608.208200
608.220000
608.228100
608.235150
608.239950
608.242200
608.247900
608.255000
608.260150
608.262950
608.268200
608.275100
608.280300
608.282900
608.295550
608.301700
608.308050
608.315350
608.320450
608.322600
608.327500
608.335200
608.341200
608.347950
608.355250
608.360750
608.362900
608.367750
608.375150
608.381750
608.387850
608.395050
608.400650
608.407900
608.415000
608.420400
608.422550
608.427750
608.435100
608.441700
608.447750
608.455000
608.461700
608.467900
608.475150
608.480600
608.487700
608.495100
608.500100
608.514800
608.520050
608.522550
608.527900
608.534950
608.539750
608.543050
608.547950
608.554700
608.559850
608.562750
608.567800
608.574550
608.579900
608.583150
608.587600
608.594700
608.599750
608.602600
608.607800
608.614800
608.619950
608.622650
608.627550
608.634600
608.639650
608.641750
608.647400
608.654650
608.660350
608.662900
608.667500
608.674700
608.679450
608.682550
608.687500
608.694500
608.699700
608.702950
608.714950
608.719900
608.722000
608.727150
608.734750
608.740300
608.747300
608.754800
608.760850
608.767300
608.774650
608.779600
608.781850
608.787400
608.794500
608.799900
608.802300
608.807400
608.815000
608.819700
608.822300
608.827250
608.834750
608.839950
608.842100
608.847250
608.854750
608.859450
608.862600
608.867350
608.874450
608.879400
608.882300
608.887150
608.894650
608.899700
608.902250
608.907200
608.914350
608.919200
608.922850
608.927150
608.934350
608.939300
608.942250
608.947100
608.954300
608.959450
608.967300
608.974350
608.979550
608.982300
608.994200
608.999300
609.007500
609.014050
609.019500
609.022150
609.027300
609.034200
609.039500
609.041600
609.047050
609.054300
609.059600
609.067050
609.074450
609.079600
609.082100
609.087200
609.094200
609.099800
609.102000
609.107300
609.114200
609.119300
609.121750
609.134150
609.139400
609.142350
609.146700
609.154200
609.159100
609.167100
609.174000
609.179100
609.182750
609.186800
609.194050
609.198950
609.202100
609.206900
609.214000
609.219150
609.222250
609.227000
609.234200
609.238800
609.241650
609.246800
609.254050
609.258900
609.260950
609.267200
609.274050
609.279250
609.294250
609.299500
609.306800
609.314000
609.319200
609.326750
609.334150
609.354050
609.360150
609.366850
609.373950
609.379550
609.386750
609.394050
609.399050
609.401100
609.406650
609.414050
609.419550
609.421800
609.426600
609.434000
609.439200
609.441600
609.446550
609.454000
609.461350
609.466650
609.474050
609.479550
609.486750
609.493850
609.499500
609.506400
609.513750
609.518650
609.521600
609.526700
609.533600
609.538800
609.541800
609.546650
609.553600
609.558800
609.561900
609.566350
609.573750
609.578550
609.581800
609.586900
609.593800
609.598750
609.600900
609.606550
609.613700
609.618900
609.621600
609.626550
609.633700
609.638700
609.641550
609.646700
609.653850
609.658500
609.661700
609.666550
609.673750
609.682500
609.685550
609.693650
609.698550
609.701600
609.706750
609.713650
609.718650
609.721100
609.726250
609.733650
609.738300
609.741500
609.746350
609.753500
609.758450
609.766100
609.773450
609.778700
609.781800
609.786550
609.793400
609.798450
609.801100
609.806150
609.813600
609.818500
609.821750
609.826500
609.833500
609.838400
609.841700
609.846450
609.853300
609.858300
609.860350
609.866300
609.873500
609.878400
609.880650
609.886300
609.893350
609.898400
609.901150
609.906250
609.913300
609.918450
609.920900
609.926100
609.933350
609.938750
609.941200
609.946350
609.953150
609.958350
609.961250
609.966400
609.973200
609.978250
609.986050
609.993450
609.999950
610.005900
610.013250
610.019250
610.026150
610.033650
610.038550
610.040650
610.046300
610.060200
610.066000
610.073350
610.079050
610.085900
610.093250
610.098150
610.101050
610.113150
610.118250
610.121250
610.133050
610.138100
610.140850
610.146150
610.153150
610.158550
610.160900
610.166200
610.173000
610.178200
610.185800
610.193000
610.198200
610.201200
610.205950
610.213050
610.218100
610.221300
610.226200
610.232950
610.238050
610.241550
610.246000
610.253000
610.258200
610.260950
610.266050
610.273050
610.278200
610.281150
610.286150
610.292950
610.298200
610.301150
610.305750
610.312900
610.318100
610.321100
610.325950
610.332900
610.338200
610.341100
610.345600
610.352800
610.358000
610.361150
610.365500
610.372700
610.378050
610.385700
610.393100
610.399350
610.405600
610.413100
610.420650
610.432850
610.437950
610.440650
610.445950
610.452600
610.458200
610.460500
610.465600
610.473100
610.478750
610.480850
610.485800
610.492850
610.498100
610.501700
610.512950
610.518400
610.520450
610.525550
610.532950
610.538000
610.540350
610.545850
610.552700
610.557850
610.560950
610.565700
610.572550
610.577750
610.580750
610.585450
610.592600
610.597750
610.605700
610.612650
610.617900
610.625350
610.632500
610.637700
610.640650
610.645550
610.652750
610.657950
610.660500
610.665600
610.672450
610.677350
610.681000
610.685900
610.692550
610.698050
610.705400
610.712550
610.717800
610.720550
610.725400
610.732450
610.737600
610.740500
610.745350
610.752650
610.757600
610.760550
610.765350
610.772300
610.778500
610.785300
610.792450
610.797900
610.800900
610.805250
610.812400
610.817550
610.820550
610.825150
610.832400
610.837700
610.840550
610.845500
610.852300
610.857700
610.859800
610.865400
610.872500
610.877750
610.880100
610.885550
610.892500
610.897400
610.900500
610.905300
610.912550
610.917450
610.925450
610.932200
610.937500
610.939800
610.945250
610.952250
610.957600
610.960050
610.965400
610.972600
610.977750
610.980650
610.985200
610.992200
610.997200
611.005150
611.012300
611.017150
611.020300
611.025400
611.032350
611.037250
611.040500
611.045300
611.052250
611.057700
611.060450
611.065000
611.072250
611.077250
611.079400
611.092250
611.097350
611.099900
611.105200
611.112150
611.117100
611.120300
611.125150
611.132200
611.137400
611.140100
611.145050
611.152150
611.157150
611.159200
611.165250
611.172250
611.177350
611.179900
611.185300
611.191950
611.197500
611.205150
611.212250
611.217500
611.220150
611.225100
611.237200
611.240200
611.245100
611.252100
611.257000
611.259550
611.265000
611.272100
611.277100
611.279300
611.285000
611.292050
611.297150
611.300200
611.305050
611.312250
611.317300
611.320150
611.332000
611.337050
611.339200
611.345100
611.352050
611.357350
611.359950
611.364800
611.371950
611.376850
611.378900
611.384700
611.391850
611.396850
611.400150
611.404700
611.412100
611.416800
611.424800
611.431800
611.436850
611.440150
611.444850
611.451900
611.456950
611.460000
611.464850
611.471850
611.476800
611.479150
611.484750
611.491900
611.497150
611.499400
611.504950
611.511750
611.517300
611.524850
611.532000
611.536900
611.540100
611.544650
611.551900
611.556550
611.558650
611.565050
611.571900
611.576850
611.580000
611.584600
611.591700
611.596800
611.600000
611.604550
611.611800
611.617100
611.624650
611.631600
611.636850
611.639350
611.644950
611.651650
611.656700
611.660500
611.664600
611.671600
611.676600
611.678850
611.684500
611.691700
611.696700
611.699500
611.704550
611.711750
611.716650
611.718700
611.724500
611.731750
611.736700
611.740000
611.744700
611.751700
611.756900
611.759200
611.764500
611.771750
611.777150
611.779750
611.784300
611.791550
611.796850
611.799850
611.804700
611.811600
611.816600
611.820050
611.824500
611.831500
611.836850
611.839600
611.844750
611.851650
611.857050
611.859550
611.864650
611.871600
611.876400
611.878550
611.884750
611.891800
611.896650
611.898850
611.904450
611.911650
611.916950
611.919000
611.924200
611.931600
611.936800
611.939900
611.944250
611.951500
611.956850
611.959350
611.964450
611.971600
611.976350
611.978500
611.984450
611.991450
611.996350
612.000050
612.004500
612.011450
612.016300
612.019750
612.024500
612.031550
612.036500
612.038600
612.044250
612.051350
612.056550
612.059550
612.064650
612.071500
612.076850
612.079850
612.084250
612.091400
612.096450
612.099650
612.104650
612.111400
612.116550
612.118850
612.124300
612.131550
612.136800
612.139550
612.144450
612.151400
612.156600
612.159500
612.164550
612.171300
612.176400
612.179750
612.184350
612.191400
612.196250
612.198800
612.204450
612.211400
612.216500
612.218600
612.224300
612.231350
612.236550
612.239450
612.244600
612.251400
612.256400
612.259750
612.264500
612.271500
612.276350
612.279200
612.284300
612.291200
612.296200
612.304150
612.311500
612.316550
612.324050
612.331300
612.336400
612.339400
612.344450
612.351200
612.356500
612.364350
612.371400
612.376550
612.379400
612.384350
612.391250
612.396050
612.398850
612.404250
612.411150
612.416150
612.418750
612.424050
612.431200
612.436100
612.438400
612.443950
