10.203350
10.214200
10.222100
10.227050
10.231250
10.309850
10.459300
10.622200
14.219800
14.223800
14.230350
14.250650
15.539000
15.543500
15.550950
15.579400
27.276650
27.279400
27.291150
27.297750
27.312600
27.324600
27.435850
28.333000
34.467650
34.475800
34.781500
34.792100
34.800950
34.816450
35.070300
35.080850
35.945050
40.951950
40.956150
40.962100
40.970150
40.982550
42.286200
42.292550
42.299500
42.307350
42.323500
44.540250
47.568300
48.679200
48.683950
49.625300
50.902000
50.948250
50.952700
50.959450
50.962100
50.974200
52.954750
53.793850
53.798850
53.808650
53.826850
53.844000
56.147200
56.151600
56.172700
56.387200
56.400100
58.081000
58.085900
58.104950
59.833500
59.838050
59.865350
59.897950
65.049450
66.048750
66.053000
66.070000
67.530750
67.535650
67.544800
77.217950
80.119950
85.296600
85.420600
87.605850
87.637850
89.960100
89.964150
89.976200
89.985250
90.012700
92.426450
92.442350
92.446800
92.453500
92.504550
94.301800
95.152250
95.166750
95.182300
95.416350
95.422300
95.479600
95.484900
96.908300
96.925300
96.937950
96.942150
96.948350
97.679150
97.700000
97.708550
98.198050
98.228300
99.087050
99.104350
99.128500
99.586250
99.599050
99.606800
101.259950
101.262600
101.304150
101.308450
101.310750
101.315150
101.329750
101.339200
101.347750
102.389950
102.396600
102.400650
102.403150
105.783500
105.805550
105.810250
106.091100
106.340500
106.345550
109.102400
109.104850
109.119100
109.128150
109.456700
110.020250
110.207200
110.451050
110.453650
110.463050
111.403150
111.418300
111.455350
111.460650
111.924200
111.929750
111.940350
111.954400
118.370800
118.376650
118.382900
118.390500
119.046800
120.409750
120.412200
120.424050
120.428550
121.733900
121.759000
122.498000
122.514950
122.518300
123.002850
123.007800
123.014550
123.022300
123.040550
123.354900
123.363550
123.418600
123.426100
123.440450
123.462750
123.952700
125.996150
125.998650
126.029650
126.082850
126.087050
126.107100
126.133050
126.158550
127.332950
127.420450
127.424800
127.431950
127.451350
127.521050
127.548000
127.569150
127.598600
127.601600
127.674250
127.692400
129.162350
129.280050
129.301850
129.351050
129.376150
130.363400
130.367450
130.372550
130.390950
130.398000
130.404600
130.413000
130.660100
130.676300
132.101000
132.106700
132.310750
133.615400
133.623950
134.250650
134.255250
134.264200
134.316850
134.843450
134.881350
134.923100
135.885700
137.693850
137.710700
137.715250
138.463000
138.878450
138.882800
138.911350
138.958200
139.453100
139.458500
139.467200
141.549050
141.553350
141.567200
141.594150
142.970350
142.989450
143.643050
143.649150
143.653700
143.659700
143.669850
143.716150
143.890250
143.905600
143.915950
145.209100
145.213400
145.219300
145.229400
145.249300
146.014700
146.039650
146.048600
147.764500
148.390400
148.437400
148.515850
148.520250
148.718200
148.732650
149.451000
149.455750
150.146500
150.167350
151.107600
151.238650
151.251750
151.257000
151.262400
151.268850
151.286700
152.102150
152.878100
152.894850
152.899200
153.816950
154.591200
154.594600
154.598450
154.602800
154.624450
154.781850
154.803200
154.811250
154.818050
154.846350
155.406250
155.873100
157.247200
158.039050
158.257500
158.350400
158.354350
158.359700
158.365800
158.373250
158.380350
158.441050
158.813650
161.016500
161.026450
161.048250
161.072650
162.407450
162.413800
162.900800
162.916900
162.921200
162.927050
162.933900
162.941000
162.952600
162.980600
162.983650
162.986800
162.990150
162.994300
164.556800
164.905000
164.978300
165.581250
165.586500
165.601650
166.433450
166.445900
166.892550
166.897150
166.905650
166.935600
166.985550
167.605500
167.615250
167.730750
167.735300
167.742450
167.751500
168.935450
169.444800
170.044000
170.055350
170.062900
171.512950
171.639950
171.657250
171.665050
171.684600
171.712750
173.442350
173.447550
173.450650
173.457800
174.362400
174.366450
174.372000
174.378100
174.384700
175.130900
175.136750
175.952250
175.956150
175.958250
175.986400
175.994100
176.003750
176.005800
176.008500
176.013350
176.022850
176.600250
177.387750
177.393300
177.408950
177.426600
178.090500
178.691650
178.695800
178.698900
178.701300
178.719500
179.828500
179.844700
180.177700
181.050950
181.180050
181.184750
181.719100
182.445100
182.449650
182.482550
182.880350
183.018500
183.024300
183.928350
184.737100
185.241950
185.258900
185.263550
185.273900
186.537050
186.860150
186.864900
187.178250
187.190300
187.198250
187.926350
188.600550
188.604800
188.617650
188.625550
188.641850
188.657350
188.800250
188.802900
190.990950
191.008300
191.049750
191.054050
191.066350
191.074300
191.787100
191.940900
192.730650
193.159650
193.180800
193.186100
194.474500
194.490800
195.001950
195.632900
195.637350
195.671300
196.491500
196.519150
196.524400
197.022700
197.240600
197.246950
198.136900
198.142100
198.389400
198.802250
199.536250
200.281600
200.863350
200.894650
200.917300
201.066200
201.311600
202.158250
202.275900
203.107250
203.109850
203.704000
203.709450
204.213000
204.217400
205.082600
205.506850
205.519550
205.526200
205.876800
206.236050
206.241450
207.780700
207.785100
207.810750
207.843750
207.881700
208.519800
208.532900
208.545450
208.549850
208.556900
208.571300
208.591300
208.613800
208.617050
208.620300
208.623900
208.628550
209.056150
209.077350
210.711900
211.214700
211.986200
212.325400
212.328800
212.336400
212.348600
212.352600
212.354800
212.361050
213.330700
213.395350
213.435150
213.466500
213.500000
214.252950
217.422250
217.568050
218.221450
218.796300
218.801550
218.859350
219.289050
219.308100
219.313150
219.322350
219.345200
219.360250
220.102650
221.040850
221.044500
221.105450
221.112300
221.129950
221.134650
221.138100
221.140700
221.157700
221.647050
221.839650
224.047300
224.553850
224.558500
224.570700
224.966500
224.971000
224.976300
225.396500
225.433400
225.452450
227.786500
227.811300
228.094250
228.136800
229.243700
229.910850
229.915300
229.921400
230.058750
231.248050
231.267150
231.300150
231.825550
231.830150
231.838250
231.852900
231.870350
232.011050
232.070850
232.086250
232.096800
232.704150
232.713050
233.660500
233.795950
233.807200
233.832300
234.560750
235.321750
236.600100
236.987400
237.074700
237.079450
237.124450
237.130950
237.146800
238.320100
239.986500
239.990550
240.036450
240.883000
241.185850
241.217750
242.828100
242.833450
243.072950
243.469050
243.481150
243.486400
243.496850
243.513000
243.994150
244.272200
244.328650
244.520000
244.525400
244.566500
244.733450
245.864800
246.039350
246.143400
246.182300
246.185600
246.187700
246.192350
246.197300
246.209050
246.416150
246.434200
246.446450
246.450500
247.944000
249.272600
249.361950
249.378000
250.620300
250.640500
252.258200
252.298550
252.933450
252.939050
252.961350
254.422650
254.474100
254.487050
254.742450
255.236200
255.852550
257.903800
257.918150
257.920650
257.971100
257.974350
257.977950
257.981750
259.211500
259.750000
259.967950
260.608000
260.610300
260.614900
260.623900
260.639950
260.652850
260.676050
260.754250
260.761050
260.792050
260.818850
261.186150
261.245500
261.372800
262.125650
262.407050
262.489350
262.503000
262.789850
262.796150
263.793750
264.722300
264.749250
264.763550
265.162700
265.602550
266.217450
266.223450
266.236700
266.250850
266.275150
266.424800
266.440150
266.886100
268.016100
268.232150
268.257150
268.568150
269.142100
269.539950
271.273250
271.412450
271.414750
271.423350
271.428050
271.435750
271.444800
271.453800
271.469250
271.472550
271.475950
271.479900
272.219450
272.225750
272.232300
272.281300
272.308650
272.606750
272.703050
273.940950
273.944800
273.953850
273.958000
273.970700
274.004250
275.773700
276.024600
276.092900
276.435650
276.461000
276.474400
276.486850
276.494800
276.509150
276.655950
276.663000
276.717050
277.228100
277.440250
277.491050
277.496650
277.502650
278.024950
278.512500
278.617100
278.670200
278.676200
279.088500
279.093900
279.124650
279.138900
279.645600
280.099950
280.418550
280.423150
281.006100
281.245000
281.364550
282.026750
282.085550
282.368800
282.380450
282.386700
282.394800
282.574200
282.576800
282.608200
283.214500
284.265350
285.457750
285.474350
285.514200
285.560700
285.567600
285.582350
285.590850
285.601050
286.172450
288.157000
288.161350
288.168000
288.226200
288.793000
288.799150
288.914200
288.938450
289.568350
289.573650
291.207250
292.127550
293.402550
293.408100
293.669550
293.675200
293.684150
294.538850
294.552000
294.585450
294.600600
295.265950
295.296700
295.316900
295.455750
295.459900
295.462000
295.610450
296.230650
296.236100
296.269250
296.443350
297.594350
298.071250
298.479200
298.483850
298.501800
299.642300
299.644750
299.674400
299.679100
300.135900
300.774850
300.801500
301.348050
302.478550
302.483050
302.489600
302.497050
303.260500
303.623900
303.744800
304.136650
304.921700
305.575300
305.579700
305.585100
305.639550
305.680000
305.725900
305.790500
305.810100
307.100050
307.256200
307.260950
307.270550
307.297100
307.327650
307.890400
308.382600
308.385100
308.404850
308.442250
308.562500
308.571050
309.068600
309.841400
309.846300
311.065100
311.389500
311.395800
312.305850
313.248050
313.253650
313.276950
313.286100
313.300950
313.475800
313.482450
313.738600
313.749450
313.759000
313.765100
314.042850
314.047500
314.055450
314.073650
314.116850
314.284100
314.464300
314.779850
315.295600
315.318300
315.831650
315.857850
316.299350
316.328850
316.696800
317.602100
319.002700
319.405300
319.409750
319.838700
319.996600
320.016100
320.020550
320.028100
320.041250
320.045200
320.050200
320.177100
320.237050
320.498000
320.699600
320.787650
321.466650
321.632500
321.657400
322.123800
322.143700
322.189500
322.224450
322.582800
322.695600
323.686250
323.691050
324.367300
324.371750
324.387500
326.770050
326.823300
326.888850
327.577650
327.590900
327.595800
328.233250
328.391550
328.428900
328.533600
328.552350
328.569150
328.595700
329.927100
329.931250
329.947000
329.956700
330.263550
330.474350
330.816000
330.819150
330.830700
331.498150
331.922700
333.688850
334.754550
334.825050
335.776500
335.781850
335.817700
335.999900
336.002200
336.005500
336.007950
336.023250
336.034450
337.268850
337.885150
337.895650
337.991100
337.994800
338.002550
338.015450
338.018900
338.022450
338.026250
338.035900
338.048450
338.056200
338.140150
338.537350
338.565200
338.573100
338.666850
339.566950
340.206400
340.211500
340.239500
340.252850
340.706150
340.887200
340.889600
342.011900
342.018250
342.449300
342.584300
342.692750
342.987350
343.118500
343.920050
343.993450
344.300850
344.619500
344.626950
344.929650
345.791300
345.826750
345.852000
346.072550
346.106150
346.178650
346.185450
346.193100
346.205900
346.209050
348.800450
349.254500
349.259450
349.345500
349.369700
349.407450
350.392650
350.503750
350.559400
350.581450
350.586650
350.594400
351.002550
352.465000
352.967750
352.973350
352.977750
353.011000
353.140050
353.187700
353.234350
354.291250
354.644100
354.662850
354.667850
354.887900
354.894650
354.973200
354.976300
354.979600
354.991750
355.402350
356.397350
356.399700
356.405300
357.384650
357.417550
357.455500
357.459050
357.463050
357.467400
357.775750
357.780700
358.571200
358.604300
358.609150
359.590050
359.594300
359.739200
360.398300
360.786100
360.820900
360.836550
361.050700
361.059450
361.763500
361.820150
361.824950
362.083050
362.089350
362.105950
362.146300
363.700000
363.705500
364.232350
365.382200
365.384750
365.389100
365.395850
366.580450
366.583000
367.052500
367.245600
367.469850
367.514800
368.302550
368.732650
369.303050
370.260300
370.265050
370.290450
370.899150
370.904900
372.431500
372.583100
373.792950
373.798400
373.806350
373.842950
374.316400
374.873700
374.977600
375.512300
375.524450
376.194400
376.199300
376.904950
377.310450
377.503150
377.534550
377.543100
377.568000
377.572550
377.576900
377.589400
377.600400
377.613850
378.328600
378.401700
378.419550
378.546300
378.560150
378.871150
380.377600
380.898400
381.442550
382.031700
382.835450
382.841050
383.313100
383.318450
383.354950
385.375700
385.744300
385.781950
386.193100
386.233850
386.352300
386.379450
386.430100
388.726350
388.749750
390.322250
390.332400
390.334750
390.891800
390.910150
390.914150
391.425200
391.521550
391.532250
393.600500
393.646850
394.371700
394.376400
394.389250
394.411900
394.968500
394.974600
395.031450
395.476850
395.810250
396.186600
396.200050
396.663650
396.670000
398.078600
398.163600
398.519400
398.536150
398.541850
400.269750
400.692850
400.696850
400.724650
402.278200
402.281650
403.862400
403.868350
403.906550
404.260700
404.275450
405.803450
405.826650
405.831200
405.842150
405.946350
405.981550
406.140400
406.636350
407.590900
408.217850
408.257400
408.262050
408.274250
408.292800
408.692150
409.538150
409.542950
411.529450
411.542250
411.547750
411.550200
411.577200
411.580800
411.584350
411.589700
411.594100
412.624350
412.957800
413.007250
413.581250
414.993850
415.435600
415.835700
415.839050
415.860050
416.491000
416.503500
416.710600
419.060400
419.064950
419.071000
419.089400
420.189100
420.194400
420.395050
420.402300
420.421250
420.439500
420.589050
420.597000
420.602550
420.605900
420.628350
420.631250
420.650300
420.947450
420.954950
420.961150
422.352200
423.123000
423.149800
423.435800
423.445000
423.906900
423.912500
424.147300
424.989700
425.039100
425.057450
427.326200
427.753750
427.759400
428.546000
428.551000
428.567050
428.578900
428.599350
429.331200
430.000400
430.049050
430.850050
431.272050
431.284550
431.450800
431.468350
432.068500
433.656650
433.671750
433.675950
433.680400
433.688550
435.173550
435.178500
435.207650
435.258400
435.262000
435.267250
437.175950
437.188700
438.115400
438.126550
439.134700
439.139750
439.155700
439.173400
439.223200
439.978100
440.342200
441.438050
441.647350
441.652200
441.678150
441.694900
442.356350
442.378450
442.383750
443.038250
443.043650
443.361450
444.161500
444.893750
444.899300
444.958550
445.246650
445.251000
445.255950
446.415050
447.324500
447.345600
448.204300
448.634300
448.638700
448.646850
448.784550
449.677900
449.754500
450.568700
450.574150
450.578750
450.586500
450.609800
453.212900
453.218950
453.227400
453.234550
455.035400
455.040200
455.401700
455.405450
455.409950
455.415200
455.733000
456.515700
456.968950
456.989900
457.008950
457.014600
458.604200
458.619750
458.633650
458.641700
459.392050
459.410750
459.415800
459.431850
459.447650
460.238250
460.268700
460.317300
461.294900
461.297550
461.747550
462.456250
462.711000
463.173800
463.690750
464.443250
465.184800
466.006350
466.727750
466.733650
467.273700
467.507450
468.769100
468.773350
468.782850
468.785050
468.841150
469.557400
469.566300
469.588500
469.603350
469.625000
469.628450
469.631200
469.634200
470.566800
470.831250
470.836300
470.858550
471.504600
471.516650
472.306550
472.343450
472.350000
472.355500
473.516800
474.147950
474.350150
475.068050
475.072950
475.100950
475.273150
476.222150
476.937350
477.272550
477.513750
480.170300
480.191150
480.677900
481.135650
481.141100
481.295750
481.561150
483.561750
483.567300
484.237300
485.978050
486.671750
487.203900
487.886950
488.088000
488.160500
488.396150
489.014250
489.650400
489.652850
489.655000
489.664100
489.735000
490.240300
490.252650
490.760950
490.772850
490.777600
492.301400
492.321800
493.098150
493.103200
493.112350
493.116900
493.880100
493.885600
493.902950
494.418650
494.630650
494.633700
494.666150
494.682650
495.070300
495.075750
495.080900
496.551100
496.680800
496.686900
496.696800
496.699300
496.707900
497.109250
497.671850
497.676650
497.687350
497.724850
498.159200
498.184450
499.540300
500.281750
500.374750
500.407050
501.319750
501.382800
501.404300
502.115550
502.220100
502.222700
502.732550
502.806850
503.169550
503.173150
503.960200
504.013000
504.983850
504.997850
505.014000
505.419000
506.749650
506.828600
506.832750
506.847700
506.857150
506.952400
507.652850
508.135900
508.141250
508.325500
508.477200
509.249250
509.683100
509.886750
510.325850
510.590800
510.819950
510.850850
510.856200
511.668950
511.686600
511.691850
511.722200
514.577450
514.580550
514.834550
514.839900
515.259800
515.824100
516.930950
516.934300
517.310650
517.317400
517.321250
517.342000
517.368800
517.390850
518.401500
519.340700
519.512250
519.517450
520.539900
520.739700
521.319550
521.583850
521.587600
521.795900
522.942300
523.541100
523.546300
523.553200
523.582600
523.709300
524.343600
525.311200
525.316050
525.735850
525.968200
527.200250
527.210400
530.058300
530.063200
531.059750
531.066350
531.072350
531.721800
532.029250
532.180350
532.211900
532.256400
532.948400
534.451600
534.456600
534.671850
534.950650
535.358500
535.376000
536.171500
536.180350
536.191150
536.486650
536.506250
536.548550
536.986550
537.437050
537.441950
537.464650
538.916100
539.753800
540.299900
540.692750
540.927700
541.216450
541.436400
542.044000
542.094750
542.100300
542.137900
542.573900
542.795800
542.850500
543.471900
544.024600
544.042750
544.210650
544.248150
544.253700
544.262600
544.275850
544.287600
544.677500
545.818300
545.829750
545.940600
545.969150
546.849850
548.018750
548.037350
549.216450
549.827550
550.424400
550.436950
550.757500
551.925100
552.580450
552.595650
552.611800
552.646950
552.777350
552.781600
552.796000
553.117100
553.695900
553.701250
553.718150
554.908950
554.933100
556.344100
557.358600
557.366150
557.371100
557.418300
557.423350
557.461750
557.464850
557.468200
557.471900
557.476100
558.433650
559.035950
559.041450
559.157550
559.160950
561.107350
561.146350
561.341800
561.348100
562.141100
562.426000
563.191850
563.441150
563.445600
563.451650
564.335700
564.405450
565.173700
565.189500
566.590800
567.649050
567.689250
568.173850
568.220700
568.225500
568.235150
568.786850
569.251000
569.264850
569.495900
569.708450
569.710600
569.732250
571.048200
571.053700
571.059500
571.061550
571.911200
571.916150
572.959500
572.962100
573.038050
573.040900
573.045450
573.221650
573.302750
573.436550
573.567700
573.814250
574.705400
574.980150
575.012950
575.320850
576.016300
576.285450
576.308350
576.635550
576.643450
577.069900
577.074600
578.216300
578.221050
578.228600
578.249400
578.255550
578.346150
579.691200
579.696250
579.705350
579.720450
580.278900
580.972150
581.413800
581.625250
582.196850
583.208700
583.223700
583.349200
584.154850
584.185100
593.388600
598.694300
598.709750
603.048950
610.022500
612.841200
612.967900
613.650950
615.071450
615.475300
615.518050
616.171900
616.176400
617.087950
618.240950
618.502150
618.547050
618.871250
619.242600
619.580750
619.639450
619.643400
619.648350
621.669450
621.671950
621.688400
622.646150
622.679600
622.772450
623.101700
623.107950
623.137800
623.729400
624.648050
624.683200
625.012250
625.391500
625.960100
625.987850
626.449400
626.452000
626.640100
626.644200
626.655450
627.287850
627.293350
627.302550
627.365300
627.488350
627.703900
627.830400
628.172600
629.233550
629.237300
629.288450
629.471100
630.511500
630.516650
630.550350
630.557450
630.585150
630.617100
630.892750
631.945100
631.976950
632.013300
632.061600
632.100000
632.105000
632.218250
632.230700
632.752450
632.978800
632.981250
634.259750
634.265150
635.077100
635.093750
635.193800
635.220200
636.168100
636.211000
637.207500
637.272000
637.276650
637.284250
637.409700
638.001800
638.049750
638.053000
638.056150
638.059450
638.063550
638.155800
638.672000
638.677350
638.709300
638.723650
638.740850
638.750700
638.788200
638.791500
638.795600
638.800100
639.103450
639.106000
639.901500
639.907600
639.925200
639.968000
640.647250
641.163350
641.886500
641.907800
642.510950
642.564000
643.600400
643.614950
643.617450
643.635100
644.342400
644.453350
644.468650
645.204900
645.216250
645.532550
645.535350
645.861650
646.901150
648.269400
648.741550
649.677700
649.929750
650.529300
650.532100
650.770950
650.776750
650.792700
650.982400
651.511950
652.365050
652.990700
653.384900
653.484750
653.537450
653.552900
653.677150
653.689750
653.902700
654.697750
655.408700
655.424500
655.444350
655.585750
655.616850
655.803150
655.837050
656.101900
656.108000
656.134450
656.176300
656.237150
656.241700
656.245500
656.249350
656.264150
657.521750
657.528900
657.550800
657.987750
658.075000
658.974350
658.989250
658.994600
659.009250
660.611900
660.652400
660.943600
661.436400
662.126850
662.132100
662.349350
663.102050
663.277700
663.281400
663.556700
663.870150
664.341800
666.175400
666.215850
666.621050
666.646550
666.659100
667.672150
667.682600
667.690650
667.703200
668.194700
668.446900
668.559100
668.566850
668.755850
669.155000
669.491350
669.714250
669.755050
670.334500
671.213900
671.230850
671.578700
671.597750
671.839100
672.353650
672.359000
672.387650
672.417950
672.712400
672.733150
673.418250
673.544400
673.546500
674.570450
675.504800
675.724000
675.736700
675.744250
675.948400
675.954650
676.631450
676.878500
677.948800
678.243050
678.294250
679.182900
680.615300
681.079800
681.672550
682.573600
682.578650
682.586750
682.592950
682.695000
682.698950
682.718650
682.722150
682.725850
682.729500
682.733800
683.180800
683.627450
684.115300
684.132850
684.144550
684.599150
685.287350
685.350000
685.892600
686.843200
686.871450
687.493750
687.548850
687.559350
687.561500
687.640000
688.207100
689.120000
689.255400
690.769400
692.339400
692.719900
692.726950
694.015700
694.701750
694.779700
694.785050
695.307950
695.314600
695.944500
695.949750
696.307000
696.494550
696.500200
697.148650
697.175750
697.971650
698.045000
698.080650
698.105700
698.108950
698.112050
698.115450
698.119250
698.140150
699.091850
699.278100
699.331300
700.328500
700.350800
700.893700
701.400350
701.412050
701.421650
701.780150
701.788550
702.480850
702.817400
702.923100
703.083850
703.170600
703.189250
703.210800
703.801450
703.810600
705.350100
706.779300
707.196350
708.131500
708.717000
708.745600
709.638100
710.678000
711.547750
711.750250
712.052650
712.066550
712.464950
712.478850
712.599000
713.240550
713.242950
713.248600
713.260700
713.272550
713.277100
713.280250
713.283200
713.286450
713.290650
713.807350
714.049250
714.052850
714.056800
714.061400
714.317250
714.325650
715.310900
715.324850
715.332450
715.337150
715.804950
716.061400
716.263900
716.275950
716.308250
717.229500
718.761850
718.826600
718.884050
718.887650
718.892000
719.350500
719.644100
721.590750
723.748050
723.750850
723.759350
723.773900
723.791300
724.950350
724.956300
726.235200
727.634100
727.806550
728.813550
729.413000
729.958250
731.842700
731.847950
732.756050
732.778800
734.982650
735.058600
736.141100
736.704750
736.708600
736.714050
736.723550
738.436400
738.722500
738.753900
738.861150
738.866450
739.779050
741.724250
741.767850
741.774000
742.521100
742.648650
742.897550
742.903650
743.259650
744.387200
744.393450
746.376400
747.347550
747.970400
749.668700
750.270550
751.958900
752.465200
753.050250
753.149800
753.930450
754.421000
754.426300
754.465600
754.597550
754.805400
754.821850
755.197350
755.247450
755.276650
755.285100
755.551900
756.370100
756.894700
756.904000
756.918150
757.027100
757.554350
758.621750
758.646450
758.650350
759.655200
759.749000
759.754450
760.312500
760.872450
760.922650
761.136150
761.167200
761.238700
761.326100
761.412000
762.452600
762.469750
762.473300
762.495000
762.616600
762.890150
762.908800
762.922700
762.943150
763.637900
763.667450
763.700700
763.920400
764.152250
764.798250
765.582950
766.863600
767.114850
767.239750
767.539500
767.570750
769.023200
772.072350
772.074900
772.272900
772.306050
772.310900
774.176500
774.182500
775.729200
777.274250
777.277550
778.368100
778.372700
778.709150
779.606100
779.609500
779.635600
780.519700
780.522900
780.531250
780.570550
780.897700
780.902750
780.911600
781.480650
782.169500
782.328050
782.688850
782.696100
783.182600
784.464250
786.678850
786.683700
786.688250
786.692050
786.713900
786.763500
786.815400
787.573850
787.834100
788.988850
789.617350
789.622350
789.638300
789.646750
792.111450
792.140450
792.204350
792.768800
792.819850
793.922900
793.949500
794.872300
795.131200
795.134250
795.784900
795.806000
796.263050
796.325500
796.977650
797.352450
798.618850
798.637550
800.346350
800.363500
801.205050
802.886150
803.450250
803.457400
804.498800
804.502300
804.507700
804.521300
804.528650
805.233100
805.512400
809.158200
810.074150
810.785050
810.790450
810.829550
813.376800
813.381300
813.519450
814.659450
815.048000
815.992600
816.475950
816.478600
816.746400
816.981200
817.001750
818.880700
819.208200
819.502350
819.723800
820.835350
820.839850
820.878600
820.890150
820.915200
822.935350
822.950450
824.423850
824.540850
824.556700
824.699250
824.736900
824.917400
825.575400
825.940900
825.959950
826.081750
826.323400
827.450350
827.664650
829.751650
830.708850
831.303150
831.306000
831.310800
831.313650
831.329400
831.403150
831.854850
832.410100
832.426200
832.438150
833.910550
833.919700
833.937700
834.430800
834.641200
834.824450
835.954150
836.095200
836.101400
836.394250
836.647950
836.650850
836.657400
836.768300
837.760050
837.785550
837.806300
837.811250
837.878800
838.338550
838.519900
838.881000
839.114900
839.955650
840.191450
840.252300
840.282250
840.293250
840.295300
840.300750
840.304600
840.887150
842.250300
842.283650
842.328300
843.055000
843.794800
844.745050
844.757000
844.766250
844.771000
844.784450
846.259000
847.566300
847.571200
847.586300
847.598150
847.611300
847.788500
847.798500
847.813300
847.825950
848.365950
848.379050
849.252450
849.660850
850.147250
850.476900
850.493050
850.496300
851.189300
851.639450
851.644800
852.247150
853.004650
853.110900
854.008400
854.047550
854.050950
854.054650
854.058950
854.064700
854.428700
855.440950
857.246900
857.389450
857.454300
857.599900
858.144300
858.300150
859.483200
859.486350
859.489950
859.493550
859.878650
859.954500
860.954900
861.712750
861.898200
864.187050
864.377100
864.382900
864.935300
866.100150
866.963600
867.172100
867.177200
867.939100
867.943950
867.952100
868.977800
870.741850
871.057000
871.342750
871.347850
872.068500
872.915600
874.157300
874.779150
874.816350
875.278800
875.361400
875.414050
876.781150
876.800650
877.457600
877.814600
878.460500
879.843300
880.445200
880.716450
880.757350
880.766200
882.576450
882.738900
883.066500
883.822900
885.695150
885.814500
885.836550
885.842450
885.897250
886.363950
886.513950
887.177250
887.595350
887.600850
889.626800
889.904450
890.215050
890.227600
890.248750
890.995800
891.927250
891.998450
892.004750
893.471850
893.663550
893.671800
894.024850
894.835950
894.867950
895.148750
896.142350
897.721350
897.726950
899.167800
899.377950
899.386550
899.531200
900.964400
901.873100
901.887250
901.891600
901.899050
901.906700
901.955550
902.049200
902.053750
902.077100
903.566250
903.570900
903.576450
904.236700
904.608250
905.155650
905.226500
905.707100
905.849600
905.939750
906.051800
907.442400
907.601600
907.629500
907.641450
907.645400
907.653500
908.600950
909.959250
910.453950
910.920450
912.837600
915.146500
915.801900
916.206200
916.426050
916.428700
918.125650
919.742050
919.754800
919.800350
919.931750
920.773300
921.550550
921.563800
921.576500
922.772050
925.048400
926.779550
927.638450
927.696250
929.133950
929.617350
929.925850
929.928450
930.032600
930.048650
930.648450
931.103550
931.444950
931.492800
932.007900
932.660300
932.844450
934.211650
934.750300
935.153700
937.785550
938.861200
938.866250
938.884250
938.887450
938.890750
938.894300
938.899300
939.224400
939.282700
939.790350
941.853750
941.937150
942.037550
942.041150
942.044900
942.760950
943.057500
943.323250
943.452600
943.503150
945.384150
947.853400
950.130100
950.136150
950.447250
950.890700
951.788700
951.892000
951.905450
952.212750
952.910500
953.521250
953.985050
953.987850
954.131200
954.440250
954.625250
954.822550
954.864850
954.933000
955.119950
955.830550
955.850200
957.231900
958.770050
958.782950
959.009250
959.014550
959.327900
959.332750
959.339150
961.179650
962.739800
963.405000
963.572500
964.800150
966.158050
966.536900
966.673750
968.051150
968.259750
968.264700
968.307450
968.477850
968.577550
968.585800
968.879200
970.959300
972.093950
972.279850
972.298450
973.628250
973.633600
974.257400
975.632800
975.686950
975.689450
975.705400
976.596050
977.795700
977.811350
979.242250
979.395700
979.435100
979.668750
979.671450
979.673600
979.714450
980.130850
980.135400
980.141550
980.149150
980.157650
980.654750
980.737700
981.042700
981.051300
981.069950
981.099700
981.716700
981.878350
981.889750
984.994650
985.624650
988.121250
988.123650
988.139200
988.566650
989.471950
989.747400
989.776750
991.022950
991.390650
991.414100
991.430650
991.486700
992.732850
993.391750
994.200600
994.423750
995.260700
995.291100
995.296100
995.791950
996.564250
997.929650
999.270000
1000.246750
1000.692750
1000.814500
1001.385650
1002.643200
1002.655800
1002.660300
1002.666400
1002.698950
1003.375050
1004.533700
1004.991250
1005.041200
1005.484450
1005.501950
1005.833850
1005.857250
1005.886600
1006.424550
1006.623600
1007.568700
1007.814800
1008.513250
1009.085750
1009.406800
1009.499300
1010.927350
1010.998850
1012.735000
1012.754650
1012.766250
1013.356750
1015.241950
1015.665200
1016.489900
1016.631750
1016.675500
1017.171900
1017.567200
1017.723450
1018.192450
1018.596050
1018.952550
1019.020000
1019.039800
1019.138150
1019.293700
1019.967450
1020.061600
1020.916100
1021.462400
1021.744300
1021.760800
1021.766800
1021.795050
1022.036150
1022.180800
1022.229950
1022.244150
1023.005950
1025.315350
1026.989050
1027.744450
1029.315600
1029.317800
1029.320550
1029.334650
1030.920150
1030.925250
1031.024550
