5.252350
5.395850
10.294200
10.393750
10.430550
10.467700
10.498350
10.609700
10.661550
10.734550
10.959050
11.162700
11.279150
11.350750
11.870200
12.105500
12.901800
13.021350
27.602800
29.122700
31.384450
33.163950
33.370150
33.549650
34.183050
35.369600
35.615100
36.392550
37.052100
39.228450
39.513150
39.743600
42.005300
42.424050
44.669300
45.940850
46.546050
47.130200
49.222850
50.071950
51.822250
53.030250
53.574600
53.844100
54.098750
54.139600
54.387450
54.824700
55.167150
55.434950
56.279750
56.940500
57.135050
57.688700
58.090350
59.329250
59.651700
60.363600
61.408800
61.478700
61.646250
62.195000
62.200300
62.205650
62.702200
62.708700
63.297700
64.154500
64.907300
65.973650
66.878300
66.883350
66.966850
69.461000
69.465300
75.300600
76.119500
82.195500
82.615550
82.773100
86.096100
88.330450
89.053350
89.714250
89.762350
90.439100
91.866750
91.958050
92.666600
92.676850
92.851050
92.855200
94.338850
95.277050
95.339650
95.345500
95.723650
96.024500
96.272400
96.276900
97.331900
98.452200
98.466300
98.472700
99.267300
99.275300
99.809200
99.961350
99.966800
100.023900
100.143150
101.272750
101.284650
101.482750
101.487400
102.005350
102.099200
102.892500
102.910300
103.306500
104.848000
104.853850
105.218150
105.817700
105.917950
106.141950
106.146400
106.181600
106.847150
106.872650
108.046200
108.101150
108.202800
108.836650
108.932250
109.606750
109.612050
110.195000
110.267950
110.638800
110.643800
110.889300
110.980900
111.198250
111.587200
112.375750
112.689500
112.696150
113.149600
113.884700
114.921500
115.576000
117.114600
117.541900
118.439000
118.656250
119.002900
119.656900
119.796350
119.856350
119.864100
119.942000
120.447600
120.673650
120.744650
121.555750
121.560250
121.944750
121.950000
122.866750
123.399400
123.596350
124.296900
124.301550
124.672000
124.810250
124.815850
126.276400
126.338550
126.347750
126.519350
126.646800
127.453400
127.790150
128.353600
128.359650
128.405100
129.137800
129.564550
129.571950
129.642700
129.867650
130.649700
130.905500
131.010000
131.038350
131.891300
132.340500
133.234100
133.903950
133.908950
133.979600
134.273750
134.482950
135.648600
135.653600
136.259500
136.263750
136.535400
136.540300
136.943450
137.081700
137.085950
137.512050
138.065700
138.269850
138.279600
138.322850
138.606650
138.611700
140.273050
140.827300
141.776550
141.804350
142.208350
142.534450
142.800350
142.815400
143.303800
143.394300
143.850750
144.384100
144.541250
144.734300
144.740650
145.558200
146.389300
146.407500
146.465500
147.649400
148.102050
148.106350
148.251000
148.590900
148.620000
148.840900
150.042350
150.394600
150.747200
151.536000
152.410850
152.451500
153.705650
154.298650
154.306150
156.272800
156.886550
156.890900
157.723100
157.746000
157.750050
158.726500
159.868250
159.903800
160.325500
160.737650
161.318450
161.349700
161.417250
162.031350
162.209950
162.216500
162.580000
162.583800
162.589400
162.625550
162.752700
162.800300
163.721400
163.931500
163.936050
163.990100
164.041400
164.630800
164.677750
164.741950
164.746700
165.170350
165.210150
165.943450
165.948050
166.270300
166.634850
166.672950
166.922250
166.927600
167.069400
167.086450
167.611200
167.638950
167.936950
167.974300
169.244750
169.249100
169.271300
169.635550
170.443050
170.534000
170.539850
171.148750
171.153300
171.831200
171.863650
171.869150
172.242050
172.588000
172.643550
174.100900
174.106350
174.121150
174.149850
174.173900
174.313100
175.003400
175.075900
175.562100
176.211150
176.216850
176.258700
176.896200
177.198250
177.357750
177.749350
177.835500
177.884800
177.897400
177.931550
178.029050
178.328100
178.824500
178.861900
179.140050
179.269750
179.818000
180.311400
180.330400
180.352350
180.853400
181.471400
181.756050
181.981550
181.986650
182.184100
182.637650
182.661750
182.700700
183.006550
183.106650
183.418700
183.774000
184.127700
184.179900
184.419800
185.277350
185.398750
185.403400
186.105100
186.109950
186.987250
187.152550
187.156900
187.291250
188.130800
188.160750
188.521550
188.526350
188.799000
189.104650
190.114300
190.119750
190.559750
190.776550
191.200950
191.989650
192.067750
193.090400
193.358000
193.502850
193.902000
194.730650
194.734700
194.763250
194.849250
195.104650
195.119800
195.128500
195.528200
195.533700
195.550050
196.050950
196.256800
196.952550
196.957400
197.334700
197.460450
197.465450
197.609900
197.913900
198.764600
198.768700
198.829550
199.061700
199.242800
199.461550
199.953300
199.957650
200.469150
200.492700
200.726250
201.739050
201.799700
201.922650
201.971850
202.032600
202.888050
203.863200
203.869000
204.429950
204.439600
204.626300
204.697150
205.417000
205.421500
205.442900
206.000400
206.092400
206.419400
206.662600
207.148450
207.158050
207.168550
207.229300
207.691300
208.338550
208.559550
208.823400
209.012150
209.503850
209.508400
209.577250
210.161400
210.165650
210.333300
210.362200
210.510050
210.945400
210.956300
211.050750
211.055800
211.091650
211.531500
211.547050
211.621100
211.880550
211.974850
212.449400
212.453900
212.567100
213.712900
213.967650
214.419750
214.430050
214.916850
214.921650
215.787600
216.717650
217.048550
217.104300
217.332900
217.606750
217.612150
217.664750
218.365950
218.401300
219.153100
219.157200
219.186500
219.191800
219.525550
220.299450
220.723650
220.962500
221.093750
221.315950
221.326500
221.395000
221.985150
222.022350
222.769800
222.937350
223.017550
223.073950
223.078550
224.681900
224.686400
224.698100
224.934050
225.166700
225.210100
225.888500
225.894600
226.205600
227.288950
227.294100
227.337700
228.256100
228.370300
228.375250
228.679800
228.722850
228.911300
228.915600
228.920900
228.925450
228.935600
229.182450
229.194200
229.715400
230.502500
230.581700
230.732000
232.201900
232.233650
232.419650
232.712900
232.816900
232.859450
232.906250
233.552000
233.910000
233.976150
234.173400
234.459800
234.732150
235.058100
235.062650
235.394750
235.594850
236.377400
236.382850
236.896400
237.309250
237.573800
238.195700
238.203050
238.220200
238.283900
238.289700
238.463850
238.543400
239.217350
239.867600
240.177100
240.710950
241.872050
241.910200
242.355200
242.542700
242.547850
242.954450
243.633150
243.639650
244.395650
244.400100
244.432450
244.878200
245.085850
245.201900
245.482950
245.487950
245.943550
245.980850
246.364600
246.579100
246.585450
246.739400
247.150650
247.505100
247.511450
248.053900
248.058150
248.156900
248.392150
248.737350
249.093450
249.300800
249.520350
249.877200
250.145200
250.335200
250.361050
250.442900
250.531300
250.541250
250.989450
251.300800
251.360300
251.376050
251.739200
251.755850
251.761100
251.968900
252.003050
252.316350
252.864850
252.870000
252.904950
253.044400
253.320350
253.525100
253.877750
254.327300
254.357750
254.861300
254.895550
255.133200
255.410000
255.431050
255.444550
255.643350
255.817100
256.295850
256.556200
256.562050
256.659000
257.584300
258.078000
258.084950
258.237250
258.679500
259.402700
259.502350
260.304000
260.554200
260.964100
260.999100
261.005300
261.438350
261.464300
261.663200
261.860350
261.939600
262.948950
263.003600
263.501150
263.614050
263.954500
263.987100
264.367700
264.836650
265.086750
265.284350
266.404500
266.888350
267.388000
268.299650
268.317600
268.529400
268.775650
268.809450
269.440750
269.578700
269.583750
269.933150
269.939100
270.201750
270.453350
270.639650
271.033000
271.703450
271.915450
271.970500
272.806650
272.816550
273.972350
274.243600
274.274500
274.349600
274.999100
275.645050
275.660950
276.045850
276.486550
276.816700
276.822050
276.873600
276.880400
277.525950
277.670450
277.713800
277.764350
278.241800
278.798050
279.165850
279.170750
279.840250
279.863800
279.896400
280.092100
280.096500
280.593650
281.388650
281.392800
281.535850
281.580600
281.656650
282.782350
282.875150
283.072300
283.168750
283.170950
283.174300
283.528600
284.230150
284.772050
284.777200
284.825400
285.100250
285.699400
285.736450
285.755450
285.993100
286.847000
286.867450
286.871750
286.919050
286.958550
287.775600
287.779900
287.819300
287.991100
288.407100
288.832200
288.840700
288.999600
289.841650
289.846550
289.852900
290.324150
290.329050
290.782200
291.389500
291.800000
291.805450
291.891450
293.182000
293.481350
293.751700
294.392900
294.398000
294.430100
294.826200
295.566450
296.042700
296.348850
296.391600
297.021950
297.151650
297.534650
297.785350
297.825650
298.367100
298.372100
298.387100
298.420000
299.951050
300.414950
300.440750
300.807950
300.980550
301.157450
301.613100
301.820450
301.861200
301.865600
302.232500
302.670850
302.676250
303.166400
303.536550
303.572000
303.576600
304.035700
304.397800
304.476500
305.145950
305.365450
305.790400
306.160300
307.033300
307.557500
307.568650
307.593700
307.637550
308.242350
308.461650
308.507600
308.830000
308.892500
309.337700
309.879100
310.375250
311.000550
311.172800
311.662550
311.748400
311.979950
311.989200
312.029500
312.497750
312.533950
312.786300
312.881100
313.961400
314.437950
315.116250
315.329600
315.430550
315.436650
315.685350
315.690200
315.880100
316.281000
316.460450
317.210400
317.349550
317.377150
317.526900
317.746100
317.802400
318.660850
318.665800
318.997750
319.002000
319.205350
319.252900
319.619850
319.646800
320.009700
320.037100
320.161100
320.192350
321.039600
321.309200
321.314400
321.768500
321.807950
322.301450
322.524350
322.529150
322.995600
323.196300
323.827600
323.868800
324.371600
324.509800
324.551350
324.597650
324.602500
325.492850
326.354150
326.390550
326.787500
327.106900
327.264600
327.903500
327.914850
328.161900
328.185150
328.323850
328.600700
328.604900
328.955100
329.001850
329.106250
329.845950
330.133650
330.139000
331.132400
331.466150
331.486850
331.509750
332.111500
332.443100
332.450350
332.472450
332.801500
332.806700
333.253900
333.259800
334.471650
334.607600
334.668000
335.068600
335.426300
336.176550
336.206600
336.229600
336.327600
336.429050
336.441000
336.564950
338.393800
339.295500
339.486350
340.084350
340.425250
340.596700
340.955550
341.316250
342.339750
342.393300
343.170750
343.235450
343.811050
344.238050
344.285550
344.552200
344.738300
344.876800
344.896200
344.961650
346.484350
346.516700
346.527550
346.588250
346.864500
346.885050
347.612150
347.645500
347.840600
347.918900
347.997550
348.475200
349.031800
349.036400
349.588000
349.627050
349.778100
349.783050
349.984100
350.152450
350.166750
350.189200
350.370500
351.174600
352.616100
353.044850
354.183450
354.455050
354.467150
354.574350
355.275300
355.321750
355.355950
355.416050
355.887150
356.775700
357.439000
357.587500
357.593200
357.629800
357.861550
357.866450
357.873400
358.208200
358.618950
358.950700
359.378100
360.007800
360.045350
360.699100
360.965750
361.191700
361.431450
362.285050
362.318750
362.332200
363.005000
363.010650
363.031400
363.037300
363.073900
363.391450
363.901100
363.907200
363.911050
363.919750
363.936050
363.940600
364.074000
364.446450
364.813050
364.818150
365.770450
365.805500
366.250950
366.256400
366.389500
366.712200
366.896200
367.585100
368.186600
368.221100
368.636700
368.974950
369.180650
369.620400
369.624650
369.696450
370.140350
370.405750
370.454050
370.460250
371.267050
371.296000
371.318900
371.350750
371.359050
371.599600
371.671200
372.366050
372.699650
372.726200
372.819050
373.984700
374.273500
374.852500
374.982300
375.121350
375.165050
375.625650
375.755700
375.761350
376.675750
377.578650
377.768050
378.740000
378.744500
379.189350
379.273800
379.490750
379.976900
379.980800
380.419500
381.878200
381.882750
381.898950
382.284750
382.320850
382.340700
382.371900
382.420700
383.048800
383.079700
383.084400
383.508000
383.527200
383.531850
384.067650
384.220100
384.247600
384.271650
384.892450
385.150350
385.165500
385.591850
385.617050
386.711650
386.717600
387.002600
387.007500
387.378650
387.405850
388.163400
388.395200
388.401350
388.910450
388.914900
389.514450
389.519200
390.137800
390.168900
390.489050
390.493600
390.513600
390.547200
390.555200
390.813850
391.093400
391.118300
391.507600
391.586600
391.808650
391.841600
391.846400
391.940600
393.197250
393.217550
393.248650
393.697050
393.942300
393.968900
393.973300
394.521050
394.621850
394.646850
395.167950
395.505950
395.509550
396.186200
396.943300
396.948800
396.974950
397.499900
397.505150
397.545350
398.332300
398.357450
398.706000
399.006700
399.054900
399.635650
399.794450
400.175600
400.826750
401.109500
401.748100
401.791150
402.045650
402.831650
402.970750
402.987600
402.992700
403.011400
404.418600
404.452550
405.176500
405.199300
405.593450
406.331050
406.605050
406.609500
406.647100
406.703700
406.706100
406.744050
406.754850
406.927250
407.504500
408.071750
408.076450
408.106150
408.622650
408.979700
408.983500
409.362850
409.484400
409.581400
410.434800
410.848100
410.852300
410.927800
411.332500
411.709000
411.713750
411.826450
412.360050
412.565450
413.758100
413.966850
414.026150
414.631000
414.740700
414.745850
415.412400
416.274700
416.279600
416.320650
416.341950
416.359650
416.396850
416.919950
417.704350
418.126150
418.614850
418.656500
418.996500
419.023250
419.139550
419.185950
419.592000
419.865500
420.801450
421.411750
421.958000
422.718450
422.765150
422.769350
422.898000
423.189650
423.596350
423.617900
423.643600
423.663800
423.684550
424.029800
424.066750
424.856450
424.861600
425.214050
425.232800
425.237450
425.260550
425.330700
425.641050
425.853100
426.024100
426.346850
426.821100
426.951650
427.637000
427.780400
427.927700
427.947600
427.951850
428.102850
428.756950
428.780550
428.786950
429.320000
429.581250
429.585800
431.027050
431.228700
431.570400
431.575850
431.859450
431.877800
432.719800
433.119250
433.428400
433.448750
433.469500
433.694500
434.589850
434.594300
434.603200
434.615050
434.629300
435.465200
435.470900
435.547000
435.852050
436.011700
436.443000
436.524450
437.172300
437.177800
437.423850
438.211100
438.466000
438.723700
439.140700
440.478050
440.482600
440.493000
440.635150
441.129500
441.142650
441.175450
441.863050
441.997600
442.506300
442.515550
442.594050
442.598750
442.646100
443.173950
443.179600
443.704150
444.540850
445.183550
445.599900
445.605050
446.149550
446.180200
446.185050
446.244900
446.566450
446.572200
446.619500
447.726700
448.110950
448.115750
448.225800
448.495850
448.499950
448.577350
449.513150
449.735900
449.886650
449.899950
450.128350
451.784250
451.788650
451.953600
452.902950
452.957650
453.021200
453.419100
453.454550
453.495450
453.965300
453.969600
454.310350
454.457100
454.462600
454.574150
455.268550
455.272750
455.966750
455.981550
455.986800
456.024200
456.040400
456.258250
456.901050
456.949150
457.118400
457.133300
457.308250
457.903100
457.921200
457.997500
458.094000
459.551950
459.588700
459.621050
459.660600
460.509650
460.549450
460.986500
461.208050
461.213350
461.332800
461.496200
461.544250
462.354750
462.361250
463.355400
463.360550
463.509450
463.827150
464.059250
464.067200
464.260150
464.273350
464.695150
464.699700
464.903300
464.946450
465.013150
465.566650
466.173800
466.196850
466.202100
466.262100
467.013950
467.018550
467.062850
467.079850
467.439750
467.763350
467.865100
467.872500
468.487100
468.774100
468.973550
469.015750
469.336200
469.341050
469.347000
470.237100
470.242500
470.293250
470.894550
470.899150
470.963200
471.980950
472.799050
472.838750
473.189700
473.403400
474.388150
474.624350
474.837350
474.856250
475.282850
475.799400
476.196000
476.619600
476.650100
476.668650
476.711300
476.753400
477.575900
477.762150
478.158150
478.187000
478.623250
479.093800
479.959650
480.013200
480.089550
480.375100
481.524900
481.529550
481.554200
481.587200
484.131400
484.508050
484.512650
484.581500
485.184750
485.609750
485.860700
486.147600
486.168800
486.178700
486.265000
486.475000
486.881250
488.962900
489.179200
489.201500
489.501900
489.568000
489.949900
489.954200
490.422800
490.428050
490.494600
491.110700
491.115900
491.268050
491.310350
491.701650
491.709300
491.745650
492.062900
492.079650
492.943850
493.715900
494.178100
494.182600
494.932750
494.944450
495.403300
495.780000
495.790700
495.856750
496.240800
496.936500
497.126600
498.010700
498.018300
499.151750
499.234000
499.442850
499.494000
499.820700
499.846250
499.925700
500.658500
500.757250
501.737500
501.876700
502.414750
502.420200
502.447550
502.538450
502.865950
503.364000
503.483050
503.487900
503.910850
504.076950
504.549950
505.256200
505.341600
505.423750
505.429200
505.704650
505.751050
506.391250
506.607500
506.767350
506.946350
507.519450
507.574600
507.799650
507.808450
507.840550
508.290200
508.672450
508.719250
508.752750
508.786600
509.537950
509.563500
509.609400
509.926900
510.084750
510.090250
510.569050
511.207450
511.538800
511.995050
512.169550
512.196200
512.228900
512.283700
512.365300
512.370350
512.839900
513.063100
513.199900
513.574300
513.613700
513.645000
514.295350
514.413350
514.724700
515.037400
515.618150
515.991500
516.324400
516.376850
516.438000
516.751550
517.123150
517.730650
517.776850
517.817200
518.567500
519.586500
519.645550
520.796700
520.868400
520.872900
520.941700
520.983100
521.670650
522.281950
522.450150
522.714450
522.943650
523.095850
523.388750
523.423450
523.475900
523.977750
524.029650
524.710000
524.759350
524.765250
524.771150
524.773550
525.231350
525.236450
525.678000
525.683500
525.721250
525.888750
526.856800
527.878500
528.279750
528.584900
529.169500
529.400250
529.434350
529.746700
530.044950
530.313300
530.325500
530.421000
530.880650
530.886150
531.186000
532.004400
532.008550
532.507950
532.567800
533.609250
533.921200
534.353450
534.357750
534.560700
534.915500
535.137750
535.142150
535.794800
535.874600
535.902450
536.105100
537.309350
537.581350
537.695050
538.091400
538.147100
538.449750
538.632850
538.671100
539.404000
540.271800
540.521350
540.539650
540.967600
541.497150
541.683800
542.002200
542.528600
542.700100
543.060600
543.109400
543.783750
543.788500
543.821450
544.183150
544.707300
545.031300
545.768250
546.157750
546.162450
546.367550
546.373650
546.802550
547.305400
547.309600
547.332500
547.769850
548.424300
548.429250
548.690950
549.170900
549.431900
549.435800
549.475900
549.609300
549.613900
550.818900
551.111650
551.163700
551.169050
551.642800
551.675800
552.040650
552.228350
552.248800
552.472600
553.258300
553.580700
553.585450
555.576150
555.621650
556.244200
556.248600
558.042000
558.045900
558.063550
558.602450
559.009850
559.014500
559.029450
559.581150
559.609750
560.141950
560.694800
560.699500
560.739650
560.848150
561.477600
562.045350
562.669550
562.699400
562.705350
563.746300
563.752350
563.800900
563.848350
564.571200
564.665700
564.672850
564.710850
564.913450
565.028150
566.282650
566.816350
567.153850
567.159350
567.643750
567.649900
567.973250
568.433550
568.846000
568.850800
569.025550
569.373400
569.945400
569.955150
570.067350
570.073200
570.659650
570.861600
570.869000
571.245100
571.268100
571.832200
572.830450
573.275150
573.972150
574.043950
574.693850
574.965250
575.870650
575.916500
576.604050
576.635600
576.651150
576.997600
577.782200
578.448500
578.713850
579.529150
579.535600
580.923600
581.344250
581.677800
581.858500
582.364400
582.389450
582.443950
582.449300
582.615400
582.625050
582.786150
583.036050
583.073000
583.725000
586.813900
588.354150
589.257700
590.669450
591.109550
592.068700
593.748550
594.428950
594.592100
596.852450
602.244800
603.706850
604.428350
604.468900
605.587400
605.607250
606.186700
606.206750
606.486600
606.586350
606.806050
606.926200
606.946000
607.025650
607.285600
607.305550
608.744000
609.303300
610.744750
612.511000
612.772350
612.777850
614.763450
614.775250
615.195950
615.712300
615.749100
616.018050
616.341450
616.351950
617.166100
617.440700
617.445200
617.566600
617.977500
618.054800
618.346100
618.709500
619.179650
619.792850
619.827400
619.855250
622.994250
624.297100
624.339600
624.428050
625.040450
625.050950
625.142750
625.616200
625.919200
625.923300
626.181100
626.596950
626.972600
627.682900
627.687800
628.420900
628.536000
629.199600
629.226300
629.230500
629.697200
629.777050
630.726100
630.747750
630.752900
631.257950
632.158300
632.431700
632.883100
632.924500
636.372200
636.606000
637.618350
637.666350
638.259150
638.513850
639.077500
639.407950
640.249100
640.290900
640.479200
640.499450
640.831800
641.351900
642.002000
642.009950
642.314750
642.339800
642.445200
642.759500
642.764350
642.800900
642.805400
643.333000
643.552300
643.590600
643.603700
644.021800
644.029750
644.259400
645.069650
645.203150
645.234550
645.278900
645.283750
645.798500
646.076150
646.081000
646.172350
649.828750
650.201350
650.245400
650.298850
650.315450
650.321550
650.796550
651.223850
651.261150
651.637600
651.800600
651.861750
651.991650
652.458550
653.501050
653.511150
653.653650
653.811850
653.817500
653.993350
654.061100
654.154500
655.008550
655.013000
655.087000
655.762650
656.478600
656.484050
656.608550
656.935450
657.290700
657.930150
658.274600
658.844250
659.602000
659.899350
660.752650
665.244150
665.248850
666.380350
666.877900
667.332000
667.580050
667.902400
668.686850
668.940000
669.032300
669.037200
669.668050
669.959700
670.296500
670.325600
670.339000
670.916100
670.920650
670.945650
671.396400
671.447000
671.785000
671.820600
672.653950
672.658300
672.997650
673.061100
673.140500
673.290350
673.456950
673.702350
673.709400
678.717250
678.901150
679.416350
679.420600
679.943000
680.759800
680.792600
681.524950
681.530100
681.616250
681.827850
682.129750
683.360300
684.084900
684.111900
684.116300
684.807200
684.817200
684.867900
685.526800
685.532650
685.853250
687.033550
687.051950
687.135250
687.174800
687.850850
687.870100
687.876600
687.938300
688.429500
695.423500
695.428100
695.765650
696.587700
697.020250
697.066050
697.336300
697.364800
698.261000
698.339250
698.596200
698.643000
699.300500
699.304850
700.030850
700.035750
700.390150
700.843750
700.891250
701.024300
701.231450
701.313450
701.318400
701.568600
702.186600
702.191050
702.244000
702.380100
702.471550
702.476400
703.418900
703.975300
704.162050
704.193750
704.213850
704.253900
704.288150
704.317200
705.171450
705.176200
711.920600
712.005550
712.568200
712.622150
712.626200
713.508200
713.606550
713.632200
713.659300
713.749600
714.275000
714.584850
714.656650
714.834100
714.838800
714.883400
714.948850
716.335200
716.356900
716.580050
716.987750
716.993100
717.029300
717.207950
717.865400
718.026950
718.141800
719.197000
719.814000
721.590750
724.233150
725.308250
727.763250
727.767800
730.924700
743.149050
743.158450
748.403500
749.799950
750.084600
750.613900
750.619150
750.736800
751.115450
751.120400
753.423400
754.195900
754.274550
754.978650
755.538750
755.861350
755.865500
755.954100
756.380500
756.414550
756.452050
756.511100
757.255950
757.276650
757.340500
757.392950
757.740600
758.195400
758.236450
758.588650
759.165800
760.221350
760.451150
760.827450
761.909900
761.914050
762.115200
762.311000
763.518450
771.125950
780.970400
789.156450
790.269650
791.557950
794.399350
797.301850
797.307550
799.793750
800.559150
803.474850
803.479300
808.751750
810.636150
815.298150
815.499050
815.533900
816.859400
817.192350
817.823050
818.387450
818.394100
819.915550
819.920900
820.033150
820.727450
820.734550
821.023400
821.030950
821.682400
821.797900
821.804500
822.199050
822.834950
823.268750
823.274250
823.617450
823.622200
823.681150
824.339450
824.749500
825.158900
825.247200
825.434950
825.781800
826.154250
826.870100
827.616550
827.621900
828.036350
828.863850
829.243000
829.320050
830.186400
830.238850
830.643800
830.649200
830.933000
831.559700
831.602400
832.001550
832.543900
832.571150
833.055500
833.060500
833.612650
833.691750
833.744500
833.749150
833.774850
834.124700
834.160200
834.863750
835.232800
835.268150
835.319550
835.796350
836.265700
836.309750
836.422450
837.137100
837.149700
837.297700
837.383600
838.371350
838.411450
839.225300
839.230550
839.675850
839.810200
840.270350
840.414150
840.543650
840.750700
840.756400
841.125050
841.568050
841.651450
841.685650
842.049050
842.092750
842.135550
842.644750
843.165600
843.385200
843.412300
843.425400
843.554400
844.082900
844.607500
844.625950
844.638050
844.676350
845.232700
845.237600
845.317600
845.811300
845.816550
846.117400
847.016500
848.119550
848.154950
848.161400
848.199750
848.295350
848.569500
848.700550
848.731650
849.002900
849.346900
849.637100
850.493550
850.642800
850.948100
850.989650
851.125550
851.445400
851.449850
851.607850
851.622700
851.845650
852.703250
852.888150
853.228250
853.328600
853.369600
854.024750
854.030300
854.052900
855.165450
855.915750
856.384050
857.413850
857.419150
857.558100
857.565300
857.879250
858.998900
859.003500
859.789050
861.091150
861.575300
862.706950
862.761000
863.143700
863.378850
863.384000
863.422250
863.732500
864.188600
864.192650
864.664000
864.711850
865.135850
865.754150
866.101500
866.161850
866.193250
866.783750
867.887600
868.460000
868.571800
868.598150
868.617800
869.188150
870.139150
870.161250
870.218150
870.255550
870.622100
870.676900
871.634950
872.266100
872.648000
873.588450
874.076250
874.096550
874.166750
874.411850
875.612950
875.680450
876.034400
876.040200
876.080950
876.649500
876.666150
876.735900
876.888300
876.935850
876.970450
878.315800
878.320850
878.339600
878.640050
878.870900
879.266150
879.271250
879.479050
879.703900
879.711200
879.761750
880.426400
881.107450
881.950600
883.383550
883.425600
883.547000
883.972100
883.976700
884.838750
885.170750
885.174250
885.188500
885.193300
885.468350
885.538050
886.039000
886.204050
886.669150
886.673550
886.733400
886.954950
887.401750
887.426800
887.612750
887.754950
888.156900
888.547000
889.354400
889.420550
889.425400
889.470900
889.778400
890.438450
890.707800
890.802850
891.237450
891.263850
893.057650
895.521700
897.005850
897.012300
897.710450
898.021050
898.040150
898.748800
898.752800
899.547300
900.027900
900.050750
904.101300
904.106250
904.151700
904.156900
904.197550
904.282050
904.460550
904.466000
904.506900
905.140500
905.917250
906.053500
906.747150
906.751750
906.815850
906.946600
907.137850
907.885350
908.078700
908.832700
908.836800
908.888550
908.893900
909.783300
909.793400
909.807300
909.813000
909.859450
915.775300
916.007550
916.348850
916.416000
916.667350
916.673200
916.861850
917.621450
919.011550
919.036150
920.327350
920.366650
925.051500
925.504550
925.523800
925.660500
926.936500
927.619850
928.051800
928.058500
928.097000
928.100850
928.173400
928.488750
929.511650
930.180950
930.185250
930.444700
931.244000
931.248850
931.670400
931.854000
931.860600
932.177350
939.484950
940.064800
940.125800
940.135000
940.246550
940.360950
940.374600
941.297650
941.628700
942.632650
949.936200
949.948200
950.956350
951.185100
951.363750
951.648450
952.104950
952.552850
953.747350
953.751950
953.942300
954.367600
954.372350
954.401650
954.569050
954.620600
955.303550
955.308500
963.785600
963.934700
963.940800
964.231300
964.581000
964.880850
966.014750
966.189650
966.222650
966.270550
966.459250
967.127600
967.132300
967.545250
967.549550
967.574900
967.905100
967.909550
968.175150
968.246600
972.833300
975.530650
975.534250
975.539050
975.544800
976.041200
976.046950
976.085300
976.536450
976.716800
976.755900
978.062000
978.167700
979.143800
980.308850
980.325850
980.465800
980.840600
980.845900
981.576900
984.630550
989.093650
989.100500
989.633600
989.801100
990.302450
991.041050
991.053800
991.059600
991.452300
991.458300
991.500200
991.860000
991.892450
993.592600
994.924950
995.027800
1003.406300
1004.001150
1004.005250
1004.190000
1004.745250
1004.800700
1004.916150
1005.728950
1006.094450
1006.159200
1007.445500
1015.566900
1015.981650
1017.425650
1017.438850
1017.564700
1017.750300
1018.012150
1018.540000
1018.817950
1018.913150
1019.508700
1019.568050
1019.882250
1019.967250
1020.020600
1020.808600
1021.038800
1021.044600
1021.602350
1022.553750
1022.572200
1022.606800
