2.157300
10.207400
10.229000
10.238750
10.929250
11.687450
11.884150
14.165500
15.041900
20.071550
20.076700
28.351500
28.353850
28.356350
34.470300
34.622400
34.624700
34.627100
34.630150
34.636000
34.639900
36.082450
36.084900
36.090850
38.132750
38.135150
38.137650
51.285450
62.192850
62.195150
62.201300
63.977500
63.985300
63.992600
64.003700
66.942600
66.945050
66.947650
68.238600
69.266150
69.465250
69.718400
84.755950
85.420400
86.649850
87.529000
88.661750
88.664400
88.667200
88.680850
89.696450
92.505950
92.508650
92.511650
92.540050
93.238700
93.241500
93.244600
93.248150
93.821300
93.823950
94.237400
95.726700
95.729000
95.732000
95.735100
96.846700
96.927450
96.929950
96.935850
98.181350
99.092750
99.095100
99.097700
99.100900
99.801250
99.804650
101.228000
101.230550
101.233050
101.247850
101.261750
106.693550
108.786800
108.789350
108.791800
108.795000
108.808400
111.366600
111.368950
111.371550
111.400900
114.226450
114.341500
114.346850
114.363100
118.373400
118.375850
118.378300
118.381700
119.284450
122.512500
122.514900
122.517600
124.555650
124.558200
124.560900
124.677950
124.684250
127.429650
127.434350
127.437250
129.040450
129.043050
129.045800
129.049350
129.573900
129.576500
129.579350
129.594400
131.426600
131.429100
131.431800
131.446700
132.668200
132.670600
132.673300
132.677100
132.692500
134.092250
135.910400
135.912850
135.915400
135.918900
135.933700
136.268500
136.832150
136.835050
136.838450
137.875250
140.105000
140.107450
140.109850
140.124200
140.139850
142.519600
142.521900
142.524650
142.527700
142.954400
142.964050
142.966450
142.969050
142.975400
145.033550
145.036150
145.039000
146.030600
146.033050
146.035900
146.042800
146.063450
148.353700
148.356050
148.359150
148.371600
148.390750
151.230850
151.233100
151.235900
151.246500
154.559250
154.561850
154.564500
154.567750
154.802450
157.039200
157.044400
157.060350
157.069850
157.079450
158.040400
158.066850
159.450350
159.452650
159.455400
159.462300
159.471250
160.411750
160.414100
160.417050
162.050050
162.434000
162.636750
163.222450
163.228050
164.973700
165.937450
165.939950
165.942850
165.947350
166.571650
166.574450
166.578150
167.613200
167.615900
168.603250
168.605650
168.608500
168.611950
170.008800
170.435450
170.438050
170.440950
171.189100
173.909850
173.916650
173.921700
173.924700
173.933450
174.190650
174.193450
174.266800
175.135650
175.138250
175.141300
175.840800
175.843300
175.858400
176.405100
177.611600
177.748850
177.751650
177.757900
177.767200
178.479850
178.482350
178.496250
179.328450
179.330900
179.333800
179.337300
179.800500
179.802900
179.809250
179.975150
180.178000
181.746450
181.748600
181.763550
181.789100
182.159000
182.161600
182.164650
182.187650
182.886000
182.932250
182.934750
182.937950
183.732700
183.738400
183.747800
183.760350
183.773900
183.941900
183.944900
184.778150
184.780450
184.783150
185.269100
185.271550
185.274700
185.767250
185.769900
186.724650
187.918200
187.920550
187.923300
187.926550
187.936700
187.949200
188.235200
188.238000
188.241650
188.375750
188.800050
188.802450
188.805650
188.835800
190.232150
190.771200
190.773850
190.776750
190.780150
191.131800
191.134400
193.139550
193.144950
193.148750
194.124300
194.126550
194.129250
194.188800
194.476150
194.479100
195.101650
195.103950
195.106900
195.111100
195.465700
195.469000
196.054100
196.059350
196.062800
196.083600
196.088450
196.097950
196.948350
196.950700
196.953600
198.168150
198.780050
198.782600
198.785850
202.170350
202.172900
202.175800
202.575950
202.578450
202.592200
204.576900
205.670300
205.672750
205.675550
205.678950
206.346150
206.348550
207.229400
207.368100
207.370550
207.373800
207.986250
208.548400
208.551100
208.554050
208.948800
208.951350
210.140700
210.332350
210.341550
210.345950
210.351000
210.359250
210.684450
210.687100
210.690300
210.748900
210.769400
210.894450
210.905300
210.908150
210.912200
211.669050
211.671550
211.959600
211.962550
211.965500
211.986550
214.671550
214.673950
214.677000
214.697700
215.080350
215.083000
215.086200
215.888200
215.890750
215.893500
217.718350
217.720950
217.723750
217.726950
217.736000
217.766500
218.585100
218.587700
218.590700
219.292700
219.295250
219.313950
219.677700
219.683050
219.700050
221.072100
221.074450
221.077750
221.113500
221.643700
221.646100
221.649400
222.103150
222.105800
222.109100
223.973600
223.975950
223.978700
223.982150
223.993300
224.443850
224.446300
224.453900
224.914350
224.916600
224.919350
225.234700
225.344400
225.346800
225.350000
226.395500
226.398000
226.532050
227.182650
227.185100
227.192200
227.393450
227.396150
228.291600
228.293800
228.304700
228.907750
228.910300
228.913450
231.249400
231.251900
231.254600
231.628200
232.277800
232.280600
232.956300
232.962800
232.965350
232.973200
232.977050
233.662500
233.666400
233.668950
233.672050
233.676300
234.312750
234.459950
234.462650
234.465750
234.802350
234.804700
234.807500
235.417850
235.426300
235.577500
235.658400
236.880200
236.882750
236.885650
237.627150
238.739300
238.741550
238.744200
239.040050
239.064100
239.066800
240.207000
240.209400
240.212250
240.532500
240.534700
240.537300
240.540600
240.563450
241.380250
241.382750
241.385700
243.991550
243.993850
243.996550
244.000100
244.017100
244.614150
244.616800
245.186750
245.189700
245.545500
245.548350
245.618500
245.622000
246.029700
246.036050
246.039650
246.045850
246.049500
246.695600
246.698500
246.872850
246.875700
247.535550
247.538150
247.541450
247.652650
247.655750
248.059200
248.061800
248.075750
249.205850
249.212150
249.445150
250.519550
250.522450
250.525400
250.535300
250.566350
251.339850
251.342400
251.345450
251.359450
251.369000
251.557250
251.561500
251.686700
251.799800
251.802450
251.858550
252.297900
252.300800
252.304100
253.024700
253.040450
253.052650
253.055900
253.629550
253.632300
253.638700
253.649500
254.217700
254.220450
254.224150
254.260050
254.742800
254.900900
254.903300
255.245450
255.247950
255.262950
255.539700
255.542250
255.545600
255.859300
256.338800
256.341050
256.343950
256.346900
256.363800
256.638200
257.902200
257.904800
257.908150
257.918400
258.250800
258.515150
258.521300
259.763850
259.766150
259.769250
259.969400
259.971900
260.754550
260.758400
260.774000
260.777500
261.146700
261.149000
261.152450
261.266050
261.327200
261.661850
261.664500
261.951100
261.953950
262.499350
262.501850
262.785900
262.788850
263.395350
263.397900
263.583650
264.531150
264.533450
265.261650
267.261900
267.264550
267.268000
268.365950
268.368950
268.372600
268.706550
268.709000
269.331700
269.334350
269.337000
269.884300
270.441450
270.443950
270.453150
270.462700
270.468500
271.312350
271.315250
271.326300
271.351650
272.434200
272.436700
272.439650
272.691800
272.694300
272.697700
272.708200
273.820000
274.924950
274.927750
275.506500
275.509450
275.804050
275.806550
275.809700
275.817250
276.637100
276.639450
276.642350
276.645700
276.982350
276.985100
278.406150
278.408600
278.411200
278.414050
278.418100
278.424250
279.621250
280.091000
280.093650
280.100200
280.110250
280.141150
281.248950
281.251550
281.254750
282.197250
282.199900
282.362400
282.365050
282.368500
282.374300
283.158050
283.160400
283.175750
283.475650
285.439100
285.441550
285.455050
285.468000
287.137200
287.139750
287.145900
287.951950
287.954350
287.957700
288.002950
288.006450
288.854500
289.333450
289.336300
289.339350
289.343350
290.118600
290.120950
290.124300
292.202450
292.205000
292.207850
293.151000
293.153400
293.714750
293.742550
293.745050
293.748000
293.751350
294.997150
294.999850
295.003350
296.200600
296.203050
296.218000
296.283850
297.625550
297.628150
297.631400
298.232050
299.110450
299.115650
299.650950
299.653750
299.657500
300.151900
300.553100
300.555850
300.559200
300.888300
300.890800
301.603700
301.887400
301.890250
302.283300
302.286400
302.894150
302.896600
303.937650
303.940150
303.943250
304.476250
304.478750
304.482450
304.486350
304.927500
305.411500
305.414350
305.418400
305.651350
307.213450
308.233300
308.238950
308.246100
308.257150
308.266900
309.513850
309.516250
309.519550
309.576350
309.579350
309.597200
310.386250
310.388950
310.392450
310.954200
311.017950
311.020750
311.282250
312.032900
312.044750
312.047950
312.966950
312.969350
312.972400
313.023750
313.027900
313.037650
313.745350
315.102850
315.105350
315.107950
315.111050
315.118700
315.122950
316.267850
316.270450
316.273300
317.256650
317.259450
317.262800
317.590900
317.593550
317.596700
317.600050
318.042250
318.044850
318.442900
318.446150
319.093950
319.099250
319.103300
319.116400
319.135100
319.304350
319.846450
320.009600
320.032350
320.044500
322.132250
322.134900
322.137550
322.140900
322.148400
322.154250
322.704300
322.706650
322.709200
322.712800
322.728750
323.460300
323.462700
323.465900
323.923350
323.925900
324.018150
324.370150
324.993300
324.996100
324.999850
325.004000
326.041250
326.044150
326.770350
326.952400
326.954850
326.971200
327.252550
327.255250
327.914250
327.916800
327.920150
327.925900
327.933350
329.428850
329.431550
329.435400
329.454850
329.567150
329.578100
329.583900
330.048050
330.050850
330.263850
330.631800
330.634150
330.637250
331.037900
331.496400
331.498600
331.501700
332.902600
332.905200
332.908250
334.195500
334.198250
334.201650
334.378200
334.380900
334.385050
334.810850
336.236900
336.239050
336.281250
336.316950
336.323850
336.542000
336.544950
336.816300
337.573000
337.575500
337.578250
337.582050
338.685300
338.687850
338.691200
338.911650
338.917150
340.234350
340.956900
340.959500
340.962600
341.567100
341.569550
341.573050
341.772100
341.774800
342.516750
342.519250
342.529650
343.253150
343.256100
343.848600
343.851100
344.734300
344.736850
344.748600
344.759250
345.389750
345.392350
345.396450
345.423650
346.376950
346.379300
346.382200
347.113400
347.115950
347.119200
347.402250
347.408150
347.420500
347.652550
347.655050
347.657800
348.320900
348.323300
348.325700
348.328950
348.345450
349.230650
349.233150
349.236100
349.970200
349.972900
349.976800
351.224500
351.227000
351.388550
352.402750
352.405350
352.664050
352.666900
354.175350
354.177750
355.022300
355.024650
355.030600
355.035300
355.080500
356.397500
356.406550
356.409050
356.411900
357.049950
357.052400
357.055650
357.282000
357.284550
357.288100
357.306300
357.426650
357.429200
357.439200
357.449900
357.454150
357.468750
358.000350
358.002600
358.005400
358.928750
360.357650
360.360400
360.991350
360.993800
362.635150
362.637650
362.641250
364.296650
365.116450
365.121850
365.127000
365.361550
365.363850
365.371350
365.381250
365.385650
365.879450
365.882000
366.568900
366.571400
366.574900
366.750800
367.245900
367.261800
367.264250
367.267150
367.347050
367.350350
367.637450
367.640200
367.643700
368.256100
368.726900
368.729450
370.890500
370.892950
370.896000
370.900700
371.354300
371.357950
371.360900
371.628750
371.631100
371.634650
371.999000
372.001550
372.134600
372.137550
372.491350
372.494500
372.497550
374.320250
374.906500
375.526650
376.743950
376.746400
376.749450
376.785500
377.945700
377.951250
379.207300
379.800750
379.803500
379.806600
379.809950
380.939650
380.942450
381.454550
381.457150
381.460500
381.915550
381.994200
381.999150
382.128150
382.526700
382.529050
382.545200
382.715450
383.482100
383.487550
383.497850
383.702450
383.705100
383.707750
386.570150
388.173500
388.177350
388.225250
388.228200
388.240850
388.256950
389.802950
389.805650
389.809000
390.231450
390.234100
390.237500
390.944750
390.947300
390.950050
390.965350
391.183100
391.198850
391.532950
391.536050
391.548200
392.584000
392.586550
393.610300
393.616900
394.206650
394.209450
394.224800
394.228350
395.012850
395.015300
395.301650
396.819200
396.827450
396.850050
399.377050
399.379500
399.382250
399.394650
399.980400
399.982750
399.985500
399.989850
400.532400
400.790950
400.793800
401.162700
401.165350
401.168950
401.180800
401.185150
401.193550
401.543100
401.545650
401.548950
401.577250
402.109450
402.112050
402.115400
402.241350
402.839550
402.842450
402.845700
403.447750
403.450450
403.453400
404.525650
404.985950
404.988500
404.991300
405.009700
405.869150
406.362000
406.364650
406.371250
406.386300
407.249500
407.252100
407.280850
407.284700
408.596950
408.599350
408.602450
408.786950
408.789450
408.792550
409.290900
409.293450
409.897800
410.491550
410.496750
410.500450
412.228900
412.234600
412.829650
412.832650
412.835600
412.867350
415.083300
415.086450
416.154850
416.157450
416.160800
416.775600
416.778750
417.063250
417.066400
418.279350
418.281650
418.284600
420.748450
420.750950
420.771450
421.878200
421.880600
421.883450
422.350700
422.357000
422.994500
422.997050
423.000150
423.211750
423.428250
423.431100
423.434750
424.129500
424.132250
424.135350
424.159600
424.163500
425.350900
425.616800
427.315750
427.318250
427.320950
427.691350
427.773750
428.381050
428.383400
429.678550
429.681000
429.706750
433.696350
436.001700
436.049300
436.052750
436.068600
436.312500
436.314950
436.317900
436.854950
436.857450
437.031400
437.034000
437.883750
437.886150
437.889050
437.913850
438.373750
438.902400
438.905050
438.908550
442.496700
442.499200
442.510650
442.874700
442.877200
442.880450
442.888450
442.900800
443.881500
443.883950
443.887200
444.337400
444.340000
445.254700
445.259950
445.280550
446.323100
446.325500
446.328700
446.340600
446.352850
446.366150
447.039450
447.680950
447.683050
447.686050
447.694450
447.711450
448.225650
448.231000
448.244550
449.085600
449.088050
449.091100
451.611750
451.616800
451.967150
451.969700
451.972900
452.680100
453.213150
453.847400
453.850000
454.305350
454.308300
454.311650
455.400350
455.402700
455.405700
456.029750
456.032200
456.035600
456.333300
456.336000
456.589600
456.592950
457.352700
458.331800
458.336850
458.339850
458.371950
459.194300
459.197050
459.201200
461.337850
461.340450
461.342500
462.711300
463.668650
463.671300
463.674750
464.269400
464.271850
464.285250
464.301950
464.512500
464.515000
464.518250
464.528150
464.815350
464.818150
465.110350
465.492100
467.047900
467.050250
467.064500
467.837450
467.840100
467.843250
468.633100
468.635550
469.739800
469.745400
470.475400
470.477850
471.558850
471.564200
471.567800
471.944000
471.977900
472.436750
472.935750
472.938250
473.661000
474.030650
474.033200
474.036150
475.793000
475.795550
475.798700
475.802450
476.263500
476.266400
476.269500
476.834750
477.170150
477.172650
477.448650
477.451300
477.454400
478.499100
478.501550
478.505250
478.840700
478.843350
478.846200
478.927550
479.460400
479.463350
479.473950
479.477650
479.492750
479.515150
480.084550
480.441200
480.443850
481.097150
481.375750
482.443000
482.449000
482.717300
482.720050
482.723050
482.739650
483.505950
483.508550
483.713350
484.599400
484.914550
484.917450
484.920450
484.923600
484.935900
485.735050
485.737600
485.740800
485.752600
485.759600
485.996800
485.999650
486.003150
488.999950
489.002400
489.746800
489.749300
489.752550
490.933450
490.935950
490.952600
490.956900
492.748200
492.753450
492.970350
492.974200
492.983850
493.569450
494.066700
494.072950
494.092000
494.258900
494.261500
494.264400
494.274450
494.282500
494.631950
494.634350
494.637250
494.939100
494.941850
494.945100
496.681050
497.109500
497.288300
497.290650
497.293350
497.306350
497.633350
497.635900
497.679450
498.899700
498.901950
498.918500
499.198050
499.201000
499.204500
499.400900
499.521200
499.523850
499.527100
501.212800
501.215450
501.500050
501.502600
501.506100
503.563000
503.569250
503.685800
503.688900
504.068750
504.071300
504.787850
504.790350
505.411550
505.416900
505.419250
505.424850
505.432000
505.436700
505.783450
505.786300
506.301800
506.304400
506.307450
506.757600
506.760150
506.763850
506.969950
508.304250
508.306950
509.158250
509.161150
509.164550
509.223600
510.815250
510.846700
511.614200
512.007400
512.009950
512.013100
512.025750
512.051050
512.846400
513.012550
513.014900
513.017950
513.027100
513.812250
513.814850
513.817800
514.945000
515.226400
515.228950
515.231700
515.251400
515.827550
516.095450
516.097800
516.426150
516.431450
516.477850
516.606350
516.608850
516.612200
518.060200
518.062950
518.073600
519.367800
519.373000
519.376350
519.390600
519.408750
519.848150
520.329700
520.335250
520.343200
520.350600
521.475800
521.925650
521.928250
521.931350
522.453000
522.455500
523.575200
523.577650
523.580850
523.710250
524.341700
524.343950
524.347700
524.361700
524.365150
524.739100
524.741600
525.849350
525.851950
525.869950
525.922500
527.627200
527.629750
528.042850
528.271100
528.273550
528.276900
528.287500
528.309250
528.542900
529.073200
529.079200
529.132250
529.134700
529.137700
529.158200
529.842200
529.844750
529.848100
531.620000
531.622550
531.625650
532.073550
532.076050
533.020600
533.023600
533.028050
533.760400
533.762800
533.769100
533.955450
533.958800
533.962550
534.670950
534.673500
535.788100
535.790550
535.794300
535.806250
536.548750
536.759400
536.762150
537.445100
537.448300
538.083200
538.901100
538.903350
538.906000
538.920350
539.542350
539.544900
539.547850
540.700100
540.702650
541.272300
541.274900
541.277800
541.680100
541.682800
543.112500
543.121900
543.340150
544.144350
544.250700
544.253400
544.256100
544.687750
544.690550
544.694450
546.307750
546.310250
547.184350
547.789350
547.792000
548.964100
549.817750
549.820250
549.823250
549.830400
549.845050
550.136250
550.139350
550.617250
550.620250
550.641200
550.644750
551.802850
552.995500
552.998050
553.001000
553.039000
553.042350
553.311450
553.649800
553.652300
553.655300
553.658800
553.668500
554.316350
554.322150
557.206950
557.209900
558.049250
558.051700
558.054950
559.966800
559.969600
559.972600
559.981150
560.996600
560.999100
561.001800
561.017500
561.026100
562.013500
562.015950
562.019250
562.404350
562.406700
562.409450
562.420650
563.035800
563.038350
563.045200
563.049250
563.066250
564.103100
564.105750
564.390400
564.420450
564.422800
564.425900
564.437350
564.457700
565.186300
565.188800
565.727950
565.932600
565.938250
567.308950
567.311450
567.314750
567.383600
569.460400
570.846750
570.871400
570.875200
571.132850
571.135350
571.138650
571.226150
571.235400
571.239150
571.650100
571.652500
571.656450
572.900400
572.902900
572.905950
574.679500
574.682100
574.685900
574.702350
574.714750
575.688400
575.691600
576.846950
576.849400
576.865050
577.784000
577.786600
577.874500
577.878350
578.886350
578.888900
578.892000
579.537650
579.540250
579.552600
580.651900
580.953300
581.292400
581.881500
581.883800
582.178200
582.180650
582.190100
583.458350
583.461700
583.537350
583.702750
583.705350
583.708750
583.722300
583.883550
589.549550
593.768700
595.109150
596.469300
601.469550
606.705800
612.970650
614.144500
614.146800
614.150550
614.319800
614.322050
614.324900
614.334800
614.855400
615.384150
615.451000
615.688650
615.931900
615.934500
615.956050
616.156500
616.159250
616.162800
617.364250
617.996850
617.999750
618.002600
618.006100
618.579550
618.594650
618.699650
619.163000
619.718850
619.721250
620.325850
620.328450
620.331550
620.912200
620.914550
622.732150
622.734900
622.741050
622.755200
623.730100
623.735650
624.526200
624.904400
625.683250
625.688500
625.692350
625.716800
626.253900
626.256250
626.259300
626.263700
626.586700
626.589250
628.292050
628.294900
628.297850
629.222250
629.224700
629.245200
629.249500
630.258550
630.264400
630.864300
630.867050
630.888800
631.038900
632.283850
632.290050
632.292500
633.388550
633.390950
633.394100
635.924050
635.926600
635.929900
636.086650
636.129950
637.025400
637.030800
637.041950
637.055150
637.477850
637.480450
637.502000
637.963900
638.252500
638.515350
638.517950
638.520950
638.539950
639.073000
639.075400
639.094100
640.461300
640.463750
640.473850
640.954300
640.957000
640.974250
641.319850
641.322950
641.339850
641.876550
641.879200
641.882550
642.862600
642.865050
642.868000
642.901150
643.615750
643.618300
643.843750
644.212300
644.215100
644.218550
645.062100
645.064600
645.067500
645.071200
645.783850
645.863900
645.866550
645.869900
645.898450
645.902300
646.043750
646.552950
650.855500
650.861250
650.878450
651.509500
651.512350
652.385050
652.706700
652.709250
652.712850
652.778450
652.844600
652.847200
652.850300
652.863350
653.564800
653.567500
653.570750
653.903000
654.677200
654.683100
655.173350
655.176000
655.302150
656.210350
656.213000
656.217000
656.870700
656.943650
656.948850
656.952100
656.963150
657.214750
657.257750
657.260650
657.264000
657.746200
657.748500
657.767600
657.782350
657.988150
658.314900
658.373800
658.379250
658.406900
659.820300
660.187700
660.193050
660.421250
660.426550
660.442100
660.452050
660.730550
660.733150
660.943950
661.375050
661.377750
662.056050
662.762550
662.765850
662.781400
664.036350
664.038900
664.056250
664.064500
664.741750
664.800550
665.776100
665.872450
666.179650
666.181800
666.185350
666.348350
666.351000
666.881900
667.566850
667.569450
667.615250
667.644900
667.647750
667.896900
667.902550
669.046800
669.086050
669.088350
669.091900
669.095300
669.104550
669.141100
670.859600
671.119200
671.233800
671.760950
671.801400
671.806500
671.810650
671.821400
671.845900
672.720850
672.836400
672.839400
672.845650
673.473700
674.526100
674.528450
674.556600
674.571450
676.289950
676.292450
676.295700
676.299150
677.070700
677.074050
677.079500
677.775400
678.018750
678.461000
679.688600
679.691250
679.694100
679.698350
679.902000
679.954150
680.121950
680.188750
680.568700
680.901300
681.569600
681.575450
681.594500
681.888700
682.899850
683.152850
683.155350
683.158250
683.180500
683.766500
683.769050
683.772100
683.895350
683.952450
684.066500
684.154900
684.168150
684.170900
684.174250
684.507100
685.062000
685.272200
685.287700
686.260300
686.607000
686.747500
687.236600
687.239500
688.407250
688.409500
688.435000
689.088200
689.093300
689.096750
689.117350
689.919850
689.922650
689.926500
689.938850
690.359150
690.361750
690.364700
690.373550
691.103950
691.106900
692.027800
692.030300
692.033200
692.581700
692.584450
692.587550
693.418000
693.420550
695.213000
695.229150
695.231900
696.754550
696.757050
696.759700
697.147950
697.150200
697.152400
697.167300
697.171900
698.043400
698.046150
698.065600
698.430200
698.432900
698.821250
698.823650
698.826700
699.412600
699.415500
699.418750
700.646800
700.649400
700.652450
701.152000
701.154350
701.157650
701.451200
701.453700
701.575800
702.264950
702.270400
703.073850
703.358300
703.361050
703.608350
703.611550
703.632700
704.036550
705.603400
705.606000
705.609050
705.631450
706.392300
706.394500
706.402000
707.598650
707.601300
707.919200
707.922600
708.247900
708.250450
709.223850
709.226450
710.570700
710.573200
710.578750
710.581650
710.586300
711.140650
711.420250
711.423300
712.335600
712.417200
712.546450
713.172850
713.175050
713.177650
713.188350
713.209900
713.549600
713.805450
713.811150
713.897900
715.045350
715.047650
715.168700
715.171200
715.185100
715.205850
715.864100
715.870400
716.065450
716.068550
717.236800
717.239350
717.247250
717.450100
718.785450
718.788150
718.791450
719.814700
720.943950
720.946400
720.949600
720.953550
720.963050
720.993050
721.005250
721.306350
721.545200
721.547900
721.551000
721.590350
722.907200
722.910450
723.734600
723.736950
723.740650
723.754950
724.216000
724.221000
724.229150
724.961150
724.963500
726.556200
726.558800
726.561650
729.228950
729.352750
729.356000
729.613800
729.616350
729.630500
729.634150
730.489100
730.491700
730.495100
731.010200
731.012700
731.015850
731.019600
732.346900
732.349200
732.351750
732.355400
732.371600
733.297550
733.300050
733.303050
733.988350
734.209700
734.212600
734.216200
734.453900
734.456450
734.460100
735.061900
735.064450
735.067650
736.444050
736.715500
736.732850
737.198400
737.200950
737.218700
740.026950
740.029450
740.032200
740.049650
740.068450
740.767050
740.769500
740.772400
740.776300
742.872200
742.882550
742.898100
743.155050
744.808900
744.811450
744.814550
744.818950
746.164200
746.166650
746.169800
746.639250
746.641800
746.644750
746.956000
746.961150
749.286350
750.199150
750.201550
750.207850
750.702850
751.071750
751.074650
751.077500
751.117700
751.121400
751.516400
751.613000
752.277650
752.280150
752.283200
752.285850
752.423100
752.430900
752.795750
752.801200
754.192250
754.933850
755.192900
755.396800
755.402450
755.454000
755.932100
755.934450
755.963950
755.971200
755.987950
756.790600
756.864450
756.866950
756.870650
757.389250
757.391800
757.410250
758.281650
758.284050
758.287050
758.291950
758.882850
758.885450
758.888250
759.655450
759.960350
760.095000
760.097550
760.117000
760.897150
760.899800
760.903300
760.915600
761.987450
761.990250
761.993500
762.027400
762.123750
762.545950
762.767300
762.770000
763.211150
763.213600
763.216650
763.643450
763.646050
763.649200
764.169500
764.172100
764.176400
764.986600
764.989300
765.052300
765.961000
765.963950
766.215350
766.218250
766.682300
766.685150
766.688600
767.111800
767.114450
767.126300
767.244900
767.515800
767.518550
768.024650
768.027250
768.030300
770.051950
770.057300
770.071300
770.731200
770.733500
770.736350
770.757100
770.775900
772.116600
772.119100
772.122000
772.135800
772.144700
772.695000
772.697500
772.700650
773.352700
773.354800
774.456400
774.458700
774.473000
774.556800
775.030650
775.823750
775.826400
777.100700
777.103100
777.105700
778.750000
778.754950
778.766950
779.643650
779.646150
780.587650
780.590150
780.592950
780.975050
780.977650
782.121300
782.123950
782.127500
782.426850
782.429300
782.432150
783.630900
783.633600
783.636100
783.643950
784.475250
784.477850
784.480900
784.492600
784.835700
784.838150
784.841300
785.256350
785.258900
785.694950
785.697650
785.700850
785.709750
785.744700
786.744150
786.746950
786.750000
788.753750
788.756300
789.147250
789.149900
789.680950
789.683450
789.687150
789.833150
789.835800
790.574500
790.577150
790.580400
790.892100
790.894550
792.156950
792.160450
792.495400
792.498300
792.812800
792.815550
792.818800
793.682650
793.685300
793.688500
794.347750
794.353850
794.475300
794.478100
794.482200
795.134550
795.701400
795.704000
795.720800
795.732700
796.795650
796.798300
796.801300
797.304500
797.307250
797.310150
798.069250
798.071500
798.082250
798.085700
798.781000
798.783550
798.786350
798.808600
799.755150
799.758100
799.791150
799.793950
800.138750
800.141150
800.144250
801.521350
801.523900
801.530100
801.541350
803.126400
803.146300
804.572900
804.575200
804.577650
804.580650
804.584150
804.588250
805.435150
805.437550
805.505850
805.509150
806.686250
806.688750
806.984550
807.742700
807.745250
807.748450
808.090650
808.093300
808.914000
808.916650
808.943150
809.720000
809.722600
809.726400
809.746150
810.090000
810.092950
810.632800
810.635700
811.191800
811.194200
811.196950
811.281450
811.284350
811.287450
813.995650
813.998450
814.001500
814.198900
814.882450
814.884850
814.887700
814.891300
814.915600
814.919250
816.443100
816.447000
816.502400
816.505450
816.989500
816.991750
816.994800
816.998200
817.008200
817.018900
817.687000
818.034950
818.417000
818.419300
818.426700
818.438900
818.897800
818.940300
819.084300
819.137650
819.539750
819.542250
819.545800
819.972800
820.097350
820.100050
820.102750
820.106200
820.387950
821.054000
821.353750
821.804650
821.807050
821.810050
822.177400
822.883750
822.899750
822.922900
822.935650
823.498450
823.501250
823.504550
824.423000
824.428600
824.570250
824.575400
825.121950
825.405650
825.438850
825.454950
825.515150
826.864350
826.866900
826.869950
827.017700
827.098600
827.101400
827.105000
827.118350
827.122750
827.133650
828.232550
828.235200
828.239100
829.599000
829.601700
829.604950
830.331900
830.334200
830.354900
831.096600
831.099450
831.229050
831.232450
832.643650
832.660850
832.801600
832.804350
833.474250
833.731750
833.734350
833.737300
833.779200
833.900200
833.903250
833.906950
833.916850
833.934250
834.513150
834.515950
835.060250
835.063650
836.649850
836.656550
836.658850
836.661900
836.900150
837.093800
837.099850
839.004150
839.226200
839.229050
839.967100
839.969250
839.975500
841.830150
841.832600
841.835650
842.194550
842.197250
842.904450
842.978200
842.980500
842.983400
842.987500
843.006500
843.042950
843.775150
843.777700
843.780400
843.784350
844.715950
844.718450
844.721350
844.748450
844.811300
845.233850
845.236200
845.254650
845.616550
845.619700
845.623100
846.510400
846.513100
846.515950
847.408450
847.410950
847.413700
847.618350
847.620750
847.624050
848.549100
848.551600
848.563000
848.571650
849.270600
849.712300
849.714900
849.717550
851.302500
851.304950
851.307900
851.599000
851.601700
851.611650
851.625500
852.295750
852.298950
852.669650
853.009450
853.012100
853.015100
853.210100
853.212600
853.235850
853.561100
853.753750
853.756800
854.008700
854.012250
854.795050
854.801350
854.824450
854.828200
855.450950
855.453950
856.021800
856.024350
856.047100
856.589750
856.598900
857.062100
857.579050
857.581600
858.062950
858.065600
858.069300
858.464700
858.467000
858.510750
858.682450
858.685050
858.688400
860.324150
860.326900
861.623100
861.644850
862.395050
862.397750
863.121950
863.124300
863.127450
863.737400
863.740450
863.884400
863.886900
863.890250
863.906550
864.015050
865.292500
865.295000
865.949000
865.951250
866.933050
867.592650
867.595500
867.869050
867.871550
867.881350
867.899350
868.655850
868.659100
869.403050
869.405900
870.057450
870.060350
870.401700
870.863800
872.157300
872.159750
872.175800
872.184250
872.999100
873.001650
873.070550
873.073250
873.076600
873.707950
873.710450
874.408500
874.411650
874.423150
874.442050
874.808450
874.811050
874.814400
875.141300
875.143900
875.147000
875.667250
875.669750
875.672650
876.070150
876.073100
876.773950
876.782750
876.785300
876.788450
877.084500
877.087250
877.090900
877.738550
877.741250
877.744400
878.983150
878.985800
878.989100
879.415600
879.418300
879.421550
879.468600
879.474850
879.489800
879.637200
880.786600
880.789100
880.792100
881.096650
881.099400
881.102650
881.116900
881.134700
881.138850
882.452250
882.454400
882.457450
883.534500
883.537250
883.540350
884.447600
884.452950
884.627950
884.630750
885.359000
885.361550
885.364200
885.376700
885.384700
886.210150
886.212850
886.215750
886.286650
886.289850
886.621500
886.778500
886.780900
886.784300
887.322650
887.325400
887.754650
887.757200
887.760200
887.762700
888.218300
888.221000
888.224650
889.173150
889.260900
889.289700
890.096750
890.105500
890.195050
891.034750
891.933700
893.650600
893.652950
893.933750
893.936650
893.939600
894.265000
894.267500
894.271650
894.279750
894.283600
894.813100
894.815850
894.818900
895.659800
895.662500
896.647800
896.650200
896.653150
897.263550
898.632150
898.634600
898.637550
899.918500
899.932000
899.936150
900.734700
900.737150
900.739950
900.751700
901.343550
901.346300
901.405500
901.418850
901.782200
901.784900
901.788300
901.803150
902.097300
902.103850
902.396050
902.399100
902.645650
902.648350
906.021400
906.023750
906.045400
906.049300
906.644450
906.646800
906.649850
907.446050
907.923100
907.925700
908.215250
908.217550
910.717750
910.719900
910.722950
910.726350
910.734750
912.083000
912.085550
912.088400
912.102750
912.105950
912.847150
913.850950
913.853250
913.864600
914.838350
914.840850
914.843750
915.849550
915.852300
915.855250
916.150300
916.155650
916.700150
916.702750
916.705950
916.719100
916.727300
918.055600
918.058000
918.061000
918.076700
918.094700
918.245700
918.248450
919.943050
919.972900
920.436600
920.439000
920.442000
920.592450
921.749400
921.752150
923.184550
923.187050
923.680800
923.683200
923.686000
924.070950
924.073450
924.076500
924.087200
924.099000
924.812650
924.815350
924.818550
924.834150
924.845600
925.038250
925.292800
925.295400
925.298900
925.875450
926.357300
926.359550
926.362550
926.368100
927.548850
928.625050
928.627700
928.927250
928.933200
929.537150
929.540100
929.926150
930.715200
931.273950
931.283150
932.408500
932.411150
932.415250
932.765650
932.768000
932.771000
932.934000
933.499800
933.518150
934.125850
934.128450
934.135700
934.698800
934.701450
934.708500
934.965700
934.968450
934.975500
935.583200
935.586000
935.589250
936.157200
936.159850
936.162900
936.854550
937.117000
937.793750
937.796700
939.451700
939.454850
939.634000
939.803900
939.806450
939.809650
940.121200
940.127350
940.236850
940.550100
940.552700
940.778000
940.780800
940.792850
940.796650
941.612050
941.614700
941.617600
941.827850
941.830650
941.833850
941.988600
942.597150
943.050850
943.180800
943.184300
943.801100
943.803950
943.807450
944.542500
944.545000
944.558850
945.811500
945.814150
945.833000
945.836750
945.848800
946.024350
946.039500
947.789450
947.792050
947.795500
948.247400
948.250050
948.253300
949.577750
949.580150
949.583100
949.607900
950.619450
950.621900
950.956800
951.386000
951.388950
951.392350
951.786350
952.419800
952.422450
952.425900
952.430500
952.563900
952.566600
952.569650
952.949250
953.198650
953.201500
953.205300
953.249700
953.766650
953.988200
954.439000
954.441250
954.444050
954.457250
955.400950
955.403550
955.407050
955.443200
955.446350
955.450250
956.241600
956.244900
957.270900
957.292150
957.295950
957.322800
957.332950
957.356250
958.665600
958.668300
958.671100
958.957350
958.960100
959.336050
959.338700
959.655450
959.657850
959.661100
959.679850
959.683450
960.153650
960.159800
960.181800
961.612500
961.614950
961.618000
961.625650
961.647750
961.652000
961.957600
961.960650
963.166350
963.168900
963.171850
963.575500
964.598250
964.600600
964.603900
964.861800
964.864550
964.996750
964.999250
965.012650
965.501250
966.449600
966.683200
966.686000
967.145150
967.151000
967.717200
967.719550
969.977000
969.979450
969.982300
970.410300
970.428400
970.432300
972.103250
972.105850
972.109100
973.283150
973.285600
973.299800
973.312000
973.789200
973.791850
974.017400
974.020050
974.840800
974.843350
974.847200
974.885200
975.530250
975.532600
975.785950
975.791650
976.535150
976.538100
976.806400
977.268350
977.302000
977.318400
979.028850
979.143950
979.227000
979.229550
979.232350
979.531450
979.534000
980.168850
980.171450
980.174650
980.880400
981.559900
981.562400
982.544850
982.547350
983.131350
983.136900
983.154650
983.410100
983.412850
983.416450
984.408850
984.411300
984.414550
985.481800
985.484350
985.487600
985.856100
985.858700
985.874100
985.890250
987.502200
987.504700
987.538000
988.174650
988.177200
988.180150
988.559300
988.561750
988.564650
990.147350
990.149800
990.152900
990.173200
990.176550
990.388950
990.391500
990.395000
990.823500
990.826550
991.243500
991.248900
991.256900
991.947650
992.348550
992.612650
993.323650
993.326250
993.338750
993.952150
994.504850
994.516450
994.520050
994.532350
995.237750
995.244050
995.255850
995.360400
995.363800
995.736400
995.739200
995.742250
995.775900
996.265400
996.271700
996.767950
996.770400
996.773200
996.786850
996.790100
997.774700
997.795950
997.813050
998.407150
998.409800
998.413250
998.417000
998.432050
999.227950
999.230700
1001.086200
1001.088500
1001.091450
1001.094600
1002.560850
1002.563250
1002.565850
1004.711150
1004.713550
1005.086550
1005.244400
1005.246650
1005.299100
1005.457000
1005.459800
1005.463600
1006.431050
1006.482650
1006.715050
1006.717700
1006.721750
1006.738750
1007.163350
1007.165750
1007.177650
1007.748700
1007.805150
1007.807750
1009.515900
1009.518400
1010.426350
1010.428700
1010.442000
1010.742100
1010.756850
1010.996700
1010.999350
1012.105300
1012.108150
1012.111350
1014.185750
1014.188600
1014.191650
1014.480550
1015.353100
1015.355200
1015.644350
1015.649300
1015.664100
1016.441550
1016.444150
1016.447100
1016.643900
1016.650800
1017.547650
1017.550450
1017.553500
1017.567150
1017.840100
1018.196400
1018.199350
1018.202800
1018.205900
1018.224050
1019.324750
1019.500900
1019.503700
1019.614550
1019.617500
1021.195400
1021.198100
1021.221950
1021.245400
1021.263450
1021.566750
1021.569400
1021.572600
1021.576300
1021.644200
1021.744700
1024.138650
1024.141200
1024.144450
1024.379700
1024.382250
1024.385650
1024.922150
1024.925350
1026.556750
1026.559500
1026.563500
1027.297900
1027.303400
1027.814650
1027.817300
1027.820300
1028.957350
1028.959750
1028.973000
1028.982200
1029.323750
1029.326350
1029.329850
1029.692700
1030.753800
1030.756450
1030.759750
1030.778700
1031.118800
