0.189350
0.643450
0.648750
0.813950
0.921900
0.978500
1.022700
1.193050
1.494700
1.517350
2.043750
3.074150
3.080500
3.283900
3.648050
4.627500
4.898550
5.087900
5.140050
5.171950
5.194300
5.197150
5.301550
5.400350
5.613750
5.639600
5.874900
6.325950
6.763600
6.871850
6.918550
6.968350
7.003750
7.495100
7.746800
8.542700
8.599300
8.825900
10.193450
10.214650
10.221700
10.227400
10.230650
10.236550
10.240450
10.257050
10.270150
10.315300
10.386650
10.393550
10.480100
10.494450
10.550400
10.583500
10.604850
10.637800
10.640950
10.765450
10.917100
10.957450
11.034600
11.128750
11.263050
11.320350
11.688150
11.816900
11.926000
12.004300
12.167600
12.214950
12.625900
12.652750
12.702950
13.089050
13.098400
13.477500
13.663200
13.895750
13.899000
13.903200
13.909200
13.934600
13.956850
14.022000
14.122550
14.633300
14.751550
14.755000
14.762100
14.779150
14.988750
15.093300
15.210800
16.294250
16.299000
16.380750
16.892700
16.930100
17.563800
17.680500
17.740750
17.772550
17.914650
17.919750
17.926600
17.929300
17.938900
17.944500
18.440300
18.445700
18.449050
18.568950
20.086850
20.089300
20.092350
20.315550
20.583300
20.841100
21.043700
21.290750
21.548950
22.061400
22.064700
22.068850
22.071400
22.078500
22.081450
22.100650
22.369700
22.555500
22.833400
23.028800
23.032350
23.037350
23.043000
23.051050
23.692800
23.717350
23.934800
24.522750
24.565400
24.670300
24.677150
24.681800
24.694450
25.550500
26.149300
26.358100
26.365150
26.368800
26.404450
26.758950
27.132750
27.872150
27.875300
27.879000
27.885800
27.897050
28.016500
28.204950
28.256600
28.391500
29.293550
29.912050
30.437450
30.445100
30.448350
30.453550
30.819400
31.137600
31.687400
31.691250
31.698900
32.250700
32.254350
32.258200
32.265200
32.274600
32.704600
32.708400
32.714400
32.745300
32.861500
33.176250
33.323950
33.326800
34.294300
34.915750
35.374700
35.754700
36.081050
36.086950
36.265100
37.105400
37.108800
37.112950
37.116300
37.129050
37.593100
38.384650
38.588600
39.091650
39.217150
39.352000
39.355600
39.392750
39.396000
39.435250
39.924800
39.928950
39.939050
40.014550
40.735600
40.841500
40.930050
42.087550
42.314750
42.317500
42.320500
42.330750
42.746100
42.768050
42.771950
42.777550
42.780300
43.236250
43.619750
43.797850
43.801750
43.807650
43.943000
44.076850
44.517850
44.520550
44.587400
44.591100
44.595550
44.604650
44.606950
44.654300
44.726900
44.747000
46.109550
46.112550
46.114850
46.136950
46.141250
46.145850
46.166100
46.413100
46.417000
46.438150
46.527750
47.046800
47.411550
48.823000
49.312100
49.856800
49.860750
50.029100
50.667550
50.965900
51.788200
52.155700
52.193850
52.415550
52.535850
52.788300
53.182900
53.301000
53.304050
53.306100
53.308550
53.450350
53.748000
53.762150
53.764700
53.767900
53.805300
53.822200
54.800500
54.803000
54.823600
54.868400
54.993300
55.118050
55.617350
56.154600
56.424000
57.263750
57.268500
57.272900
57.279350
57.633150
57.833200
58.060850
58.524550
58.746200
58.749450
58.752250
58.754650
59.043350
59.224100
59.633700
59.975850
60.211300
60.375250
60.968450
61.557950
61.569850
62.028050
62.145250
62.635850
63.263250
63.268000
63.869650
64.441100
64.721000
65.043300
65.866700
65.870700
66.177650
66.180250
66.335900
66.719750
66.839050
67.907000
68.177600
68.465800
68.938000
69.064200
69.137350
69.504000
69.523750
69.530300
69.597450
69.602350
69.616850
69.665400
69.765550
69.948600
70.125100
70.141500
70.297700
87.008250
87.994050
88.032400
88.035850
88.048650
88.056750
88.066900
88.077150
88.238700
88.463850
88.466500
88.468950
88.471300
88.476250
88.482600
88.488650
89.749650
89.830600
89.989150
89.998600
90.011600
90.400950
90.403950
90.408600
90.415900
90.427900
90.452650
90.598200
90.752700
91.330100
91.543000
92.161400
93.099200
93.358250
93.606000
93.773300
94.092050
95.946600
95.949950
95.954700
95.965050
95.969150
96.019300
96.487950
96.787850
96.934500
97.258550
97.497300
97.524300
97.527300
97.540250
98.035650
98.116850
98.120250
98.123900
98.128000
98.139200
98.175650
99.131100
99.133600
100.941050
101.740200
101.742950
102.102850
102.155250
102.162350
102.173900
102.178250
102.191050
102.374700
103.211300
103.220250
103.224600
103.315800
103.348750
103.456100
103.742000
103.775150
103.778900
104.209600
104.261500
104.264300
104.772500
104.775100
105.184700
105.426650
105.429900
105.434900
105.478950
105.584000
105.689850
105.707150
106.583900
106.693900
106.726400
107.427900
107.430650
107.447800
108.712950
108.829750
108.834250
108.836500
108.840550
108.844750
108.850500
108.865850
109.468950
109.818350
109.840600
109.912050
109.914850
109.917550
109.927450
109.930050
110.482700
110.485900
110.490050
110.500600
110.513750
110.721050
110.860650
110.866850
111.167050
111.312900
111.329600
111.428550
111.778550
111.781550
111.785900
111.791500
111.801600
111.898050
111.901100
112.395350
112.968350
112.989750
113.220200
113.222750
113.279150
113.437250
113.440200
114.787250
114.790250
114.801100
114.819750
114.830100
114.840850
114.844800
114.850100
114.854000
115.366350
116.091000
116.536300
117.439250
117.452550
117.461250
117.472450
117.476700
117.493550
118.220250
119.382300
119.570050
120.207450
120.210650
120.302750
120.396700
120.463550
121.080950
121.083450
121.174000
121.176150
121.597950
122.172750
122.177650
122.182300
122.184850
122.194800
122.610550
122.622850
122.698650
122.880850
123.020450
123.023650
123.026800
123.045250
124.127350
124.455500
124.518700
125.025900
125.466200
125.589800
125.594650
125.794950
126.509450
126.513050
126.519550
126.530900
126.921000
127.212450
127.937650
127.948250
127.951950
127.961600
128.006800
128.836750
129.164400
129.167900
129.172750
129.182800
129.204800
129.419200
129.423500
129.574300
129.710700
130.001900
130.164700
130.190600
130.620100
130.669600
130.714300
130.719900
130.722000
130.725650
130.731200
130.913750
131.052150
131.328750
131.413100
131.415850
131.454950
131.458550
131.610950
131.642250
131.873050
131.876300
131.896450
131.912950
132.026900
132.095250
132.478150
132.935500
133.330850
133.337350
133.770000
133.773000
133.777800
133.857950
133.860800
134.441400
134.787050
135.246850
135.249950
135.254150
135.258800
135.265950
135.279500
135.290150
135.406200
135.719050
136.390700
136.395600
136.879500
136.911450
136.913800
137.354050
137.745650
137.768750
138.675050
138.812550
138.954150
139.324800
139.706400
139.709800
139.725150
139.758850
139.762000
140.679000
141.403400
141.452500
141.998400
142.001400
142.014350
142.096850
142.365100
142.369550
142.373150
142.382700
142.393850
142.396250
142.410050
143.021100
143.024100
143.178350
143.181950
143.272350
143.325650
143.795500
143.798750
143.803700
143.810500
143.839300
143.844400
144.023750
144.141400
144.210500
145.015450
145.018500
145.022950
146.292950
146.652250
146.854900
146.858200
146.871800
146.942400
147.604850
147.628900
147.633950
147.909100
148.043000
148.257600
148.265100
148.402750
148.557450
148.568350
148.571900
148.575800
148.586800
149.108350
149.263250
149.784350
149.797900
149.923900
149.927450
149.933150
149.976900
150.238100
150.298650
150.471700
150.796800
150.888200
151.129150
151.162500
151.170400
151.173700
151.177950
151.211600
151.492850
151.663300
151.666450
151.669100
151.722300
152.030950
152.033600
152.037150
152.462100
152.465600
152.606300
152.784700
153.020400
153.172900
153.429400
153.659350
154.314650
154.453500
154.456700
155.419350
155.979400
156.285150
156.320450
156.323750
156.699550
156.953650
156.968700
157.023750
157.028400
157.039650
157.063350
157.067550
157.072500
157.078850
157.202200
158.041150
158.249100
158.260100
158.264700
158.509100
158.846650
159.023400
159.026250
159.340350
159.481350
159.550050
159.711600
160.060250
160.352650
160.583100
161.325750
161.333700
161.566650
161.577750
161.770450
161.775300
161.780500
161.800050
162.030050
162.480500
162.483750
162.773750
162.801550
162.975650
163.016550
163.019750
163.307950
163.595600
163.598950
163.609550
163.779050
164.619750
164.736250
164.780350
165.305750
165.309000
165.312700
165.317200
165.641300
165.713150
165.716800
166.428500
166.549750
166.737750
166.842500
166.864600
166.872550
166.879800
166.884500
166.940650
167.528550
167.533050
167.536550
167.541900
167.580550
168.254500
168.573300
169.099400
169.895800
169.898350
169.900450
169.905450
169.911300
169.917550
169.997200
170.008400
170.049200
170.506200
170.698000
170.715500
171.144550
171.147700
171.388250
171.679000
171.980150
171.983300
171.987450
172.018100
172.092200
172.276650
172.359150
172.706750
172.710650
172.718650
172.721350
172.879650
173.157050
173.461750
173.475200
173.492600
173.690500
173.919450
173.996300
174.276000
174.401500
174.493200
174.497400
174.558750
174.621500
174.940250
174.945700
174.949300
175.137750
175.141200
175.690450
175.720900
175.725000
175.745150
175.857200
176.002700
176.154800
176.378050
176.484150
176.521450
176.525550
176.541050
176.681500
176.693350
177.133800
177.174750
177.178950
177.454650
177.458400
177.615050
177.617700
178.151500
178.155200
178.172900
178.184050
178.484000
178.517300
179.003150
179.174500
179.242950
179.535000
179.537600
179.599600
179.603900
179.719500
179.902400
179.904900
179.909800
179.911950
179.915050
179.925800
180.063700
180.378650
180.541050
181.087300
181.229100
181.355300
181.503900
181.507400
181.512050
181.787100
182.084300
182.089450
182.857600
182.861950
183.199400
183.274950
183.588350
183.746350
183.855050
183.925350
184.132000
184.139150
184.228750
184.748000
185.175300
185.180400
185.188650
185.192500
185.198250
185.453350
186.145250
186.148900
186.153200
186.512650
186.545000
186.629100
186.634150
186.638900
186.645650
186.665700
186.677750
186.706400
186.717050
187.003850
187.081850
187.084400
187.266900
187.380600
188.087100
188.283900
188.286550
188.299000
188.301800
188.321550
188.324050
188.554300
188.570400
188.573650
188.594500
188.598250
188.708000
188.954800
189.052800
189.202350
189.307500
189.311200
189.617050
189.620650
189.624550
189.817000
190.099800
190.105900
190.112850
190.429400
190.433650
190.441500
190.470600
191.460600
191.464450
191.467400
191.506100
191.807200
191.810900
191.816350
191.829050
191.977650
192.067300
192.231500
192.416550
192.519450
193.177250
193.199300
193.543150
193.547750
193.847550
193.849600
193.853450
193.860300
194.044150
194.522750
194.561000
194.565400
194.569100
194.815300
194.818600
194.832150
195.397150
196.335600
196.339550
196.348700
196.357700
196.975750
197.098450
197.101150
197.105300
197.110050
197.115950
197.120100
197.130800
197.575200
197.588550
197.661400
197.663550
197.667750
197.679000
198.046000
198.096400
198.099750
198.140450
198.168650
198.317350
198.586850
198.590700
198.599900
198.605950
198.624600
198.626850
198.631650
198.636400
198.647300
198.725500
198.811300
199.510450
199.782200
199.843050
199.899650
199.903650
199.910800
199.946900
200.344050
200.353150
200.357550
200.398300
200.404850
200.428150
200.505050
200.615400
200.618450
200.631200
201.208700
201.219450
201.490450
201.659000
202.063600
202.397200
202.399650
202.402400
202.406750
202.502500
202.576950
202.587550
202.590250
203.048350
203.054600
203.057800
203.067200
203.082400
203.085150
203.536100
203.568950
203.626050
203.789300
204.173300
204.201800
204.404550
204.957550
205.845050
205.853000
205.860300
205.866000
206.452050
206.455350
206.459400
206.474400
206.597200
206.600250
207.007000
207.010300
207.015350
207.544750
207.566200
207.790900
207.835100
207.852200
207.915750
207.923900
208.192250
208.207800
208.762750
208.768850
208.889500
208.892950
208.923300
208.934150
209.368500
209.379450
209.474400
209.595250
210.093100
210.097750
210.102300
210.147300
210.583900
210.592400
210.597750
210.603950
210.627600
211.119650
211.677200
211.736750
211.739300
211.742200
211.744450
212.459350
212.469200
212.475650
212.478000
212.590450
212.793000
213.061500
213.093400
213.097800
213.111450
213.384500
213.563150
213.898450
213.970550
214.039700
214.370200
214.377700
214.383350
214.386250
214.393050
214.606650
214.610800
214.616400
214.620100
214.629000
214.654000
215.166250
215.176400
215.377150
215.707150
215.711350
216.169250
216.563700
216.567300
216.569600
216.571900
216.577150
216.583700
217.150450
217.154950
217.330550
217.584200
217.815550
217.820250
217.822350
217.828600
217.838200
217.854350
217.866650
217.870250
217.914250
217.927600
217.943200
217.947250
218.034000
218.122300
218.417150
218.458000
218.969500
219.127300
219.208550
219.640200
219.643450
219.936450
219.940450
219.955550
220.629050
220.639600
220.657250
220.662950
220.665900
221.207650
221.232100
221.243400
221.706250
221.936250
222.534550
222.541600
222.695900
222.814650
222.817500
222.934800
222.937850
222.942250
222.948250
222.956500
223.028050
223.309400
223.353550
223.366050
223.368750
223.523200
223.526300
223.531450
223.823750
223.828350
223.978950
223.983300
224.014150
224.080250
224.169550
224.173450
224.313900
224.323150
224.379700
224.512700
224.774850
224.778700
224.887400
225.038800
225.042850
225.077350
225.083000
225.097650
225.280700
225.348050
225.474600
225.592100
225.595700
225.828400
225.835150
225.909950
226.356300
226.624450
227.584800
227.588300
227.595500
227.651000
227.654700
227.787900
227.950200
227.952950
228.004550
228.018400
228.290450
228.397150
228.598600
228.634850
229.180450
229.183700
229.187950
229.693550
229.698500
229.712800
229.718550
229.721150
229.723550
229.734450
229.788900
229.792500
229.797550
229.803850
229.811250
229.851050
229.865300
230.036600
230.196650
230.221100
230.313200
230.331450
230.339000
230.351000
230.683950
230.686750
230.705750
230.727250
230.868750
230.973700
230.977350
231.079550
231.148600
231.789300
231.792900
231.800700
231.816350
232.240350
232.248650
232.492250
232.534600
232.543800
232.547950
232.558300
232.973550
233.201800
233.349200
233.921950
233.925450
233.932100
233.944800
233.966400
234.225950
234.228950
234.255200
234.280900
234.286200
234.291000
234.307450
234.349750
234.384500
234.412350
234.563850
234.660500
234.671900
234.674050
235.192050
235.302400
235.305500
235.312700
235.317900
235.329700
235.347750
235.466750
235.469800
235.482300
235.627000
235.648200
235.654650
235.915350
235.927950
236.096800
236.371050
236.567750
236.571250
236.583750
237.041450
237.051550
237.055000
237.073100
237.202100
237.233250
237.324800
237.773000
237.776750
237.784350
238.060550
238.688000
238.696700
238.708750
238.771150
239.050050
239.053050
239.208650
239.350750
239.389800
239.599500
239.602750
239.608950
239.613500
239.626750
240.368950
240.401400
240.410750
240.415800
240.420100
240.447050
240.576300
240.775450
241.237950
241.241000
241.271050
241.277450
241.290250
241.314350
241.317400
241.655600
241.803150
241.842950
241.846700
242.112450
242.791050
242.795200
242.804800
242.843700
242.858650
243.192000
243.430100
243.660850
243.665800
243.703700
243.708200
243.720200
244.116900
244.129200
244.135150
244.140600
244.158200
244.273100
244.678250
244.682300
245.159300
245.163200
245.297000
245.310400
245.369500
245.886600
245.890500
245.912200
246.040300
246.097700
246.245900
246.330950
246.549250
246.551700
246.557800
246.562900
246.566100
246.786550
247.843750
247.847950
248.243050
248.282900
248.291200
248.405350
248.434150
248.664150
249.268050
249.379200
249.384850
249.388300
249.399000
249.519600
249.761700
249.773900
249.855350
250.595100
250.899600
250.903500
250.905900
250.912700
251.037750
251.050900
251.332050
251.545850
251.601250
251.606400
251.610250
251.758550
251.857000
251.860050
251.864650
251.872250
252.044800
252.389200
252.537500
252.587750
252.590200
252.593000
252.595700
252.899150
252.930600
252.933800
253.205750
253.213950
253.419400
253.874050
253.936100
253.939800
254.091850
254.464200
254.467800
254.473150
254.691050
254.695800
254.910000
255.109600
255.112500
255.116000
255.364900
255.583850
255.599350
255.633750
255.650500
255.653500
255.664750
255.833300
255.918000
256.012350
256.015250
256.151800
256.161350
256.286950
256.691600
256.715600
256.725300
256.844600
257.355400
257.569600
257.577250
257.663950
257.674100
257.895600
257.984150
258.366250
258.983900
259.015650
259.018200
259.020350
259.458850
259.714200
259.718250
259.738900
259.745550
259.751250
259.762600
259.938500
260.361150
260.523200
260.527900
260.530450
260.711800
260.796050
260.873050
260.974700
260.978950
261.003400
261.007850
261.011550
261.015700
261.035400
261.049500
261.088300
261.396050
261.520800
261.742000
261.745550
261.774250
261.815450
262.012400
262.227050
262.268650
262.382350
262.598100
262.621400
262.624850
262.925100
262.931350
262.972550
263.063300
263.087500
263.341300
264.020000
264.051400
264.091400
264.117600
264.567300
264.849300
264.932850
265.082400
265.612650
265.857350
265.987400
265.992800
265.999900
266.003950
266.017350
266.021250
266.024350
266.092050
266.330350
266.334200
266.350150
266.456950
266.533600
266.757950
266.762550
267.615500
267.678850
267.683850
267.688050
267.898900
267.955950
267.959700
268.196400
268.202650
268.300650
268.595700
268.602950
268.610500
268.613450
269.290550
269.453900
269.463450
269.797600
269.800800
269.810250
269.812550
269.825400
270.083800
270.229750
270.288800
270.294200
270.490350
270.545700
270.663050
270.755350
270.968150
271.176050
271.179600
271.193150
271.207200
271.489150
271.813200
271.817250
271.846500
271.850950
272.434200
272.437450
272.450000
272.459150
272.485600
272.863100
272.873050
272.877050
272.881150
272.889100
273.123900
273.159650
273.218250
273.222200
273.234150
273.240550
273.250050
273.258500
273.282900
273.286650
273.300700
273.648900
273.916600
274.019900
274.023150
274.031350
274.044200
274.046500
274.176250
274.417500
274.420150
274.427350
274.467100
274.971950
275.245350
275.262000
275.291950
275.628150
275.702850
275.886800
275.902700
275.919550
276.003500
276.267550
276.352100
276.562000
277.223300
277.411900
277.717950
277.845900
277.857650
277.868000
277.878450
277.883850
277.889100
277.901850
277.929350
278.297850
278.722500
278.725550
278.731400
278.733650
278.749750
279.069050
279.106300
279.297250
279.302350
279.384400
279.399600
279.448000
279.452850
279.457650
279.564850
279.781550
279.849000
280.000650
280.216450
280.517550
280.521000
280.527350
280.643700
280.970650
280.974800
281.267150
281.352450
281.568250
281.571800
281.888900
282.185800
282.288800
282.291750
282.388250
282.439400
282.443050
282.449600
282.460600
282.465200
282.468500
282.471900
282.908300
282.911950
282.917350
283.824650
283.834850
284.084300
284.280800
284.410700
284.687950
284.721100
284.807800
285.153900
285.209150
285.342150
285.466600
285.519000
285.554700
285.558300
285.562600
285.567050
285.572100
285.576750
285.587100
286.010450
286.033150
286.038900
286.044550
286.354150
286.594800
286.893700
287.117600
287.120600
287.336300
287.407500
287.415600
287.420950
287.563900
287.675750
287.690000
287.945350
287.948900
287.959350
287.970250
288.250700
288.260450
288.270600
288.295450
288.491350
288.495600
288.498650
288.501200
288.551900
288.768950
289.072850
289.427600
289.433250
289.520150
289.530600
290.014450
290.017200
290.022350
290.049150
291.007050
291.015800
291.023050
291.036600
291.160150
291.183250
291.208250
291.330300
291.438400
291.442000
291.449450
291.452600
291.455400
291.458100
291.489000
291.532700
291.901550
292.167950
292.181100
292.684450
292.699200
293.231650
293.234650
293.238350
293.714750
293.718850
293.998600
294.001050
294.008350
294.159100
294.228850
294.307700
294.440600
294.584850
294.592650
294.596700
294.600100
294.658600
295.230700
295.236700
295.239100
295.403600
295.461700
295.804650
296.444350
296.732050
296.735150
296.764300
297.207100
297.210800
297.261000
297.264250
298.040050
298.286150
298.289050
298.303950
298.398850
298.401900
298.429800
298.510050
298.514700
299.607250
299.610800
299.618300
299.626100
299.678700
299.715950
299.885550
299.924450
300.071000
300.335550
300.481600
300.485750
300.629300
300.635200
300.639200
300.702450
300.705650
300.710850
300.714250
300.739700
300.918450
301.221650
301.375550
301.468900
301.471900
301.476100
301.620700
302.055900
302.172400
302.405200
302.413350
302.521150
302.625500
302.628050
302.631800
302.897050
303.182100
304.083250
304.087450
304.092950
304.099550
304.128750
304.261000
304.368400
304.455050
304.460200
304.778750
304.784550
305.445500
305.452000
305.456650
305.461800
305.468050
305.784350
305.887400
305.986650
306.028750
306.032500
306.207000
306.299950
306.304250
306.407250
306.414200
306.419050
306.428550
306.655350
306.828650
307.065350
307.177300
307.986400
307.990150
307.994350
308.185350
308.208150
308.214150
308.392500
308.459450
308.474200
308.938400
309.298900
309.635950
309.639600
309.661950
309.668200
310.123750
310.125850
310.131450
310.339350
310.430000
311.113000
311.589500
311.592350
311.596050
311.615200
311.655200
311.658750
311.662500
311.875100
312.150750
312.338950
312.342350
312.357850
312.392300
312.856100
312.885500
312.895000
313.239900
313.244300
313.608100
313.780100
313.787200
313.792750
314.128050
314.131350
314.137700
314.145500
314.597750
314.600800
314.613300
314.820100
314.899850
314.903800
314.914300
315.164800
315.304900
315.306950
315.351950
315.459100
315.727250
315.755900
316.505750
317.002750
317.043100
317.386900
317.395700
317.402400
317.609000
318.091900
318.095450
318.102950
318.207800
318.210950
318.213150
318.397900
318.625600
318.908750
318.912200
319.076750
319.599600
319.690550
319.722950
319.731150
320.316500
320.605700
320.649350
320.654800
320.658350
320.661150
320.666350
320.717900
320.737150
320.753500
320.913200
321.019950
321.519350
321.818600
322.021250
322.025050
322.030350
322.036050
322.266550
322.389000
322.395150
322.593400
323.131700
323.150150
323.153000
323.412950
323.564350
323.568100
323.664100
324.406900
324.503350
324.918900
324.923950
325.304000
325.317400
325.434150
325.739150
325.745100
325.750100
325.753850
325.765200
326.193400
326.198100
326.452650
326.461300
326.560300
326.564400
326.566850
326.569950
326.593250
326.795800
326.936200
327.323850
327.577850
327.583900
327.588150
327.650750
327.729000
327.879350
327.884450
327.887650
327.895750
328.112350
328.177000
328.189000
328.493850
328.505650
328.509400
328.532200
328.535500
328.562200
328.574850
328.589100
328.707750
328.713250
329.629700
329.634250
329.665650
329.670300
329.840650
330.349950
330.353650
330.358800
330.366050
330.379200
330.398400
330.404600
330.420800
330.619900
330.739750
330.753800
330.773800
330.890150
330.899800
330.903550
331.276850
331.455450
331.665500
331.752400
331.769550
331.978150
331.982750
332.091700
332.103300
332.163300
332.678250
332.962350
333.289150
333.292350
333.295750
333.305950
333.781150
333.784600
333.832750
333.863600
333.929400
333.996600
334.303750
334.319800
334.446100
334.453600
334.481550
334.563100
334.567600
334.578100
334.743550
335.114550
335.350300
335.365400
335.769250
335.772500
335.776250
335.780900
335.783500
336.521550
336.654050
336.658700
336.758700
336.789550
336.802650
337.238500
337.247550
337.251600
337.261700
337.295700
337.301500
337.316250
337.589150
337.918600
338.489500
338.528450
338.559600
338.563150
338.567650
338.572950
338.582200
338.603600
338.624450
338.754650
338.931700
339.043300
339.360750
339.365900
339.473650
339.483700
339.516000
339.634300
340.050500
340.054500
340.516950
340.520300
340.542150
340.763050
340.894550
341.568250
341.571550
341.582550
341.619600
342.026950
342.031500
342.035150
342.048850
342.149050
342.341600
342.344850
342.481800
342.485350
342.493200
342.524950
342.529700
342.989900
343.105750
343.113850
343.117750
343.224350
343.452650
343.483650
343.487450
343.664700
343.667000
343.689200
343.692600
343.696750
343.701350
343.708650
343.847150
344.341050
344.958400
344.962350
345.285950
345.614450
345.983050
346.234400
346.241100
346.244750
346.433850
346.840200
346.844150
346.855050
346.889400
347.948900
348.138550
348.161800
348.355550
348.360250
348.365350
348.377550
348.759900
348.762650
348.769150
348.821550
348.826200
348.838400
348.851750
348.854600
348.858100
348.865400
348.869600
348.917700
349.205750
349.213450
349.346950
349.355150
349.945500
350.173200
350.343850
350.347350
350.582550
350.720350
350.723900
350.727000
350.781950
350.846950
350.850750
350.861050
350.864450
350.868050
350.878600
351.087900
351.211400
351.221650
351.389150
351.436650
351.528600
351.843150
351.947200
352.136450
352.140150
352.228500
352.477450
352.507000
352.813250
352.917800
352.928100
353.126950
353.406400
353.545200
353.549050
353.553300
353.555900
353.571200
353.601800
353.610700
353.615550
353.996950
354.720950
355.052150
356.039550
356.041750
356.048050
356.277650
356.279800
356.282100
356.287950
356.293600
356.574750
356.579000
356.630850
356.658300
356.662250
356.698450
356.702000
357.249900
357.431700
357.727600
357.829100
358.251050
358.316250
358.903850
359.077900
359.287750
359.291450
359.770550
360.007000
360.043200
360.049000
360.054000
360.069850
360.072200
360.076500
360.099500
360.380550
360.417450
360.420450
360.488000
360.496350
360.592900
360.816000
360.827550
360.941250
360.943750
360.994200
361.172350
361.176450
361.189600
361.192250
361.433300
361.527750
361.624600
361.660100
361.670200
362.033550
362.357200
363.072350
363.074700
363.080900
363.197050
363.309250
363.314000
363.605350
363.610100
363.619400
363.622200
363.628700
363.631950
364.377950
364.619750
364.631850
364.664050
364.684250
364.951800
364.989550
365.406100
365.446550
365.528350
365.533200
365.543000
365.549200
365.561600
365.961700
365.968550
365.972400
366.111700
366.227900
366.325350
366.451000
366.945650
366.949250
367.072400
367.087200
367.092550
367.264850
367.647100
367.651000
368.093750
368.102650
368.104900
368.549150
368.564500
368.900300
368.905000
368.978400
369.335550
369.426400
369.436250
369.569850
369.572450
369.686600
369.829600
370.231500
370.245550
370.264800
370.323900
370.329300
370.338500
370.341250
370.349550
370.626050
371.168600
371.172900
371.701100
371.703750
371.707300
372.173400
372.176800
372.499750
372.503800
372.544450
372.547100
372.553100
372.567000
372.851250
372.904350
372.915600
372.917850
372.920650
373.088600
373.424850
373.440900
373.463550
373.603350
373.620700
373.707450
373.721600
373.724100
373.957750
374.005950
374.008800
375.438900
375.636550
375.639400
375.642150
375.646800
375.656250
375.662050
375.667150
375.928450
376.072450
376.235400
376.239550
376.256600
376.267150
376.275950
376.849050
377.207550
377.241300
377.505050
377.791600
377.809400
378.536900
378.960600
379.095300
379.099100
379.391350
379.432600
379.443800
379.448000
379.977050
379.992950
380.137550
380.141650
380.623800
380.910350
380.914450
380.932300
380.935300
381.342900
381.360100
381.364050
382.023300
382.075450
382.078850
382.304750
382.311250
382.318500
382.378800
382.404700
382.627550
382.631500
382.650150
383.144550
384.016850
384.199550
384.300800
384.304100
384.856050
385.071350
385.086700
385.484700
385.583550
385.586850
385.746900
386.270700
386.397950
386.407950
386.827700
386.859100
386.949750
386.959800
387.842600
387.845600
387.849650
387.868900
387.872150
387.876400
387.898900
387.909200
388.205350
388.354300
388.702150
389.076500
389.570950
389.573750
389.587550
389.610000
389.657400
389.736250
390.056450
390.173150
390.187450
390.191800
390.326250
390.876550
390.993350
390.996000
391.085250
391.479100
391.483200
391.563400
391.568650
391.696150
392.487250
392.492000
392.635350
392.738200
393.249950
393.252300
393.260900
393.264100
393.649300
393.712350
393.758300
393.760850
393.778750
393.939600
393.943650
393.955000
393.965450
393.975100
394.241350
394.246900
394.639000
395.025600
395.029000
395.108600
395.360250
395.500500
395.623150
395.627500
395.639200
395.927200
395.930750
396.120500
396.688300
396.821050
396.824500
396.837300
397.108250
397.445150
397.447700
397.643500
397.648100
397.653650
397.659650
398.272600
398.309650
398.601950
398.882500
399.060350
399.088900
399.389650
399.446300
399.635850
399.638800
399.641750
399.643800
399.650800
399.659200
400.312450
400.544250
400.546650
400.549100
400.751700
400.756200
401.054900
401.183100
401.356400
401.587200
401.592250
401.601450
401.605550
402.530100
402.532750
402.738850
402.742500
402.747550
402.784300
402.799000
403.317650
404.227650
404.230600
404.235300
404.241200
404.247000
404.760600
404.764500
405.000450
405.472650
405.478150
405.484450
405.890400
405.934550
406.008800
406.065050
406.125500
406.184350
406.485350
406.489750
406.721400
406.724150
406.750000
406.815350
406.844750
407.112800
407.312050
407.332600
407.336050
407.345800
407.446600
407.455700
407.461350
407.594500
407.657450
408.330000
408.348850
408.502200
408.519350
408.669900
409.051600
409.108550
409.173100
409.179400
409.184150
409.214050
409.219500
409.232700
409.256600
409.651450
409.898500
410.487200
410.722050
410.899850
410.903900
411.059050
411.201050
411.305400
411.310550
411.435450
411.704500
411.708250
411.729550
411.763250
411.765800
411.809650
412.047550
412.052450
412.064800
412.070600
412.743850
412.869150
413.006400
413.042350
413.046050
413.486900
414.050000
414.054500
414.103900
414.107900
414.452700
414.644000
415.106350
415.832900
415.835450
416.033550
416.591500
416.595450
416.603200
416.618700
416.632200
416.836750
416.852050
417.208000
417.614900
417.784900
417.787800
418.030150
418.181600
418.723350
419.061550
419.472300
419.475100
419.478700
419.626400
419.724750
419.743600
419.747150
419.768500
420.063300
420.180950
420.334500
420.452700
421.657800
421.672050
421.691600
421.695350
421.754050
422.145050
422.149150
422.437850
422.476600
422.736800
423.037500
423.041050
423.046200
423.053450
423.341800
423.366150
423.370350
423.707450
423.738400
423.804650
423.860800
423.880950
424.181650
424.185150
424.202200
424.961950
424.966600
425.002500
425.071900
425.078800
425.080950
425.171850
425.394650
425.519250
425.533050
425.834800
425.838550
426.574350
426.916300
427.327900
427.347650
427.355200
427.596300
427.762500
427.855250
427.886150
428.195950
428.199800
428.423450
428.464700
428.659100
428.661850
429.193600
429.213850
429.218200
429.901400
429.904450
429.909050
430.097200
430.185400
430.397150
431.081750
431.097100
431.518550
431.687150
431.749900
431.790800
432.162050
432.165200
432.204150
432.214900
432.417450
432.934100
433.292500
433.298250
433.717600
433.721250
433.724350
433.941750
434.487550
434.568100
434.799800
434.806850
434.810600
434.815000
435.421900
435.445100
435.712600
435.716300
436.837200
436.839850
436.940100
436.968400
436.972450
436.978150
436.981600
436.987300
437.516950
437.538300
437.652700
437.876650
438.493450
438.496000
438.515450
438.518750
438.521200
439.420950
439.423600
439.427400
439.432350
439.440600
439.478300
440.123350
440.573000
440.715800
440.718800
441.186050
441.196800
441.796700
441.804450
441.862350
441.933350
441.937150
441.942950
442.009500
442.082650
442.345300
442.426150
442.439150
442.699250
442.885800
442.888800
442.907000
443.115800
443.563000
443.676900
443.681950
444.320600
444.323200
444.445100
444.449150
444.562100
444.572900
444.577650
444.702100
444.715250
445.051100
445.055500
445.352050
445.738000
445.741450
445.746550
445.752750
445.758300
445.770650
445.787200
445.795050
445.800400
445.979000
446.029650
446.222950
446.463700
446.468200
446.473300
446.477900
446.607950
446.897900
446.916750
447.163200
447.219150
447.355100
447.425200
447.582550
447.586350
447.832500
447.837350
447.864600
447.870450
447.876200
448.069500
448.705550
449.200700
449.766900
449.784650
449.844800
449.848350
449.977300
450.056100
450.098800
450.300450
450.302550
450.305000
450.664650
451.059750
451.753200
451.756500
451.761250
452.075350
452.081750
452.084150
452.405600
453.223900
453.228300
453.236100
453.238950
453.275100
453.421450
453.512800
453.930300
453.945350
454.232850
454.267850
454.275350
455.190200
455.193400
455.197650
455.215000
455.260000
455.646750
455.864350
455.868750
455.881500
455.904850
455.908900
455.911500
455.915600
455.918250
455.925800
455.974100
456.571500
456.611750
456.615450
457.156600
457.273100
457.275350
457.302300
457.535400
457.574900
457.658400
457.662650
457.674200
457.789150
457.796300
458.234500
458.599850
458.771950
459.455000
459.459550
459.591950
459.787550
459.790350
459.902550
460.388600
460.414750
460.678100
461.083750
461.091600
461.103400
461.487050
461.765650
462.266100
462.280650
462.491750
462.495200
462.499900
462.521200
462.524300
462.530050
462.766800
462.772100
463.216750
463.224650
463.226700
463.238900
463.488200
464.547450
464.550600
464.652300
465.226400
465.456250
465.835450
465.843350
465.914950
466.058800
466.063200
466.074000
466.175950
466.270500
466.336200
466.340000
466.346650
466.351450
466.355650
466.836350
466.878300
466.892750
466.903700
467.100300
467.323550
467.341400
467.668500
467.982350
468.163700
468.187300
468.190950
468.374500
468.561200
468.923300
468.928000
469.401150
469.405650
469.410200
469.423150
469.442400
469.470100
469.627300
469.654600
469.951650
470.050300
470.171050
470.176000
470.186500
470.188600
470.225700
470.240700
470.243900
470.615250
470.883000
471.344800
471.379250
471.511450
471.514750
471.519200
471.771800
472.383150
472.387300
472.397450
472.896500
472.900250
473.723550
473.741100
473.747300
473.893850
473.897700
473.903250
474.095750
474.105400
474.139300
474.216100
474.337300
474.745700
474.748050
474.751650
474.757200
475.159850
475.227050
475.230450
475.235000
475.243650
475.460100
475.463100
476.027650
476.032500
476.490050
476.680650
476.683100
476.685600
476.689400
476.810350
476.882000
477.130700
477.844450
477.847950
478.233300
478.253350
478.328600
478.390350
478.395350
479.103000
479.113400
479.116150
479.120200
479.371550
479.547550
479.852350
479.859800
479.864400
480.354650
480.573750
480.799350
481.045400
481.050400
481.127400
481.502750
481.771000
481.855400
482.085150
482.090400
482.095650
482.234750
482.328150
482.342450
482.772950
482.783950
482.913550
482.934350
483.033950
483.190800
483.348500
483.377250
483.381550
483.616700
483.626250
483.806350
483.959150
483.968550
483.980600
484.437150
484.440200
484.454950
484.459500
484.466450
484.745950
484.757500
484.917850
484.977150
486.146000
486.266050
486.270200
486.277750
486.465700
486.849450
487.351850
487.423150
487.622200
489.015200
489.436200
489.472500
489.605750
489.729500
489.874300
490.008850
490.158650
490.176100
490.179900
490.243950
490.788100
491.051050
491.110350
491.328150
491.607700
491.616200
492.328900
492.333000
492.361400
492.384850
492.503650
493.082250
493.258250
493.262600
494.214250
494.244550
494.420600
494.423550
494.427050
494.436750
494.590350
494.702300
494.706500
494.711300
494.761800
494.771600
494.776500
494.875650
494.911400
495.029200
495.085300
495.350450
495.412150
496.336200
496.339400
496.557450
496.568850
497.087500
497.468050
497.471650
497.476700
497.484550
497.496950
497.500750
497.513450
497.848000
497.855000
497.877100
497.929400
497.949800
498.107850
498.152800
498.364800
498.383600
498.675100
498.677850
498.693300
498.740800
499.069750
499.278700
499.376600
499.420750
499.754900
499.883300
499.966850
499.998800
500.320250
500.373300
500.392750
500.397700
500.677350
501.003050
501.006100
501.210750
501.390700
501.799800
501.819000
502.195350
502.476600
502.592700
502.596350
503.023700
503.026850
503.036750
503.089400
503.156100
503.207900
503.211150
503.216300
503.219150
503.334150
503.345050
503.875750
504.078050
504.133250
504.357550
504.449800
504.509100
504.836250
505.323850
505.330400
505.347250
505.359350
505.403900
505.584300
506.329550
506.644150
506.649400
506.716000
506.719050
506.724400
507.535500
507.660000
507.677450
507.684550
508.051000
508.055550
508.398300
509.272600
509.443300
509.463500
509.619200
509.764150
510.126400
510.129400
510.769050
510.830000
510.851450
511.328700
511.994600
512.134450
512.137800
512.421550
512.474050
512.948950
513.647350
513.652150
513.800500
514.078950
514.083400
514.373150
514.375950
514.465350
514.499450
514.517450
514.565400
514.569800
515.083450
515.108550
515.223550
515.226200
515.231300
515.273400
515.278350
515.299400
515.584150
515.596550
515.922550
516.381700
516.385350
516.390250
516.421850
516.617700
516.639250
517.102400
517.133150
517.136850
517.141250
517.423700
517.476500
517.789150
517.944050
517.947650
517.951300
519.415750
519.420650
519.539950
519.544150
519.618850
519.795000
519.798900
520.135900
520.215600
520.361050
520.910200
521.004150
521.046800
521.051450
521.065650
521.076500
521.131650
521.271400
521.352850
521.355750
521.535000
521.537050
521.709600
521.875850
522.026700
522.905500
522.909550
523.237100
523.336550
523.344500
523.355800
523.593150
523.877800
524.251000
524.261050
524.370150
524.434950
524.456850
524.676100
524.933050
524.936800
524.941150
524.957300
524.969650
524.988950
525.053600
525.056550
525.060500
525.257700
525.285200
525.497000
525.902500
526.302150
527.297600
527.301900
527.577400
527.582200
527.787450
527.937800
528.029050
528.055500
528.261900
528.357400
528.363750
528.735500
529.381350
529.397950
529.401450
529.406350
529.418100
529.822400
529.826400
529.831600
529.836900
529.838950
529.841950
530.240050
530.557550
530.566700
530.571150
531.059200
531.138100
531.423300
531.854100
532.347250
532.399700
532.407200
532.412250
532.416500
532.426850
532.432850
532.779550
532.784150
533.444900
533.449300
533.561600
533.787400
533.853150
534.102150
534.105350
534.639100
534.643300
534.733550
534.787150
535.043700
535.482450
535.671650
535.675450
535.680100
535.696150
536.182800
536.482850
536.649100
536.678200
536.702700
536.721950
537.043050
537.281550
537.529350
537.749600
537.975100
538.638400
538.643050
539.683800
539.729300
539.777150
539.930400
540.005350
540.151100
540.424550
540.428950
541.062400
541.311000
541.520400
541.524500
541.567400
542.230950
542.463900
542.624350
542.711650
542.721950
543.060500
543.162300
543.369800
543.377400
543.402300
543.414500
543.423400
543.624450
543.969150
544.044400
544.148700
544.152450
544.156950
544.669950
544.801550
544.804450
544.892250
544.897800
545.197700
545.202450
545.496000
545.555400
545.656600
545.663550
545.676150
545.722450
545.873600
545.876800
545.899050
546.492050
546.503850
546.529050
546.535200
546.624850
546.628000
546.791050
547.152500
547.165700
547.168900
547.607500
547.611650
547.928200
547.931050
548.130050
548.468900
548.588000
548.590650
548.948950
548.953000
549.088900
549.129300
549.132150
549.136150
549.139400
549.190150
549.408850
549.602450
549.648250
549.671250
550.630450
550.779250
550.801850
550.804200
550.962950
551.452650
552.253500
552.630750
552.959550
553.245650
553.248100
553.250700
553.636300
553.651650
553.655650
554.484300
554.488250
554.929000
555.389100
555.730850
555.736550
555.870500
555.874700
556.095150
556.158000
556.162050
556.167250
556.398550
556.618350
556.622250
556.630250
556.670750
556.996150
557.316900
557.343000
557.347400
557.584150
557.647300
557.663550
557.807450
557.829200
558.130450
558.290100
558.296500
558.299100
558.302400
558.728700
559.340500
559.343000
559.349600
559.359650
559.578600
559.582650
559.595900
559.774900
559.795400
559.842300
560.529650
560.535900
561.728700
561.846950
562.014850
562.791150
563.504350
563.523400
563.699150
563.735100
565.654650
565.675350
565.887250
565.966250
566.413650
566.418000
566.424950
566.449350
566.462700
566.560900
567.150850
567.156250
567.297400
567.611550
567.842650
567.845100
567.854450
568.096850
568.102150
568.998450
569.002500
569.130350
569.390050
569.882000
570.266750
570.270550
570.275900
570.519450
570.522800
570.528100
570.769450
570.775050
570.782000
570.961200
570.970350
571.170150
571.385000
571.460400
571.848300
572.046100
572.134900
572.168150
572.171650
572.286500
572.515900
572.804600
572.846950
573.145550
573.150150
573.170900
573.179750
573.265800
573.389650
573.726700
574.502250
574.544750
574.558350
574.562450
574.765700
574.959600
575.073600
575.110150
575.144550
575.165550
575.189550
575.193500
575.205500
575.353150
575.637150
575.913350
575.916850
575.922350
576.095800
576.710650
576.903800
577.224550
577.339850
577.344000
577.346950
577.363300
577.461750
577.785150
577.789300
577.800300
578.348650
578.846850
578.859800
579.108250
579.512950
579.517450
579.571050
579.580050
579.962750
579.973700
580.015600
580.067850
580.095250
580.114950
580.120900
580.124950
580.132050
580.371150
581.232600
581.268650
581.272750
581.306550
581.310900
581.458800
582.157500
582.445550
582.448900
582.547150
583.038650
583.042450
583.052850
583.056400
583.685200
583.688100
584.072250
584.098900
587.050350
588.567800
590.653200
593.693600
595.008900
596.088700
596.549250
601.712700
611.121200
611.840450
612.424850
612.573650
612.577050
612.794700
612.809850
612.816500
613.034750
613.171200
613.279300
613.283900
613.904200
613.908700
613.991850
614.238100
614.470550
614.475000
614.750000
614.777200
614.780200
614.871100
614.888950
615.202400
615.490200
615.520600
615.620250
615.704150
615.775650
615.787550
615.790500
615.793900
616.199900
616.246250
616.352100
616.356600
616.592500
616.612350
616.676250
617.027750
617.220150
617.285350
617.979900
618.073600
618.093250
618.240450
618.244400
618.840100
618.946550
618.954550
618.975250
619.168800
619.184000
619.304900
619.308400
619.313600
619.317900
619.321350
619.327000
619.672050
620.070350
620.073500
620.365000
620.415750
620.511200
620.515600
620.532600
620.537200
620.541400
620.797350
620.877350
621.543350
621.991950
621.999900
622.004250
622.037950
622.043400
622.048800
622.077400
622.114150
622.119050
622.576450
623.065350
623.153650
623.779450
623.816350
623.820150
623.875150
623.877850
623.881500
623.893750
624.242700
624.246500
624.406500
624.587100
624.615900
624.626150
624.675250
624.711400
624.715900
624.789300
625.036400
625.062550
625.248000
625.471500
625.564750
625.578400
625.587300
625.591650
625.597100
625.871900
626.442950
626.447200
626.520450
626.530650
626.544850
626.569450
626.573550
626.611600
626.684400
626.772700
627.137850
627.308150
627.311500
627.317400
627.444800
627.544950
627.550300
627.791550
627.837250
627.840000
627.843200
628.410050
628.412500
628.417900
628.422500
628.427900
628.431950
628.441700
628.502150
628.568850
628.870300
629.353000
629.356950
629.461450
629.593150
630.230300
630.234150
630.251600
630.283650
630.630300
630.691450
630.736700
631.042050
631.045550
631.197250
631.204050
631.382200
631.385650
631.403500
631.407850
631.421000
631.427750
631.996550
632.145500
632.158050
632.163000
632.166600
632.254200
632.597950
633.173500
633.177800
633.190800
633.207850
633.218200
633.825100
634.677750
634.752750
634.756600
634.763050
635.257250
635.698500
635.716150
635.788250
635.792500
635.818750
636.329550
636.388400
636.394100
636.470400
637.151600
637.428450
637.478800
637.663150
637.995550
637.997950
638.084250
638.183850
638.197300
638.609150
638.622950
638.655500
638.687050
638.701700
639.039400
639.363700
639.370600
639.636750
639.650350
639.723750
639.735800
639.925350
639.929750
640.730950
640.734650
640.750350
640.756200
640.832950
640.877800
641.169900
641.193050
641.600100
641.635450
641.770550
641.784050
641.789400
641.801700
641.805850
641.835100
641.861800
641.896450
641.968250
642.468000
642.615300
642.631500
642.635200
642.640450
643.609550
643.975900
644.446300
644.496100
644.897250
645.387100
645.392250
645.653300
645.752750
645.756650
646.074850
646.204300
646.381250
646.451700
646.455250
646.512850
646.525500
646.561050
646.621150
647.223200
647.258950
647.262050
647.277200
647.383850
647.536950
648.293550
648.297300
648.311200
648.547000
648.553600
649.205250
649.328050
649.330400
649.343350
649.356850
649.690400
649.695000
649.722500
649.753200
650.078100
650.195350
650.200950
650.385550
650.443400
650.744650
650.789600
651.178100
651.181150
651.365850
651.369100
651.372700
651.505150
651.508750
652.072450
652.138500
652.145300
652.281050
652.285950
652.350550
652.354000
652.367700
652.459950
652.465400
652.471400
652.476150
652.483050
652.750500
652.811850
652.976950
652.991600
653.196800
653.200850
653.305200
653.544750
653.550100
653.563300
653.647050
653.664900
654.123100
654.128450
654.144100
654.212350
654.317650
654.769750
654.783650
654.904300
654.908300
654.914400
654.984200
655.071450
655.075300
655.149850
655.212900
655.824000
656.376750
656.443300
656.649200
656.901450
656.969100
656.974900
656.989500
657.163000
657.282950
657.648050
657.669950
657.905350
657.909300
658.011450
658.014100
658.225800
658.230300
658.249050
658.502200
658.761050
658.768800
659.051200
659.061100
659.082000
659.165750
659.197600
659.201750
659.207400
659.492450
659.565200
659.727050
659.767300
659.945350
660.653150
661.086300
661.426950
661.430300
661.443800
661.682500
661.685200
661.750700
661.755400
662.677600
662.810250
662.816700
663.604800
664.258350
664.357600
664.361700
664.413450
664.421350
664.426500
664.829450
664.833400
664.876800
665.347950
665.364650
665.629300
665.889400
665.893750
665.899350
665.902300
665.908550
665.912400
666.019700
666.222600
666.328750
666.651300
666.653500
666.940000
667.661650
667.782900
667.787850
668.243900
668.260050
668.816150
668.819850
668.893450
668.979000
669.027250
669.089900
669.179900
669.218650
669.362550
669.459750
669.579400
669.588800
669.626950
669.632700
669.638550
669.842100
669.914000
669.918650
670.058750
670.086700
670.221700
670.356400
670.359900
670.373250
670.378950
670.434250
670.593600
670.633200
670.758850
670.845500
670.875500
670.879550
670.934550
670.938150
671.119850
671.221850
671.245700
671.674350
672.045450
672.153550
672.157650
672.482150
672.559600
672.978300
673.073400
673.076850
673.092050
673.266050
673.664200
673.668600
673.693650
673.704650
673.732900
673.750850
673.764300
673.770000
673.828650
673.922600
673.925350
673.945900
674.325150
674.348900
674.881050
674.920600
675.164200
675.177750
675.192700
675.211250
676.004800
676.010200
676.018650
676.172550
676.384250
676.806950
677.082700
677.435600
677.704250
677.714500
677.725650
677.827400
678.567600
678.572350
678.578300
678.582800
678.634350
679.521000
679.989600
679.993500
679.996850
680.176450
680.301350
680.328650
680.645050
680.728700
680.772450
680.931000
680.940700
680.955900
681.068500
681.100550
681.113400
681.140050
681.309000
681.347200
681.372300
681.531600
681.535300
681.540400
681.693800
681.723000
681.728350
681.732550
681.794650
681.925300
681.929150
681.940450
682.328350
682.461050
682.556950
682.560950
682.580850
682.632200
682.807800
683.259850
683.392050
683.396050
683.400900
683.419500
683.480150
683.511900
683.523450
683.647750
683.795950
683.801350
683.807650
683.827650
684.045800
684.050200
684.112900
684.115400
684.407600
684.767400
684.807750
684.818700
684.822250
684.831350
684.835900
684.858050
685.015500
685.287150
685.472600
685.476800
685.521450
685.526800
685.668700
685.686800
685.774300
686.033400
686.168450
686.207200
686.715150
686.733750
686.756900
686.773200
686.832600
686.856400
687.141600
687.144050
687.149600
687.155100
687.213950
687.220250
687.674000
687.893500
688.048300
688.093100
688.097000
688.155950
688.887550
688.891450
689.498300
689.502250
689.632300
689.635700
691.374200
691.377850
691.387600
691.400050
691.520250
691.527650
691.533250
691.926850
692.673350
692.767750
693.286850
693.376500
693.380250
693.385850
693.388500
693.392900
693.409100
693.428850
693.489350
694.711150
694.715000
695.170550
695.795250
696.165050
696.187150
696.572250
696.739200
696.742050
696.759700
696.770900
696.787650
696.821750
696.824450
696.895700
696.900450
696.911050
697.414000
697.417450
697.427250
697.608500
697.919150
698.014900
698.018750
698.254700
698.258800
698.263200
698.272300
698.293200
698.295700
698.319300
698.322400
698.326200
698.432150
698.519700
698.547100
698.559800
698.801200
698.805150
698.877250
698.946050
699.175150
699.234900
699.239700
699.419000
699.821400
699.884700
700.131250
700.134450
700.144200
700.196000
700.356800
700.379600
700.406900
700.446550
701.174700
701.389800
701.447600
701.925300
701.927950
701.935600
702.124050
702.156850
702.269750
702.395600
702.589450
702.759500
703.181400
703.183800
703.338400
703.342850
703.385450
703.561600
703.672850
703.929500
703.949750
704.162300
704.170550
704.174850
704.185650
704.777650
704.799300
704.819200
704.824800
704.828600
704.834000
704.846900
705.224550
705.283950
705.539900
705.640200
705.981300
705.985150
705.992550
706.460450
706.464050
706.623250
708.184950
708.189350
708.689100
709.159550
709.162700
709.172100
709.181600
709.644750
709.835750
710.045800
710.049350
710.059900
710.120100
710.671700
710.678700
710.694400
710.698150
710.704650
710.717600
710.721600
711.251800
711.255700
711.261200
711.982700
711.991600
711.996750
712.467050
712.806150
712.840350
712.874100
713.281450
713.359850
713.363500
713.374850
713.439550
713.672500
713.676300
713.680850
714.124750
714.167450
714.323650
714.328700
714.389300
714.404500
714.407600
714.503050
714.733850
714.863050
714.866500
714.871200
714.882050
714.893250
714.996100
715.003850
715.019850
715.162900
715.174700
715.504850
715.540150
715.732900
715.735850
715.739450
715.744600
715.770200
715.882400
716.023050
716.026400
716.033200
716.035400
716.069950
716.103600
716.568850
716.748750
716.751300
717.133900
717.210600
717.610550
717.742150
717.761850
717.882450
718.045750
718.097100
718.112800
718.199550
718.430800
718.447600
718.487800
718.879300
718.984450
719.205450
719.369400
719.372600
719.376400
719.382700
719.391950
719.449850
719.459950
719.772800
720.124750
720.129750
720.298050
720.425350
720.493250
720.495900
720.527100
720.533400
720.650200
721.536300
721.567450
721.572150
721.578400
722.378600
722.515550
723.529150
723.547750
723.551850
723.558550
723.927650
723.938650
724.894700
725.457500
725.598600
725.738150
725.741900
725.771850
725.937800
726.475350
726.479800
726.733300
726.765850
727.330700
727.334400
727.342850
727.648550
727.650950
727.656800
727.660950
727.815150
727.819850
728.147200
728.151050
728.172550
729.460900
729.466100
729.472250
729.477700
729.582550
729.626700
729.649850
729.656150
729.673550
729.895450
729.899500
729.912950
730.526400
730.529750
730.535150
731.189550
731.193200
731.196350
731.198550
731.204850
731.217500
731.222200
731.274750
731.277900
731.801150
731.804450
731.833900
732.420750
732.424050
732.433650
732.697150
732.699850
732.799950
733.459500
733.462400
733.742550
733.747000
733.753700
733.866500
733.887550
734.715100
734.718700
734.741800
734.746800
734.903400
735.719850
735.723150
735.728100
735.733800
735.743750
735.786750
735.790400
735.795900
735.821000
736.715100
736.838050
736.841650
736.846300
736.851850
736.861750
737.261700
737.267100
737.372200
737.454650
737.878750
737.903950
737.906450
737.912650
739.523850
739.527100
739.731750
739.795850
739.800550
740.633450
740.638450
741.608300
741.613400
741.932050
742.123450
742.169300
742.299100
742.302850
742.307950
742.390900
743.399250
743.537350
743.540700
744.500950
744.952750
744.956250
745.717050
745.725850
745.732500
745.911250
745.914950
745.987600
746.003250
746.268150
746.896750
747.569200
747.581300
748.023250
748.151750
748.418000
749.558050
749.561750
749.871650
750.177350
750.217550
750.247150
750.255200
750.279500
750.284700
750.334900
750.354100
750.403750
750.457650
750.549450
750.794500
750.837100
751.133700
751.212050
751.319900
751.335900
751.347700
751.471700
751.544600
751.595600
751.720150
751.928550
751.971000
752.027650
752.060050
752.232250
752.507700
752.589800
752.643900
752.778800
753.157450
753.312750
753.565450
753.612700
753.972300
753.977300
754.006550
754.011800
754.015300
754.017750
754.022350
754.025650
754.028650
754.033100
754.044850
754.114750
754.191950
754.235750
754.321300
754.375700
754.511800
754.536500
754.790250
754.957000
754.960450
755.084000
755.102200
755.113550
755.132850
755.243800
755.340050
755.370550
755.378750
755.409750
755.450350
755.453100
755.462450
755.473600
755.485200
755.916050
755.993950
756.248950
756.270700
756.430700
756.437200
756.489700
756.578100
756.719550
756.950800
757.206350
757.288500
757.482600
757.521800
757.820200
757.854750
757.857750
757.866150
757.873400
757.888300
757.910850
758.070200
758.393500
758.620700
758.624850
759.119850
759.515750
759.520700
759.818650
759.822250
759.827900
759.832600
759.890100
759.932100
759.940300
759.944950
760.000200
760.170850
760.251900
760.594750
760.631550
760.880350
761.331250
761.334250
761.697950
761.901350
762.308800
762.312250
762.368900
762.454650
762.689750
762.853150
762.856400
762.861250
762.872000
763.451400
763.517750
763.859100
764.135800
764.139300
764.301900
764.311850
764.365000
764.380350
764.602300
764.802200
765.138000
765.202650
765.227100
765.630700
765.953250
766.110250
766.200750
766.204850
766.695700
766.703300
766.714450
767.002150
767.129000
767.134200
767.460600
767.464050
767.498850
767.503150
767.521600
767.795850
767.799600
767.821500
768.411050
768.415450
768.771500
768.775950
769.591250
769.594400
769.607450
770.125800
770.131550
770.148050
770.562150
770.883800
770.887550
770.896850
771.517100
771.529900
772.443850
772.487850
773.064250
773.362500
774.144900
774.148850
774.161100
774.173100
774.769750
774.773450
774.922050
774.926600
775.150700
775.155350
775.178350
775.191950
777.354400
777.358700
777.473700
777.556650
778.646400
779.079050
779.287200
779.292700
779.591200
779.594600
779.599100
779.605100
779.802750
780.025300
780.030300
780.249800
780.256700
780.703200
780.708750
781.125000
781.129550
781.989300
782.033300
782.750450
782.757800
782.765750
782.880900
783.011000
783.102050
783.283700
783.428350
783.780250
783.890150
784.709950
784.745050
784.908800
785.050050
785.639850
786.213900
786.217350
786.224150
786.515700
786.519750
786.706350
787.156200
787.160250
787.662400
789.222050
789.225200
789.331700
789.517750
789.587600
789.591850
789.841950
789.849700
790.620250
790.925200
790.929350
791.098250
791.103000
791.107250
791.110600
791.366150
791.385950
791.392600
791.396150
791.402350
791.431900
791.534550
791.677100
791.924450
792.141800
792.315250
792.359350
792.816250
792.822150
793.122000
793.125400
793.132450
793.135700
793.305650
793.309200
793.313000
793.317550
793.516400
793.780350
793.913150
794.064900
794.070500
794.092550
794.152300
794.156100
794.180600
794.463600
795.092600
795.096250
795.102400
795.278600
795.283250
795.388750
796.223250
796.230450
796.240000
796.439850
797.321750
797.326250
797.660350
798.196050
798.199700
798.204550
798.214950
798.242300
798.851450
798.976850
799.585500
799.913900
799.917600
799.941000
800.482500
800.485350
800.488750
801.898950
801.902900
802.418650
802.453150
802.455850
802.458450
802.467450
802.613200
803.036550
803.399250
803.575900
803.627350
803.739900
804.266550
804.270150
805.291600
805.316200
805.449500
805.772900
805.776800
806.052800
806.085150
806.371600
806.375600
806.751400
806.756350
806.909900
806.923050
806.929800
806.950300
807.217550
807.221300
807.225600
807.234900
807.254950
807.322200
808.484000
808.487450
808.530450
808.534450
808.541000
808.805750
808.883150
808.987700
809.261800
809.266350
809.960650
810.782800
810.795300
810.806050
810.814750
810.891750
810.945300
811.675450
811.691950
811.702350
811.990100
811.998050
812.189700
812.395250
812.399450
812.493150
812.696050
813.098600
813.101450
813.351950
813.582800
813.809950
813.812700
813.823300
813.976900
813.997400
814.001000
814.004150
814.007050
814.025850
814.029000
814.043350
814.046050
814.419500
814.745000
814.811250
814.849850
815.559350
815.574300
815.655450
815.726600
815.838050
815.893150
816.004700
816.215250
816.242750
816.273300
816.288750
816.358800
816.376100
816.379600
816.522100
816.764000
816.791850
816.853200
816.888350
816.913850
816.931350
817.008550
817.012300
817.038950
817.197750
817.202850
817.249200
817.254050
817.261350
817.292050
817.314400
817.318150
817.396800
817.607650
817.691150
817.695100
817.726500
817.760600
817.828650
817.909300
818.034050
818.039850
818.057100
818.112450
818.286650
818.359350
818.475750
818.545350
818.850050
818.997000
819.233950
819.256900
819.337750
819.344450
819.363700
819.398250
819.557300
819.574900
819.945700
819.949400
820.146600
820.166250
820.220400
820.347100
820.663900
820.819300
820.852050
820.855450
820.914550
820.950550
821.239950
821.244850
821.301350
821.375800
821.491800
821.499450
821.585700
821.591300
821.682650
822.021400
822.089250
822.148400
822.196200
822.337950
822.418850
822.421650
822.429350
822.442300
822.620600
823.077050
823.118850
823.186750
823.190700
823.195700
823.322350
823.341300
823.468350
823.472100
823.478250
823.522400
823.737150
823.780000
823.919300
823.924650
823.960750
823.979500
824.581500
824.601150
824.611250
824.759900
824.948950
825.052850
825.057450
825.070350
825.330650
825.783200
825.787000
826.240550
826.244250
826.436250
826.516350
826.592250
826.608850
826.612800
826.620450
826.645150
827.034400
827.044300
827.310500
827.396400
827.626050
827.669250
827.918650
827.929100
827.935400
827.946700
828.022950
828.561850
828.643650
828.798800
829.003400
829.257200
829.301750
829.319100
829.516400
829.756150
829.911000
830.046950
830.077650
830.138700
830.202350
830.332200
830.542000
830.764250
830.769450
830.772500
830.808650
831.015600
831.022550
831.571850
831.576050
831.587350
831.594200
831.754800
831.969900
832.338950
832.544350
832.646050
832.650100
832.655700
832.794950
832.926700
833.367900
833.780800
833.783350
833.805000
834.102700
834.138200
834.217800
834.221250
834.436850
834.724950
834.852600
835.217300
835.642850
836.126850
836.334850
836.527650
837.112200
837.124100
837.849500
838.088100
838.091400
838.141900
838.180950
838.448200
838.519200
838.902050
839.018000
839.544300
839.547550
839.572200
839.576200
839.804650
839.815200
839.819450
840.035050
840.362050
840.611600
840.881600
840.907000
840.910700
840.915750
841.216650
841.522500
841.698750
842.008400
842.011500
842.074300
842.084850
842.287050
842.293300
842.322750
842.348350
842.844050
842.901900
842.905150
842.996650
843.027750
843.031050
843.083750
843.539800
843.552450
843.589150
843.610250
844.207100
844.213400
844.220150
844.298000
844.303000
844.468300
844.475950
844.480850
844.491750
844.617300
844.624950
844.631450
844.649050
844.651950
845.001000
845.434750
846.218950
846.221800
846.499200
846.503400
846.505700
846.518000
846.559750
846.775700
847.090100
847.092250
847.104750
847.108550
847.115800
847.203400
847.338550
847.525450
847.665850
847.669150
847.781850
848.000300
848.107450
848.184800
848.263950
848.267500
848.280150
848.302850
848.487100
848.492750
848.618200
848.643900
849.469200
849.472600
849.506250
849.631100
849.635000
849.846300
849.849100
849.908650
850.535500
850.538150
850.583200
850.593500
850.597400
850.637350
850.768750
851.000750
851.133400
851.138000
851.274150
851.415600
851.419000
851.438650
851.548350
851.606150
851.875650
852.024350
852.028950
853.143750
853.306500
853.309600
853.328550
853.338150
853.686400
853.689550
853.860050
853.863200
853.876950
853.893300
854.074800
854.385750
854.405650
854.412000
854.414350
854.676250
854.927750
854.934150
855.325650
855.330550
855.690850
855.996700
856.002000
856.142450
856.226600
856.231000
856.331850
856.713450
857.431400
858.056400
858.061350
858.257800
858.265350
858.418150
858.451700
858.474950
858.564950
858.876950
858.963100
859.723350
859.804950
859.880750
859.883650
859.887700
859.936750
860.298100
860.304050
860.322200
860.426650
860.432500
860.532500
860.913850
860.930150
860.942550
860.944800
861.049650
861.099000
861.460100
861.464150
861.616950
861.624050
861.690550
862.336850
862.340400
862.345550
863.137850
863.142100
863.242550
863.246900
863.343950
863.435250
863.603850
863.659750
863.664150
864.143600
864.459900
864.627150
864.696300
864.699650
864.948800
865.212850
865.718450
865.727900
865.975800
866.020600
866.024400
866.786550
866.915850
866.952000
867.015750
867.072950
867.083200
867.095350
867.638950
867.978550
868.070750
868.476450
868.693350
868.715650
868.868700
868.872400
868.915200
868.990500
869.499400
869.723700
869.727150
869.731950
870.000750
870.071950
870.076450
870.079200
870.087750
870.096350
870.114750
870.118400
870.131850
870.212850
870.358950
870.362750
870.716100
871.083300
871.122200
871.469500
871.473100
871.482300
871.489100
871.609800
871.612400
871.617500
871.640300
872.815000
872.851800
873.231400
873.732200
873.768750
873.774200
873.781350
873.892800
874.041050
875.190350
875.384900
875.388450
875.414600
875.487300
875.498850
875.763300
875.819800
875.827700
875.830400
875.855000
875.936950
876.360950
876.376050
876.772900
876.816850
877.453350
877.457200
877.618600
877.632800
877.908150
877.911750
878.461500
878.464950
878.628500
878.752050
878.799550
878.855400
878.859900
878.864650
878.972600
879.314550
879.671450
879.715700
879.751650
879.995200
880.167500
880.171350
880.176650
880.188700
880.211000
880.934950
880.944300
880.982600
881.553350
881.557050
881.561550
881.572200
882.214200
882.253650
882.256550
882.276550
882.281150
882.286650
882.661350
882.825200
883.389600
883.512300
883.894300
884.041550
884.376700
885.262050
885.608100
885.623800
885.634400
885.655950
885.845400
885.930950
886.229900
886.233250
886.238000
886.256900
886.268100
886.535700
886.780750
886.784550
886.947900
887.025400
887.354200
887.359200
887.708650
887.757300
887.768900
888.460150
888.464450
888.483650
888.494400
888.592400
888.782850
889.196700
889.355300
889.361800
889.364500
889.749200
889.946650
890.047050
890.077850
890.924350
891.005100
891.013400
891.816900
891.830850
891.897500
892.048850
892.510300
892.527750
892.538350
892.551750
892.561200
892.592850
892.682950
893.905850
893.992600
893.996550
894.002500
894.130650
894.135400
894.519900
894.581600
894.680800
894.751400
895.056900
895.061650
895.149500
895.740100
895.743600
895.859000
896.095050
896.450050
896.454250
896.521400
896.769850
897.585600
897.652250
897.659600
897.664450
897.669050
897.735900
898.045000
898.048800
898.104200
898.128200
898.293050
898.308400
898.381750
898.387250
898.628750
899.469450
899.474650
899.477900
899.481250
899.485200
899.494050
899.512300
899.796350
899.799350
899.846450
899.896250
899.900500
899.903500
899.933250
900.462450
900.466550
900.476750
900.486150
900.526350
900.655950
900.825950
900.829200
900.999600
901.088600
901.306200
901.309900
901.314100
901.347100
901.427650
901.440300
901.564500
901.568500
902.098400
902.102450
902.138250
902.509250
902.512150
902.516900
902.526300
902.647100
902.762850
902.770800
902.909900
903.266000
904.133000
904.136250
904.146200
904.158500
904.281950
904.287450
904.491450
904.887100
904.980000
904.983300
905.030400
905.050800
905.104300
905.816550
905.835600
906.253400
906.314400
906.331950
906.336550
906.341300
906.344900
906.684850
906.879050
906.934750
906.985350
906.988950
907.210050
907.227450
907.231900
907.284300
907.293400
908.077050
908.185600
908.771200
909.212450
909.253000
909.261600
909.277550
909.671550
909.681050
909.683500
909.688150
909.700750
909.716150
909.732300
909.752500
909.771650
910.532650
910.537450
911.688500
911.809700
911.820450
911.824550
911.835300
912.193650
912.277550
912.469800
912.494900
912.501400
912.513800
912.518400
912.751300
912.811600
913.619500
914.799700
914.802200
915.129000
915.133000
915.141300
915.274850
915.282550
915.325850
915.330600
915.566300
916.093200
916.101550
916.442550
916.684250
916.687400
916.691700
916.736900
916.741150
916.954850
917.262100
917.296300
917.316450
917.320650
917.325500
917.336500
917.360450
917.363850
917.404700
917.570000
917.574000
918.052550
918.471450
918.498750
918.503200
918.512050
918.849900
918.853600
918.862250
918.868900
918.883900
918.941350
919.138650
919.276650
919.559900
919.567400
919.894100
920.067150
920.072750
920.518100
920.754650
920.757500
920.805550
920.859550
920.937600
921.013800
921.462400
921.481300
921.827500
921.830800
921.911350
922.619450
922.631300
922.636650
922.758650
922.856100
923.023900
923.793050
923.797300
923.995200
924.198550
924.202200
924.207400
924.214850
924.291000
924.731000
924.739950
924.819650
925.598500
925.737650
925.942450
925.946900
925.949000
925.954650
925.980000
925.985050
926.446000
926.455300
927.201000
927.210300
927.217500
927.531300
927.659850
927.917500
928.219700
928.232550
928.239150
928.381350
928.581350
928.796450
928.800600
928.983300
929.050100
929.681550
929.812650
929.832000
929.929450
929.943450
930.073250
930.325300
930.350800
930.790700
931.300300
931.307750
931.312100
931.369000
931.376700
931.533250
931.559250
931.715700
931.742050
931.971000
931.990750
931.997450
932.053850
932.460900
932.464850
932.475600
932.655450
932.660650
933.076600
933.085450
934.174600
934.177900
934.184200
934.237950
935.536750
935.553550
935.556500
935.569350
936.220700
936.310000
936.385350
936.390750
936.702800
936.967350
936.984050
936.987850
937.061650
937.449200
937.479750
937.639000
937.642600
937.650600
937.653900
937.657200
937.667200
937.843800
938.584100
938.680750
938.707500
938.752100
938.755750
938.767650
938.806450
938.888750
939.067850
939.117450
939.121150
939.131700
939.589750
939.592450
939.599750
939.633850
939.681350
939.700050
940.138250
940.734500
940.990250
941.258200
941.262250
941.324650
941.415050
941.809650
941.813500
942.042400
942.102850
942.797550
942.802300
942.821750
942.826800
943.198350
943.397150
943.647500
943.786950
943.874750
944.336500
944.354200
944.379800
944.598650
944.789800
945.204800
945.255300
945.258950
946.024200
946.028550
946.311800
946.330950
946.335100
946.340050
946.363300
946.708600
947.282050
947.291250
947.695400
948.105700
948.109500
949.387100
949.473100
949.718900
949.722950
950.131000
950.753650
950.756750
950.767800
950.798300
950.908650
951.075150
951.085150
951.092500
951.126500
951.147750
951.172700
951.928200
952.126050
952.323900
953.041950
953.451750
953.455250
953.460750
953.489650
953.667450
953.671500
953.691950
953.699200
953.713450
953.926650
953.983200
953.988150
954.105800
954.444950
954.529550
954.534650
954.540050
954.673000
954.884950
955.133050
955.137200
955.143500
955.157400
955.205000
955.215500
955.219400
955.517050
956.273350
956.277550
956.842450
956.845550
956.849500
957.333450
957.532700
958.250350
958.254500
958.281700
958.524550
958.572800
958.847600
959.503850
959.507950
959.520450
959.929650
960.264450
961.223050
961.227550
961.232550
961.253200
961.631550
961.634950
961.639250
961.642750
961.654800
961.826350
961.930800
962.214950
962.505900
962.510350
962.528000
962.561800
962.574050
962.600450
962.618000
963.264700
963.652800
963.812550
963.829400
963.890650
963.924650
963.979500
964.759200
964.970650
965.130850
965.206150
965.265850
965.269850
965.305350
965.316100
965.353950
965.456350
965.792750
965.835600
965.839400
965.846250
966.135900
966.141800
966.247000
966.270700
966.281900
966.933700
967.054300
967.064700
967.131350
967.194650
967.197700
967.200250
967.203200
967.205600
967.209100
967.212800
967.401250
967.425950
967.434850
967.437250
967.442200
967.512900
967.541850
967.626300
967.738050
967.785250
967.887850
968.096800
968.217850
968.227200
968.331250
968.394750
968.400450
969.287050
969.289700
969.292350
969.557750
969.561400
969.572350
969.592400
969.834250
969.846300
969.943600
970.205500
970.374050
971.037450
971.616200
971.651350
971.655400
972.201800
972.205700
972.317100
972.404150
972.577200
972.604100
973.631050
973.635600
975.234000
975.328250
975.332900
976.072450
976.075700
976.094700
976.327350
976.390850
976.394600
976.398150
976.447350
976.910800
977.145350
977.150850
977.153050
977.302500
977.319100
977.455350
977.505900
977.533150
977.722700
977.803150
977.909400
977.911650
978.000550
978.058950
978.132550
978.407400
978.594000
978.715350
978.718650
978.723950
978.734300
979.496250
979.499600
979.503050
979.529400
979.538600
979.541450
979.668750
980.222450
980.226800
980.328700
980.675500
980.729650
980.808550
980.812400
980.998900
981.007050
981.038650
981.167700
981.181500
981.302900
981.587550
981.739150
981.949150
981.952600
982.603750
982.612050
982.616050
982.627750
982.636450
983.011200
983.025450
983.028050
983.946700
983.952350
984.145950
984.526150
985.981950
986.403300
986.407050
986.421200
986.850650
986.853250
986.872350
986.881450
986.934350
987.243400
987.265400
987.915300
987.917550
987.926550
987.942500
988.493950
988.499600
988.503900
988.541500
988.838950
989.225250
989.280100
989.284200
989.289950
989.332700
989.395450
989.476000
989.733000
989.813550
990.151850
990.160850
990.297650
990.302300
990.314550
990.680600
990.841950
990.846500
990.911100
991.082950
991.333550
991.339900
991.352450
991.481100
991.521550
991.693700
991.821050
992.023950
992.128800
992.355450
992.397050
992.449100
992.524100
992.528900
992.692200
992.721850
992.740200
993.003400
993.475950
993.480800
993.491050
993.512450
993.700150
993.806400
994.138700
994.541350
994.691250
994.705650
995.066950
995.072350
995.306850
995.420800
995.465150
995.560600
996.777200
996.782300
996.793500
997.550500
997.716850
997.999300
998.004300
998.064650
998.096050
998.667800
998.677050
998.680500
998.686300
998.822250
999.095250
999.844250
999.847100
1000.502700
1000.506150
1000.510500
1000.902650
1001.340650
1001.343700
1001.357750
1001.361800
1001.374050
1001.527100
1001.818600
1001.822750
1001.958600
1001.967650
1001.971800
1001.974650
1002.075800
1002.080250
1002.098050
1002.237800
1002.255200
1002.885100
1002.889100
1002.899500
1003.114500
1003.435450
1003.441350
1003.543600
1003.748650
1003.752150
1003.758650
1003.823650
1003.867650
1004.109900
1004.113100
1004.115450
1004.123600
1004.134800
1004.411850
1004.523150
1004.537050
1004.541600
1004.556300
1004.624150
1004.663800
1004.691650
1004.764300
1004.770650
1004.921400
1004.924750
1004.928150
1005.160250
1005.186850
1005.676200
1005.680150
1005.695950
1005.717500
1005.725650
1005.765350
1005.784250
1006.166750
1006.219750
1006.288700
1006.470600
1006.539450
1006.840200
1006.933350
1006.937950
1006.962300
1006.990000
1007.089250
1007.215800
1007.222300
1007.231900
1007.362550
1007.475250
1008.156600
1008.534650
1008.558600
1008.869600
1009.109250
1009.113350
1009.347150
1009.351500
1009.357150
1010.327600
1011.505950
1011.510600
1011.528400
1011.540700
1011.558100
1011.568700
1012.147600
1012.150950
1013.508200
1013.513100
1013.550500
1013.556800
1013.565050
1013.575850
1013.937300
1014.041500
1014.065600
1014.089250
1014.094050
1014.346800
1014.363200
1014.561350
1014.593650
1015.724300
1015.946150
1016.045250
1016.067450
1016.074600
1016.077050
1016.204850
1016.209700
1016.213600
1016.611500
1017.058600
1017.067300
1017.069350
1017.090350
1017.093350
1017.118550
1017.121250
1017.137700
1017.297350
1017.391150
1017.394200
1017.398400
1017.415300
1017.435050
1018.002850
1018.022750
1018.030050
1018.034600
1018.125100
1018.205200
1018.450150
1018.492900
1018.498900
1018.516000
1018.521150
1018.733250
1018.768300
1018.771500
1018.799250
1019.218350
1019.316050
1019.392700
1019.518850
1019.737400
1019.913100
1019.950350
1020.009600
1020.459000
1021.040050
1021.043750
1021.046950
1021.082000
1021.131950
1021.264550
1021.321650
1021.346050
1021.569200
1021.583050
1021.702100
1022.107500
1022.110100
1022.392550
1022.423500
1022.442000
1022.471450
1022.679750
1022.836450
1022.840650
1023.033750
1023.037950
1023.057450
1023.808250
1023.811150
1023.817450
1023.824750
1024.236600
1024.268750
1025.133550
1025.137100
1025.273400
1025.415200
1025.771650
1025.780250
1025.783400
1025.785550
1026.308000
1026.903300
1027.010800
1027.015150
1027.213850
1027.923900
1028.052300
1028.987900
1029.081750
1029.103200
1029.110550
1029.368500
1030.688150
1030.922000
1030.926150
1030.961500
1030.965850
1030.977250
1030.983250
1031.281100
1031.310350
1031.406150
1031.408950
1031.506000
