2.710100
3.996200
5.128100
10.203300
10.207900
10.218150
10.234750
10.248950
10.297100
10.387150
10.458700
10.461800
10.527350
10.578250
10.672000
10.721900
10.778700
10.852250
10.984300
11.055650
11.071350
11.145250
11.199100
11.256200
11.332100
11.453800
11.476300
11.530500
11.633350
11.716000
11.750600
12.025550
12.038200
12.280950
12.394950
12.444450
12.632700
12.765850
13.725650
13.934950
14.093250
14.237600
14.385900
14.409700
17.423200
20.876000
21.051100
21.057850
21.806450
22.091950
22.532700
24.792950
25.251850
25.296400
26.243500
26.481950
28.872400
30.188950
31.383750
32.732150
33.181600
33.827800
34.371050
38.191350
38.627900
39.661300
41.252350
41.599950
43.154300
44.178250
44.477050
45.339300
47.002150
47.192850
48.338550
49.739200
51.865200
52.120050
52.503850
52.606000
53.248300
53.265950
53.438750
59.013850
61.911500
64.132400
64.304600
64.429750
66.226100
66.292500
67.541150
68.203350
68.717800
68.808850
68.825250
68.891100
68.895900
69.006600
69.800800
69.982200
75.304450
88.495400
88.681550
89.783100
89.793550
89.957700
90.049100
90.130850
90.309850
91.075950
91.433350
91.616150
94.255750
94.738800
95.205850
95.355250
95.787700
97.174600
98.402450
98.709850
99.755900
99.795300
100.437900
100.629750
101.067300
102.434200
102.768700
102.880600
103.760850
104.536750
104.559050
104.570700
104.606750
104.825850
105.044550
105.516300
105.651850
106.556700
107.149400
108.580950
111.874450
111.921400
111.953850
112.462100
112.834000
112.917350
113.014650
113.322100
113.571400
114.208900
114.550800
114.568100
114.797400
116.257800
116.768700
116.934850
116.938600
117.316200
117.371500
119.082300
119.194200
119.425500
119.550500
120.935250
121.110650
121.134650
121.273650
121.628650
122.746050
123.034300
123.270350
123.435000
124.190250
124.221950
124.445050
124.981800
125.623300
126.436250
126.932750
127.131100
127.234300
127.362150
127.572350
127.961950
128.175700
128.367150
128.704050
128.708250
128.721550
128.860700
129.300650
129.616100
129.822900
130.034800
130.054250
130.072850
131.414300
132.086950
132.397600
132.689150
134.317600
134.643150
135.903250
136.303350
136.496100
137.303350
137.495500
138.135900
138.897450
140.963400
141.087200
141.120950
141.210200
141.343950
141.418150
142.110900
142.851600
143.772350
144.145900
147.296300
147.511700
147.538550
147.552350
147.734100
147.870450
148.078450
148.176450
148.804200
148.823450
148.836600
148.842550
150.210450
150.770750
151.448400
151.673750
151.838950
152.411500
153.421250
153.433150
153.436950
153.462000
153.720500
153.796350
153.910450
154.410400
154.457050
154.460300
154.469800
155.195700
156.230850
158.515000
158.880100
158.884150
158.891450
158.951650
159.147900
159.340300
159.366600
159.388800
159.406250
159.639750
159.804300
160.429850
160.950500
160.979200
161.091250
161.347750
162.746650
162.958550
163.692100
164.085200
166.402300
167.433600
169.458800
170.278450
170.682650
171.389850
171.418950
171.436950
171.833750
172.318500
173.030100
173.268250
174.277650
176.377850
177.648050
177.783850
177.887750
178.020550
178.204750
178.451700
179.357850
179.917950
180.935200
181.826750
181.935400
182.078050
183.774350
183.822100
183.857150
183.861150
183.926650
183.990450
184.086450
184.213000
184.465900
185.009750
185.175700
185.541200
185.926850
185.969900
185.985250
186.156400
186.216950
186.297150
186.678300
186.835250
187.410100
188.633650
188.739050
188.969100
189.381750
189.445150
189.657250
189.931100
191.515350
191.750050
191.797550
192.223800
192.291350
192.504400
192.657300
193.640200
193.896100
194.102400
194.259000
194.559300
194.930050
195.733500
196.169400
196.484700
196.714350
197.724550
198.186550
198.639450
198.876300
198.920000
199.138400
200.178600
200.898650
201.610750
201.809450
202.135450
202.139800
202.195750
203.356850
203.374200
203.390750
203.720750
203.954600
204.442850
204.497500
204.773050
205.321050
206.106300
206.127200
206.139900
206.245700
206.538200
206.748550
206.865050
206.957400
207.356150
207.543200
207.549750
207.683200
207.731950
207.817100
209.342350
209.354850
209.443000
209.463500
209.799950
210.096800
210.910000
210.913950
211.714000
211.953700
212.094150
213.212200
213.223800
213.244950
213.617350
213.870650
214.164050
214.309500
214.386400
214.746350
215.275550
216.392000
216.763750
217.002350
217.259250
217.402300
217.693750
217.775650
217.828950
218.411100
218.542750
219.232750
219.354450
219.663450
219.872000
220.188900
220.198300
220.753800
220.814200
221.021400
221.480100
221.545400
222.248800
223.000250
223.681450
224.186350
224.292350
225.518550
225.981900
226.412350
227.408800
227.764700
229.583800
229.648300
230.007300
230.495100
230.574050
230.851050
231.032450
232.837950
232.850850
232.882000
232.926500
233.076700
233.190250
234.124200
235.009650
235.026150
235.041950
235.072550
235.241700
235.666600
235.840950
235.967450
236.652600
237.228700
237.771200
238.402550
238.459900
239.157200
239.172450
239.188250
239.286900
239.884200
240.058700
240.354100
241.029450
241.053900
241.194950
242.045250
242.063200
242.734750
242.838750
242.844350
242.851100
243.075450
243.407700
243.482950
243.741100
244.639000
244.947150
245.025700
245.648850
245.978100
246.318700
246.430250
246.433650
246.466200
246.903350
247.007500
247.338750
247.492600
247.858200
247.875500
247.889150
248.348600
248.364350
248.608800
248.766300
249.423100
249.435450
249.486000
249.804000
249.971300
250.041700
250.449850
251.805450
251.893500
252.031900
252.079650
252.181200
252.959600
253.481200
253.486000
253.772350
254.673400
254.892850
254.906800
254.993250
255.001700
255.526450
256.280900
256.443900
256.735050
256.781900
256.992350
257.247800
257.424800
257.672250
257.780300
257.993300
258.220150
258.341550
259.428050
260.800750
261.218750
261.409300
261.784850
262.084300
262.571350
262.689250
262.912200
262.944600
262.983500
263.099300
263.109450
263.125550
263.128950
263.288100
263.374450
263.495800
263.641750
263.705550
263.796500
264.290850
264.821750
265.531550
265.764550
265.776450
265.900600
265.937800
266.117000
267.062350
267.537850
267.653750
267.670450
267.771950
268.287500
268.747100
268.823800
268.971000
268.989000
269.171550
269.212350
269.337700
269.695400
269.855300
270.392750
270.397250
270.442850
270.711850
270.783600
270.786050
271.281350
271.852850
272.102550
272.106850
272.444650
272.642050
272.648450
273.464650
273.469050
273.575200
274.127450
274.485200
274.770500
275.054400
275.068400
275.282800
275.676100
275.910350
276.346700
276.524950
277.070250
277.165500
277.201750
277.421500
277.644000
277.846950
278.307150
278.310550
278.323900
278.524800
278.929200
279.028100
279.051000
279.264350
279.915550
280.582150
280.637650
280.785450
281.070150
281.098750
281.216600
281.633500
282.199200
282.942300
283.437050
284.870950
285.174450
285.205150
285.215700
285.226400
285.243250
285.294200
285.690250
286.045300
286.090200
286.701200
286.718700
287.377200
287.649050
287.669300
287.682500
287.686550
287.794050
287.799300
287.994650
288.119700
288.411050
289.304300
289.318250
289.359650
289.496750
289.536250
290.323600
290.662150
290.677850
290.733550
291.326400
291.767900
291.985300
292.061100
292.064850
292.555450
292.681800
293.114200
293.576400
294.474000
294.588150
294.611400
294.615850
295.325150
295.889400
296.104450
296.655150
296.661400
296.705200
296.709150
296.851150
297.506250
297.627050
297.987850
298.231700
299.063350
299.147450
299.339150
299.396050
299.751050
300.403850
300.709600
301.517950
301.525900
302.011500
302.069550
302.582650
302.869450
303.336650
303.546900
303.858600
303.876900
303.880300
304.833400
305.006050
306.091700
306.293400
306.426500
306.428950
306.450900
306.692750
306.762350
306.880750
307.089950
307.293550
307.440350
307.915700
308.026550
308.063400
308.110850
308.242300
308.651950
308.655800
308.967300
308.974450
309.140800
309.165150
309.436450
309.609650
309.650600
310.166000
310.241350
310.492200
310.760200
312.033250
312.052800
312.494000
312.496700
312.822100
313.903550
314.115700
315.402300
315.472150
315.995450
316.049950
316.202700
316.465650
316.506200
316.674050
317.211400
317.267450
317.290550
317.926450
318.213950
318.217800
318.822500
319.132050
319.987200
320.384500
320.562450
320.887050
321.000350
321.103200
321.283450
321.885100
321.971050
322.226850
322.252800
322.464200
323.151050
323.270900
323.367350
323.477250
323.531350
324.314000
325.973800
326.063550
326.069300
327.152200
327.582300
328.300550
329.000300
329.192300
329.207150
329.344650
329.828750
329.855150
329.906200
330.515400
330.883400
331.544000
332.092300
332.257050
332.465000
332.707050
332.775100
332.833850
332.838200
332.861950
332.980400
333.067550
333.687650
333.689950
333.967500
334.216150
334.689150
335.371900
335.575650
335.722650
336.320350
336.699550
337.162150
337.356300
338.344250
338.497650
338.866150
338.905050
338.911650
339.257000
339.356100
339.359850
339.567100
339.647650
339.675750
339.708200
339.802000
340.152000
340.451250
340.961800
341.803050
342.421700
343.018100
343.026150
343.107600
343.354350
343.588250
343.886450
343.999350
344.229550
344.421200
344.536750
344.806400
344.975450
345.181550
345.384800
345.573950
347.831550
348.270300
348.443700
348.522250
348.538250
348.900400
348.951550
349.467600
349.604450
350.501250
351.490450
352.295850
352.773650
352.963300
353.248050
354.200700
354.544250
354.831550
355.197250
355.400000
355.419650
355.483500
355.685150
355.846100
356.313050
356.515750
356.785150
357.074200
357.836800
358.098550
358.130750
358.208350
358.808450
358.832250
359.083200
359.091950
359.096400
359.193750
359.811750
359.866250
360.349000
360.727500
360.809700
360.984950
361.784850
361.962950
362.580950
362.948750
363.700900
365.905300
365.987550
366.242350
366.524600
366.739150
366.755100
366.850200
367.542950
368.875800
369.652900
369.748500
370.088950
370.357350
370.500650
370.696550
371.202550
371.383200
371.548450
371.582000
371.699550
372.103700
372.235650
372.455700
372.808000
373.156500
373.315700
373.459550
373.586200
373.767450
374.481450
374.646900
374.651550
375.256300
375.580500
376.861750
379.243550
379.894750
380.712800
380.734350
381.938900
382.054750
382.882300
382.956200
383.737950
383.894500
384.408400
384.596850
385.025450
385.352600
386.100200
386.254550
386.308700
386.616900
386.702150
386.922250
387.383250
387.475950
387.479550
387.494500
387.778000
388.804900
389.071950
389.922350
390.329500
390.811100
391.316000
391.438800
391.478150
391.672150
392.000900
392.093450
392.175000
392.193350
392.867000
393.214650
393.478150
393.518750
394.176800
394.190750
394.446800
395.944250
396.177550
396.445650
396.536400
396.996800
397.218800
397.255400
397.515000
398.341700
398.941550
399.402050
399.797050
400.447400
400.648800
400.826200
401.020000
401.216850
401.331400
402.694050
402.715200
403.198650
403.300900
403.385150
403.886600
404.480200
404.842850
404.847100
404.872850
404.975250
405.634100
405.962350
405.994650
406.015300
406.204400
406.341500
406.377500
406.432250
406.682500
407.393700
407.477850
407.973750
408.136550
408.854950
408.899750
409.432900
409.490250
409.570450
409.744750
409.798350
410.140500
410.642200
410.716150
410.781500
410.870900
411.699300
412.019550
412.037250
412.040200
412.052350
412.056800
412.174850
412.214450
412.247050
412.426650
412.560350
412.753300
412.885150
413.885150
413.898950
413.920650
413.933050
413.937550
414.265600
414.349600
414.367350
415.083250
415.526150
415.596750
415.910650
415.968600
416.002700
416.014450
416.733150
416.779450
416.838500
416.938600
416.985650
417.172250
417.367650
417.394750
417.490000
417.780100
417.814550
418.056300
418.079550
418.091850
418.098650
418.106850
418.181900
419.167800
419.752950
420.209850
421.255450
421.345650
422.295450
423.040800
423.065050
423.352550
423.538250
423.578100
423.870100
424.113050
425.176500
426.025500
426.306650
427.261950
427.265250
427.774600
427.928500
428.046250
428.164600
428.561700
428.623150
428.833700
429.342050
429.454000
429.488850
429.583500
429.683500
430.041750
430.568150
431.286600
431.403350
431.527050
432.055600
432.058800
433.051500
433.458900
434.063950
434.686700
434.990500
435.117250
435.200750
435.629000
436.726850
437.650850
437.805100
437.825150
438.005450
438.046400
438.140650
438.464900
438.601400
438.623650
438.730500
438.844450
439.067850
439.461950
440.840900
440.894850
441.135200
441.502350
441.551750
441.973350
443.097450
443.850100
444.056050
444.553000
445.939200
445.957450
445.965000
445.973800
446.040350
446.134150
446.197450
446.251300
446.330000
446.753650
446.786350
446.904950
447.474550
447.967950
449.467000
449.489900
450.096050
451.463350
451.647950
451.831550
451.895300
451.996650
452.155450
452.265000
452.553450
452.845700
452.952900
453.012700
453.613100
453.630650
454.521950
455.283050
455.549000
455.762300
455.768900
456.896550
456.925500
456.948550
456.952600
456.965900
457.248650
457.405000
457.447800
457.564600
459.728350
459.767150
460.241550
460.602100
460.630250
461.075800
461.918800
462.234500
463.106900
464.715800
465.051950
465.087550
465.252200
465.459850
465.638750
465.681900
465.940150
465.995900
466.351850
466.494250
467.024350
467.130100
467.306050
467.430150
468.369200
468.414300
468.425300
468.609050
468.731600
469.089700
469.349650
469.702250
469.820050
470.468850
472.098600
472.432150
472.576700
474.008400
474.165500
474.764750
475.196250
475.878900
475.964300
476.218950
476.440100
476.610750
476.730100
476.801400
477.269400
477.351450
477.846850
478.244700
478.344300
478.368550
478.952600
479.077200
479.423300
479.457800
480.739750
480.850100
481.346300
481.403850
481.726800
481.785250
481.967800
482.371550
482.382600
483.020750
483.367450
483.860650
483.898700
484.255850
484.397000
484.425000
484.686250
484.904300
485.348750
485.418300
485.512700
485.607300
485.635100
485.786350
485.899500
486.189950
486.713850
487.336700
487.464300
487.567950
487.645750
488.898350
489.005250
489.854250
489.994950
492.217550
492.438500
492.514950
492.759900
492.899200
493.000600
493.149050
493.237150
495.301150
495.360600
495.606500
497.114150
497.508250
498.108300
498.569750
498.795800
498.841450
498.909050
499.100700
499.119600
499.500850
499.593400
499.773650
501.482900
503.694750
503.703100
504.349550
504.512500
505.571250
506.124950
506.208850
506.335000
506.546950
506.870800
508.304800
508.723000
508.945650
509.113450
509.290050
509.323100
509.420450
509.629250
510.227950
511.456800
511.655550
512.185900
512.681950
514.724550
514.836850
515.470200
515.532850
516.011500
518.115450
518.177600
518.815550
519.001800
519.026750
520.641300
520.693450
520.965350
521.038450
521.075700
521.104400
521.133100
521.582050
522.296250
522.461300
522.987250
523.761550
524.294250
525.268350
525.962300
527.888450
528.029600
528.045750
528.512750
528.713850
528.950950
529.028400
529.687650
529.726600
529.842900
530.449500
530.490750
530.728500
530.858700
530.988600
531.004800
531.114600
531.797800
531.992700
532.213850
532.224600
532.251300
532.324200
532.328050
532.344400
532.356650
532.363400
532.366200
532.762750
533.764600
533.822950
534.076650
534.416100
534.474200
534.608800
534.975150
535.344900
535.597600
536.148100
536.445200
536.448050
536.647600
536.893000
538.123800
539.388900
540.023550
540.293200
541.275550
543.585600
543.917600
544.437750
545.216600
545.595800
545.600600
545.684550
545.723700
545.800800
545.850400
545.972250
546.144300
546.288250
546.354100
546.719850
547.703250
547.835450
548.172650
548.198750
548.404000
548.721350
549.176200
549.629650
550.080350
550.288800
550.395950
551.259250
553.252100
554.397150
555.207900
556.012100
556.354300
556.535450
556.915550
557.007400
557.143250
558.009150
558.147150
558.606950
558.835900
558.894550
559.227900
559.407750
559.425200
559.600400
559.846850
560.042500
560.970600
561.185800
561.687150
562.104250
562.856700
563.075800
563.251500
563.263550
563.360600
565.223250
566.081400
567.050950
567.117650
567.565950
568.351150
568.786850
569.229900
569.311450
569.359500
570.681900
570.690300
570.778750
570.782850
571.037200
571.434150
573.081350
573.171350
573.436300
573.442750
573.709250
573.747600
573.809800
574.793800
575.217900
576.796700
578.633100
579.712500
580.627650
580.787200
581.149550
581.159750
581.317850
582.072800
582.260500
582.590750
582.676950
582.850450
583.077000
583.304800
583.408850
583.984300
593.708650
597.414100
599.629600
600.189750
600.729300
600.994500
606.768700
611.780750
612.385250
612.656800
612.835500
613.295000
613.350150
613.937200
614.165800
614.296500
615.410850
615.431400
615.686850
616.598400
616.998850
617.064650
619.495150
620.668650
621.109550
623.430250
623.583450
623.647350
623.763150
624.081500
624.170200
624.616900
624.624050
624.847950
624.871850
625.010650
625.210400
625.263800
625.627450
625.694950
626.398200
626.655450
626.836850
627.545450
627.740750
629.404900
629.564850
629.585650
629.725600
629.905000
630.269050
630.398550
630.580900
632.139350
632.384950
632.399950
632.553100
633.054550
633.176750
634.453400
634.759900
635.146450
637.215300
637.320700
637.917700
638.031950
638.179750
638.376450
639.103900
639.255800
639.467900
640.225800
640.423450
640.435250
640.575850
640.830600
640.856800
641.031950
641.188950
641.276200
641.428500
641.981250
642.419050
642.456150
642.459200
642.465350
642.469900
642.585300
642.643600
642.862750
643.452400
644.235850
644.491750
645.272150
645.524850
645.983400
646.004100
647.928750
648.821900
649.009150
649.222200
649.289800
649.362750
650.278550
650.942400
651.314800
651.852950
652.238300
652.349900
654.010150
654.244950
654.264500
654.357200
654.382400
654.584650
655.244550
655.269150
655.490800
656.038000
656.049650
656.150050
656.189950
656.248750
656.317350
656.328250
656.332200
656.459950
656.607950
656.721200
656.741450
657.036350
657.256200
657.915950
658.269850
658.498750
659.652200
659.886850
661.072100
661.537800
662.863800
664.123200
664.217400
664.425100
665.201050
665.982400
666.288450
666.402000
666.564500
666.715350
667.014800
667.974700
668.000900
668.070400
668.072600
668.634850
669.214200
669.267050
669.419200
669.749150
669.857700
669.940700
669.954200
670.158550
670.467050
671.830050
671.833350
671.894100
672.378900
672.393400
672.811100
673.074400
673.223250
675.299500
675.517550
675.545250
676.459800
677.266450
677.354150
677.530750
678.730000
678.735900
678.851700
678.898700
679.037300
679.141450
679.934900
680.156450
680.168600
680.225500
681.149150
681.385300
681.521300
681.792450
682.139600
682.160650
682.205200
682.215300
682.225850
682.241700
682.246500
682.472500
682.477950
682.620550
682.808200
682.908350
683.169050
683.835350
684.467650
684.506500
684.586450
684.991500
685.301450
685.318750
685.355000
685.470900
685.480150
685.707050
685.939250
686.041800
686.974200
687.093500
687.373050
687.617450
687.753050
688.072750
688.229100
688.267800
690.034800
690.190650
692.882400
692.888050
692.911050
693.238350
693.335950
693.427250
693.499500
695.957000
696.511200
696.540350
696.963000
696.991150
697.049100
698.945500
699.593550
699.674000
700.407250
700.803050
700.896650
701.094850
701.929350
702.716450
703.424050
703.620700
703.816750
704.042500
706.524000
706.638000
706.836650
706.842750
707.142300
707.363250
707.501850
707.540250
707.554700
707.572150
707.609950
707.771650
708.226000
708.886250
709.354900
710.454200
710.942800
712.639100
713.403100
713.628400
713.897250
714.018900
714.208850
715.325800
716.386500
717.108550
717.115800
717.557800
717.923750
718.163800
718.222900
718.263050
718.352700
718.721200
718.788500
718.963000
719.155450
720.021100
720.290400
720.318650
720.330900
720.352100
720.597300
721.649000
723.797000
724.146100
724.356100
724.575100
724.854050
726.318000
726.708650
726.733650
726.744350
727.433900
727.445050
727.588050
728.125200
729.484450
730.013200
730.108100
731.614250
732.669500
732.775200
732.903650
733.208500
733.466050
734.136100
734.337050
735.199050
735.979350
736.634500
738.095650
738.620250
739.519600
739.792350
740.008100
740.874200
743.386700
743.544200
743.874250
744.101550
744.427200
744.674900
744.897650
745.333300
745.431400
745.607000
745.638300
745.902800
748.718900
749.436100
750.267600
750.284450
750.439350
750.619350
751.308500
751.331950
752.060400
752.859750
754.189900
754.790600
755.061500
755.068600
755.071850
755.075800
755.217150
755.731050
755.798550
756.055000
756.718300
756.932250
757.936050
758.228550
759.456850
759.593800
759.837300
759.876100
760.274050
760.286650
760.325750
760.787600
761.275850
761.376150
761.391500
763.536850
764.034900
764.529450
765.800100
766.379150
766.656750
768.677550
768.905950
769.044550
769.131400
769.941300
771.728150
772.437650
772.507600
775.293650
777.081150
777.084850
777.525250
777.900800
778.056250
778.425550
778.720250
779.242750
779.411550
780.335550
782.052000
782.148350
782.220250
782.540900
782.643900
783.076600
783.079750
783.104350
783.315250
783.375150
784.740500
785.234300
785.471600
787.088800
787.583250
787.892050
788.086850
788.153950
788.496650
790.178100
790.520050
791.564300
792.418950
795.323250
795.432950
795.515600
795.526750
795.701300
796.085800
797.255150
797.698800
797.771350
798.068650
798.315000
798.341100
799.053600
799.066450
799.076300
799.368650
800.022000
800.974600
801.262450
801.380900
801.658400
801.732350
805.152000
805.418750
805.482400
805.878200
807.035250
807.066450
808.443100
808.852400
809.476900
810.457350
811.252800
811.623700
812.623000
812.856800
813.591050
814.751500
814.811000
815.173500
816.001400
816.436350
816.498500
817.337000
817.502250
819.149050
819.391450
820.276650
820.285050
820.933600
822.295650
823.197100
823.358350
823.951100
823.955400
825.040050
825.093900
825.797500
826.075550
826.452450
826.473700
827.063450
829.232850
829.299100
829.598350
830.842000
830.867850
831.104200
831.156900
832.094350
832.522450
836.281950
836.455900
836.460850
836.515100
836.864200
836.886150
839.542500
839.889600
840.057400
840.129850
840.207400
840.495650
841.713550
842.195050
843.983350
844.092150
844.274300
844.414600
844.481800
844.676900
845.152550
845.546550
845.646250
846.553550
848.457550
849.619400
849.685250
853.327550
853.756750
854.043100
854.702550
855.156100
856.619350
857.418650
857.619600
857.803300
857.819000
858.398750
858.808500
860.202950
860.277600
860.992500
861.330250
862.337550
862.413950
863.126200
863.677600
864.888050
864.891450
864.966850
865.914000
868.622500
869.164350
869.553950
869.820600
870.830750
871.468050
873.264950
873.745550
874.960750
876.389300
876.969000
876.983200
877.038050
877.042350
877.116750
877.528800
877.900200
878.253400
878.715150
880.313600
881.451550
882.106400
882.719800
883.112350
884.290900
887.297350
887.689450
888.490600
888.685600
888.942500
889.501400
889.506000
889.533200
889.985450
890.056500
890.847550
891.643750
891.987900
892.009250
895.027800
897.925700
898.944200
899.055900
899.329900
899.914350
900.265450
900.423200
900.965600
901.264600
901.286950
901.292950
901.322100
901.338300
903.781050
904.135250
904.389700
904.998250
905.458250
908.151200
908.218300
908.228350
908.574650
910.076800
910.123850
911.202750
913.259800
913.612900
916.222500
918.351500
921.063900
922.016750
922.173900
922.451200
923.037450
926.291350
926.314600
926.468800
927.329350
927.356150
927.627900
929.237250
929.724700
932.293500
932.732700
932.745050
933.144050
933.562500
933.586100
934.037300
934.054450
934.521300
935.582900
935.656550
935.970150
937.119250
937.185850
937.634600
938.637200
939.448600
939.906850
939.929900
941.214750
941.903500
942.293300
944.002950
944.005550
944.596350
944.929900
947.634600
949.622650
952.392300
952.484550
953.236600
954.082100
954.102450
954.120900
954.418300
954.879350
955.142000
956.057200
956.081250
956.091550
956.097400
956.108050
956.481950
957.323400
959.684300
959.863250
959.879400
959.890650
960.263000
960.332200
960.762650
961.274000
961.374250
961.559200
961.592500
961.616700
961.641450
961.645500
962.071600
963.381500
963.783400
963.979200
964.132150
964.776900
964.971200
964.978800
965.069300
965.313350
966.584150
967.325600
967.348450
967.872350
968.278100
968.459800
968.659950
969.460600
970.230550
970.429050
972.265850
973.815100
974.743500
974.850200
976.310250
976.480650
976.486350
976.503350
976.541800
976.819150
977.154400
977.316100
977.703150
978.632750
978.693100
978.874300
980.138950
980.143400
980.819450
981.409600
981.558750
984.655050
986.636650
987.401450
989.445700
990.028200
990.390400
990.453550
990.599950
991.377500
994.293750
994.664450
994.749500
994.780550
994.789900
994.797200
995.434350
995.636400
995.739350
995.927100
996.681800
999.292100
999.609450
999.661950
1001.124850
1002.682200
1003.177200
1005.071900
1005.101700
1005.316300
1005.629000
1006.097050
1006.902450
1007.099000
1007.103050
1007.110700
1007.158250
1007.178750
1007.182850
1007.729450
1007.960300
1008.451600
1009.152900
1009.441400
1010.269150
1010.557350
1010.584850
1011.325600
1011.468500
1011.653100
1011.876950
1013.111250
1013.121800
1013.583650
1014.745100
1015.254500
1015.473400
1015.792300
1017.175100
1017.201500
1017.347800
1017.988650
1018.012300
1018.021350
1018.679600
1018.931650
1018.957450
1020.639100
1020.763700
1021.368650
1022.457150
1022.889700
1022.966000
1023.903550
1027.361000
1028.460900
1028.485100
1028.968950
1029.732100
1029.782500
1031.407000
