10.204050
10.344650
10.360250
20.054800
28.336850
53.535200
53.798800
53.813250
54.142650
59.841650
70.474350
76.978800
80.120000
82.195650
83.876050
84.956100
85.363100
85.396900
86.237300
87.633250
87.644250
91.221800
91.657050
91.660700
96.933450
98.945850
99.588450
99.816750
102.409800
102.431100
109.430950
109.436250
110.485400
110.488900
110.494000
116.881300
122.509050
123.034400
123.037400
123.041200
124.908900
124.915900
130.395600
130.879800
130.889650
131.058950
131.064150
132.314200
133.984750
134.347500
134.350900
134.898900
135.688350
139.511850
139.515400
141.604700
143.915850
143.961050
146.439400
146.444550
147.685000
150.375550
150.380150
151.268850
152.151400
152.438950
157.759250
157.764950
158.307600
158.388550
158.787800
158.798950
158.822350
159.935500
159.943900
161.003650
161.196050
162.916700
162.930550
165.172050
165.183500
165.212750
168.941150
170.044200
170.047900
170.083150
170.468950
170.838050
170.845400
170.856500
171.860700
174.178300
174.184600
174.227800
174.372650
175.145300
176.610050
176.613400
176.632200
178.103850
178.146900
178.901250
180.192700
180.199300
180.205500
180.209100
180.500500
180.745100
182.724300
183.922050
186.550850
186.554700
187.860500
188.612450
191.072850
192.764800
193.336300
194.534700
194.538200
195.144200
200.874700
200.888050
201.093150
202.926500
202.931550
203.139950
203.143200
203.147950
205.438450
205.443250
205.530600
208.015450
208.568050
208.809900
210.398150
210.413500
213.449450
213.452750
213.462350
214.756000
218.211750
218.215950
219.518450
219.528950
220.727150
221.130700
222.781100
223.651800
229.252600
229.257950
229.274500
231.267050
231.304350
232.108000
232.241150
232.246600
232.694200
234.610400
235.647000
236.608050
236.611200
238.257200
238.554750
241.235350
241.241800
241.491800
243.037850
243.702450
243.706750
244.350700
244.356400
244.786900
245.948250
246.418600
246.442900
246.446900
250.206550
250.975900
252.044700
252.056800
252.264750
252.268600
252.997300
253.075200
253.898500
253.903250
254.357400
255.866900
257.904700
258.159650
258.164700
260.135300
260.672250
260.675900
261.001750
261.359300
261.367800
262.111300
262.115750
262.120500
262.133750
263.193450
263.202300
265.641700
265.648450
266.212700
266.224500
266.442150
268.048050
268.330500
268.335150
272.430950
272.822350
274.273450
276.033950
276.039800
276.506750
276.684200
276.719150
276.762900
277.495950
278.314700
279.003250
279.010500
279.144750
279.239800
279.893500
280.441850
282.154400
282.160250
282.372050
283.189550
284.463300
285.176350
289.579400
289.582850
289.594450
290.345800
291.452100
292.679700
292.684600
293.857600
294.445500
294.563450
294.793500
294.800100
295.018050
295.264550
295.455050
295.460000
295.816700
295.877200
296.093900
297.140400
297.816950
298.455000
300.777250
300.781100
301.825450
302.674750
302.700200
303.576550
303.663800
303.725750
303.752900
305.810750
306.806250
309.398750
309.405950
312.667750
312.909650
313.752250
313.757900
313.761600
313.764950
313.771500
313.780500
315.296000
315.826450
315.833250
315.844300
316.422050
316.426850
317.708250
320.001450
320.200500
320.516900
320.520550
320.531500
321.077350
321.647700
321.651000
321.655350
322.577650
323.684200
324.602750
324.607400
327.635850
327.927050
328.419150
328.433800
328.941000
328.950550
329.933550
329.937550
329.969200
330.178550
331.504400
331.509500
332.851850
333.684650
334.312250
335.825000
335.828200
335.833150
336.031550
337.625750
338.435400
338.545150
338.558600
338.565150
338.568950
339.288100
339.293500
339.608150
340.237650
341.732150
341.736100
342.123000
343.632500
344.237100
344.273500
345.739650
345.743600
347.378450
347.533100
347.536550
347.559250
349.015950
349.314400
349.317950
350.373050
350.381800
350.605150
350.770400
351.012750
352.452200
352.511100
352.981300
352.990500
353.004500
353.147650
353.360050
353.762150
354.894600
354.995500
355.288900
356.112100
356.115700
356.124950
357.632700
357.638950
358.838400
358.843000
359.236400
361.073600
362.094400
362.106100
362.357700
362.761400
362.768100
363.862000
365.571100
365.575250
365.820250
365.825450
367.190400
367.499250
368.201400
368.208250
370.750900
370.911950
370.915550
371.111000
371.771150
371.799300
376.667500
377.559900
377.575100
378.564950
379.735850
379.741600
383.096750
386.197350
386.210900
386.726250
387.414700
387.420300
387.502600
388.772400
388.776050
388.784150
390.164100
390.169100
391.132350
391.138050
391.144900
391.840700
391.846200
392.068350
395.234400
395.241750
395.290500
395.301800
395.557900
398.396400
398.403550
400.590850
400.597650
401.665400
401.675550
402.324550
402.331100
404.476300
404.947050
405.184250
405.835650
405.839000
408.099550
409.590550
410.472400
411.320500
411.538800
411.551000
411.569300
412.387700
414.491850
423.620300
424.033000
424.036900
424.483100
427.618550
427.623700
427.815200
428.778550
428.783400
429.628750
429.643100
431.039650
431.045100
431.590550
431.596750
432.373150
432.376800
435.169450
436.485450
436.497000
436.734450
437.247650
437.251050
437.457950
437.463850
438.108750
438.114600
438.197150
439.153200
439.156800
440.394500
440.398250
442.347050
444.905850
444.909700
445.375100
446.245300
446.599900
447.650600
449.898650
452.970650
452.976300
453.238350
453.260100
453.502450
454.083350
459.425250
462.456200
462.459650
463.073600
463.113600
463.206700
463.210450
464.732300
465.966950
467.825050
468.624050
469.536400
471.669250
471.704450
473.007650
473.029750
473.049950
474.375900
475.261000
475.283850
475.289400
476.643250
477.077800
478.381000
478.397800
478.417300
478.437400
479.974200
479.984850
481.770400
481.788850
482.050650
482.057000
482.196300
482.582150
482.591400
486.190300
487.376000
487.760850
488.164350
492.536000
493.121800
493.125250
493.134550
493.157300
493.833050
493.836600
493.882950
494.418600
496.542700
496.712600
497.155250
497.160300
498.165100
498.168850
498.173800
498.181350
499.839750
500.792250
500.797850
501.758750
502.220850
502.272000
502.275250
503.798050
506.507450
506.515850
506.754400
507.834050
507.838950
508.735500
512.832000
512.852400
513.225850
513.231550
514.450300
515.089750
517.342500
517.368650
517.760200
517.765350
519.039850
519.043600
519.408800
519.412500
519.421500
519.634450
519.639700
520.561900
520.567950
520.770150
520.774800
521.001150
521.572850
521.643900
521.648450
521.661000
523.558550
526.028200
527.181350
527.186400
529.053950
529.059000
530.864750
531.123750
531.870250
531.906900
532.979300
532.982550
534.812900
534.997950
536.120400
536.136900
536.532150
536.548450
539.165050
540.286950
540.292550
541.490750
543.590600
543.810600
544.364450
545.843950
546.201200
546.206750
547.677400
547.682450
547.709800
551.518700
552.096150
552.101400
552.777350
553.282650
554.289850
554.557150
556.235750
557.184000
557.416200
557.455750
558.089850
558.096350
559.057100
559.061000
559.610650
560.184450
561.051650
561.055450
564.285200
564.609550
566.154450
566.319700
567.434100
567.675150
569.261600
573.049950
573.297750
574.970100
575.333900
575.338800
575.348550
576.264750
577.064800
580.183300
580.194400
581.327250
582.459850
582.466550
583.361750
584.145200
585.192100
590.689550
590.709050
592.348900
593.028750
595.629000
603.893950
604.328950
605.807250
605.827200
606.227000
606.526500
606.906300
606.986250
607.066300
607.485700
607.884950
608.346750
608.464350
609.323550
611.471150
613.322450
613.326650
614.466500
615.012900
615.712350
615.718350
617.083100
618.763600
618.771650
621.666550
621.670150
621.675150
623.101500
624.321550
624.326200
626.165900
626.644000
626.760500
628.191650
628.203050
628.285250
630.107200
630.111500
630.125150
630.830550
631.392650
631.396200
632.109450
632.130500
632.140700
637.261800
637.265000
637.269150
637.991100
638.014500
638.770500
642.378000
642.382550
642.498450
642.501550
642.773250
643.118650
643.129400
643.276900
643.611750
643.618000
643.880850
644.941450
644.948350
646.924950
646.929600
650.230600
651.237600
653.404350
654.103250
654.109650
655.426600
655.804500
655.814100
655.820400
656.486250
657.274750
658.029150
658.071400
663.173450
667.372600
667.377700
667.691000
668.571200
668.574600
669.070750
670.334200
671.253000
671.447750
671.452350
672.655400
673.739050
675.730800
680.023950
680.029700
680.465900
680.650000
681.551050
683.878000
683.938650
684.101750
684.121400
686.837500
686.841200
688.461750
688.464950
688.929400
688.933000
689.237900
690.782800
691.186750
691.190500
691.210650
692.334850
692.357500
693.967750
694.000000
694.785950
695.453000
698.040950
698.077100
698.127900
699.264450
699.268200
699.289550
699.954150
701.044000
701.420300
701.424300
702.900400
702.908900
702.943000
703.170450
703.186800
704.269650
704.274550
708.047250
708.051150
708.069100
709.920650
711.869450
711.873300
712.246200
712.251150
713.494250
714.603450
715.600450
716.283100
716.296600
716.637150
716.643400
716.752750
716.998050
718.053300
720.772100
720.786800
721.570100
723.522050
723.525650
725.300700
725.309600
729.940100
729.945800
735.743400
736.175300
736.189100
736.742250
738.755500
738.759000
739.524700
739.529000
739.541250
742.521050
747.792600
750.213200
750.618100
752.797800
752.804150
754.434650
754.490400
754.830550
754.838450
755.791700
756.449050
756.455350
756.483150
756.486650
756.490750
758.200250
759.932650
761.235500
761.238700
761.243700
761.270450
762.444550
763.686100
763.695200
767.273150
767.289950
767.533950
770.341050
772.307700
775.575550
776.023350
776.027900
777.531950
779.127600
779.131450
779.136050
779.621050
779.624800
779.842450
780.567850
780.584400
781.924250
781.927500
781.958550
786.731450
786.741350
786.744150
786.753200
786.771300
792.368400
793.025650
793.901550
793.916550
793.922900
794.876150
796.479000
796.483650
797.126300
800.228750
801.862000
801.865550
803.438700
803.442100
805.233600
807.054300
810.822150
810.827150
810.845100
811.478400
816.900450
819.925250
819.930550
820.896600
820.913550
822.499700
822.504800
823.281600
823.286700
823.591150
823.597800
824.738800
824.771650
825.211950
825.496200
831.328900
832.005050
832.576850
832.581550
832.588800
834.620950
835.163550
837.836550
837.884200
838.415750
838.419800
839.206950
839.211450
839.235000
839.243950
840.264600
840.267400
840.304600
840.309750
840.734000
841.100650
841.114100
843.439050
843.445100
845.861000
845.866100
846.937250
847.356350
848.176300
848.351800
848.387950
848.757900
850.154400
850.178950
850.192850
850.851900
850.855700
850.884250
851.989400
852.099500
852.539900
853.228850
853.404250
854.032850
854.612850
855.284300
856.019050
856.023550
857.150450
857.642200
858.296650
860.082050
862.553750
862.577050
862.938750
862.951350
864.178000
864.187000
864.686050
865.586950
865.590400
865.606350
865.615150
865.631550
865.981150
866.165850
866.171450
867.027500
867.031150
867.040150
867.212350
868.408650
868.413850
869.571050
870.707250
870.713000
871.718900
871.723500
872.691800
875.292300
876.045200
876.683950
876.692900
876.918300
877.278250
878.952750
878.956200
878.962500
879.391400
880.786350
882.608350
882.622150
883.135900
883.422300
884.278300
884.282150
884.292400
885.008200
885.011850
885.485200
885.863750
885.867600
885.899750
886.388550
886.398000
889.638200
889.641700
889.658250
890.205200
892.012100
892.021250
893.411450
893.415150
894.166700
895.124050
895.153350
895.516600
895.521950
895.828150
896.529100
898.046500
898.051900
901.883600
901.894300
903.512400
903.515900
903.520200
903.568950
904.014700
904.025300
905.163000
908.885700
908.890300
908.895800
910.714250
915.378000
915.382750
915.402800
915.864150
916.151650
916.206150
917.278250
917.321400
917.840400
918.388450
919.082100
919.781100
921.014250
921.048650
922.160400
922.181350
923.352000
923.366950
926.453500
927.772500
928.018750
928.023050
929.208900
929.399350
931.673000
931.678350
932.209500
932.850250
933.867900
934.899900
934.906700
938.868750
940.110800
940.114350
940.292550
941.994100
941.997800
942.294100
942.302850
943.053500
947.064300
949.726600
954.430750
954.436400
954.891450
955.263000
955.268500
963.370200
963.773950
964.583450
965.643000
965.843100
965.847750
967.152500
967.157600
967.611650
967.617000
968.551550
968.568650
968.574800
968.895700
972.086900
972.107050
977.807900
978.195050
979.424050
979.428150
979.984600
981.085450
981.899500
986.105450
986.117150
988.326600
988.333400
990.692450
990.697800
991.873200
991.881800
992.926350
992.938100
994.778500
994.785100
996.144200
996.192900
997.957850
1000.857200
1002.656100
1003.378800
1003.383700
1003.495500
1005.100250
1005.103800
1005.763700
1007.612000
1009.082150
1010.908750
1012.759850
1012.767500
1013.370550
1013.394900
1014.131600
1017.171800
1017.175500
1017.587250
1018.227750
1018.231350
1018.843350
1019.277500
1019.292950
1019.297450
1020.021650
1020.027000
1022.265250
1022.699550
1022.704800
1022.710400
1024.570100
1024.594550
1025.284450
1025.288150
1025.297400
1025.312900
1027.295400
1027.299000
1027.303750
1027.320850
1027.414900
1028.648650
