71.724500
72.343250
75.300800
75.420500
75.759800
76.978500
77.996900
79.356850
79.795900
80.576400
80.695600
82.195250
82.596050
82.635700
82.675800
83.061250
84.215850
84.296100
85.417000
86.537850
584.199400
584.732550
584.772300
584.991950
587.390550
590.689450
590.708950
591.048600
591.094500
591.168800
602.670100
603.908750
603.968950
604.348300
604.408600
604.448100
605.527450
605.547200
605.587450
605.647050
605.687050
605.787200
605.826900
606.047100
606.146600
606.186900
606.206900
606.226750
606.386400
606.446300
606.506550
606.526400
606.745850
606.786150
606.866050
606.886150
606.906350
606.926300
607.005950
607.145700
607.305550
607.384850
607.505300
607.605050
607.884850
608.004700
608.024750
608.044250
608.124500
608.144750
608.324250
608.483950
609.303600
609.323500
609.403000
609.443100
609.463450
609.483150
609.503450
610.022600
