71.729250
75.704150
76.179900
80.196100
80.576350
82.636050
82.655850
85.016700
86.678150
584.792350
585.192050
590.669200
590.709100
591.087450
602.648950
602.669550
603.909100
603.968650
604.028300
604.088200
604.388100
605.627400
605.647550
605.687050
605.707100
605.847100
606.086750
606.126650
606.166400
606.266350
606.305850
606.406300
606.425850
606.446250
606.506350
606.586100
606.925900
607.005550
607.105650
607.145400
607.225450
607.265350
607.325150
607.605000
607.665050
608.004500
608.044300
609.303600
610.541450
610.706150
