5.290500
5.409000
6.027150
6.931600
7.986800
10.164350
10.198950
10.201800
10.204350
10.207800
10.229200
10.343100
10.447450
10.937200
11.039400
11.577900
12.829250
13.428150
13.755100
14.589700
14.997750
16.424900
16.984150
17.746400
17.908850
19.076000
19.095900
19.099600
19.106350
19.111900
19.117750
19.124250
19.131900
19.142500
20.209000
20.217000
20.229650
20.233350
20.238850
20.289750
20.298000
20.303950
21.166950
21.171300
21.180050
21.184050
22.304950
22.320100
22.329000
22.334250
22.344500
22.350000
22.356000
22.358900
22.362300
22.372350
22.378900
22.385050
22.388200
22.399500
22.404950
23.359100
23.363300
23.526050
23.531500
23.695600
23.699300
25.552750
25.558700
27.163000
27.166400
27.178400
27.180550
27.311850
27.900700
28.278350
28.281800
28.287050
28.304450
28.308250
28.909850
28.914900
28.937250
30.774450
30.777700
30.781950
30.790600
30.799950
30.803300
30.806850
30.817500
30.826850
30.834400
30.854650
30.883150
32.110300
32.114900
32.484350
32.797050
32.806750
34.394000
34.397100
34.400750
34.403650
34.407100
34.409750
34.417950
34.420100
34.423300
34.427400
34.433300
34.464650
35.852550
36.958400
36.974500
37.316350
39.365150
39.386300
39.389650
39.394400
39.431250
39.451250
39.454600
39.464100
40.215550
41.865350
41.868600
41.872350
41.877000
41.890850
42.907500
42.911400
42.957800
42.962950
42.974400
43.120000
45.135600
45.139400
45.141850
45.144650
47.182600
49.153900
49.157000
49.160750
49.165500
49.168600
49.173250
49.177150
49.184200
49.189050
49.192250
49.210650
49.220900
49.228400
49.242600
49.245600
49.273800
51.643600
51.647700
51.660350
51.663700
51.668350
51.783600
51.798850
51.805050
51.840400
52.998900
53.005750
53.009200
53.013250
53.017350
53.020550
53.031250
53.035300
53.054550
54.033400
54.037350
54.052000
54.070300
54.074050
54.079950
54.809750
54.812900
54.817150
54.819350
54.823550
54.831350
54.855900
54.861450
56.297450
56.621000
56.624750
57.808850
58.163050
58.171950
58.215450
58.221000
60.134750
60.138750
60.145800
60.149000
60.151600
60.577800
60.581550
60.588850
60.610550
60.716050
62.827950
62.860550
62.864700
62.870950
62.894550
62.898350
62.907300
62.912800
62.927350
64.403350
64.407650
64.410100
64.413700
64.418600
64.434400
64.727850
64.940650
65.818050
66.561450
66.578600
66.619300
66.624100
66.653900
66.705250
66.709300
66.718550
66.726950
66.731900
66.739400
66.928050
67.130100
67.137750
67.156850
67.177550
67.186650
67.204300
67.213600
67.223200
67.236200
67.273450
67.279800
67.299200
68.651900
69.145000
69.847750
69.872450
69.884600
70.061950
76.518650
85.420300
86.740350
86.837850
86.902050
89.449650
89.453100
89.458450
89.927300
89.965500
89.969850
89.975550
89.991950
89.997700
90.001350
90.031350
90.586450
90.590500
90.657550
90.664100
90.666850
90.672950
91.918850
91.922000
91.936050
91.939650
91.945250
91.950900
92.322150
92.325050
92.332450
92.342500
92.349450
92.355150
93.513000
93.534150
93.572800
93.871550
93.875400
93.879750
93.882650
93.890800
93.900300
93.910000
93.912250
93.916600
93.921700
93.928850
93.932250
93.936150
93.947000
93.968450
97.573550
97.602700
97.731200
99.212100
99.227550
99.231900
99.236150
99.238900
99.243450
99.247800
99.253850
99.256500
99.262150
99.265850
99.273250
99.279300
99.292500
99.316850
99.326300
101.319600
101.327250
102.027650
102.988200
102.991800
103.004700
103.043600
103.089800
103.503200
103.506850
103.512650
103.515500
105.180250
105.485050
105.490450
105.991250
106.000950
106.006450
106.010300
106.013550
106.026450
106.041350
106.046000
106.051200
106.056800
106.067800
106.508600
106.523400
106.530050
106.536950
106.884450
107.324950
107.337200
107.340900
107.351400
107.354550
107.360800
107.369450
107.387850
108.610900
108.614900
108.677750
108.681350
108.686600
108.696650
108.701200
108.734250
109.233550
109.237150
109.569150
109.715400
109.719600
110.192450
110.202450
110.205450
110.214300
110.219250
110.245250
110.339150
110.353600
111.016900
111.028650
111.033700
111.761550
112.824650
112.827650
112.840000
112.846550
112.856800
112.872300
112.888800
112.892350
112.896550
112.902900
112.906600
112.919650
113.317350
113.682050
113.686100
113.742050
113.746450
113.754450
113.757150
113.764200
113.767000
113.771900
113.776650
113.780200
113.790100
113.800550
114.560650
114.565600
114.581050
114.584950
114.599200
114.607150
114.612500
114.617800
114.625300
114.631050
114.651600
114.654650
114.704950
115.153900
115.464200
115.469000
115.475100
115.482100
115.485600
116.430200
117.478750
117.575350
117.578700
117.582600
117.587350
117.604550
117.795700
119.015450
119.018650
119.023000
119.043000
119.057400
119.062300
120.130200
120.134650
120.149600
120.151850
120.166050
120.171350
120.198250
120.344350
120.350800
120.355800
120.370050
120.372400
120.377350
120.383850
120.391550
121.265300
121.268650
121.272300
121.287650
121.295600
121.887350
122.194150
122.198150
122.204150
122.215300
122.554000
122.558150
122.571950
122.574800
122.578400
122.677850
122.730100
123.275900
123.279600
123.284350
123.287600
123.295700
123.316950
123.448150
123.451800
123.456700
123.487200
124.988300
124.992000
124.996000
125.000550
125.005600
125.010400
125.012750
125.019900
125.026500
125.028700
127.286050
127.289500
127.292900
127.298550
127.303200
127.308000
127.315600
127.462650
127.465450
128.398300
128.401800
128.766050
128.773650
128.787350
128.790950
130.009400
130.014400
130.338050
130.341800
130.348150
130.354100
130.357550
130.360600
130.363950
130.369150
130.372700
130.380100
130.396950
130.419000
131.691750
131.695900
131.712850
131.814300
131.819300
132.152550
132.159350
132.172250
132.176550
132.183400
132.187700
132.197100
132.210450
132.216200
132.221650
132.234600
132.241600
132.246100
132.258850
132.308350
132.732400
132.736750
132.742250
132.746900
132.750350
132.753300
132.778200
132.782700
132.799550
135.117300
135.120650
135.129850
135.134250
135.138150
135.140600
135.574600
135.578850
136.716650
136.744750
136.748600
137.763400
139.733800
139.737850
140.827900
140.829950
140.832950
140.835900
140.845150
140.854550
140.858150
140.861600
141.103450
141.116350
141.130000
141.678000
141.681400
141.697250
142.916600
142.921000
142.943650
142.947550
142.968500
143.418100
143.599600
143.603900
143.624900
143.952050
143.961650
144.259550
144.263500
144.267550
144.273000
144.275150
144.293000
144.304300
144.319800
144.329050
144.334550
144.340650
144.344600
144.347150
144.399250
144.403900
144.411200
144.417050
144.439500
144.444000
145.965350
145.969250
145.977800
145.982200
146.628000
146.630700
146.634200
146.639550
146.643950
146.646750
146.654100
146.659450
146.663000
146.668700
146.678950
146.683100
147.140250
147.480750
147.836550
147.838950
147.845950
147.854650
147.863700
147.872550
147.876900
147.880800
147.888700
147.894200
148.040500
148.143450
150.263550
150.273700
150.277150
150.279950
150.282500
150.287050
150.289450
150.292400
150.299450
150.310800
150.313200
150.317400
150.321500
151.446350
151.450850
152.011850
152.265000
152.269600
152.289950
152.300700
152.315350
153.272000
153.276100
153.287200
153.291350
153.295900
153.299350
153.301450
153.303700
153.306550
153.309550
153.316000
153.319550
153.814550
153.999900
154.007950
154.011800
154.014150
154.034650
154.329150
154.332550
156.430100
156.433500
156.493000
156.706600
156.710250
156.721850
158.358900
158.362500
158.367300
158.378100
158.382750
158.385500
158.388900
158.392800
158.399300
158.407700
158.415300
159.034400
159.436550
159.440300
159.446950
159.462600
159.521250
159.528450
159.945800
159.949500
159.953950
159.958800
159.962050
159.965450
160.810700
160.815300
160.822500
160.828350
160.832600
160.837000
160.840550
160.847050
160.851300
160.856050
160.861200
160.869250
160.872600
160.890000
161.285650
161.289550
162.444250
162.446800
162.454100
162.460450
162.466950
162.478400
162.690400
162.694450
162.710750
162.718850
162.747800
162.753850
164.635650
164.648850
164.658300
164.662850
164.957950
164.961500
164.975400
166.492450
166.519700
166.523000
166.544950
166.549350
166.556400
166.559300
166.563000
166.567750
166.951400
166.969700
166.996200
167.540150
167.832750
168.119500
168.127050
168.129400
168.132050
168.134550
168.138800
168.144550
168.150200
168.159000
168.168050
168.173950
168.176450
168.181700
168.190650
170.005050
170.039950
170.043550
170.058250
170.064150
170.068250
170.073900
170.084150
170.088250
170.111200
171.269900
171.274050
171.277700
171.281700
171.291950
171.406100
172.006450
172.089850
172.096500
172.114050
172.132050
172.441550
172.443650
172.454500
172.645000
173.474100
173.483100
173.486400
173.489800
173.493400
173.498800
173.519000
174.007000
174.276000
174.279400
174.284550
174.296650
174.311850
174.339350
174.343550
174.345900
174.365000
174.371350
174.607300
174.611150
174.628950
174.651600
175.693100
175.698850
175.702600
175.712300
175.725600
175.751400
175.754000
175.757550
176.626000
176.636150
176.685550
176.708400
177.305550
177.310650
177.313700
177.322450
177.335050
177.373650
177.379800
177.389750
177.405400
178.016550
179.303950
179.307650
179.312200
179.322750
179.333550
179.570450
180.488150
180.492050
180.516300
180.527000
180.530000
180.567700
181.168650
181.188300
181.202150
182.038500
182.043650
182.474900
182.479200
182.498100
183.191300
183.211800
183.216350
183.232700
183.392900
183.396200
183.819250
183.821800
183.824400
183.828700
184.290350
184.299400
184.304100
184.309750
184.312450
184.314600
184.316850
184.320500
184.325300
184.329250
184.830250
184.838350
184.950250
184.954400
185.328000
185.331850
185.339100
185.343300
185.353350
185.972450
185.976400
186.034200
186.038600
186.042150
186.051300
186.057050
186.073150
186.637200
186.647200
186.654050
186.656950
186.659800
186.664300
186.682650
186.910950
186.917550
187.327950
187.331450
187.346050
187.349800
187.356350
187.359550
187.363800
187.367850
187.376750
188.283850
188.563900
188.568400
188.622150
188.692100
188.752450
188.855000
188.864000
188.868250
188.873100
188.877800
188.879850
188.883150
188.889150
188.909000
189.421500
189.426750
189.459500
189.462350
189.478850
189.484950
189.492350
189.494500
189.499050
189.502950
189.512200
189.525350
189.532550
189.539950
189.548400
189.555400
189.563400
189.568400
189.584000
189.686900
189.689350
190.002750
190.017900
190.022300
190.027200
190.031950
190.038950
190.045600
190.220950
190.226300
190.245950
190.250500
191.923350
191.927750
191.948500
191.952850
191.973450
192.656100
192.659900
192.678350
192.687100
192.692650
192.739250
192.743350
192.747800
192.755950
192.760150
192.763300
192.777950
192.791150
193.527550
193.531600
193.569300
193.574150
194.297700
194.398850
194.404050
194.409150
194.424800
194.427850
194.984950
195.013850
196.505700
196.541900
196.546450
197.111150
197.115150
197.979250
197.984050
197.988600
197.993750
197.998450
198.000850
198.003750
198.010350
198.014850
198.022900
198.096900
198.113050
198.118450
198.121850
198.141900
198.146100
198.149600
198.154200
198.157300
198.159650
198.161850
198.165750
198.167800
198.171150
198.179050
198.197700
198.307150
198.309450
198.313650
199.084950
199.092000
199.095050
199.099250
199.101400
199.106050
199.115850
199.120850
199.127550
199.139750
200.281850
200.286100
200.289300
200.577450
200.580450
200.584100
200.589900
200.599850
200.607550
200.615300
200.619100
200.621700
200.645900
200.664950
200.679150
201.196950
201.208200
201.210350
201.223600
201.679400
201.681900
201.685450
201.688450
201.697950
201.700650
201.728750
202.729450
202.734150
202.747050
203.042450
203.843300
203.847550
203.850400
203.854950
203.857950
203.892400
203.906900
203.928800
203.931650
204.441600
204.974950
204.978900
204.987450
205.297500
205.303600
205.986450
205.990900
205.993800
206.008300
206.740450
206.743650
206.756150
206.780400
206.782850
206.789400
206.794700
206.800300
206.807850
206.811600
207.540300
207.715050
207.719000
207.724900
207.728000
207.736700
208.248800
208.276100
209.069200
209.072800
209.572350
209.575900
209.583950
209.586000
209.592000
209.651600
209.673550
209.676850
209.681250
209.685750
209.691100
209.695850
209.698150
211.802350
211.806200
211.835750
212.247850
212.252100
212.258300
212.315300
212.841000
212.844600
213.328250
214.453300
214.457350
214.467650
215.003550
215.024500
215.039800
215.820450
215.823800
215.830650
215.840550
215.847650
215.957150
215.968050
215.974500
215.984600
215.991550
215.998550
216.010050
217.282750
217.287900
217.291700
217.294850
217.297500
217.301850
217.306350
217.655500
218.025400
218.028950
218.033900
218.038350
218.175850
218.182500
218.955500
218.959950
218.965200
218.970250
218.977700
218.991700
218.996600
219.004350
219.244050
219.258650
219.547200
219.551500
219.554000
220.122150
220.135450
220.150350
220.184300
220.479800
220.663000
221.395750
221.412000
221.415900
221.418350
221.431650
222.172400
222.413800
222.564550
222.806550
222.810000
222.821700
222.826250
222.849300
223.320750
224.257950
224.267550
224.272250
224.275150
224.284050
224.288050
224.930400
224.934150
224.942350
224.950150
224.953800
224.994700
225.001900
225.005350
225.007600
225.013350
225.018650
225.021200
225.038300
225.041550
225.047650
225.076300
225.080700
225.090700
225.093450
225.105700
225.119350
225.124350
225.131700
225.234550
225.244200
225.451500
225.459300
225.465900
225.471050
225.478250
225.514950
225.982050
226.215800
226.222300
226.425250
226.430700
226.435400
226.756900
227.211000
227.228250
227.323250
227.613900
227.616300
227.629200
227.633400
227.665000
227.807500
229.085700
229.089950
229.092050
229.096400
229.100300
229.104850
229.112400
229.116050
229.119300
229.121750
229.123850
229.130900
229.573050
229.607500
229.631500
229.636900
229.643900
229.647650
229.663750
229.670150
229.682350
229.736600
229.739750
229.743700
229.749100
229.753750
229.770200
229.870350
230.120050
230.123400
230.139200
230.148750
230.157200
230.167850
230.187900
230.202950
230.342200
230.344650
230.991800
230.996250
230.998550
231.003900
231.008000
231.014550
231.020950
231.025850
231.030950
231.035400
231.553500
231.752400
232.237650
232.401600
232.405050
232.410350
232.511900
232.718950
232.723350
232.830000
232.835550
232.838450
232.841950
232.853550
233.368600
233.372900
233.378350
233.396850
234.174900
234.182500
234.187750
234.191150
234.292550
234.566000
234.930600
234.936150
234.941000
234.948350
234.953750
234.960900
234.966300
234.972650
234.988300
235.973300
235.988400
235.993000
235.997250
236.016550
236.508300
236.511700
236.513800
236.515950
236.519050
236.523250
236.532350
236.540350
236.800300
236.805900
236.832550
237.473050
237.479300
237.484200
237.489600
237.927250
237.931000
237.936400
237.942300
237.947300
237.952600
237.954950
237.957050
237.964900
237.969350
238.783350
238.787550
238.792900
238.799100
238.806450
238.812300
238.820200
238.840300
238.995800
238.999800
239.016200
239.019150
239.021300
239.028350
239.042550
239.672800
239.676450
239.682450
239.691200
239.702500
239.706800
239.745500
239.753200
239.815950
239.821500
240.103450
240.881200
240.991500
241.322500
241.324900
241.328000
241.333350
241.340450
241.347200
241.351800
241.363950
241.368650
242.051900
242.065750
242.079500
242.086100
242.100350
242.938700
242.949550
242.952400
242.955700
242.959200
242.962500
242.965250
242.980700
242.990200
242.992800
242.996550
242.999550
243.022800
243.106550
243.113100
243.121650
243.429550
244.073400
244.544400
244.548250
244.853950
244.860800
244.876850
244.883900
244.887000
244.889150
245.188000
245.614900
245.709450
245.736300
245.742200
245.746950
245.762900
245.950900
246.094600
246.480250
246.484400
246.771750
246.778000
247.257450
247.262200
247.267950
247.278300
247.292150
247.332850
247.338200
247.342900
247.349150
247.359900
247.598300
247.602850
248.093450
248.098600
248.121250
248.130000
248.141900
248.149700
248.152150
248.157550
248.164000
248.170900
248.173850
248.179400
248.186900
249.043400
249.215350
249.241600
249.250700
250.974400
251.181650
251.185400
251.189600
251.199900
251.213900
251.947550
251.951000
251.992500
251.996000
252.011350
252.029400
252.055200
252.064350
252.072150
252.890700
252.906350
252.910500
252.913650
252.917000
252.938400
253.168750
253.172950
253.203200
253.209450
253.916850
254.149150
254.153600
254.847500
255.407300
255.423050
255.439900
255.687450
256.091900
256.095950
256.103250
256.111400
256.128900
256.133250
256.146700
256.151600
256.250300
256.422550
256.464200
256.469650
256.805150
256.808600
256.819450
256.831850
257.054250
257.082850
257.085950
257.126600
257.855050
257.860150
258.213300
258.221700
258.225150
258.231050
258.247300
258.251250
259.017900
259.230900
259.240200
259.242550
259.259450
259.264000
259.269000
259.275100
259.281250
259.473350
259.905050
259.909000
260.528750
260.532500
260.589400
260.738350
260.759000
260.824300
260.829100
260.834150
260.840750
261.785250
261.789050
261.793200
261.804750
261.809350
262.504950
262.508850
262.511700
262.515050
262.533200
263.025650
263.040200
263.050900
263.053300
263.058750
263.064750
264.362200
264.365750
264.389450
264.395750
265.462750
265.465850
265.695350
265.699350
265.721850
265.726100
266.044050
266.510400
266.808900
266.812600
266.973200
266.978100
266.987250
267.018300
267.038950
267.044250
267.052900
267.315250
267.321600
267.327450
267.331600
267.336200
267.338600
267.341950
267.347400
267.354750
267.645150
267.652350
267.656650
268.455600
268.488150
268.492700
268.503550
268.508800
268.516350
269.193350
269.198250
269.202450
269.204800
269.209250
269.216950
269.238200
269.520200
269.556200
269.559050
269.576150
269.644350
269.810800
269.884600
269.888600
269.944300
269.946750
270.198000
270.584400
270.637700
270.641050
271.674400
271.678550
272.095050
272.100050
272.229900
272.234200
272.241050
272.252900
272.258100
272.263250
272.268350
272.274600
272.277800
272.317150
272.322050
272.358450
272.369300
272.417100
272.426650
272.432550
272.435250
272.438350
272.441100
272.444300
272.450650
272.452800
272.456400
272.461050
272.466250
272.470850
272.492100
272.498550
272.893800
272.909550
273.474150
273.482300
273.486350
273.490250
273.505450
273.907600
273.938900
274.584850
274.857700
274.861300
275.006550
275.011850
275.014850
275.018850
275.022500
275.028400
275.066750
275.077300
275.083700
275.497550
275.969350
276.133700
276.514800
276.519150
276.567050
276.571250
277.433800
277.594850
277.862550
277.865600
277.874450
277.879250
277.885550
277.889900
277.905600
278.169650
278.180950
278.295500
278.322500
278.326550
278.332400
278.348700
278.354000
278.360550
278.366900
279.375100
279.380250
279.389700
279.397800
279.407250
279.416000
279.418600
279.424750
279.965050
279.970750
279.974550
279.978200
280.014400
280.019550
280.036700
280.043700
280.049600
280.053950
280.059700
280.064250
280.074950
280.082750
280.536000
281.518900
281.527850
281.543300
281.549250
282.174900
282.188950
282.597800
282.612350
282.620550
283.277000
283.590450
283.747900
283.761100
283.764650
283.767150
283.772900
283.775250
283.778250
283.785400
283.800650
283.802700
283.806100
283.820700
284.521850
284.763650
284.774200
284.792200
284.944850
284.960650
285.130300
285.143050
285.151900
285.160300
285.163500
285.435700
285.461850
285.472050
285.478250
285.542750
285.558300
285.899500
285.997900
286.037000
286.440050
286.445800
286.452700
286.455800
286.465350
286.525850
286.531000
286.537950
286.700250
286.873050
287.237700
287.243100
287.254150
287.525550
287.546700
287.697150
287.700750
287.703350
288.222500
288.232750
288.237850
288.243400
288.246200
288.250100
288.259450
288.302350
288.312850
288.350200
288.365700
288.377200
289.212200
289.216800
289.434500
289.438450
289.749250
289.889900
289.994900
290.008150
290.013800
290.031500
290.037550
290.041400
290.044150
290.060700
290.081850
290.524550
290.528300
290.661500
290.672950
290.977700
290.981400
290.985900
290.991750
290.997900
291.007000
291.011650
291.036650
291.708800
291.811750
291.831650
291.884400
291.889200
291.903700
291.913750
292.513400
292.820000
292.823150
292.829700
292.833450
292.846200
292.850500
292.857900
292.860400
293.371800
293.696400
293.834350
294.214700
294.240650
294.247550
294.253800
294.289300
294.968950
294.976950
295.588450
295.631800
295.635650
295.641150
295.649600
295.895200
295.899000
295.946900
296.057600
296.154700
296.158300
296.162600
296.168000
296.173100
296.176600
296.185400
296.189050
296.196700
296.204950
296.210750
296.855250
296.860050
296.923750
296.927800
296.932950
296.938550
296.942650
296.949150
297.967700
297.971300
297.976150
297.984850
297.991300
298.004800
298.007800
298.014150
298.026750
298.030300
298.035950
298.363850
298.387050
298.395100
298.398600
298.508050
298.514700
298.714700
298.721100
298.725850
298.740350
298.766850
298.786750
298.960750
298.964950
298.968350
298.977000
299.610900
299.682800
299.725250
299.737350
299.754100
300.044350
300.047650
300.077600
300.409450
300.428950
300.683950
300.686300
300.698600
300.951650
300.959650
301.280850
301.445150
301.449250
301.453850
301.465200
301.470350
301.473050
301.476900
301.523850
301.632900
301.635250
301.639050
301.647550
301.768750
301.776350
301.779400
301.782850
301.794700
302.897350
302.899750
302.904000
302.909150
302.946850
303.242050
303.246150
304.959050
304.962500
304.969400
305.000650
305.003050
305.008500
305.043500
305.731550
305.737100
305.757800
305.763700
305.771050
305.779550
306.647950
306.700550
306.724350
306.746300
307.325100
307.453300
307.457100
307.461200
307.466500
307.546950
307.565000
307.780300
307.788900
307.791750
307.803550
307.811400
308.046600
308.066150
308.075850
308.082100
308.085200
308.089200
308.093750
308.097500
308.109300
308.111950
308.608800
308.636100
308.644450
309.064750
309.657950
309.660100
309.663800
309.699250
309.706000
309.758500
309.767250
309.773400
310.020150
310.024750
310.037700
310.081700
310.597100
310.600750
310.648750
310.692900
310.697950
310.751650
310.826200
310.830800
311.061650
311.067300
311.072350
311.422600
311.840950
311.847900
311.850850
311.858150
311.865250
312.422950
312.431400
313.217700
313.337450
313.390700
313.396250
313.399850
313.402500
313.405050
313.411950
313.540250
313.544050
313.548500
313.550600
313.553800
313.559400
313.564250
313.569850
313.950550
313.957050
314.141900
314.154500
314.365350
314.369050
314.373900
314.376000
314.399100
314.407800
315.286750
315.293550
315.297600
315.305450
315.339800
315.594950
315.606900
316.714850
316.718150
316.746050
316.764850
316.772750
316.781350
316.786150
316.791200
316.798050
316.802550
316.806750
316.846150
316.853650
316.863550
317.164650
317.168400
317.241700
317.251900
317.257100
317.263500
317.266000
317.293300
318.032000
318.035950
318.043700
318.257150
318.348300
318.375400
318.389000
318.396800
318.416100
318.422000
319.333250
319.347950
319.534000
319.707850
319.861300
319.864750
319.867450
319.870500
319.876700
319.880900
319.884200
320.389250
320.392600
320.405450
320.410000
320.943300
321.442950
321.589650
321.646500
321.889500
321.893000
321.905650
321.909150
322.277900
322.484450
322.490100
323.155300
323.158800
323.166550
323.192850
323.201350
323.206000
323.216200
323.219400
323.228150
323.233550
323.247100
323.379050
323.561600
323.563700
324.173550
324.178850
324.184050
324.190600
324.651600
325.880350
325.883700
326.170050
326.769850
326.773550
326.778450
326.782150
326.785150
326.791550
326.802600
326.808950
327.024150
327.028800
327.035050
327.038250
327.041350
327.043650
327.046800
327.053150
327.059950
327.718000
328.154500
328.158750
328.455750
328.459100
328.477250
328.493150
328.497550
328.508800
328.514050
328.520950
328.527800
328.536850
329.228350
329.232000
329.236800
329.246600
329.471200
329.904900
329.929700
329.942250
330.904750
330.909650
331.315650
331.352550
331.357250
331.518250
331.938500
332.631600
332.635700
332.639850
332.654050
332.658450
332.661550
332.664250
332.669450
332.673400
332.677500
332.680850
332.683900
332.692300
332.699500
333.073500
333.094400
333.100500
333.514950
333.910050
334.118600
334.121900
334.136700
334.390050
334.401750
334.563850
334.586500
334.590550
334.597150
334.611400
334.669200
335.281600
335.288500
335.294800
335.302500
335.304850
335.313600
335.318750
335.325050
335.648700
335.658200
336.410200
336.414300
336.448250
336.452950
336.485250
336.980500
337.085750
337.330150
337.335400
337.342600
337.347800
337.843900
338.239050
338.243300
338.249300
338.256050
338.260250
338.266950
338.278850
338.298400
338.683050
338.841050
338.847100
338.851400
338.855600
339.382850
339.386750
339.610300
339.622850
340.228350
340.232550
340.261400
340.271750
340.276550
340.283900
340.289650
340.644500
340.648150
340.701900
340.713850
340.726100
340.734950
341.637050
341.646450
341.663450
341.677550
341.713050
342.236400
342.241200
342.462750
342.466850
342.474250
342.479400
343.285350
343.288050
343.293050
343.406600
343.418050
343.423050
343.438550
343.445500
343.450550
343.452600
344.014700
344.791600
344.795350
344.800150
344.808300
344.816000
344.822550
344.829050
344.855950
345.532450
345.573500
345.578250
345.595500
345.774450
345.782550
346.132300
346.136950
346.143450
346.195450
346.202650
346.897550
347.301650
347.612950
347.617000
347.674050
347.678800
347.685400
347.687700
347.692700
347.702250
348.488300
348.492600
348.504850
348.722250
348.726550
348.734600
348.753500
348.756600
348.759700
348.765750
348.913750
348.925350
348.936300
348.942650
349.494400
349.498750
349.505350
349.509950
349.514900
349.517050
349.519550
349.521650
349.524750
349.543750
349.546500
349.948000
350.187450
350.396250
351.047900
351.055350
351.094100
351.255700
351.262250
351.305400
351.673300
351.677350
351.704750
351.718000
351.731000
351.734400
352.848350
352.852000
352.869700
352.874300
352.876450
352.891550
352.901900
352.908850
352.917500
352.933650
352.941600
352.951200
352.957800
353.506050
353.521400
353.525000
353.537150
353.541050
353.580800
354.343200
354.360000
354.365350
354.368600
354.944950
354.950000
356.145600
356.156300
356.158400
356.182200
356.190800
356.200550
356.224800
356.946200
356.950000
356.956100
356.977150
356.987850
356.990200
356.993050
357.203400
357.230250
357.233550
357.238850
357.268850
357.422150
358.039350
358.042750
358.048800
358.055000
358.071550
358.076300
358.162250
358.167800
358.173650
358.178200
358.182900
358.185200
358.190450
358.335500
358.917400
358.921700
358.934800
359.037650
359.636550
359.650400
359.660550
360.072950
360.870650
360.876050
361.189400
361.203200
361.214450
361.218600
361.789250
361.797550
361.802850
361.805700
361.809300
361.832650
361.839050
362.193850
363.721850
363.799100
363.802650
363.810950
363.815950
363.819150
363.822950
363.826150
363.831950
363.851350
364.069300
364.073750
364.077000
364.079050
364.089500
364.097500
364.112450
364.119700
364.138150
364.143350
364.146200
364.150000
364.722800
364.727450
364.732450
364.923900
364.931350
364.941800
365.013350
365.027300
365.031850
365.034650
365.044900
365.050650
365.058800
365.075400
365.085150
365.711550
365.858850
365.863200
365.874150
365.879700
365.884800
365.890350
365.898700
365.914200
365.938250
365.943550
365.945800
365.951850
365.978150
366.115750
366.118000
367.060200
367.068450
367.086950
367.091350
367.096650
367.099700
367.103400
367.115350
367.374750
367.386900
367.397300
367.692800
367.698550
367.872650
368.891300
368.893700
368.897950
368.908500
369.147450
369.176600
369.575300
369.597950
369.797550
369.802300
369.812650
369.816000
369.819550
369.828250
369.836150
369.843100
370.193750
370.233500
370.363650
370.366850
370.371400
370.376850
370.398750
370.404400
370.409850
370.413350
370.418350
370.941250
370.945950
370.958000
370.966000
370.968150
370.972250
370.979600
370.990350
371.002600
371.058900
371.096800
371.102950
371.107400
371.111850
371.115100
371.118900
371.121550
371.130950
371.133800
371.344850
372.282950
372.286700
372.295050
372.308350
372.520200
372.528550
372.535350
372.539400
372.541450
372.892250
372.904200
372.908850
372.919700
372.933000
372.939100
372.965600
372.971150
372.986250
373.223300
373.228250
373.723600
373.726350
373.730650
373.744000
373.752200
373.773500
373.796450
373.801000
373.804900
373.872150
373.874200
373.876600
374.300450
374.304750
374.310200
374.314450
375.247900
375.250800
375.262450
375.281650
375.697600
375.701800
375.718100
375.991850
376.026600
376.108150
376.557750
376.561800
376.567650
376.576550
376.579450
377.240600
377.283750
377.289800
377.453800
377.458950
377.472500
378.808850
378.959300
378.965050
378.978550
378.986250
378.988950
378.995850
379.005500
379.811050
379.815450
379.976900
380.729400
381.030850
381.033900
381.049100
381.053450
381.842700
381.846750
382.157450
382.161450
382.174000
382.179200
382.188600
382.193900
382.201100
382.225750
382.303250
382.310800
382.940050
382.953900
382.958800
382.962100
382.966450
382.970000
383.645350
383.650850
384.111600
384.118450
384.123200
384.127750
384.131800
384.136400
384.143450
384.154000
384.156700
384.164000
384.174950
384.186750
384.276850
384.284600
384.288050
384.661650
384.729750
384.734900
384.768800
384.773250
384.775450
384.790400
384.800800
385.286800
385.290450
385.611350
385.959100
385.973650
385.989350
385.994750
386.019600
386.023700
386.059750
386.069350
386.113350
386.548300
387.256900
387.262000
387.267750
387.271150
387.273750
387.281750
387.287750
387.297400
387.849750
388.060950
388.066150
388.238400
388.259700
388.317050
388.338450
388.599150
388.700150
388.704800
388.754000
388.758150
388.762300
388.765950
388.768050
388.774400
389.250500
389.796850
389.851650
389.857650
390.028400
390.040750
390.045500
390.056800
390.477950
390.486600
390.499450
390.505550
390.536450
390.647050
390.649750
390.657500
390.661650
390.669250
391.316800
391.320700
391.342000
391.353650
391.512200
391.983850
392.060000
392.064750
392.081800
392.805450
393.016700
393.020350
393.022750
393.025950
393.032850
393.039950
393.046650
393.446200
393.448450
393.452800
393.455600
393.462450
393.469600
393.668550
393.672000
393.676600
393.859350
393.865300
393.876150
393.882750
393.889350
393.905100
393.913800
394.073400
394.087550
394.096900
394.410900
394.505750
394.563750
394.567200
394.571300
394.579000
394.581450
394.583750
396.113700
397.182100
397.193650
397.227500
397.242000
397.247450
397.251650
397.261800
397.972050
397.982700
397.992550
398.100800
398.104950
398.895850
399.026200
399.088700
399.092850
399.114500
399.142850
399.145350
399.148200
399.634700
399.639100
399.644750
399.655450
399.689950
399.694950
399.698000
399.701850
399.709550
399.714550
399.717600
399.734150
400.458200
400.463650
400.891850
400.895500
401.061000
401.275100
401.278900
401.301950
402.517550
402.521500
402.868150
402.871500
402.875500
402.880000
402.985500
403.003350
403.019950
403.024350
403.028350
403.032250
403.035550
403.047850
403.092050
403.545400
403.913650
405.475250
405.549950
405.554900
406.000950
406.017650
406.022200
406.025300
406.174400
406.737500
406.742500
406.749300
406.752250
406.830950
406.836100
407.101500
407.105650
407.111550
407.116050
407.118100
407.123650
407.170350
407.223000
407.228050
407.234200
407.236350
407.239100
407.244650
407.250450
407.257650
407.266800
407.299400
407.867950
407.872600
407.889200
408.218900
408.223500
409.295850
409.299700
409.419150
409.423000
410.248350
410.870650
410.884250
412.161650
412.165250
412.174650
412.181450
412.187150
412.193650
412.196200
412.451750
413.610050
413.636000
413.936200
414.303400
414.307100
414.311600
414.315400
414.319400
414.321800
414.327650
415.368450
415.485500
415.955700
415.959950
415.981850
416.541200
417.098600
417.102850
417.110150
417.114350
417.122900
417.128800
417.132650
417.135100
417.137300
417.156550
417.303700
417.831800
418.190400
418.193650
418.197700
418.347500
418.357550
418.366950
418.376350
418.381150
418.386200
418.398100
418.421650
419.439200
419.442300
419.453850
419.464100
419.494350
419.510650
420.183850
420.196600
420.200650
420.205350
420.553800
420.844500
420.896150
420.900600
420.905750
420.925150
420.953200
421.324900
421.330050
421.636150
421.640050
421.644400
421.646900
421.655750
421.666850
421.671500
421.687100
421.691550
422.034000
422.037650
422.043500
422.051400
422.085000
422.105450
422.115550
423.067100
423.097000
423.129650
423.728700
423.739100
423.745550
423.748850
424.100950
424.103300
424.499750
424.503650
424.513350
424.520050
424.526300
424.549750
424.558700
425.080950
425.495700
425.509300
425.522800
425.528800
426.441100
426.453000
426.457600
426.498900
426.503950
427.609450
427.613200
427.735350
427.739650
427.745050
427.755650
427.760350
427.767800
427.770700
427.773200
427.776050
427.789250
427.806600
427.825700
427.937850
427.945300
428.554900
428.816600
429.177350
429.181400
429.409400
429.511700
429.515650
429.524200
431.314550
431.318700
431.328900
431.333100
431.340400
431.344150
431.380800
432.144950
432.149700
432.153050
432.156950
432.160400
432.167500
432.176500
432.181750
432.189350
432.747500
432.751650
432.757300
432.765450
432.769200
432.774300
432.781100
432.783550
432.787850
432.792850
432.796350
433.583900
433.597350
433.599500
434.025950
434.030550
434.055650
434.067150
434.482750
434.486800
435.138300
435.142450
435.157950
435.163450
435.368750
435.406550
435.411550
435.416050
435.423250
435.431600
435.474850
437.127600
437.131450
437.136250
437.311550
437.315000
437.446050
437.451750
438.131300
438.136450
438.139950
438.145950
438.154500
438.160350
438.517200
438.534100
438.543500
438.547050
438.839750
440.009800
440.024750
440.039100
440.043950
440.048600
440.053450
440.059700
440.064000
440.070550
440.073600
440.076600
440.108950
440.122950
440.130300
440.148700
440.154200
440.173850
440.825000
441.140300
441.796400
441.801150
441.811000
441.828050
441.901200
441.904550
441.917550
441.924200
442.160350
442.168450
442.188800
442.225500
442.231100
442.233400
442.237650
442.239700
442.484500
443.027650
443.631700
443.642300
444.200450
444.204300
444.209550
444.743150
444.747250
444.749800
444.754200
444.945950
445.954850
445.959300
445.967850
447.089900
447.093200
447.101600
447.107550
447.110300
447.113750
447.118350
447.124000
447.136600
447.141650
447.169650
447.452800
447.460950
447.878300
449.110200
449.123250
449.134800
449.137550
449.140750
449.386450
449.388800
449.391050
449.393650
450.028450
450.032400
450.038100
450.801700
450.822250
450.825750
450.832250
450.858850
451.792000
451.796750
451.854250
451.918950
451.924450
451.930400
451.936850
451.952750
451.959600
451.968150
452.000550
452.820900
452.844700
452.848600
452.854850
453.477800
453.486950
453.493150
453.500300
453.503550
453.515950
453.526250
453.530800
453.534800
453.539500
453.549850
453.555350
454.536900
454.540150
454.685400
454.689300
454.692850
454.701150
454.906600
454.911250
454.918150
454.921600
455.542100
455.559150
455.563450
456.908750
456.913000
456.934200
457.392350
457.395700
457.546900
457.559550
457.601600
457.616650
457.629050
457.789650
458.473800
458.821150
458.826450
458.838550
458.896400
458.901600
458.908500
458.910700
458.914550
458.917750
459.778000
459.786450
460.380000
460.382800
460.386950
460.391850
460.397200
460.404350
460.522800
460.841800
460.854950
460.891850
460.895550
460.901700
460.906200
460.911400
460.915700
460.926950
460.930700
461.972450
461.981150
461.998400
462.002050
462.016200
462.019400
462.027550
462.029750
462.034000
462.041950
462.521300
462.550250
462.557700
462.705450
462.710250
462.884000
462.922650
462.927300
462.933100
463.164550
463.352550
463.461350
463.465550
463.501750
463.518600
463.528400
463.540900
463.577950
463.589150
463.602400
464.439000
464.804900
465.462550
465.466650
465.558350
465.950300
466.302200
466.306000
466.320450
466.731900
466.742950
466.755400
466.760650
466.777050
466.780150
467.352600
467.358550
467.368200
467.379750
467.385700
467.432750
467.437750
467.442700
468.137600
468.141100
468.156650
468.163700
468.166650
468.168950
468.174350
468.180900
468.188100
468.191300
468.200250
469.402150
469.521500
469.839050
469.843050
469.848250
469.887400
469.890050
469.931350
469.951650
471.135800
471.139550
471.308950
471.327250
471.375650
471.715350
471.721900
471.735850
471.738350
471.740550
471.745150
471.749300
471.759300
471.762400
471.776500
473.281600
473.285150
473.296400
473.304250
473.315100
473.318700
473.330850
473.349900
474.064750
474.068650
474.073550
474.090700
474.103500
474.108250
474.581150
474.604050
475.456150
475.477550
475.486700
475.491700
475.849300
475.853350
475.895850
476.515250
476.521000
477.061650
477.065700
477.081500
477.085400
477.108150
477.112850
477.119300
477.125250
477.132750
477.643600
477.677050
477.681850
477.686750
477.697000
478.391550
478.849900
479.081850
479.612700
480.023600
480.085050
480.429200
480.433100
480.446200
480.453050
480.466800
480.469300
480.483950
480.488800
480.841100
480.845600
480.850950
480.855100
480.860000
480.866200
480.875900
480.881350
480.896650
481.602150
481.662300
481.668650
481.674200
481.690000
481.697050
481.931350
482.713250
482.715600
483.239000
483.243650
483.249850
483.711750
483.729850
483.734000
483.821950
483.828150
483.832150
484.383550
484.386650
484.664300
485.138450
485.148250
485.151100
485.158950
485.164800
485.168300
485.175250
485.190650
485.872350
486.010550
486.012950
486.016300
486.861800
486.885250
486.889350
486.898400
486.901650
486.912250
486.923150
487.775200
487.799900
487.828800
487.834100
487.849950
487.859350
487.869100
487.909100
488.344900
488.350300
488.764450
488.768300
489.435900
489.556350
489.558500
489.561150
489.563600
489.569500
489.603400
490.321100
490.587500
490.593300
490.601000
490.607250
490.612250
490.617700
490.624900
490.632300
490.665200
490.672750
490.679550
490.688450
490.697750
490.731100
490.733750
490.756050
490.766350
490.769450
490.790750
490.822150
491.175850
491.542500
491.776100
491.782550
491.785550
491.790450
491.793300
492.343950
492.871000
492.899350
493.076700
493.090650
493.102450
493.333000
493.337950
493.344300
494.393050
494.397900
494.405250
494.415850
494.430650
494.570450
494.937050
494.974500
495.001450
495.006250
495.009800
495.011950
495.022000
495.337100
495.343800
495.352150
495.358800
495.707150
495.712200
496.024350
496.339600
496.703400
496.744450
496.748550
496.753150
496.759100
497.205500
497.209150
497.213050
497.216100
497.507500
497.511850
497.526050
497.597250
497.739950
497.746150
497.765800
497.771900
497.777150
497.782000
497.785300
497.953000
498.187000
498.950500
500.142900
500.146350
500.151300
500.160850
500.165550
500.170100
500.251750
500.256350
500.261150
500.269850
500.273050
501.187900
501.466400
501.523950
501.540400
502.300850
502.313550
502.316450
502.323350
502.327650
502.330800
502.335700
502.339050
502.348150
502.356200
502.368250
502.487500
502.501300
502.910150
503.763850
503.836800
503.841650
504.455200
504.568300
504.572950
504.587500
504.913750
504.922150
504.959400
504.963100
504.967500
504.977000
504.983800
504.988900
505.048350
506.489500
506.494050
506.498800
506.505050
506.513700
506.695900
506.706450
506.709800
506.711850
507.390500
508.428800
508.433050
508.455700
508.461400
508.485850
508.971000
508.975050
509.210800
510.224200
510.243750
510.395250
510.399550
510.409200
510.417800
510.420600
510.467550
510.480250
510.517650
510.529500
510.803450
510.806900
510.811000
510.817200
510.820300
510.824100
510.831100
510.838050
510.840450
510.846850
510.855400
510.870750
510.887500
511.505900
511.509550
511.668300
511.678550
511.685100
511.698750
511.706700
512.232800
512.241550
512.512950
512.527050
512.533800
512.557700
512.568550
512.573300
512.577800
512.622750
513.043700
513.052950
513.057200
513.063600
513.093950
513.373500
513.573200
514.179050
514.352950
514.357450
514.373050
514.376400
514.382300
514.386150
514.393300
514.398900
514.407050
514.417050
514.432350
515.075850
515.078850
515.085850
515.103800
516.304400
516.797750
517.247850
517.293850
517.299400
517.305650
518.024700
518.032300
518.040800
518.065900
518.069200
518.075400
518.084850
518.451650
518.455550
519.037050
519.039650
519.043700
519.059750
519.649050
519.722700
520.652600
520.659550
520.672150
520.676250
520.719800
521.081150
521.289050
521.292550
521.541000
521.544450
521.567550
521.615600
521.619150
521.621300
521.623500
521.627700
521.633850
521.639950
521.650250
521.705600
521.747150
522.116150
522.120350
522.731100
522.735250
522.741850
522.747900
524.623650
524.915550
524.961750
525.041950
525.046100
525.053150
525.057000
525.061200
525.097300
525.173650
525.478550
525.604900
525.609250
525.624350
525.637750
526.853950
526.862700
527.594150
527.740650
527.743950
527.748600
527.757900
527.771000
527.782500
527.797850
527.802600
527.806350
527.812100
528.062000
528.068850
528.082100
528.517450
528.525400
528.531150
528.542600
528.594900
528.597950
528.950200
529.025450
529.864900
529.869000
529.873400
529.877050
529.886050
529.890500
529.894500
529.911300
529.922050
530.298800
530.624850
530.639450
530.879150
530.891050
530.918800
530.938950
531.423200
531.590750
531.595250
531.603600
531.608300
531.653550
532.227650
532.237750
532.244350
532.249850
532.266500
532.380850
532.425200
533.148200
533.188650
533.206800
533.292800
534.008950
535.386500
535.464650
535.474700
535.494300
535.514300
535.698100
536.297400
536.301500
536.387400
536.688600
536.695300
536.702950
537.298600
537.802250
538.220000
538.294300
538.300000
538.304900
538.319600
538.338850
538.343350
538.352700
538.361950
538.364600
538.823900
538.863600
539.351200
539.359650
539.369700
539.388800
539.415900
539.447950
539.485400
539.489000
539.494200
539.502300
539.506400
539.762150
539.921050
540.165150
541.299600
541.303750
541.318450
541.671700
542.062000
542.065200
542.068750
542.073600
542.079050
542.094000
542.105000
542.126750
542.130500
542.136400
543.492350
544.235500
545.497900
546.064600
546.068800
546.076850
546.372850
546.532600
546.598150
546.606300
546.647050
546.649150
546.653300
546.658900
546.677300
546.687850
547.244250
547.257250
547.310900
547.317500
547.324500
547.756050
547.762500
548.443750
548.604550
548.610900
549.348850
549.363800
549.368550
549.396350
550.148650
550.151850
550.155400
550.168950
550.174600
550.177600
550.182600
550.193450
550.197700
551.407150
551.411400
551.416900
551.462650
551.470400
551.844050
552.455550
552.478050
552.481200
552.484000
552.492500
552.503350
552.515700
552.537550
553.732800
553.755800
553.765450
553.787850
553.811350
554.295750
554.297850
554.302850
554.327350
554.333200
554.363650
554.398300
554.407600
555.027900
555.033150
555.044700
555.065800
555.070250
555.098650
555.107450
556.036050
556.050300
556.087650
556.273050
556.282300
556.285850
556.288200
556.303000
556.307500
556.312650
556.317200
556.831950
557.234400
557.866800
557.903000
557.908400
558.436600
558.578850
558.581050
559.190650
559.468600
559.537900
559.575650
559.581100
559.595550
559.600000
559.610150
559.621300
559.635200
559.647100
559.742250
559.840050
559.842200
559.987850
560.071400
560.073600
560.082400
560.084600
560.087950
560.091600
561.306550
561.310450
561.316050
561.320400
561.326550
561.329350
561.333150
561.344500
561.352800
561.834500
561.836550
561.842150
561.849650
561.876000
562.158250
562.382100
562.385400
562.405200
562.425550
564.364150
564.368700
564.370850
564.379400
564.383500
565.395350
565.397800
565.401200
565.446050
565.451800
565.456600
565.466650
565.492950
565.654350
565.878400
565.990350
565.995150
566.004350
566.020750
566.764250
566.770200
566.781300
566.785750
566.790300
566.798900
566.823350
567.083950
567.381200
567.592650
567.595050
567.836200
568.610600
569.500300
569.520800
569.526900
570.088700
570.110150
570.873950
571.575500
571.581550
571.584750
571.595750
571.623450
571.625650
572.227300
572.231300
572.236900
572.251600
572.610950
572.961300
572.964950
572.976650
572.996450
573.023100
573.028100
573.035150
573.037200
573.050650
573.055400
573.061250
573.069450
573.091100
573.148150
573.573250
575.398100
575.401750
575.437250
575.464400
575.467900
575.472700
576.134600
576.147600
576.153800
576.168300
576.181100
576.203300
576.872600
576.876100
576.889050
576.894300
576.897250
576.904750
576.910650
577.047200
577.125500
577.129700
577.135050
577.150200
577.154900
577.790100
578.063400
578.081300
578.094000
578.101800
578.106300
578.132500
578.149300
578.182500
578.279650
578.667150
578.685750
578.693900
578.696450
578.701800
578.705700
578.708900
578.714400
578.727900
578.748800
578.753750
579.072950
579.084850
579.092400
579.097200
580.065700
580.074500
580.079750
580.082450
580.087300
580.100050
580.411000
580.417150
580.419800
581.125900
581.242500
581.246350
581.471950
582.075600
582.079500
582.092600
582.101000
582.110150
582.125100
583.346250
583.695450
583.721450
583.736500
583.742150
586.131100
586.151000
586.789400
591.608100
592.293150
598.324200
598.809600
599.914900
600.909550
603.488600
609.456650
611.121250
612.260250
612.718150
612.729750
612.736950
612.740600
612.743800
612.746700
612.751250
612.754900
612.757550
612.770350
612.773750
612.778350
612.783400
612.789250
612.798100
612.806200
613.283950
613.689100
614.356150
614.360000
614.364900
614.375850
614.379350
614.397750
614.759050
614.779400
614.783400
615.569000
615.775750
615.809750
615.831500
615.923400
615.925600
615.929550
616.108950
616.364300
616.368650
616.417050
616.901450
616.905700
616.910500
616.917800
616.932800
617.772400
617.852600
617.863950
617.866900
617.870600
617.885150
617.888550
617.892450
617.894800
617.912300
617.922200
617.932400
618.503000
618.520550
618.594700
619.002300
619.010100
619.082700
620.361650
620.382550
620.387000
620.395400
620.399300
620.401800
620.476350
621.171700
621.535550
621.543200
621.548350
622.013000
622.022150
622.569550
622.912900
623.226750
623.231550
623.249750
623.253650
623.291400
623.321200
623.324050
623.329100
623.780750
623.790050
623.796350
623.826450
623.829300
623.831750
623.849450
623.855100
624.776950
625.236350
625.306100
625.311150
625.928300
625.931550
625.937450
625.941000
625.949350
625.954700
626.515250
626.533300
626.551700
626.573500
626.644000
626.757350
626.895600
626.903250
626.995800
627.001200
627.004900
627.015850
627.809600
627.815800
627.826850
627.832950
627.838450
627.843050
627.845750
627.862300
629.039200
629.042750
629.052300
629.058350
629.325400
629.437500
629.454050
629.461300
629.468200
630.191850
630.251500
630.569950
630.981800
631.447250
631.451500
631.461500
631.808950
631.817350
631.829550
632.087800
632.095100
632.110600
632.166500
632.176000
632.190200
632.904150
632.908000
632.919500
632.946250
633.751850
633.755750
633.782000
633.791400
634.085600
634.090250
634.315200
634.320950
634.323250
634.326950
634.334000
634.339350
634.342750
634.348400
634.360600
634.911400
634.915450
634.919000
634.924000
635.213200
635.228300
635.231600
635.236100
635.253500
636.403900
636.407650
636.737250
636.740750
636.743450
636.748900
636.786500
636.837700
636.841700
636.849250
636.851400
636.855200
636.865400
637.204550
637.823600
637.895150
638.111800
638.115700
638.150250
638.348850
638.356200
638.368050
638.396050
638.403050
638.414250
638.532800
638.589850
638.938400
639.124750
639.147950
639.699350
639.703450
640.677300
640.683250
640.685300
640.700650
640.703900
640.780450
640.801350
640.806000
640.828500
641.047950
641.056850
641.076300
641.537500
641.540800
641.543400
641.547000
641.550000
641.556000
641.575000
642.251250
642.288950
642.676100
642.684000
642.695750
642.703700
642.726600
642.742400
642.777250
643.376350
643.379300
643.383950
643.391400
643.649300
643.679550
644.083650
644.976550
645.488800
645.622000
645.625600
645.630350
645.636400
645.640100
645.642400
645.647600
645.650350
645.656150
645.663400
645.669450
645.681150
645.683500
645.686450
645.691650
645.696900
645.703200
645.714500
646.235500
646.250250
646.256250
646.271500
646.280650
646.598450
646.602450
646.607000
646.655550
646.660900
647.798900
647.818600
647.822400
647.827200
647.832050
647.835400
647.843950
647.855750
649.602750
649.606350
649.609200
649.619100
649.623700
649.633200
649.639700
649.652500
649.709300
650.176600
650.411450
651.106450
651.310700
651.742150
651.757200
651.792750
651.859600
651.865900
652.037100
652.785000
652.867450
653.085500
653.459000
653.462250
653.469600
653.474300
653.477050
653.480400
653.485250
653.488600
653.496100
653.508850
653.511050
653.526250
653.811250
654.497650
654.502700
654.565350
654.597550
654.601500
654.869100
654.932000
654.947000
655.068600
655.072150
655.818650
655.823300
655.838550
655.843300
656.249000
656.253700
656.259900
656.264550
656.274450
656.281900
656.748100
656.752650
657.000950
657.004300
657.007450
657.016950
658.062600
658.388850
658.392900
658.402150
658.406300
658.423200
658.428600
658.437900
658.446150
658.561850
658.589400
659.113450
659.326000
659.793650
659.799150
659.972900
660.537050
661.065250
661.072700
661.078800
661.082700
661.133800
661.138750
663.913000
663.917400
663.976650
663.981500
664.263900
664.268800
664.325400
664.340750
664.354750
664.569300
664.573350
664.583500
664.599550
664.606000
665.128050
665.130850
665.133750
665.150300
665.180300
665.447550
665.452150
665.455950
665.782550
665.868450
666.222500
666.255550
666.366700
666.375550
666.775550
666.995250
667.584900
667.600550
667.604900
667.638700
667.642400
667.645100
667.861700
667.864050
667.946850
667.975500
668.002500
668.489050
668.499600
669.755600
669.761300
669.938300
669.943800
669.948950
669.955050
669.961500
670.158850
670.507200
670.521750
670.681000
671.040950
671.047900
671.057100
671.061750
671.064150
671.077850
671.082550
671.134350
671.213400
671.226400
671.251800
671.258950
671.277650
671.282250
671.286550
671.334100
671.632600
671.657300
671.706750
672.061700
672.065500
672.078750
672.085050
672.090000
672.098700
672.326100
672.521750
672.539800
672.542000
672.545150
672.547450
672.552450
672.557750
672.566450
672.576350
672.580850
672.674300
672.872950
673.193150
673.493450
673.525900
673.615500
673.629700
673.637250
673.648950
673.659150
673.673000
673.678700
673.765800
673.849050
673.853200
674.067450
675.819550
675.829900
675.834500
676.809950
676.813500
676.823100
677.135250
677.138650
677.143150
677.158550
677.162350
677.164450
677.168350
677.176700
677.209650
677.635100
678.085100
678.090200
678.099750
678.443450
678.457950
678.681950
678.814550
678.937150
678.945650
678.949200
679.742600
679.746900
679.766350
679.808350
680.608600
680.844950
680.848650
680.852500
681.231850
681.240200
681.245550
681.248800
681.253050
681.256500
681.259700
681.261800
681.268050
681.274950
681.277250
681.281700
681.299400
681.306700
681.635000
682.221050
682.226000
682.264250
682.546650
682.555700
682.940300
682.954650
683.455400
683.482100
683.924500
683.937300
683.942250
683.973700
684.493700
684.591600
684.604350
684.812500
685.047250
685.052000
685.069650
685.073000
685.076050
685.078950
685.087800
685.099250
685.182500
685.287300
685.515150
685.558550
686.022700
686.025850
686.031500
686.063600
686.075500
686.082350
686.084900
686.107400
686.311650
687.355250
687.959850
687.964050
687.975350
687.981750
687.991950
687.995850
688.927500
689.108550
689.113200
691.330850
691.527850
691.538600
691.567450
691.573950
691.587600
691.726950
691.742350
691.751900
691.756300
691.762300
691.768950
691.775400
691.790900
691.794400
692.563600
692.573900
692.589250
692.595250
692.621200
692.649900
692.681650
693.091400
693.150800
693.158800
693.199600
693.204950
694.466550
694.470450
694.520300
695.299400
695.760000
696.032200
696.035800
696.038300
696.043900
696.048450
696.053900
696.058600
696.070750
696.075200
696.117750
696.270150
696.401850
696.407700
696.566200
696.607450
697.047650
697.052050
697.071250
697.074600
697.099200
697.107100
697.874350
697.896300
697.904600
697.942600
697.949950
697.993300
698.090700
698.579250
698.953200
698.963250
698.976000
698.978700
698.982200
698.989250
699.004650
699.013500
699.307350
699.578450
699.680250
699.705850
699.708100
699.712300
700.295000
700.305050
700.307600
700.313300
700.315650
700.320900
700.334050
700.939300
700.969100
700.976100
700.996250
701.000750
701.500050
701.549100
701.552600
701.558500
701.562100
701.605800
702.395800
702.400050
702.405150
702.413600
702.549700
702.563400
702.570100
702.754400
702.759200
702.774450
703.277200
703.952800
703.956200
704.384800
704.452800
704.456450
704.467100
704.471950
704.477300
704.482650
704.595900
704.599000
704.608500
704.615100
704.630350
704.645250
704.650600
704.657550
704.663100
704.670200
704.681100
704.686650
704.692700
704.707450
705.410150
705.433950
705.439000
706.173350
706.393700
706.406450
706.416150
706.429650
706.433400
706.838800
707.319250
707.911850
707.915700
707.936700
707.957850
708.212900
708.217400
709.146150
709.159150
709.165100
709.169150
709.194850
709.479800
709.485100
709.488650
709.491000
709.493200
709.495800
709.499300
709.724850
709.987300
709.992300
710.445850
711.104800
711.311450
711.357100
711.362650
711.373700
712.016300
712.647150
712.937850
712.941450
713.267100
713.822600
714.358250
714.367050
714.700300
714.704450
714.710100
714.716200
714.937000
714.949350
714.961200
715.303900
715.424300
715.428450
715.439450
715.527050
715.636250
715.849800
715.940900
715.944650
716.183500
716.187200
716.222100
716.490250
716.503100
716.507800
718.065900
718.069300
718.073000
718.075950
718.078650
718.082350
718.085250
718.090400
718.095200
718.108650
718.113900
718.170650
718.175450
718.181500
718.727850
718.732650
718.744100
718.934400
718.945500
718.958500
719.351350
719.376650
719.958050
720.038000
720.043400
720.049000
720.053550
720.057700
720.079650
720.085150
720.109650
721.265650
721.270650
721.280450
721.882600
722.539000
722.544250
723.062950
723.067250
724.361850
724.407500
724.411550
724.421500
724.433350
724.637800
724.649350
724.657950
724.660950
724.667050
724.676450
724.682900
725.882550
725.945500
725.952450
726.546350
726.549950
726.558750
726.570250
727.133050
727.137550
727.160850
728.175950
728.179200
728.254500
728.259150
728.268150
728.599700
728.804700
728.807400
728.814800
728.820850
728.823450
729.090700
729.112950
729.155550
729.160000
729.687400
729.691200
729.827150
729.838800
729.843750
729.855350
729.858350
730.723150
730.747450
731.509750
731.520450
731.529250
731.534000
731.576950
731.854000
731.871700
731.948050
731.952600
731.971300
731.978750
732.489800
732.499900
733.036850
733.040550
733.080100
733.084500
733.119000
733.123300
734.580550
734.587350
734.591500
734.601050
734.631550
734.638300
734.671400
734.673950
734.678250
734.682700
734.685150
734.688350
734.698950
735.442600
735.446600
735.577600
736.227700
736.231900
737.577600
737.607550
737.620850
737.623700
737.637850
737.988800
738.579550
738.583550
739.102800
739.107100
739.113900
739.122700
739.124900
739.130100
739.196150
739.283850
739.306150
739.723650
739.727850
739.734350
739.763900
739.768750
739.777700
739.781900
739.801250
740.357850
740.363350
740.678700
740.900150
740.932650
740.939050
740.951350
741.094250
741.100450
741.108750
741.809950
741.813850
743.012450
743.016300
743.028050
743.030100
743.038150
743.041500
743.052350
743.058600
743.063850
743.071650
743.093350
743.104850
743.112800
743.120700
743.129600
743.572000
743.575650
743.581400
743.591850
744.143550
744.149050
744.170350
744.184350
744.378850
744.651300
744.868450
744.875350
745.358550
745.808100
745.811800
745.826950
746.565800
746.656450
746.845900
746.851100
746.856450
746.863700
746.869450
746.873900
746.879500
746.883100
746.888000
746.890600
746.893300
748.182150
748.638450
749.034950
749.320350
749.329400
749.342250
749.357550
749.360100
749.366200
749.377350
749.381850
749.388450
749.391350
749.393750
749.398650
749.402750
749.409950
749.412700
749.415100
749.421850
749.428100
749.435750
749.445650
749.453400
749.471350
749.475450
749.491950
749.576150
749.879100
749.883350
750.104500
750.215150
750.545400
750.591250
750.905050
751.170800
751.172900
751.193050
751.478850
751.489950
752.587100
752.598950
752.601500
752.605750
752.607900
752.610100
752.613000
752.615600
752.627950
752.631950
752.890950
753.340550
753.344150
753.354050
753.506800
753.748400
753.754500
753.768650
754.085350
754.094550
754.160900
754.165100
754.171100
754.176600
754.183400
755.133950
755.292500
755.296900
755.328800
755.827300
756.550850
756.564150
756.568550
756.718600
756.777100
756.782850
756.791150
756.796600
756.808900
756.814850
756.819400
756.861700
757.162000
757.301100
757.305600
757.325650
757.330350
757.348250
757.368000
757.386300
757.389350
757.392950
757.397300
757.405850
757.423550
758.360350
758.374800
758.381250
758.386250
759.198350
759.677950
759.682750
759.745100
759.749250
759.752600
759.758750
759.762000
759.764400
759.768400
759.775300
759.809100
760.717400
760.719650
760.768200
760.774350
761.508200
761.533850
761.538900
761.899450
761.903200
762.085950
762.211800
763.130700
763.434800
763.438250
763.460350
763.474100
764.615600
764.619450
764.831350
764.834650
765.349150
765.806450
765.810100
765.831300
765.835250
765.846900
765.855650
765.857700
765.866500
765.870050
766.088800
766.105200
766.108450
766.115600
766.120350
766.124400
766.126950
766.130200
766.135400
766.137750
766.150350
766.167000
766.572850
766.622600
766.624850
766.630900
766.652300
766.678850
766.891100
767.472700
767.479150
767.676450
767.683050
768.510850
768.514950
768.550800
768.555100
769.146550
769.151150
769.222500
769.742600
769.746950
770.193900
770.198150
770.425650
770.433900
770.438150
770.458650
770.473450
770.620400
770.622800
770.876500
771.387550
771.395300
771.397900
771.420650
772.279300
772.288200
772.290650
772.293150
772.683250
772.929650
772.933300
772.946250
772.949150
773.176750
773.762000
773.764200
773.767500
773.772850
773.779200
773.782600
773.789600
773.792400
773.796900
773.834750
774.555150
774.560300
775.894300
775.902450
775.913250
776.611900
776.614650
776.623000
776.628800
776.636650
776.657550
776.810450
777.275300
777.287550
777.290300
777.323950
777.974800
777.993700
778.003650
778.636150
778.641050
778.729550
778.734650
779.370500
779.373850
779.376850
779.381200
779.389350
779.392800
779.400600
779.404450
779.427800
780.337750
780.340000
780.353900
780.955850
780.966250
780.971650
781.187000
781.192650
782.365600
782.370250
782.384100
782.388000
782.393650
782.397150
782.400500
782.413450
782.424900
782.447400
782.455400
782.461000
782.470950
782.495700
783.011050
783.028900
783.035800
783.038700
783.044500
783.057650
783.850400
784.117550
784.122500
784.343600
784.600650
784.605350
784.609600
784.613250
784.620850
784.635100
784.978800
785.006350
785.010600
786.122600
787.004600
787.009500
787.375650
787.380250
787.642800
787.647000
787.649450
787.652400
787.655900
787.660500
787.663400
787.667250
787.670800
787.674450
787.682350
787.790650
787.797550
787.803750
787.811250
787.832900
788.919300
789.271400
789.304850
789.682600
789.771050
789.774250
789.780500
789.786100
789.796450
789.799950
789.802100
789.805900
789.817600
789.820600
789.832400
789.852900
789.864350
790.339100
791.205850
791.333550
791.337250
791.342900
792.354050
792.357550
792.382500
792.392450
792.450050
792.455400
792.464000
792.476500
792.495200
792.508750
792.522900
792.543250
792.551300
793.245150
793.542400
793.546750
793.561650
793.567000
793.709850
793.714950
793.724000
793.732450
794.487850
794.990700
794.994250
795.000150
795.005600
795.012100
795.015350
795.018450
795.025000
795.038150
795.116850
795.129300
795.143900
795.165350
795.329250
795.337750
795.351050
795.367250
795.381150
796.666200
797.103700
797.112750
797.129800
797.131900
797.160600
797.173700
797.178250
797.975100
797.980350
798.624950
798.636350
798.646350
798.658850
798.681700
798.686000
799.539050
799.543900
800.044500
800.064250
800.070850
800.082650
800.673100
800.711050
800.718500
802.028200
802.045600
802.052050
802.071400
802.305300
802.319150
802.324950
802.336250
802.343750
802.357950
802.370450
802.453050
802.477750
802.593050
802.598250
802.608900
802.614450
802.635000
802.643350
802.646900
802.651650
802.653950
802.656800
802.670100
802.675000
802.870100
803.582800
803.587400
804.209900
804.216950
804.219200
804.238800
804.249350
804.258900
804.434050
804.442400
804.449450
805.310050
805.314250
805.430250
805.776800
805.780700
805.786050
805.803950
805.837700
805.865700
806.416800
806.420800
806.427050
806.448550
806.731000
806.853650
807.259750
807.571100
807.577450
807.583550
807.593400
807.699900
807.703750
807.714700
807.722850
808.602950
808.641950
808.672400
808.691500
808.698850
808.838500
808.845150
808.864800
809.154550
809.162950
809.348150
809.579450
810.202600
810.213600
810.215750
810.230650
810.632350
810.650550
810.677550
810.684800
810.688000
810.703050
810.706650
810.711100
810.729900
810.762350
810.776150
810.778800
810.781500
812.093300
812.107450
812.242300
812.286550
812.290850
812.296200
812.301750
812.314350
812.334200
812.337350
812.342350
812.351000
812.357250
812.367700
812.476400
812.478550
812.485350
812.490950
812.826250
813.096850
813.188700
813.201650
813.365200
813.849250
814.993500
815.000750
815.044250
815.050300
815.068600
815.073650
815.079500
815.596200
815.834400
815.935750
816.117600
816.122000
816.320000
816.323100
816.412500
816.426200
816.430800
816.610550
816.866750
816.887700
816.890350
816.894400
816.908500
816.910650
817.002450
817.502350
817.506350
817.511150
817.566900
817.571300
817.577450
817.586050
817.707150
818.014900
818.033200
818.038250
818.542950
818.558350
818.574350
818.581200
818.589050
818.592550
818.602000
818.811100
819.135300
819.138800
819.149550
819.162750
819.178550
819.347050
819.674900
819.752300
819.757600
819.765850
819.773250
819.783250
819.902150
819.906050
820.130350
820.197650
820.775550
820.902500
820.936600
820.941250
821.195300
821.224100
821.230050
821.239700
821.262250
821.266850
821.343750
821.347000
821.517050
821.691950
821.822750
821.826950
821.838550
821.923500
821.928750
821.940400
821.962900
821.977800
821.996050
822.000000
822.360400
822.363850
822.407250
822.435900
822.448900
822.562400
823.425100
823.517400
823.535900
824.031100
824.124850
824.192750
824.203650
824.457800
824.728000
824.763400
824.818600
825.039100
825.044500
825.067500
825.073350
825.080650
825.082800
825.086100
826.122950
826.152650
826.167950
826.663300
826.667600
826.678850
826.683450
826.686800
826.693600
826.696400
826.808400
826.810500
827.716200
827.725050
827.736550
827.807350
827.858900
827.865000
828.062450
828.356600
828.621100
828.999650
829.003750
829.016100
829.731550
829.945150
830.081950
830.085850
830.299350
830.634950
830.638300
830.641850
830.646350
830.649450
830.694500
831.235800
831.239200
831.243950
831.253000
831.507950
831.659100
831.662500
831.664600
831.668450
832.072550
833.440900
833.466050
833.469850
833.475800
833.883600
833.887800
834.142900
834.152000
834.155650
834.167800
834.250050
834.261100
834.274500
834.904200
835.120250
835.175200
835.180150
835.220050
836.301550
836.317300
836.322650
836.337700
836.343550
836.363950
836.384000
836.522150
836.845000
836.848600
836.853300
836.858350
836.864800
836.871000
838.088300
838.666000
838.675700
838.801600
838.805400
838.813000
838.817800
838.861450
838.894400
838.901750
838.906500
838.920300
839.171850
839.951650
840.618350
840.621050
840.631100
840.753350
840.898550
841.595250
841.599300
841.604100
841.609300
841.625950
841.631550
841.675450
841.742100
841.747300
842.270900
842.274200
842.289150
842.292400
842.296900
842.408550
842.412900
842.423550
842.438700
842.455850
842.681000
843.215250
843.294000
843.426050
843.433800
844.082750
844.558200
844.562250
845.524500
845.640500
845.941800
845.945150
845.949750
845.957400
845.964100
845.970400
845.978600
845.984750
845.988000
846.016000
846.388600
847.663200
847.686400
847.697350
847.719300
847.723400
847.725550
847.729900
847.744450
847.749100
847.756150
847.764150
847.769650
847.772750
847.775000
847.780700
847.784000
847.787850
847.795250
847.797800
847.812100
847.919000
848.021350
848.279400
848.291450
848.297950
848.303850
848.313650
848.524750
848.530150
848.533200
848.538600
848.553900
848.561250
848.570250
848.644450
848.665650
848.787900
849.093400
849.123650
849.127750
849.332450
849.449750
849.458000
849.503050
849.580200
849.585050
849.591900
849.599750
849.602050
849.607700
849.614350
849.619950
849.622100
849.626350
849.634400
849.637300
849.648300
849.840350
850.530150
850.741200
850.796500
850.801300
850.845800
850.849200
850.852000
851.624150
851.793950
852.210250
852.217600
852.235600
852.246100
852.609050
852.613200
852.622500
852.629600
853.219600
853.223250
853.227250
853.248850
853.668850
853.684750
853.694500
853.699150
853.706000
853.715350
853.718650
854.123000
854.337200
854.702000
854.706500
854.712750
854.719850
854.734300
854.752500
855.021300
855.024400
855.028300
855.030600
855.033900
855.048600
855.275700
855.280000
855.296450
855.463300
855.576800
856.218000
856.222100
856.259350
856.263800
856.285400
856.291650
856.336350
858.029000
858.592500
858.612350
859.111550
859.117500
859.122300
859.135550
859.762150
859.765700
859.771850
859.775400
859.924950
859.928650
859.934000
859.950600
859.964650
859.968200
860.769500
860.773000
860.785150
860.886350
861.748000
861.754150
861.764350
861.787900
861.798250
861.802200
861.809550
861.817300
861.827700
862.051500
862.075050
863.030100
863.032150
863.034750
863.038650
863.042100
863.194400
863.200400
863.202950
863.206450
863.779800
863.783550
864.197500
864.209350
864.213700
864.226900
864.490050
864.494100
864.513700
864.529300
864.536150
864.551800
864.835000
864.970900
864.988850
864.992600
865.558600
866.010450
866.176650
866.185950
866.239650
866.270000
866.497100
866.509850
866.537600
866.548700
866.568700
866.581050
866.618400
866.622900
866.632400
866.635100
866.637550
866.650000
866.660200
866.664750
868.242000
868.987750
869.000150
869.007450
869.013100
869.034750
870.270300
870.278600
870.282800
870.294800
870.395500
870.400450
870.403100
870.406950
870.410700
870.749400
870.752800
870.763400
870.800500
871.386050
871.390200
871.396100
871.401000
871.406850
871.415200
871.417900
871.421400
871.429150
871.761400
871.879100
871.892100
871.903050
871.925500
872.616150
872.629950
872.634100
872.637400
872.678700
872.684200
872.691200
872.697750
872.907500
872.913600
872.920550
872.924750
872.934350
873.869200
873.882400
874.156650
874.161900
874.172200
874.179250
874.515300
874.825050
874.910750
874.914600
874.919700
874.992500
875.986450
876.008300
876.016650
876.946050
876.949700
876.960700
876.963150
876.966950
877.128200
877.174950
877.422000
878.064600
878.069650
878.073800
878.078450
878.083100
878.087250
878.092950
878.098300
878.104550
878.119450
878.635900
878.639500
878.645300
878.767950
878.815250
879.270700
879.511000
879.514100
879.519350
879.530050
879.534150
879.966650
879.969950
879.973050
879.975750
879.981550
880.000950
880.015450
881.182100
881.277250
881.628350
881.632550
881.772650
881.776000
881.780200
881.789300
881.898250
882.301700
882.608100
883.433300
883.437350
883.442750
883.448750
883.456150
883.790750
883.795000
883.803200
883.807050
883.819900
883.839550
883.853900
884.058900
884.075850
885.168350
885.173200
885.232100
885.237700
885.244100
885.249300
885.259950
885.281450
885.292300
885.360300
886.138950
886.244300
886.252200
886.257350
886.275200
886.280350
886.298000
886.717400
886.720300
886.728600
886.733050
886.735900
886.739600
886.743950
886.746900
886.750400
886.755600
886.757800
886.760900
886.763000
886.768050
886.771500
886.776200
886.814300
887.023250
888.524100
888.549350
888.554050
888.862150
888.872100
888.875350
889.138300
889.582750
889.586150
889.595900
889.599300
889.606350
889.627550
889.640550
889.644450
889.678800
889.681450
889.685850
889.688700
889.706600
889.712100
890.005000
890.429800
890.434150
890.835000
890.844650
890.861900
890.865050
890.872750
890.891100
892.162250
892.166750
892.174300
892.176900
892.180000
892.186400
892.190850
892.196450
892.203800
892.210900
892.214250
892.228300
892.239350
892.639750
892.660050
892.679650
892.841950
892.856250
892.863100
892.872400
893.800150
893.811200
893.827350
894.313850
894.399300
894.404300
894.410450
894.425050
894.432850
894.435400
894.438100
894.446650
894.452450
894.458850
894.469250
894.474350
894.486050
894.498850
894.514400
894.516750
894.535250
894.557150
895.560050
895.564100
895.577500
895.582300
895.649100
895.666100
895.670000
895.675400
896.856900
896.860300
896.865500
896.900300
896.911000
896.915450
897.548500
898.141250
898.159050
898.166700
898.169550
898.172100
898.192050
898.194650
898.221650
898.252850
898.257350
898.469200
898.473600
898.700550
899.467900
899.472250
899.480500
899.485000
899.487300
899.537550
900.326050
900.692450
901.541700
901.544950
901.561550
901.631600
901.638750
902.520450
902.524400
902.530000
902.719800
902.725100
902.735700
902.738750
902.744750
902.757050
903.330700
903.335150
903.341150
903.343300
903.449950
903.599400
903.611100
903.617600
903.632200
903.664350
903.675000
903.968250
903.971750
904.196550
904.202950
904.712450
904.716450
904.725750
904.729050
905.724150
907.250950
907.255350
907.262400
907.266350
907.270150
907.273850
907.277850
907.287200
907.289800
907.297800
907.305200
907.453850
907.555300
907.876200
908.005450
908.066600
908.605700
909.068350
909.766450
909.776050
909.780950
909.786950
909.789600
909.796750
909.877800
909.977550
910.229900
910.234550
910.237750
910.239850
910.243850
910.253050
910.261350
910.265850
910.514750
910.519300
911.216750
911.239000
911.243050
911.248550
911.253150
911.257650
911.262450
911.837200
911.952500
911.956450
911.961150
911.977450
911.980000
911.983600
911.986600
911.992100
912.002500
913.109950
913.118250
913.125650
913.130650
913.135750
914.024700
914.030650
914.509750
914.513350
914.518300
914.520850
914.524000
914.530500
914.532600
914.536100
914.545950
914.557250
914.566200
914.726700
914.735650
914.742700
914.748250
914.753500
914.759150
914.769250
915.255200
915.258950
915.268900
915.273600
915.293650
915.310100
915.321750
916.033100
916.289150
916.378750
916.431700
916.646550
916.753950
916.758300
916.964050
916.967600
916.972600
916.979050
916.991300
917.338800
917.363000
917.651350
918.038650
918.042850
918.065900
918.251500
918.416250
918.463950
919.562650
919.572000
919.584750
919.588200
919.613100
920.012700
920.873500
920.878450
920.890700
920.895700
920.901700
920.975450
922.318250
923.202000
923.205700
923.207900
923.210850
923.221300
923.226700
923.248100
923.259050
923.288850
923.396150
923.570950
923.581450
924.370950
924.378350
924.692300
924.701550
924.706500
924.710700
925.480150
925.483350
925.502100
926.154300
926.740650
926.743800
926.756800
926.759900
927.174500
927.179450
927.181850
927.184150
927.199750
927.202950
927.206500
928.346400
928.351100
928.357050
928.364650
928.367000
928.372200
928.380800
928.405700
928.408850
928.417250
929.216900
929.221900
929.744900
929.749500
929.764600
929.766950
929.770500
929.773800
929.779100
929.786000
929.803050
929.807100
929.844000
929.975650
930.202750
930.210850
930.216750
930.225250
930.240350
930.592850
930.997350
931.002850
931.011850
931.030150
931.035700
931.048600
931.072100
931.095950
931.104500
931.297600
932.017900
932.307000
932.313200
932.523100
932.541850
932.547150
932.552050
932.554500
932.560800
932.564800
932.580250
932.586950
932.595300
932.609650
933.469100
934.229050
934.233550
934.283300
934.287150
934.298450
934.532050
934.537050
934.561250
934.570300
934.576850
934.583600
934.638150
934.641300
934.875700
934.893800
935.512800
935.518150
935.529300
936.487400
936.492750
936.506950
936.515500
936.522500
937.751850
937.756550
937.762100
937.785650
937.805800
937.809700
937.818950
938.679600
938.696350
938.702950
938.713700
938.715900
938.718300
938.723250
938.727250
939.362100
939.375900
939.577350
939.626850
940.101200
940.104300
940.774650
941.440000
941.447750
941.659050
941.786400
941.961450
941.963700
941.967050
943.028100
943.038250
943.042550
943.049150
943.058000
943.061850
943.065550
943.070050
943.184950
943.193000
943.198500
943.254600
943.541700
943.554600
943.566250
943.569600
944.211800
944.314750
944.321500
944.348950
944.354200
944.360450
944.364250
944.367250
944.374350
944.381200
944.396100
944.422400
945.402650
946.277150
946.364150
946.379050
946.520550
946.528550
946.546250
946.548750
946.565950
947.123500
947.130150
947.133350
947.140900
947.145650
947.174700
947.194300
948.044750
948.053800
948.350750
948.354250
948.832750
948.837750
948.926300
948.928350
948.932550
948.949250
948.996700
949.002350
950.207150
950.377500
950.655400
950.861600
950.986250
950.991250
951.201500
951.226750
951.254700
951.722050
951.931300
951.937850
951.941850
951.956750
952.006450
952.405800
952.409600
952.421000
952.631000
952.670250
952.734200
953.119900
953.123750
953.130450
953.147550
953.256550
954.201350
954.213250
954.267950
954.285100
954.293000
954.398450
954.781750
954.792500
954.795200
954.802000
954.889350
954.898550
954.904900
954.948200
955.263100
955.267650
955.277250
955.279450
955.287900
955.290800
955.293700
955.305150
955.308750
955.790650
955.848400
955.861300
955.864600
955.868050
955.874500
955.878350
955.883750
955.889450
955.892100
955.906350
955.923150
957.450600
957.454850
957.486200
957.490350
957.780650
958.279250
958.897750
958.902350
959.606750
959.610450
959.615300
960.438300
960.442550
961.430950
961.996750
962.059800
962.445500
962.450650
962.457600
962.465000
962.473100
962.913500
962.917050
962.921500
962.931500
962.935300
962.938800
962.960950
962.964900
962.970350
963.421200
963.427100
963.472750
963.481550
963.487900
964.120800
964.316700
964.320850
964.324550
964.326700
964.331400
964.336400
964.339600
964.343400
964.570250
964.980800
965.201200
965.307650
965.371900
965.376100
965.379250
965.618250
965.631700
965.649500
965.663050
965.882250
966.113200
966.128900
966.312400
966.664600
966.904850
966.908200
966.912750
966.918500
967.082550
967.088750
967.109350
967.111550
967.113600
967.117350
967.135700
967.175850
967.183200
967.186350
967.194550
967.212850
967.290450
967.422900
967.709750
968.306600
968.372750
968.377000
968.928000
969.130000
969.133950
969.154450
970.015600
970.437400
970.477300
970.481700
971.079600
971.102950
971.107500
971.109800
971.114000
971.119450
971.141200
971.143950
971.522100
971.609250
971.612300
971.616200
971.638950
971.645550
971.860450
972.828700
972.835300
972.838750
974.773400
974.777400
974.786650
974.798950
974.804100
974.807450
974.819150
974.823350
974.832300
974.839550
974.851400
974.858650
974.866450
974.872150
974.877500
975.617250
975.633050
975.890700
975.896200
976.033600
976.062150
976.072400
976.088450
976.641700
976.645800
976.871200
977.537500
978.579250
978.590750
978.599250
978.622000
978.626400
979.069500
979.101050
979.105600
979.121750
979.346750
979.428100
979.878250
979.890900
979.896750
980.054350
980.441700
981.055500
981.060950
981.099250
981.103950
981.149850
981.153050
981.155500
981.158350
981.177650
981.183150
981.188250
981.193500
981.196550
981.199100
981.217150
981.387300
982.521600
982.569000
982.572750
982.577700
982.580100
982.587650
982.590350
982.593200
982.599250
982.604400
982.610850
982.616050
982.619350
982.622500
982.632200
983.344300
983.364900
984.790900
984.896750
984.902450
984.907450
984.916000
984.921750
984.924150
984.927550
984.932000
984.949500
984.956850
984.968350
985.785500
986.593450
986.596450
986.599350
986.601900
986.611400
986.618950
986.624250
986.807950
987.097000
987.101100
987.112750
987.116450
987.124200
987.132000
987.140950
987.146600
987.153800
987.158850
987.164000
987.171750
987.177400
987.188950
988.975500
989.416750
989.425350
989.444000
989.689000
989.835150
989.837200
989.839400
989.847350
989.850500
989.970750
989.974650
990.296850
990.524300
990.748350
990.902150
990.980500
990.985100
991.321050
991.669250
991.724350
991.731050
992.172250
992.299250
992.316600
992.366850
992.595500
992.598800
992.613300
992.628950
992.879850
993.431450
993.757000
993.925000
993.929350
993.963950
993.977950
993.990950
993.993100
994.000050
994.007500
994.021800
994.038350
994.407650
994.422050
994.485050
994.671450
994.883950
994.888850
995.642150
995.646600
996.488350
996.492050
996.506600
996.706850
996.711900
996.718900
997.604900
997.607250
997.617150
997.619950
997.622100
997.626150
997.639200
998.008300
998.946600
999.290950
999.388250
999.390800
999.397500
999.402100
999.408100
999.411850
999.416900
999.419950
999.428150
999.431800
1000.043400
1000.046000
1000.050500
1000.068400
1000.074200
1000.811050
1000.814950
1000.820850
1000.846700
1001.448900
1001.452200
1001.456100
1001.462900
1002.019700
1002.248300
1002.258000
1002.267750
1002.283100
1002.310600
1002.327150
1002.794300
1002.798100
1003.082800
1003.086900
1003.091900
1003.095750
1003.099050
1003.102200
1003.104900
1003.107800
1003.122150
1003.132300
1003.273050
1003.604300
1004.108150
1004.111100
1004.114550
1004.273100
1004.276650
1004.285150
1004.298700
1004.309150
1004.319600
1004.324950
1004.339850
1004.343150
1004.857500
1004.861550
1004.871650
1004.880900
1004.885550
1004.900350
1004.909450
1004.917200
1004.920700
1004.946600
1004.972500
1004.984100
1005.008650
1005.040150
1005.673800
1005.684900
1006.674650
1006.678200
1006.737700
1006.742250
1006.754300
1006.954300
1007.524050
1007.994750
1007.998550
1008.003200
1008.016750
1008.028100
1008.034350
1008.046100
1008.052600
1008.065750
1009.482100
1009.567850
1009.572250
1009.597450
1009.617950
1009.622750
1009.628100
1009.634200
1009.650350
1010.238400
1010.590050
1010.596200
1010.610300
1011.138100
1011.155500
1011.160000
1011.163850
1011.206950
1011.227950
1011.232950
1012.319250
1012.330450
1012.332900
1012.341450
1012.480250
1012.488900
1012.496050
1012.528350
1012.533650
1012.546800
1012.574850
1013.077150
1013.083250
1013.762250
1014.030300
1014.035150
1014.040050
1014.044600
1014.051600
1014.058350
1014.067350
1014.115700
1014.984250
1014.989100
1015.028000
1015.483750
1016.323600
1016.328600
1017.017500
1017.037500
1017.041350
1017.058200
1017.062100
1017.074450
1017.078050
1017.097900
1017.100450
1017.102600
1017.105850
1017.110000
1017.117000
1017.840100
1017.842950
1017.953000
1017.957400
1017.982700
1017.986500
1018.027350
1018.069700
1018.474950
1018.752250
1018.754500
1018.757750
1018.761250
1018.771850
1018.931600
1018.968900
1018.999100
1019.002100
1019.005250
1019.010350
1019.014400
1019.018150
1019.061050
1019.332650
1019.404750
1019.415500
1019.426450
1019.661700
1019.678950
1019.683500
1019.691400
1020.210850
1020.215250
1020.220650
1020.225300
1020.235500
1020.240000
1020.245300
1020.251450
1020.308300
1020.327300
1021.826700
1021.830650
1021.837250
1021.841100
1022.199400
1022.216400
1022.894050
1022.898650
1022.904250
1023.661750
1023.690500
1023.698950
1024.125650
1024.602200
1024.945950
1024.955250
1024.957800
1024.961850
1024.967750
1024.984000
1024.990200
1024.995750
1026.088400
1026.093600
1026.102200
1026.121200
1026.138200
1026.278850
1026.283250
1026.305850
1026.309050
1026.313550
1026.331550
1026.347900
1026.354150
1026.359450
1026.361650
1026.381200
1026.413050
1026.421600
1026.439050
1026.446350
1026.449550
1026.462300
1027.235000
1027.245250
1027.525300
1027.530200
1027.538000
1028.244000
1028.249100
1029.202950
1029.210850
1029.214050
1029.236950
1029.802650
1030.855900
1030.860250
1030.868800
1030.875050
1030.880450
1030.886100
1030.891000
1030.896600
1030.902450
1030.906300
1031.427550
1031.495250
1031.500600
1031.637600
1031.642050
1031.648100
1031.653400
1031.656250
1031.658500
1031.667000
1031.682250
1031.758350
