27.291700
27.294200
27.297050
33.008700
33.011100
38.445600
38.448000
38.450850
38.462300
41.878350
41.880700
41.898900
48.926400
48.928950
48.932300
53.428200
53.430800
53.438000
53.803800
53.806300
53.811950
53.841450
60.875600
60.878050
60.881800
70.472700
70.973800
72.006000
73.484150
73.489200
74.955000
76.726600
81.562500
82.563250
86.082400
90.731050
90.733700
90.736900
93.226400
93.248150
95.118500
95.123950
96.885100
96.897750
96.903450
96.911250
96.918250
96.929250
99.564900
99.567400
99.576050
99.808550
100.324650
100.327450
101.049400
101.051900
101.064900
102.057350
102.060050
105.783900
105.786350
106.514050
106.517000
106.520350
109.089400
109.091950
109.105550
109.415550
109.418600
110.962250
110.964800
112.482050
112.484850
112.498600
114.074550
114.077500
114.088950
114.098200
116.592400
116.598300
116.623200
116.872600
116.876700
119.253800
119.256400
119.259850
120.405450
120.407950
120.411250
122.479550
122.482050
122.497050
125.968250
125.974100
126.120750
126.125150
127.081900
129.152950
129.155700
130.367950
130.374300
134.246900
134.249600
134.316700
134.319850
134.325600
134.331000
134.341650
134.883250
134.886000
134.889400
135.247750
135.250300
135.263050
136.897500
136.899950
136.903250
137.403300
137.405800
139.453500
143.000400
143.002950
143.011350
143.024500
143.028650
143.564250
143.567550
143.902250
143.904750
143.908200
143.919600
146.033350
146.035700
146.038750
147.224400
147.227000
147.230250
147.242650
148.394000
148.397100
148.408650
148.412550
149.433000
149.436050
150.364150
150.366750
150.370900
150.390900
151.260200
151.263000
151.268700
151.797650
152.431700
153.788100
153.790650
153.812350
155.865550
155.868150
156.060150
156.063450
157.037000
157.039450
157.042700
157.070050
157.448950
157.451750
157.468100
158.016900
158.021500
158.359000
158.361750
158.737250
158.795400
158.799000
159.570750
159.573500
159.578750
159.585950
160.997650
161.000400
161.003750
162.898600
162.901050
162.904100
162.908200
162.912350
162.916650
162.957950
165.156550
165.159200
165.537450
165.540100
165.550700
166.247750
166.270700
167.612100
167.614900
167.752150
168.606450
170.073900
170.076750
170.404000
170.406450
170.425950
174.350650
174.353250
174.356450
174.363250
174.370950
174.375450
175.977750
175.980650
175.998800
176.006050
176.020900
178.673850
178.679200
178.683250
178.688750
178.705550
179.809700
179.812100
182.434300
182.437100
182.450450
183.939850
185.251650
185.258300
185.929800
188.602750
188.605350
188.608750
189.449750
189.452350
189.461350
189.465100
189.474400
190.156650
190.159700
190.877800
190.880400
192.502000
193.152100
193.155100
193.172550
193.175950
194.877150
194.879400
195.076800
195.720650
197.167450
197.169800
197.178700
197.190100
197.193700
197.199350
197.204450
199.531350
199.533950
199.537300
200.866700
200.869450
202.157350
202.174550
202.606400
205.474350
205.490000
205.493800
205.505200
206.967600
207.579750
207.606550
208.518850
208.521350
208.540350
208.543950
208.558800
209.040800
209.043250
210.384300
210.392000
210.692000
212.333800
213.826700
213.829300
218.203850
218.206200
218.220150
218.232400
218.557150
218.572750
219.285550
219.288000
219.292050
221.004750
221.007400
221.040800
221.066550
221.080450
223.617100
223.619800
225.380900
225.383600
225.386850
226.092750
226.095700
228.074150
228.076700
228.079850
228.607800
228.610600
229.837850
229.840350
229.843650
229.858400
229.865700
231.978100
231.983950
232.694300
232.696750
232.700700
233.797250
234.477750
234.480450
234.491850
235.161550
235.824500
237.177650
237.180200
237.914650
237.917200
237.954700
237.958100
237.967950
237.983850
238.276650
238.287300
239.428850
239.431550
243.055950
243.058600
243.062050
243.454400
243.457300
243.470250
244.306950
244.309800
244.329350
244.347300
244.375750
245.241050
245.243750
246.134150
246.136950
246.153000
246.651300
246.653800
246.657450
246.675450
247.675850
248.234300
250.527000
250.529750
250.556450
251.329400
251.343900
251.347450
251.446050
254.166800
254.169550
254.172700
254.433850
254.436500
255.845150
255.854650
255.872400
257.244250
257.253200
257.922600
257.932500
257.945750
258.261800
258.264500
258.763250
258.766400
259.755300
259.758150
260.120700
260.589600
260.607350
260.768400
260.772000
262.784600
262.787150
263.737550
263.774050
264.336650
264.883700
264.886500
266.111000
266.113650
266.209100
266.219450
268.014150
268.016850
269.505550
269.508050
269.511900
270.241200
270.243800
271.408850
271.411750
271.424900
272.220100
272.222650
272.225800
273.351050
273.353600
273.364550
273.937100
273.939850
276.490650
276.493400
276.650200
276.652850
276.655650
277.459500
277.462650
277.466350
277.482200
278.038500
278.042100
278.990950
278.993700
278.998350
279.007100
279.023000
279.530350
282.363600
282.366250
282.372150
282.920100
282.922650
282.930900
282.944450
284.507700
284.510200
284.526900
285.461500
285.464350
289.147650
289.150150
289.153550
289.545700
289.548350
290.119500
291.129900
291.154450
293.014850
293.017400
293.644100
293.646700
293.658050
293.994000
293.996800
294.001800
294.012350
294.020400
294.538200
294.554750
294.991250
294.997900
295.011950
295.821450
299.642150
299.644750
299.648600
300.756650
300.766600
300.779550
302.481200
302.487850
303.233900
303.236950
305.401000
305.403650
305.571700
305.574500
305.582150
307.184150
307.187450
308.251650
308.254300
308.257900
308.390200
308.393300
310.311800
311.373250
311.376050
312.200800
312.203800
314.029600
314.032000
314.035650
315.785600
315.807150
315.827150
315.840100
315.844950
316.216000
316.218600
316.914500
316.917100
316.920600
318.658250
319.446050
319.448500
319.458250
319.506750
319.999850
320.002500
320.497550
321.460800
321.463400
322.124250
322.127050
322.145750
322.148950
324.334700
324.337600
324.371400
326.993050
326.995750
328.413600
328.416850
329.612100
329.614800
329.804750
330.628750
330.631150
330.637500
330.802750
330.805400
331.899500
332.406700
332.409500
333.015350
333.658850
333.661700
333.665300
333.669650
333.680650
333.684700
333.703550
335.850100
335.857800
337.231200
337.234000
337.237650
337.248800
337.978200
337.980750
337.984050
337.993200
337.999400
338.676950
338.679800
338.696450
339.382150
339.598850
339.601550
340.884700
340.887550
341.727700
341.736150
342.995000
342.997900
343.306500
343.320500
343.634100
343.636800
343.640300
344.239800
344.242700
344.250850
344.254500
345.781850
345.787800
347.355850
347.358600
349.391650
349.394250
349.803950
350.213250
350.222550
350.993300
350.996150
351.002900
351.022400
351.033650
354.637950
354.640450
354.645300
354.885050
354.887950
357.416250
357.422700
357.721800
358.537900
358.573400
359.569150
359.571350
359.584700
359.748350
362.101650
362.104250
362.115150
362.604750
362.607750
363.247450
363.250350
363.677200
363.680550
365.900900
367.144350
367.146950
367.156700
370.893450
370.895950
370.899150
370.903050
370.911250
371.753100
371.762400
371.769200
372.385700
372.388700
374.518900
374.521750
374.776950
374.779700
377.252000
377.254700
378.311250
379.321550
379.333150
380.753950
380.756550
380.759700
380.763050
381.149800
381.152600
383.752400
384.309350
384.730950
384.738100
384.748800
387.402200
387.404950
387.408600
388.413850
388.416650
388.496950
388.500400
388.969400
388.976050
388.993600
389.013900
390.488550
390.490900
390.495000
390.893100
390.895550
390.904400
391.425450
391.535200
391.551650
391.564850
392.071950
392.074650
394.337650
394.340200
394.343250
394.829950
394.833700
394.843350
397.432900
397.435600
398.515000
398.520850
400.674250
400.676900
400.680300
400.686200
403.833000
403.835500
403.842350
404.209500
404.212100
404.218600
405.948050
405.950750
409.950350
410.485550
410.488100
410.500850
410.519000
411.136750
411.139100
411.531200
411.533800
411.546550
411.556700
412.850950
412.853800
412.869650
412.874450
413.548700
413.552850
414.348500
414.351050
414.354600
415.311500
415.314000
415.332000
416.488350
416.490950
416.510350
416.731850
416.734750
416.764050
416.770600
419.073550
420.585650
420.591800
420.602200
421.537250
423.755350
424.011650
424.018600
424.044700
424.148050
424.151250
425.052450
429.124000
429.345750
429.348650
429.973100
429.975650
429.988000
430.004100
431.437200
431.443050
431.447500
432.823200
433.679650
433.703400
435.167200
435.169750
436.490450
436.494350
437.168300
437.171200
437.194350
437.215450
438.072350
438.074900
438.084200
438.103150
438.117250
443.024850
443.027600
443.343900
443.854850
444.345650
444.352100
444.377800
444.885350
445.237300
445.241000
445.251600
445.256100
445.271250
446.355800
446.986150
446.993450
447.316300
447.319000
448.624650
448.627600
448.633400
448.665950
449.075850
449.078750
449.621350
451.239200
452.548800
452.598050
452.601600
452.629750
453.224050
453.227050
454.107150
454.868000
454.875300
455.395350
456.375700
456.378550
456.975950
456.981900
458.268250
458.297200
459.022000
459.024950
459.543150
460.220950
460.223650
460.227300
460.238350
466.426750
466.429050
466.436650
466.490500
467.096850
467.099650
468.573050
468.579700
468.598650
468.621400
468.841350
468.844150
469.540750
469.543650
469.571100
470.821300
471.467750
471.470600
472.290500
472.293050
472.297000
473.952000
473.954550
475.720700
475.723300
475.917600
475.920400
477.065900
477.288700
477.944300
477.947100
479.647500
479.650500
480.047200
480.049700
480.053100
480.056900
480.067450
480.085900
482.728900
482.731750
483.557100
484.620650
484.627500
486.419900
487.360150
487.362800
488.076500
488.079300
488.083300
489.219200
490.612050
491.382050
491.384850
492.694550
492.720800
494.938600
495.850250
495.856450
496.529350
496.536100
497.930200
498.559900
500.264950
500.755200
500.758000
501.397550
501.400050
501.404250
501.417050
502.209400
502.215700
502.555250
502.728150
502.731150
503.933550
503.940450
504.317550
504.320300
505.427000
505.434000
507.127000
507.653000
509.265300
510.655900
510.658650
511.668850
511.671400
511.674550
511.687050
512.011500
512.014400
512.027000
514.794800
515.039800
515.043200
515.047300
515.063000
516.929100
516.932800
517.326000
517.333300
519.398550
520.649600
520.652600
520.773600
522.462500
522.465200
522.963350
522.966400
523.724950
523.727800
525.305950
525.309250
525.965400
525.967950
525.972250
526.028100
526.032100
527.164600
528.236500
528.239050
528.250700
529.844050
529.846650
531.047300
531.049900
531.053450
531.692350
531.854400
532.993600
536.170650
536.173350
536.176750
537.433450
537.435850
537.439050
537.444000
537.455300
538.294500
538.300650
538.912200
538.914750
538.918750
539.154600
539.157650
540.015200
540.313650
541.456450
541.459150
542.583700
542.586950
542.590600
542.616450
542.631250
543.579850
544.249100
544.372300
544.376800
548.723950
548.726550
549.793550
549.809200
549.831350
551.481100
551.487200
551.561950
551.564800
552.214000
553.110550
553.113400
554.343450
554.346000
554.357950
554.374850
554.886900
556.569400
556.572000
557.183200
557.185800
557.199550
557.349400
557.362100
557.365300
557.418200
557.441150
558.190600
558.193250
558.197900
558.225400
559.257050
559.259800
559.274050
559.278350
561.018500
561.021300
561.024650
561.080250
562.149700
562.156950
563.344200
564.007350
564.010050
565.941250
565.944100
566.393350
566.396200
566.400250
567.291100
568.180050
568.183100
569.197650
569.200850
569.228900
570.640700
570.643600
571.148200
571.151100
572.325150
572.327950
572.448250
573.037150
573.039650
573.434850
575.311350
575.313600
575.320550
575.331250
575.337600
575.755050
577.064750
578.219250
579.624650
580.174150
580.176700
580.182850
581.655200
582.188850
582.191400
582.195200
585.039600
587.417500
588.152400
591.394550
591.822350
593.218250
597.096850
597.775100
598.684200
607.185900
608.791850
611.434300
612.504800
612.507800
612.525150
614.292300
614.295850
614.995700
615.001850
615.801650
615.804500
616.163000
616.169200
616.179350
616.470400
616.473600
617.072850
617.075750
618.157200
618.161250
618.370000
618.495100
619.561700
619.574800
619.585100
623.090700
623.093650
625.901450
625.968550
626.452800
627.758750
627.761550
630.285050
630.287600
631.085300
631.087750
631.091550
631.262600
631.265500
632.097900
632.100450
632.112100
634.266150
634.271600
634.559600
634.562050
634.579250
635.079750
635.086200
635.203000
635.205400
636.168500
636.171800
636.913800
636.916500
636.926700
637.965550
638.661650
638.668000
639.067300
639.076750
639.126050
639.666050
639.668550
641.344400
641.884200
641.887150
642.471800
642.474200
642.494650
643.597400
644.444600
645.885850
645.888550
650.009600
650.012250
650.016450
650.029750
650.099000
651.336650
651.342100
651.369650
652.295900
652.298450
652.844650
652.847750
652.859750
654.125350
655.149000
655.151500
655.801400
656.086350
656.093500
657.380550
657.514050
657.822000
657.824750
658.029200
658.032300
658.961350
658.964100
658.975800
658.987150
658.991300
659.007250
659.403550
659.414950
659.420800
661.439750
662.153300
662.156300
662.160000
664.137500
664.140000
665.141650
665.148250
666.613450
666.620550
666.632700
666.668900
667.486700
667.489250
667.493150
669.093900
669.096400
669.117200
669.484350
670.298400
670.994850
671.836000
671.848400
672.224050
672.226800
672.242950
672.373150
672.375900
673.534300
674.575400
675.517700
675.520900
675.734650
676.294650
676.448100
676.703950
678.288200
678.290650
678.294050
680.184650
680.187100
680.318850
680.819950
680.822600
680.948900
680.951700
682.613200
682.630150
683.563950
683.569650
683.793400
683.796300
683.885100
683.888000
685.148600
685.222100
685.280550
686.804150
686.810450
686.827400
688.422450
688.425100
688.438900
689.239350
689.245650
689.258250
689.288750
689.828850
689.848000
692.326950
692.329700
693.582300
693.584900
693.598450
693.602750
693.958950
693.961900
693.971450
693.990150
693.994100
694.777050
694.780150
695.937100
695.939700
695.943150
696.762400
696.765300
697.102550
697.106300
697.148750
697.971900
698.040250
698.043100
700.321650
700.324300
700.533050
701.384150
701.387200
701.406950
701.410350
701.596150
701.599100
701.603400
702.260250
703.045350
703.168550
703.638800
703.642000
704.462750
704.465600
707.078750
707.081400
708.400200
708.402950
709.891050
709.893350
709.897050
712.241200
712.244100
712.363600
713.172800
713.180600
713.726950
713.737450
713.957800
713.996250
714.682300
714.968050
715.846400
715.848800
715.858700
715.875900
716.433600
717.232450
718.506350
718.509100
718.535650
718.907850
719.624750
720.628050
721.553550
721.556350
721.588800
722.185000
722.187550
722.191850
722.204050
722.881900
722.884400
723.733300
723.739800
723.756150
723.768050
724.945850
724.948550
724.957650
726.710650
726.713350
728.205400
728.208550
729.382800
729.388900
729.401150
729.406000
730.756600
731.088300
731.091250
731.812900
731.836650
731.840450
732.354450
732.356950
732.361050
732.778600
734.193150
734.195700
734.447250
734.450050
734.454350
735.009300
735.024050
735.252150
735.256000
736.061050
736.064000
736.154800
736.705050
736.708150
737.362050
737.364900
737.368100
737.377800
741.644300
741.680200
741.690000
742.466450
742.472550
742.482600
744.350700
744.353350
744.372050
745.370250
745.372750
745.377700
745.926950
747.525800
747.528450
747.535950
747.539850
747.544700
748.234250
748.237050
750.183600
750.186200
750.194550
750.374700
750.377300
750.397050
750.931500
750.933800
750.937600
751.661600
752.743050
752.764550
752.792250
754.478050
754.484900
755.206900
755.594600
755.597450
756.177950
756.545350
756.548250
759.411500
759.414250
759.417900
761.720350
762.431100
763.663800
763.666250
763.669800
766.450850
767.509800
767.512300
767.515200
767.523250
767.557300
768.058300
768.075900
769.632850
769.638700
770.078250
770.081200
771.983900
771.990050
772.280250
772.283400
772.295750
774.178900
774.181400
774.359850
776.493200
776.514500
778.364650
778.367250
778.371100
778.797100
778.799650
779.622150
779.624900
780.889250
780.891850
782.400400
782.403200
782.406850
783.633950
784.061900
784.064450
786.258600
786.683750
786.690200
786.728650
786.753150
786.812950
787.544250
787.554250
789.614100
789.616500
789.624200
792.105300
792.123800
792.893050
792.963300
793.038000
793.896700
793.903100
793.914300
793.948300
794.447100
794.467950
796.273800
796.276250
797.308000
797.314050
797.333550
797.337350
797.818400
799.944750
800.346450
800.349350
800.514150
801.912050
801.914750
802.092850
802.095550
802.691750
802.698150
804.496300
804.499000
804.513050
804.516750
804.527700
804.536350
805.229300
805.231900
805.512450
806.849850
806.852700
807.047100
807.050250
807.058800
807.096650
807.599000
807.601950
807.734600
807.737600
808.635700
808.638450
808.652450
809.364400
810.067650
810.940950
810.944000
810.947950
811.464000
812.012750
812.015750
813.989850
813.992500
814.881650
815.818800
815.821400
815.827000
815.834000
815.850300
817.728000
817.730500
817.734100
817.742950
818.217150
819.121250
819.150550
819.381950
819.400600
819.720950
819.723950
820.810650
820.813150
821.255700
821.258750
822.932850
822.941250
824.539200
824.541850
824.705500
824.708300
824.730000
825.461650
825.473500
825.935650
828.824200
830.347450
830.350050
830.352950
831.306400
831.308950
832.603350
832.608000
833.907300
833.922250
834.603300
834.606350
834.609800
834.617150
834.621400
835.152750
835.743850
835.746350
835.750150
836.503550
836.529200
836.643100
836.646000
836.653150
837.494100
837.496800
837.801000
838.074500
838.077200
838.494600
838.520500
839.155950
839.158650
840.122150
840.125450
840.283600
841.038700
841.279250
841.286050
842.625900
842.671650
843.035950
843.042900
844.374150
844.386000
844.749250
844.751850
845.389150
845.391700
845.395550
845.401950
848.317050
848.319600
848.327950
848.332050
848.367150
848.881250
848.887250
848.898150
850.403900
851.341500
851.606900
851.609900
852.095350
853.990650
855.254650
855.257300
855.842900
856.652750
856.655650
857.638600
857.641500
858.287600
858.300450
858.304000
858.518450
858.521450
858.689300
859.421750
859.427750
859.450300
860.054400
860.057250
862.140750
862.143450
862.374150
862.543750
863.114400
863.133550
864.856650
865.848300
865.850800
867.128750
867.153500
867.174750
867.958850
867.962350
867.979350
869.688750
869.691250
869.860550
869.863150
869.879900
870.451850
870.454600
873.627000
875.276950
875.279700
876.916200
876.918700
879.340500
879.343200
879.481650
879.487900
879.844250
880.117550
881.138500
882.039500
882.976250
883.033050
883.810350
884.756100
884.985900
886.477950
886.791900
886.794600
886.797600
886.810650
887.182800
888.618250
888.620950
890.051550
890.054050
890.059350
890.193900
890.200850
890.217800
890.951050
890.953650
892.073050
892.076750
892.097000
892.100700
893.142200
893.145000
893.649900
893.652850
894.598900
894.601800
894.873100
895.130550
895.274850
895.277850
896.130850
898.793050
898.795550
899.132050
899.134550
900.093750
900.096850
900.482550
900.833850
900.836550
900.839850
901.308350
901.324900
901.878800
901.881600
901.963350
901.967750
901.984850
903.526150
903.545050
903.560450
905.162750
905.165500
905.851700
905.854450
906.497800
906.500550
907.165500
907.172000
907.186700
907.210150
907.218300
907.614600
908.113200
909.314700
909.317300
910.706100
910.708650
910.730000
911.724050
911.726700
913.749450
913.752050
913.778550
915.148800
915.151400
915.158250
915.863300
917.816700
918.373500
918.612450
918.615450
918.620000
920.415000
920.705300
921.529200
921.531750
921.544250
921.561850
921.801450
922.931900
922.934800
923.309600
923.312250
923.462300
923.466050
924.072600
924.075850
925.856850
925.859700
926.729250
927.724950
927.727600
927.774850
927.778200
928.696450
928.699700
929.129300
929.131750
929.136100
929.147500
930.027400
930.030300
930.213800
930.216850
930.232300
930.278150
931.465550
932.143300
932.146200
932.835600
932.838800
933.848250
933.851000
933.854450
934.722000
934.729000
934.916700
935.138950
935.143000
937.175200
937.409300
937.412100
937.419050
937.433500
938.823450
938.826350
938.835350
938.853650
940.532650
941.393150
941.419900
941.868600
941.871550
942.752250
942.755700
943.015450
944.014600
944.489250
944.498350
945.353100
945.355750
945.489150
945.492450
945.999950
947.514850
947.796650
947.803100
948.392100
948.395250
948.854700
948.857550
949.708800
950.412700
950.424150
950.876850
951.870000
952.829850
952.832500
953.475350
953.478100
954.868700
954.871300
954.875450
954.883000
954.900350
955.040050
955.510450
955.513700
955.826700
955.829550
957.269500
957.303350
957.828850
958.729850
958.733250
958.994200
958.996900
959.011550
959.693400
959.696900
960.257950
960.266850
960.295200
960.486250
962.599050
963.596550
963.599400
964.230400
965.833450
966.162100
967.753450
968.042650
968.045450
968.249050
968.522500
968.529550
968.535550
968.539100
968.573850
970.040300
970.042650
970.046300
970.061150
970.612000
972.071850
972.074650
972.078250
972.091750
972.108550
972.734700
972.737950
973.789850
973.793000
974.434500
975.278450
975.281100
976.995500
977.390650
977.393600
977.397850
977.808300
978.955150
979.383100
979.385700
979.766850
979.769700
981.035000
981.037600
981.050200
981.707250
981.877700
981.880550
983.128500
983.135250
983.146300
983.168600
983.696150
983.698900
983.707550
984.446550
984.993300
985.001450
986.074900
986.077900
986.086300
986.102700
986.589150
987.325050
987.328000
987.338250
989.698200
989.700750
989.714950
989.718950
991.023850
991.026750
991.248450
991.251500
991.381750
991.384650
993.123400
993.126200
994.275700
994.278300
994.281850
995.280600
995.283350
995.520350
995.740600
995.744250
995.757400
996.798700
997.816000
998.412950
999.244750
999.247300
999.890500
999.893100
1000.073800
1000.077550
1000.308600
1000.311900
1000.809400
1000.812100
1000.816900
1002.638800
1002.641500
1002.654600
1003.352500
1003.371900
1004.020450
1004.027000
1004.040500
1004.263350
1005.006800
1005.042300
1005.717000
1005.730300
1008.012200
1008.302200
1008.309250
1008.508750
1009.403100
1009.416550
1010.173800
1010.176750
1011.469450
1012.722250
1012.725000
1012.732350
1012.746400
1014.100600
1014.107850
1014.113000
1015.641000
1015.643450
1015.646650
1016.643300
1016.673000
1017.563700
1018.228900
1019.018500
1020.014850
1021.720300
1021.722900
1023.758550
1023.788350
1024.124300
1025.295050
1025.297850
1025.301300
1027.335600
1027.387400
1027.414350
1029.044350
1029.286200
1029.305000
1030.503300
1030.760700
1031.382000
1031.384550
1031.781650
1031.784350
