  0.01   0.43
  0.24   0.31
  2.98   0.11
  0.02   0.42
  2.24   0.17
  2.87   0.51
  0.49   0.19
  4.32   0.06
  4.33   0.04
  3.05   0.14
  3.96   0.19
  0.39   0.32
  0.22   0.25
  0.22   0.26
  0.78   0.20
  0.90   0.20
  0.11   0.30
  8.75   0.06
  5.60   0.38
  2.74   0.10
  2.48   0.20
  4.98   0.07
  1.03   0.21
  2.75   0.09
  0.47   0.21
  6.06   0.12
  4.08   0.12
  4.19   0.07
  3.84   0.11
  4.40   0.02
  5.44   0.12
  9.16   0.07
  1.61   0.20
  0.72   0.17
  4.90   0.13
  1.42   0.14
  0.08   0.32
  2.95   0.05
  6.63   0.08
  3.96   0.13
  4.07   0.09
  2.15   0.12
  0.03   0.38
  4.21   0.12
  1.35   0.08
  6.55   0.12
  8.07   0.10
  2.16   0.26
  1.33   0.07
  1.10   0.16
  6.09   0.12
  3.73   0.05
  1.58   0.57
  0.01   0.41
  2.96   0.11
  1.20   0.07
  4.70   0.03
  6.10   0.12
  2.55   0.09
  7.63   0.15
  0.07   0.40
  9.06   0.14
  3.60   0.04
  4.46   0.05
  2.69   0.04
  9.51   0.06
  6.68   0.06
  7.07   0.15
  2.86   0.14
  4.76   0.03
  9.66   0.12
  7.65   0.10
  4.51   0.05
  0.04   0.38
  8.70   0.04
  0.93   0.12
  0.36   0.33
  0.40   0.28
  5.43   0.02
  7.08   0.09
  1.62   0.20
  4.62   0.15
  0.61   0.19
  2.11   0.04
  1.36   0.32
  4.38   0.04
  0.01   0.50
  4.47   0.11
  1.05   0.14
  7.30   0.11
  5.59   0.06
  3.95   0.12
  0.00   0.47
  9.73   0.06
  2.92   0.10
  4.56   0.12
  0.83   0.22
  0.79   0.22
  3.93   0.17
  3.85   0.06
  1.30   0.21
  9.06   0.08
  4.80   0.12
  3.27   0.08
  3.12   0.10
  5.58   0.18
  4.94   0.32
  4.77   0.44
  4.60   0.20
  5.33   0.03
  9.47   0.03
  2.85   0.04
  3.31   0.07
  1.61   0.17
  4.09   0.14
 10.51   1.28
  5.36   0.01
  4.56   0.40
  7.42   0.07
  1.13   0.24
  3.71   0.06
  1.41   0.18
  3.48   0.04
 10.41   0.04
  0.01   0.44
  9.44   0.11
  0.99   0.26
  4.49   0.19
  1.26   0.16
  5.67   0.13
  0.91   0.43
  4.20   0.16
  2.69   0.13
  6.63   0.09
  2.36   0.12
  1.51   0.09
  3.01   0.28
  4.21   0.10
  0.54   0.30
  4.78   0.05
  2.46   0.13
  5.08   0.12
  9.22   0.02
  0.01   0.43
  5.07   0.10
  2.15   0.19
  8.49   0.04
  0.31   0.23
  4.52   0.04
  5.16   0.18
  4.63   0.21
  0.95   0.26
  3.50   0.26
  3.31   0.16
  5.54   0.11
  1.75   0.28
  4.31   0.07
  3.07   0.15
  4.17   0.10
  0.39   0.27
  1.67   1.28
  4.94   0.07
  5.46   0.10
  4.42   0.12
  1.19   0.08
 10.01   0.09
  4.82   0.17
  8.52   0.06
  4.52   0.01
  7.45   0.08
  0.12   0.44
  8.39   0.10
  2.78   0.03
  6.93   0.01
  7.57   0.01
  3.84   0.08
  0.47   0.45
  0.23   0.62
  5.52   0.17
  6.11   0.07
  4.95   0.06
  5.04   0.06
  0.19   0.28
  0.01   0.45
  7.68   0.09
  5.52   0.08
  0.05   0.41
  4.36   0.16
  2.38   0.09
  0.72   0.20
