5.175800
5.178950
5.187550
6.723050
7.361050
8.430900
8.451050
8.454600
10.196750
10.199850
10.203600
10.208350
10.213400
10.217550
10.223350
10.331500
10.416150
10.450000
10.550900
10.572800
10.660100
10.724550
10.731350
10.954550
11.221700
11.225250
11.229950
11.429150
11.436050
11.513450
11.517600
11.985850
11.989900
12.004050
12.008200
12.024600
12.357900
12.362200
12.367250
12.372500
12.384750
12.392350
12.398400
12.434750
12.876500
12.888100
12.892100
12.897300
12.903750
12.910600
12.919100
12.926550
12.934500
12.945650
12.949600
13.073450
13.544700
13.548650
13.950400
13.954250
13.960350
13.970550
13.976400
13.985500
14.127350
14.132000
14.409650
14.414350
14.419400
14.439150
14.444200
14.450100
14.468300
14.477000
14.483300
14.499200
14.506350
14.513400
15.572700
15.576950
15.581600
15.605900
15.636650
15.641650
15.655450
15.763950
15.769650
15.776100
15.783500
15.893350
15.897650
15.907250
16.156050
16.159950
16.816050
16.820150
16.824700
16.973150
16.976850
16.981250
16.986050
16.999750
17.004600
17.014350
17.020200
17.026100
17.030400
17.034750
17.039450
17.044400
17.049550
17.060600
17.452300
17.457050
17.462000
17.891800
17.894850
18.488100
18.492250
18.988800
18.992700
18.997500
19.002650
19.008850
19.016850
19.028800
19.038900
19.183900
19.188800
19.192900
19.200150
19.210450
19.235550
19.405350
19.408900
19.953750
19.957800
20.833400
20.837550
20.845950
20.856100
21.288900
21.407900
21.411250
21.993500
21.998450
22.400600
22.404150
22.454900
22.912000
22.915950
22.921100
23.055250
23.071000
23.075950
23.079600
23.090900
23.096400
23.100250
23.103800
23.111150
23.143400
23.461700
23.465800
23.811450
23.815500
24.061350
24.065350
24.512350
24.517950
24.533050
24.537800
24.542050
24.549550
24.555200
24.559450
24.563900
24.567750
24.570550
24.575450
24.579850
24.585200
24.589950
24.594400
24.604800
25.509550
25.517600
25.986450
25.990350
25.996150
26.107050
26.118000
26.644400
26.648800
26.654200
26.861600
27.035950
27.040050
27.075700
27.621550
27.889200
27.894650
27.912950
27.919100
27.924600
27.929400
27.935400
27.942350
27.953500
27.962550
27.979450
27.984800
28.504900
28.508800
28.512900
28.872300
28.875950
28.880350
28.884400
28.889100
28.894250
28.898200
28.905950
28.918600
28.923150
29.102900
29.107100
30.259850
30.263400
30.272650
30.277100
30.282450
30.504900
30.508950
30.672400
30.676550
31.291500
31.295100
31.299950
31.679050
31.682650
31.688400
31.693200
31.697450
31.701750
31.704650
31.715950
31.721150
31.726350
31.755800
31.762850
31.769200
31.779750
31.785550
31.801000
31.804750
31.809700
31.813450
31.822750
31.828550
31.836800
32.421950
32.603000
32.607100
32.884300
32.992750
32.997850
33.011300
33.018600
33.020750
33.025400
33.029650
33.034400
33.039900
33.268250
33.272250
33.901550
33.905300
33.929050
33.933600
33.938900
33.946350
34.426700
34.436100
34.441150
34.549450
34.553100
34.557400
34.911900
35.003550
35.009950
35.019800
35.032800
35.039100
35.044450
35.050400
35.055400
35.061500
35.088400
35.166200
35.329450
35.333650
35.335850
35.338900
35.343750
35.348300
35.353100
35.358500
35.364300
35.377700
35.383600
35.396100
35.434250
35.443900
36.009600
36.014350
36.157650
36.161300
36.447050
36.603150
36.610050
36.783950
36.798050
36.804500
36.826350
36.830700
36.838750
37.023450
37.028350
37.682450
37.686250
37.691700
37.696800
37.702200
37.844800
37.848400
37.852750
38.208250
38.211700
38.493250
38.497200
38.881050
38.885950
39.326550
39.330450
39.335200
39.535000
39.539250
39.563600
39.578050
40.150900
40.494450
40.505550
40.509950
40.518650
40.521700
40.524900
40.529750
40.534750
40.539850
40.578800
40.582400
41.128550
41.136550
41.139450
41.144250
41.150600
41.156450
41.161150
41.166800
41.174650
41.179050
41.183700
41.189000
41.194200
41.209750
41.463400
41.467200
41.477650
41.623550
41.633400
41.638400
41.663450
41.669350
41.686400
42.136400
42.140500
42.151050
42.498200
42.502100
42.506700
42.512400
42.522850
42.529250
42.563400
42.569150
42.575000
42.581150
42.652500
42.666300
42.682250
42.690500
42.705800
42.708550
42.710850
42.723850
42.732400
43.384450
43.387800
43.676950
43.681450
43.957300
43.961450
43.971800
43.978450
43.985900
44.004250
44.017350
44.037850
44.041550
44.083600
44.130700
44.136750
44.142200
44.147550
44.154100
44.166250
44.402500
44.406400
44.864300
44.868650
44.894050
45.451700
45.455450
45.881350
45.885300
45.899500
46.238800
46.242750
46.841150
46.844750
47.383550
47.387200
47.393200
47.397550
47.407350
47.436600
47.465800
48.227300
48.231350
48.242300
48.337800
48.341600
48.347450
48.352250
48.622850
48.625550
48.674950
48.677600
48.681200
48.689750
48.694800
48.699850
48.708200
48.715550
48.722550
48.729850
48.736050
48.746150
48.784700
48.858550
48.862250
49.232850
49.237000
49.695700
49.700000
49.705450
49.711000
49.722350
49.883500
49.887450
49.942700
49.960850
49.966350
49.971650
50.042050
50.046300
50.051700
50.057000
50.062300
50.170700
50.175050
51.166400
51.170500
51.398350
51.425400
51.430700
51.642650
51.648400
51.652300
51.875450
51.881600
51.889450
51.896750
51.903050
51.912550
51.921800
52.058850
52.063450
52.068350
52.538500
52.588200
52.601200
52.685250
52.689500
52.694250
53.204900
53.209000
53.297100
53.300950
53.551400
53.702300
53.709200
53.716150
53.825800
53.829850
53.835150
54.381250
54.385400
54.390550
54.410450
54.415650
54.422750
54.432600
54.552850
54.556700
54.970550
54.975000
55.373250
55.377150
55.715300
55.900100
55.904000
55.909400
56.051050
56.055050
56.057900
56.064800
56.068800
56.078550
56.084350
56.101200
56.107500
56.545750
56.551050
57.386450
57.390550
57.395800
57.410900
57.416600
57.435500
57.442600
57.450500
57.467650
57.473550
57.478250
57.495750
57.612350
57.616450
58.139400
58.149400
58.156400
58.163450
58.305350
58.494200
58.616200
58.633550
58.642100
58.904700
58.908550
58.917400
59.340050
59.801800
59.805900
59.827200
59.831750
59.842100
60.111300
60.115900
60.120400
60.125350
60.137650
60.145500
60.204700
60.208650
60.657900
60.875950
60.879700
60.885650
61.135250
61.143550
61.576000
61.580000
61.587850
61.687650
61.692150
61.701750
61.710150
61.722400
61.730800
61.757700
61.988400
61.997300
62.009400
62.589550
62.593800
62.598800
62.603250
62.614200
62.627300
62.637600
62.651350
62.657550
62.663600
62.680750
62.992350
62.995950
63.104200
63.108350
63.111450
63.113500
63.122300
63.127100
63.131700
63.148300
63.155850
63.266900
63.456450
63.460650
63.465800
63.471000
63.475500
63.481000
63.486050
63.492750
63.505350
63.718800
63.727850
64.026450
64.035400
64.380600
64.384850
64.391000
64.400800
64.406800
64.413900
64.432500
64.460950
64.476500
64.481800
64.487250
64.492800
64.498200
64.503600
64.511800
64.531500
65.064850
65.068450
65.344100
65.348250
65.354450
65.542850
65.548200
65.556050
65.586450
65.629050
65.675150
65.680400
65.686400
65.692450
65.848450
65.863400
66.195150
66.199500
66.382450
66.386500
66.801400
66.805200
66.809550
66.818950
66.824100
67.341750
67.345150
67.349900
67.403550
67.482300
67.486400
67.490950
67.501900
67.506650
67.522400
67.527850
67.533700
67.539100
67.544700
67.551200
67.556800
67.563250
67.619200
67.623200
67.628100
67.874700
67.879050
67.883950
67.891100
68.011000
68.014650
68.397200
68.401400
68.406600
68.411800
68.424350
68.434750
68.579550
68.657050
68.665750
68.680850
68.685250
68.890700
69.165100
69.170150
69.180950
69.186900
69.194600
69.465450
69.469700
70.182750
70.763000
72.925200
72.961000
77.036000
77.576550
78.266850
80.518100
81.625250
86.841850
87.457750
87.469250
87.477650
87.486450
87.576400
87.581450
87.590000
87.602000
87.617500
87.623450
87.629200
88.003100
88.011850
88.049200
88.369050
88.378150
88.383050
88.388650
88.396550
88.418200
88.438300
88.448000
88.451800
88.473550
88.908600
88.917450
89.574250
89.587900
89.598950
89.601500
89.604750
89.613050
89.620900
89.627300
89.866250
89.871200
89.876600
90.018950
90.022300
90.026850
90.518350
90.543550
90.626350
90.630900
90.744300
90.749350
90.763600
90.772600
90.831450
90.838350
90.843900
90.849050
90.854000
90.859950
90.870100
90.952250
90.956250
91.425500
91.669650
91.673300
91.677750
91.987000
91.991250
92.255100
92.479350
92.695050
92.701350
92.719200
93.329550
93.333650
93.454000
93.461650
94.031300
94.034750
94.039850
94.233700
94.237550
94.241800
94.247700
94.254100
94.295950
94.300950
94.315700
94.324400
94.329750
94.335200
94.339700
94.345200
94.350100
94.353550
94.381900
95.024650
95.032150
95.086550
95.519450
95.524050
95.529100
95.533500
95.538400
95.543550
95.548850
95.555650
96.038300
96.043300
96.248700
96.252250
96.639350
96.643900
96.649900
96.655800
96.663150
96.669000
96.805500
96.809700
97.238050
97.241800
97.247550
97.335200
97.340600
97.475600
97.765550
97.769800
97.997150
98.012050
98.094450
98.099150
98.103700
98.108400
98.113550
98.119250
98.191400
98.204700
98.209500
98.215350
98.220150
98.226150
98.234350
98.247800
98.337550
98.687600
98.691650
98.696750
98.706400
98.711300
98.716650
98.724700
98.730450
98.736550
98.742800
98.881250
98.888100
98.924750
99.128050
99.138150
99.578000
99.581750
99.601850
99.611100
99.616550
99.791800
100.132200
100.135650
100.298850
100.304050
100.554300
100.559600
100.564600
100.569450
100.573550
100.579800
100.584300
100.588900
100.594800
100.601250
100.608400
101.017200
101.020650
101.217700
101.338250
101.343050
102.088500
102.092550
102.099250
102.101850
102.105650
102.110150
102.115900
102.122500
102.137700
102.144650
102.149700
102.154650
102.160900
102.178750
102.183500
102.189150
102.499900
102.503600
102.915450
102.919550
103.097600
103.101300
103.107500
103.112950
103.120500
103.327250
103.331350
103.780900
103.786850
103.799300
103.878800
104.112600
104.117200
104.122250
104.125000
104.130900
104.136550
104.142100
104.193750
104.205500
104.312250
104.444800
104.459300
104.474150
104.491250
104.507500
104.512250
104.667850
104.671400
105.122300
105.125700
105.685250
105.693500
105.893950
106.355650
106.366900
106.371050
106.382750
106.387350
106.418000
106.427800
106.435150
106.442150
106.450450
106.505700
106.639600
106.647450
106.746450
106.750750
106.883350
106.887100
107.154850
107.160100
107.168150
107.174050
107.179000
107.183350
107.190100
107.195650
107.201350
107.207950
107.214950
107.219550
107.221800
107.224600
107.236100
107.242100
107.244350
107.476150
107.482250
107.489000
107.503050
107.599450
107.607950
107.967850
107.972750
108.281800
108.288750
108.303700
108.685400
108.694850
108.817550
108.822300
108.827500
108.856850
109.095650
109.109600
109.115100
109.121400
109.126250
109.131100
109.137400
109.157700
109.168050
109.188000
109.252900
109.553900
109.580950
109.590000
109.730750
109.735350
109.742350
109.752050
109.760450
109.941600
109.960150
110.401800
110.405700
110.411000
110.416750
110.827700
110.836400
110.840900
110.845750
110.856100
110.860650
110.871750
111.037350
111.124700
111.293750
111.298450
111.368450
111.884750
112.150850
112.154350
113.007700
113.027550
113.034450
113.040250
113.044050
113.052150
113.070400
113.076000
113.082500
113.221250
113.226550
113.231650
113.237200
113.246850
113.352850
113.614200
113.913750
113.924950
113.943950
113.954300
113.964200
113.975600
113.987050
114.077000
114.081700
114.219550
114.234800
114.244900
114.258200
114.540700
114.546500
114.971300
114.979900
114.991500
114.995250
114.997900
115.004950
115.011700
115.016300
115.022900
115.108200
115.343600
115.352550
115.357950
115.362850
115.367850
115.372650
115.381950
115.384900
115.389900
115.395850
115.403200
115.410750
115.849800
115.853900
116.230500
116.234750
116.253750
116.270650
116.280900
116.390900
116.394550
116.641800
116.646200
116.650450
116.655650
116.661050
116.666900
116.675500
116.679600
116.681650
116.693400
116.701100
116.834550
116.838650
116.843000
117.393300
117.851000
117.854600
117.858850
117.863150
117.868700
117.873050
117.877700
117.883050
118.088550
118.453450
118.457650
118.764000
118.772850
118.778600
118.886350
118.894800
119.083350
119.089000
119.094600
119.100350
119.107450
119.113050
119.368400
119.532900
119.578350
119.582500
119.591200
119.595200
119.600700
119.612950
119.616600
119.779700
119.783450
120.152500
120.156350
120.166050
120.198800
120.211000
120.437250
120.653900
120.662750
120.765750
120.774800
120.922000
120.933150
121.089550
121.094550
121.292650
121.637600
121.646900
121.653000
122.201050
122.204500
122.397150
122.401050
122.615450
122.701050
122.714500
122.858750
123.009800
123.013650
123.080000
123.225600
123.230700
123.238550
123.244400
123.249450
123.255100
123.263850
123.267550
123.270600
123.279600
123.287850
123.295650
123.304150
123.608450
123.617000
123.752650
124.036000
124.039550
124.055050
124.079550
124.089900
124.106400
124.215750
124.217850
124.221500
124.233800
124.242650
124.250950
124.389300
124.395500
124.402150
124.409950
124.554850
124.562350
124.944100
124.949200
125.142300
125.145700
125.390450
125.397100
125.515450
125.520100
126.074250
126.081300
126.085850
126.091000
126.095500
126.110950
126.116300
126.124000
126.131900
126.136450
126.542150
126.545800
126.550400
126.764200
126.817100
126.939300
126.943450
126.954600
126.961900
126.969650
127.216650
127.221200
127.223700
127.237750
127.254000
127.260400
127.273950
127.351100
127.354750
127.372450
127.669800
127.760700
127.764300
127.769450
127.954350
127.958400
127.962750
127.968500
127.975150
127.983400
127.989350
128.189800
128.526250
128.530100
128.590600
128.594800
128.598850
128.603850
128.618900
128.624950
128.630350
128.641250
128.797750
128.992500
129.010600
129.027350
129.031300
129.052100
129.076900
129.089000
129.224250
129.233200
129.858950
129.862550
129.887450
129.891650
129.898500
129.903450
129.910000
129.915300
129.921450
129.927000
129.933950
129.940400
129.946600
129.952700
129.959900
129.964650
129.971650
130.716350
130.720850
130.733050
130.738400
130.742750
130.749250
130.754300
130.759850
130.767250
130.774950
130.948500
130.961300
131.036900
131.041450
131.047150
131.063750
131.077800
131.086050
131.095900
131.214650
131.418450
131.425200
131.432200
131.438400
132.051300
132.258250
132.269350
132.276600
132.283150
132.592750
132.597000
132.968700
132.977400
132.981800
132.991100
133.003700
133.011700
133.025550
133.038150
133.042500
133.046700
133.063000
133.073300
133.080800
133.149050
133.325550
133.348100
133.831150
133.843850
133.856900
133.868750
134.155550
134.197550
134.336100
134.340450
134.344400
134.350050
134.871500
134.875450
134.888150
134.906500
134.936100
134.938150
135.043750
135.047250
135.552900
135.563950
135.568650
135.574050
135.579100
135.589500
135.594900
135.600850
135.625100
135.758550
136.621700
136.825300
136.830450
137.067300
137.071600
137.220400
137.223800
137.228850
137.712350
137.763550
137.768600
137.879750
137.884200
138.123950
138.131750
138.144400
138.151550
138.293750
138.297100
138.301550
138.449200
138.468600
138.474450
138.481050
138.548150
138.566650
138.807350
138.813950
138.822550
138.937000
139.228050
139.232750
139.623400
139.690600
139.847200
140.279400
140.288700
140.294550
140.303450
140.324850
140.331600
140.344400
140.348950
140.351100
140.353950
140.466900
140.470550
140.474900
140.704300
140.708850
140.983800
141.071400
141.083000
141.088650
141.095750
141.101900
141.110400
141.148200
141.153150
141.376000
141.498500
141.504050
141.853400
141.977500
141.985900
141.989550
141.994650
142.165650
142.223400
142.381300
142.385200
142.569750
142.581250
142.586850
142.768450
142.773350
142.778000
142.788100
142.793500
142.798400
142.843500
142.851150
143.063850
143.067200
143.399200
143.406400
143.416300
143.657200
144.328050
144.582950
144.599600
144.698200
144.700600
144.706700
144.711450
144.722950
144.749200
144.964650
144.968350
144.981600
144.996800
145.042950
145.124900
145.160200
145.319800
145.331100
145.338700
145.349950
145.355400
145.373500
145.383300
145.555400
145.875300
145.879300
146.041750
146.063850
146.469350
146.473650
146.595150
146.604100
146.704800
146.708950
146.714000
146.719300
146.732950
146.886400
147.308250
147.359600
147.476600
148.451750
148.459000
148.463550
148.467800
148.482950
148.493500
148.514350
148.675850
148.679500
148.824000
148.829750
149.509250
149.520200
149.699750
149.732600
149.738600
149.746300
150.511850
150.524000
150.548650
150.556050
150.565400
150.568800
150.578350
150.829250
150.834850
150.840050
150.844900
150.851050
151.005200
151.009350
151.346800
151.354450
151.364350
151.377800
151.394600
151.399800
151.552650
151.560450
151.800800
151.898900
151.910900
151.916400
151.927800
151.934550
151.943300
151.963750
152.007500
152.054550
152.062000
152.071450
152.073600
152.189200
152.193150
152.197300
152.316800
152.539900
152.545650
152.550200
152.940600
152.944250
152.948600
153.358200
153.361800
153.726950
153.731500
153.785900
153.789700
154.092500
154.096800
154.101600
154.106250
154.111350
154.122100
154.128750
154.144200
154.150750
154.154000
154.157750
154.160150
154.305600
154.309800
154.314750
154.664950
154.669600
154.773350
154.878250
154.882400
155.257450
155.261700
155.494050
155.541850
155.745600
155.749150
155.753950
155.773250
156.204700
156.255200
156.258850
156.270200
156.286300
156.291250
156.301850
156.321850
156.325650
156.330600
156.522550
156.723350
156.889600
156.973000
157.263700
157.267950
157.438150
157.442350
157.462350
157.621100
158.068000
158.071800
158.175050
158.234500
158.242050
158.247650
158.253200
158.444100
158.447900
158.479500
158.484100
158.562700
158.635600
158.639750
158.644350
159.067800
159.071050
159.074550
159.079300
159.330400
159.428000
159.433300
159.439050
159.561900
159.565650
159.721500
159.731950
159.741800
159.753400
159.861300
159.865450
160.039700
160.075850
160.084100
160.093250
160.100950
160.124900
160.136600
160.143200
160.149550
160.157450
160.167750
160.189800
160.199000
160.464000
160.468700
160.868700
160.873050
160.883900
160.889750
160.903250
160.909950
160.916300
161.358700
161.362450
161.367100
161.415100
161.420000
161.528050
161.542250
161.545500
161.549900
161.556450
161.573800
161.719450
161.723150
161.916950
162.221550
162.540800
162.544750
162.549400
162.553650
162.562600
162.582050
162.585200
162.614400
162.730600
163.309400
163.341550
163.699700
163.704150
163.721100
163.733900
163.964400
163.968950
163.977300
163.981550
164.011400
164.063500
164.066750
164.329750
164.333700
164.342150
164.578300
164.844350
164.848250
165.050050
165.053950
165.058800
165.065050
165.076100
165.082900
165.124200
165.134050
165.139350
165.368800
165.392050
165.401700
165.710000
165.713800
165.724000
165.731050
165.959850
165.965300
165.971250
165.990650
165.994950
166.196000
166.216400
166.433300
166.437750
166.485500
166.496450
166.502500
166.796850
167.094450
167.098600
167.250950
167.253350
167.257500
167.263250
167.393900
167.401000
167.509450
167.804450
167.816000
167.821250
168.052250
168.056600
168.417650
168.631850
168.673650
168.677950
168.690500
168.914450
168.918200
168.977350
168.981700
169.322750
169.337350
169.686100
169.690350
169.841800
170.000700
170.020100
170.155250
170.160800
170.168800
170.591350
170.595450
170.601350
170.630550
170.664550
170.668650
170.671600
170.908250
170.912050
170.991100
170.994950
171.236300
171.248700
171.719300
171.723250
171.769600
172.061000
172.085100
172.088950
172.129500
172.248550
172.399150
172.403700
172.590050
172.593800
172.598350
172.608150
172.622650
172.746800
172.750600
173.129600
173.133400
173.239450
173.242950
173.247450
173.472950
173.493150
173.497500
173.737650
173.858300
173.872350
173.884550
174.192050
174.195800
174.279850
174.284000
174.289500
174.299500
174.312800
174.326100
174.599100
174.601800
174.606400
174.611050
174.616950
174.628700
174.642900
175.116450
175.124050
175.139500
175.539200
175.546250
175.587800
175.591500
175.748150
175.753100
175.771650
175.776100
175.953300
176.306600
176.310700
176.446100
176.453950
176.588550
176.797550
176.802300
176.808150
176.813400
176.822300
177.079200
177.128850
177.170800
177.174250
177.385050
178.000800
178.233100
178.237900
178.243750
178.248600
178.259300
178.270150
178.360850
178.366800
178.381550
178.415850
178.422350
178.609250
178.612800
178.721200
178.727200
178.755150
178.932100
178.937100
178.944650
178.970900
178.976850
179.032400
179.042400
179.047300
179.049700
179.053000
179.058700
179.064700
179.072200
179.077200
179.081800
179.273250
179.280650
179.482300
179.487450
179.685350
179.874200
179.930250
180.327300
180.331250
180.589950
180.593850
180.599150
180.605250
180.611600
180.698050
180.702600
181.140250
181.144250
181.151400
181.156350
181.168050
181.181700
181.436800
181.440400
181.704550
181.722400
181.734300
181.739950
181.742150
181.776150
181.782750
181.800600
181.858750
182.270000
182.274050
182.401750
182.448400
182.453150
182.459950
182.488150
182.785100
183.251650
183.275300
183.294300
183.301400
183.306000
183.433400
183.997350
184.010100
184.022050
184.031550
184.131300
184.135550
184.454400
184.458700
184.465500
184.470500
184.587300
184.596650
184.646750
184.651350
184.667800
185.027150
185.038950
185.143350
185.406300
185.410150
185.745400
185.760700
185.805200
186.413850
186.422550
186.673750
186.678000
186.761700
186.765500
186.967050
187.091450
187.096900
187.105950
187.110750
187.120200
187.131250
187.138950
187.362700
187.366400
187.724850
187.728750
187.808100
188.108200
188.112400
188.141900
188.210200
188.214550
188.234600
188.462150
188.494150
188.710350
188.715000
188.720450
188.725650
188.736300
188.747550
188.762350
188.865350
188.868950
189.114600
189.387450
189.410950
189.425350
189.429350
189.735350
189.740250
189.745400
189.760650
189.764550
189.789100
189.795700
189.979350
189.985000
189.992150
190.004400
190.008450
190.023150
190.030700
190.035250
190.043750
190.055800
190.064800
190.067050
190.237950
190.243250
190.426500
191.019950
191.023500
191.323050
191.326750
191.334800
191.366800
191.386800
191.393450
191.407150
191.433650
191.437350
191.451300
191.458550
191.490350
191.510500
191.524600
191.644400
191.730750
191.945650
191.949500
191.954100
192.052300
192.058650
192.148250
192.334750
193.066800
193.071250
193.453350
193.466450
193.508400
193.526700
193.773050
193.776550
194.114350
194.118050
194.126550
194.132450
194.138550
194.208450
194.227200
194.260550
194.264000
194.701050
194.708950
195.002550
195.288750
195.292950
195.507050
195.737400
195.744050
195.761250
195.766750
195.888100
195.891600
195.945800
196.010150
196.014300
196.031800
196.038150
196.117750
196.134350
196.941600
196.966650
196.979750
196.983500
197.176000
197.179900
197.585650
197.599250
197.610700
197.630200
197.636800
197.645350
197.648900
197.651750
197.855000
197.859000
198.115350
198.119250
198.123850
198.368200
198.386000
198.584800
198.588750
198.671600
198.770100
198.774500
199.206250
199.211900
199.375450
199.379700
199.389300
199.408550
199.623250
199.627150
199.687700
199.700700
199.707550
199.713550
199.893650
199.897850
199.916650
200.119200
200.123500
200.127550
200.197650
200.374500
200.381050
200.386550
200.409200
200.416250
200.788150
200.937850
200.943050
200.948550
200.955750
200.964200
201.438250
201.449100
201.575050
201.581250
201.607650
201.678600
201.692900
201.784500
201.788250
202.033700
202.444800
202.448650
202.471400
202.904550
202.907950
203.081250
203.104700
203.574900
203.578950
203.696850
203.707700
203.720600
203.727700
203.868050
204.094550
204.100350
204.111350
204.408000
204.517600
204.521050
204.926900
205.141200
205.145750
205.156650
205.161850
205.180700
205.202350
205.210250
205.351850
205.422600
205.581900
205.870900
205.928500
205.952150
205.973400
205.989250
206.040250
206.147850
206.458750
206.462300
206.514750
206.569700
206.696750
206.701750
206.709800
206.849350
206.852950
207.323500
207.327800
207.333600
207.344400
207.390200
207.394050
207.409250
207.413150
207.669750
207.674100
207.869950
207.880750
207.888700
207.955550
208.108150
208.111950
208.149900
208.154650
208.166750
208.241900
208.247750
208.346500
208.354650
208.391800
208.397050
208.940000
208.959450
208.975950
208.980600
208.982800
208.999950
209.015200
209.022800
209.231500
209.328550
209.332900
209.336450
209.518750
209.522200
209.787250
209.993950
209.997950
210.004000
210.010200
210.017400
210.142250
210.245950
210.249500
210.562500
210.723600
210.736750
210.754300
211.071750
211.088850
211.121800
211.131650
211.278400
211.282450
211.376800
211.389000
211.406450
211.567800
211.580200
211.696350
211.722850
212.219150
212.364850
212.383950
212.387850
212.702150
212.709350
212.759250
213.514750
213.552350
213.557450
213.581750
213.694700
213.698850
213.703250
213.708050
213.820100
213.825800
213.838800
213.961700
213.968500
214.220700
214.280800
214.602400
214.607750
214.625900
214.656850
214.667050
214.925850
214.930150
215.285100
215.289300
215.294150
215.377650
215.515000
215.654650
215.715250
215.723300
215.808100
215.839550
215.844350
215.970700
216.238100
216.446950
216.621650
216.625700
216.646100
216.806750
216.817050
216.879000
216.886300
217.031250
217.034700
217.038850
217.685050
217.689250
217.757500
217.762150
217.860450
217.865450
218.044900
218.050300
218.155500
218.164250
218.728550
218.732500
218.879050
218.882950
218.894900
218.902000
218.925800
218.929600
218.938800
218.946750
218.954500
218.957400
218.964700
218.977750
218.980050
218.982850
218.989600
219.706300
219.714300
219.782200
219.798650
219.834100
219.874500
219.903600
219.912900
220.083050
220.348050
220.351850
220.358450
220.364800
220.450050
220.488600
220.500450
220.504350
220.514450
220.519400
220.976500
220.985050
221.088300
221.092250
221.098550
221.402600
221.719200
221.725900
221.743150
221.748500
221.776250
221.781450
222.086150
222.089650
222.101400
222.168250
222.194650
222.486200
222.491150
222.575300
222.579550
222.594250
223.084800
223.088600
223.723850
223.727600
223.751950
223.921000
223.931600
224.009650
224.014850
224.027300
224.052250
224.056300
224.073100
224.082650
224.332000
224.336050
224.441550
224.478000
224.482350
224.499600
224.505250
224.510250
224.520550
224.542450
224.959550
224.963650
224.980400
224.986800
225.001300
225.195350
225.202000
225.211100
225.223250
225.230150
225.234800
225.483700
225.487050
225.687600
225.691850
225.772650
225.777400
226.142550
226.153700
226.209300
226.213100
226.226100
226.445050
226.960750
226.964300
226.974350
226.977950
226.994950
227.021200
227.197000
227.201850
227.671500
227.675650
228.053300
228.058800
228.070450
228.178200
228.351850
228.375750
228.395050
228.404250
228.601500
229.118600
229.128600
229.144300
229.155000
229.361250
229.365700
229.475600
229.479600
229.691900
229.695700
230.028550
230.050650
230.144050
230.146650
230.413900
230.428850
230.434950
230.454050
230.481950
230.487050
230.592300
230.701100
230.708000
230.761400
230.805600
231.313300
231.456850
231.487150
231.554550
231.562450
231.567750
231.643450
231.651750
231.983650
232.057750
232.062550
232.109700
232.112800
232.115950
232.124200
232.159150
232.286500
232.377500
232.452200
232.546700
232.632100
232.636350
232.643650
233.095300
233.125000
233.131350
233.182900
233.248400
233.389800
233.421050
233.425550
233.501850
234.099100
234.103050
234.107450
234.539800
234.634150
234.637850
234.746950
234.977100
235.088500
235.157700
235.163700
235.458100
235.461500
235.652600
235.832800
235.866050
236.103950
236.108650
236.118200
236.152950
236.162700
236.168550
236.174000
236.200250
236.310600
236.410050
236.553100
236.597900
236.621700
236.706450
236.874700
236.877950
237.055400
237.097550
237.212200
237.221650
237.281900
237.305550
237.311150
237.350500
237.448300
237.451900
238.177950
238.228950
238.232500
238.638900
238.871400
238.875300
239.070900
239.134650
239.164100
239.540500
239.543950
239.890200
240.010800
240.479700
240.484900
240.713300
240.722850
240.733650
240.824700
240.828000
240.878350
240.889650
240.928450
240.946700
240.975650
240.977750
241.045150
241.304600
241.308700
241.574100
241.787300
242.142000
242.158300
242.335900
242.408700
242.567650
242.668100
242.686800
242.877350
243.024900
243.109850
243.113800
243.117900
243.413900
244.018850
244.024000
244.185800
244.240250
244.329500
244.333100
244.338100
244.722500
244.791000
244.876300
244.880500
245.077050
245.082350
245.280150
245.283750
245.286500
245.290950
245.309150
245.375850
245.383550
245.391300
245.452350
245.483200
245.587100
245.593300
245.611650
245.993300
245.998000
246.009450
246.150000
246.282000
246.342200
246.346750
246.355300
246.363750
246.489550
246.579250
246.583000
246.885200
246.929700
246.935050
247.132650
247.346700
247.380000
247.384100
247.390700
247.399950
247.910900
247.914450
247.919100
247.924200
247.934600
247.941550
248.201750
248.312350
248.350400
248.828100
248.832250
248.836950
248.842550
249.041250
249.045650
249.066250
249.076350
249.140700
249.144300
249.148750
249.183800
249.225350
249.418950
249.527050
249.552500
249.657650
249.661100
249.761700
249.765650
249.772550
250.233600
250.239500
250.245700
250.248600
250.294150
250.299850
250.313550
250.414150
250.619100
250.624650
250.738000
250.760250
250.889650
250.898200
250.913450
250.954550
251.046600
251.079000
251.094050
251.362550
251.367250
251.519550
251.557550
251.697750
251.987300
252.213250
252.216950
252.727800
252.731200
252.735600
252.932000
253.005300
253.009250
253.102650
253.106300
253.243450
253.247750
253.605500
253.635400
253.711150
253.747100
253.759200
253.803900
253.822850
253.830850
253.886900
254.050850
254.058800
254.233250
254.373050
254.377200
254.663600
255.114350
255.144000
255.149550
255.163950
255.273500
255.277000
255.297000
255.455300
255.491050
255.546050
255.690200
255.694500
255.726250
255.855800
256.011150
256.024600
256.106200
256.237500
256.241400
256.437350
256.635150
256.639200
256.787950
257.109250
257.115750
257.198200
257.240500
257.244700
257.250950
257.259400
257.499800
257.505200
257.510850
257.526150
257.531200
257.640150
257.644050
257.654650
257.669750
257.809450
257.813500
258.231750
258.275300
258.298500
258.302250
258.326850
258.332350
258.393950
258.401850
258.501600
258.505650
258.579800
258.584000
258.981800
259.038350
259.042000
259.179000
259.209650
259.226450
259.293100
259.310550
259.319100
259.323050
259.435450
259.645800
259.649450
260.064900
260.068950
260.303850
260.339850
260.416100
260.577150
260.656650
260.660950
260.839150
260.981550
261.073850
261.077850
261.109100
261.113800
261.284600
261.598700
261.851450
261.855850
262.000100
262.125000
262.375750
262.379250
262.383900
262.478350
262.685700
262.689150
262.887650
262.892150
262.930050
263.211350
263.251550
263.255550
263.325650
263.338950
263.350400
263.426700
263.430850
263.593600
263.597900
263.653800
263.735950
263.803300
263.877450
263.893550
264.083800
264.162350
264.181550
264.230700
264.258350
264.384000
264.483600
264.487850
264.531450
264.663100
264.695050
264.745400
265.050400
265.195050
265.227350
265.231650
265.266150
265.293500
265.319700
265.516800
265.692150
265.696300
265.802200
265.978750
266.011850
266.015300
266.025450
266.047050
266.114700
266.152650
266.473200
266.636650
266.707200
266.899350
266.903600
267.083700
267.094900
267.124450
267.144700
267.539100
267.547700
267.745850
267.844900
268.182500
268.390450
268.576200
268.803400
269.016350
269.249650
269.332000
269.411400
269.787150
269.799200
269.815600
269.819300
269.828100
269.876950
269.890950
270.181650
270.185950
270.417050
270.510800
270.516450
270.719600
270.724600
270.841350
270.921500
270.929850
271.064050
271.068150
271.344800
271.366550
271.373550
271.477200
271.778250
271.876300
272.059000
272.062950
272.067400
272.077850
272.321450
272.365700
272.390800
272.761950
272.765850
272.790050
272.794600
272.925500
273.197900
273.202050
273.391100
273.412400
273.479850
273.926350
274.054750
274.187950
274.304600
274.384900
274.389050
274.481400
274.486450
274.494300
274.680950
275.123550
275.127100
275.199700
275.284950
275.484850
275.493450
275.830300
275.881050
275.938650
275.943400
275.947500
275.955300
275.982400
276.216350
276.271750
276.324350
276.493050
276.497100
276.781350
276.813750
276.819950
276.824450
277.170850
277.180600
277.400300
277.686700
277.797500
277.801350
277.856450
277.881100
278.174950
278.377500
278.412150
278.491950
278.496800
278.530300
278.533900
278.558600
278.707150
278.711000
278.999600
279.139400
279.149350
279.280500
279.345100
279.433950
279.642200
279.651950
279.797350
279.801200
279.811650
280.058550
280.062100
280.749750
280.849450
281.164100
281.168350
281.378600
281.693850
281.870450
281.874850
281.976650
281.980050
282.202600
282.328850
282.585350
283.276050
283.280100
283.318800
283.510400
283.514450
283.660000
283.788500
283.882550
283.917350
283.921550
284.426100
284.436900
284.840000
284.844650
284.976100
285.106300
285.336600
285.341550
285.620700
285.624550
286.363050
286.367050
286.496150
286.499000
286.534350
286.711950
286.816650
287.195050
287.199150
287.311900
287.316600
287.677350
287.742600
287.827650
287.881950
287.951900
287.955950
287.988500
287.992500
288.233050
288.396800
288.781450
288.954200
289.063600
289.068550
289.185450
289.460400
289.464200
289.734900
290.194600
290.202600
290.292450
290.677800
290.682050
290.729200
290.835150
290.852050
290.855850
291.013500
291.039350
291.359500
291.709550
291.843350
291.847050
292.266350
292.557750
292.854050
292.862550
293.288800
293.848600
294.035450
294.039700
294.582850
294.763400
294.767800
295.066900
295.173300
295.175850
295.184550
296.139400
296.143000
296.354100
296.357850
297.026000
297.337300
297.593150
297.712250
297.716650
297.915950
297.936050
297.945900
298.138200
298.233700
298.654750
299.147650
299.160400
299.165950
299.169550
299.348400
299.372650
299.383450
299.934700
299.938550
299.944250
300.567750
300.571450
300.777550
301.150350
301.163900
301.980600
302.193800
302.537050
302.725150
302.879050
302.907100
302.910900
303.069800
303.227950
303.231500
303.236250
303.616750
303.638200
303.756850
303.797800
303.802250
303.815250
303.819900
304.306500
304.310250
304.760400
304.936950
304.941000
304.966250
305.515150
305.909100
305.912550
306.674850
306.678300
306.682850
306.880950
306.884600
307.287600
307.299800
307.304400
307.479150
307.483850
307.734700
308.086700
308.306400
308.334800
308.346700
308.518000
308.795000
308.798900
308.875350
309.137500
309.188000
309.198200
309.386700
309.391200
309.586450
309.768250
309.913450
309.917700
310.060200
310.487900
310.843450
311.056000
311.059300
311.249250
311.616300
311.623900
311.837750
312.252500
312.857750
312.863250
313.104350
313.615800
313.619850
313.663000
313.666500
313.673250
313.960850
313.964950
314.269200
314.678750
314.691400
314.695400
314.836800
315.651600
315.655550
315.824350
315.828700
316.016400
316.020100
316.028650
316.398600
316.410900
316.828300
317.453100
317.582500
317.586250
317.879550
317.883000
318.130800
318.278400
318.283950
318.548250
318.838900
318.985400
319.083200
319.276650
319.395350
319.542750
319.949100
320.379950
320.383900
320.388100
320.572500
321.026500
321.030150
321.675250
321.679000
321.846050
322.036900
322.306950
322.380050
322.642450
322.858900
322.872600
323.145550
323.257050
323.581350
323.585500
323.630000
323.898250
324.275600
324.281350
324.542100
324.547000
324.863750
325.309600
325.312950
325.930400
326.072550
326.159150
326.454650
326.458200
326.462950
326.527150
326.532550
326.636600
326.965600
327.236800
327.240000
327.392650
327.397450
327.743650
327.747700
327.755250
327.802050
327.805850
328.206200
328.350600
329.366000
329.369450
329.499400
329.785300
330.007400
330.011250
330.256600
330.601950
330.605700
330.617900
330.650100
330.814850
330.975950
330.993950
331.007900
331.234600
331.349750
331.353650
331.826550
332.356100
332.601500
332.605200
332.640650
333.069800
333.073350
333.234300
333.341000
333.611000
334.057650
334.108650
334.126350
334.130000
334.475600
334.479550
334.485400
334.504150
334.864500
334.868600
335.020450
335.024300
335.690150
335.694050
335.700800
336.028500
336.082450
336.087200
336.242550
336.538750
336.670150
336.675350
336.709550
337.000050
337.181800
337.186500
337.440500
337.717400
337.721650
338.332400
338.336450
338.761550
338.982850
338.986700
339.345150
339.349300
339.362650
339.367950
339.705400
339.709100
339.713350
339.948100
339.984400
339.988150
340.308850
340.483650
340.954350
341.319500
341.323650
341.850400
342.455400
342.465200
343.223850
343.227300
343.291600
343.295050
343.503000
343.770250
344.203450
344.208450
344.377150
344.380950
344.759650
344.764400
345.193800
345.197250
345.720600
345.724200
345.728400
346.165350
346.408100
346.412700
346.764700
346.768650
346.774050
347.196000
347.199300
347.210850
347.214800
347.881600
347.887600
347.920450
348.079050
348.082800
348.495100
348.499100
348.760350
348.914550
349.081600
349.541350
349.544700
349.738700
349.940850
349.951200
350.190000
350.193850
350.430350
350.433900
350.683150
350.686950
350.862250
350.893900
351.131700
351.158300
351.168750
351.359200
351.365350
351.995600
352.244800
352.248900
352.588700
352.593000
353.041850
353.369000
353.510750
353.517000
353.668550
353.672000
353.832800
353.837000
354.226650
354.288200
354.293400
354.760750
355.193400
355.558650
355.821650
356.146150
356.300850
356.365250
356.420450
356.514050
356.517750
356.618700
356.914150
356.917850
356.922700
357.158800
357.162350
357.798750
357.807050
358.061150
358.065600
358.322750
358.327000
358.765800
358.770650
358.845850
358.850100
359.235900
359.239550
359.657550
359.660950
359.664300
359.668550
359.861500
360.051850
360.055400
360.435000
360.438450
360.759900
360.765800
361.021950
361.232850
361.471300
361.475550
361.617650
361.782300
362.054600
362.256900
362.642650
362.803600
362.874450
363.057100
363.077500
363.380000
363.391500
363.520550
363.633100
363.695650
363.699800
364.157750
364.287000
364.417800
364.586700
364.996450
365.065400
365.518450
365.764600
365.938150
366.357050
366.376300
366.679900
367.040550
367.266450
367.514500
367.839800
367.843950
368.115600
368.855650
368.862600
369.139500
369.152600
369.155900
369.171500
369.600000
369.604050
369.689400
369.693000
369.912050
370.099000
370.202800
370.857350
370.897150
370.900700
370.915100
370.919100
371.351350
371.355650
371.607100
371.610900
371.625150
372.443300
372.446850
372.598350
372.606800
372.645900
372.885150
372.888900
373.061850
373.065700
373.085300
373.271450
373.743950
373.748050
373.850800
373.971200
374.368250
374.371750
374.830850
374.834350
375.204600
375.209400
375.694900
375.699050
375.823000
375.827050
375.873500
376.314750
376.318700
376.570150
376.683150
377.156500
377.160500
377.307950
377.311850
377.537200
377.541100
377.545400
377.712200
377.716300
377.963750
377.968450
378.345450
378.964850
379.125750
379.326650
379.772750
379.789000
380.115550
380.119450
380.550100
380.791700
380.819050
381.145800
381.149750
381.157650
381.543450
381.677900
381.682050
381.872650
381.876350
382.267450
382.934900
383.001150
383.244400
383.530400
383.603700
384.008050
384.012200
384.229500
384.269950
384.730200
384.734100
384.900650
384.972200
385.312300
385.316800
385.320750
385.440450
385.755750
386.271900
386.275850
386.280500
386.537300
386.650900
387.081550
387.086000
387.343350
387.349450
387.525100
387.529550
387.685250
387.688900
388.032600
388.591600
388.595350
388.599850
388.642850
388.676850
388.976450
389.659200
389.662600
390.001550
390.174400
390.177900
390.508700
390.512150
390.555750
390.559500
390.823250
390.827050
391.436100
391.632650
391.653950
391.909500
392.235650
392.488450
392.497900
393.169150
393.468900
393.701550
393.704750
393.714550
393.915050
393.919100
394.009200
394.393350
394.405400
394.409300
394.523750
394.664350
394.954550
395.206950
395.589350
395.778600
395.782700
396.106050
396.325700
396.330000
396.460550
396.500800
396.651900
397.078550
397.334600
397.339250
397.345500
397.500800
397.749750
397.975600
397.979100
398.340050
398.563200
398.567550
398.627300
398.632700
398.697850
399.003700
399.008100
399.506000
399.760350
399.771550
399.959150
399.962850
400.322900
400.326800
400.585850
400.589800
400.931800
401.609850
401.648250
402.082100
402.086200
402.852350
402.988750
404.006800
404.034750
404.221250
404.909850
404.913500
405.185500
405.414900
405.680850
406.067700
406.193750
406.198750
406.204600
406.486500
406.700900
406.911300
406.915100
407.160500
407.165100
408.407150
408.410850
408.416850
408.536050
408.900650
408.977900
408.985750
408.993450
408.997900
409.133700
409.137200
409.713950
409.764800
409.768500
409.941350
409.955200
410.049550
410.574750
410.578550
411.086400
411.310750
411.315900
412.166100
412.174500
412.362550
412.967300
413.507400
413.511250
413.515950
413.917150
414.163250
414.167150
414.749950
415.090500
416.197150
416.475400
416.480050
416.683350
416.687200
416.789050
417.346000
417.726900
417.730600
417.962300
417.966150
417.970900
418.398950
418.402850
418.407450
418.993250
418.997050
419.199400
419.203750
419.530750
419.534500
419.554850
419.634350
419.638800
420.134250
420.137900
420.966550
421.317300
421.946100
421.949800
422.092650
422.313800
422.324600
422.426450
422.469400
422.490250
422.632950
423.745700
423.905150
423.909200
424.014300
424.018050
424.650200
424.653850
425.055400
425.064700
425.246000
425.299450
425.392800
425.572100
425.963550
425.967600
426.832600
426.893550
426.896850
427.692250
427.695400
427.899950
427.904700
428.215200
428.717850
428.721500
429.183600
429.588300
429.712050
430.175400
430.210100
430.420900
430.629000
430.632700
430.988850
431.225850
431.706050
431.710600
431.724450
432.090600
432.263250
432.295200
432.739300
432.749250
433.011450
433.287850
433.291750
433.416150
433.751950
433.756350
434.243000
434.247600
434.476750
434.722150
434.748450
434.762050
434.801650
435.549300
435.552900
435.814150
435.818100
435.822700
436.109250
436.165350
436.475600
436.479150
436.688300
437.276850
437.281050
437.585700
437.895250
438.574500
438.578100
438.957800
438.965800
439.708450
439.716400
440.462350
440.845400
440.849150
441.158800
441.977700
441.982900
442.108100
442.711050
442.715000
442.859250
443.095550
443.100650
443.219100
443.222600
443.389850
443.797900
443.801550
444.364600
444.811350
444.815650
444.820600
444.916550
444.920650
445.201300
445.209650
445.566400
445.734800
445.738950
446.176100
446.524550
446.994800
446.998400
447.471800
447.485400
447.748100
448.018550
448.334350
448.347250
449.035600
449.039850
449.404150
449.407050
449.415450
449.417600
449.780400
450.007950
450.221000
450.232750
450.237250
450.504600
451.192650
451.196850
451.951350
452.130150
452.138150
452.451700
453.297650
453.300950
453.999800
454.004100
454.217700
454.363100
454.366750
454.621900
454.626050
455.272750
455.276500
455.680250
455.684850
456.051600
456.831750
456.835350
456.839950
457.283150
457.292150
457.406150
457.515750
457.903150
458.259850
458.264750
458.282000
458.605000
458.608600
458.802100
459.075050
459.079250
459.840800
459.849350
460.312000
460.315950
460.810450
460.834550
461.039750
461.271600
461.743750
461.927350
461.931400
462.132400
463.108650
464.417950
464.421650
465.374800
465.877900
465.881400
466.279700
466.283500
466.532950
466.546200
466.588700
466.607600
466.785400
467.435550
467.642150
467.646450
467.989500
468.166800
468.223050
468.521400
469.025400
469.029300
469.034300
469.385500
469.580750
469.584850
470.600100
470.603900
470.799550
470.827250
471.140200
471.144100
471.512300
471.851700
471.952250
472.286100
472.653500
473.110950
473.115150
473.527100
473.964300
473.968250
474.453150
474.456700
475.368500
475.371850
475.375900
475.659250
475.737400
475.942900
476.147900
476.300500
476.304250
476.683000
476.716500
476.963700
477.572800
477.576550
477.925750
478.310750
478.314300
478.341050
478.779600
478.783650
479.116150
479.120250
479.649100
479.653250
479.953500
479.957550
479.972000
479.986000
479.991100
480.081050
480.084950
480.302700
480.306300
480.603700
480.963850
480.968700
481.165150
481.169550
481.442250
481.455250
481.746250
481.749900
481.859400
481.863000
481.983650
482.617700
483.445850
483.453600
484.002900
484.524900
484.528700
485.106900
485.110450
485.580900
485.590350
485.741750
486.306300
486.560400
486.990000
486.993950
487.564650
487.568450
488.062700
488.316250
488.501200
488.504350
488.804450
489.110400
489.114550
489.357700
489.361400
489.584600
489.623950
490.002350
490.211700
490.215500
490.592150
491.220850
491.299750
491.303350
491.770950
492.017500
492.277050
492.280400
492.354750
492.358550
492.565700
492.569450
492.574800
492.932850
492.936250
493.246600
493.250250
493.530450
493.534900
494.352450
494.356250
494.633000
494.637050
494.736300
494.756650
495.101700
495.106250
495.199900
495.204150
495.209700
495.332600
495.550950
495.887850
496.080350
496.142600
496.545250
496.549400
497.693650
497.697850
497.824950
497.833150
498.128800
498.332200
498.524650
498.705550
498.987250
499.469000
499.733350
499.736200
499.745550
499.836850
500.209600
500.364650
500.368400
500.780850
500.784850
501.364300
501.368000
501.372800
501.899900
502.035800
502.093650
502.101650
502.274300
502.278250
502.396750
502.400850
502.670350
502.682200
502.980950
502.985600
503.284600
503.852400
503.856050
504.479500
504.483550
504.502300
504.531900
504.925450
505.491300
505.495550
505.688150
506.296100
506.299850
506.702400
506.711250
507.717600
508.085400
508.089550
508.324750
508.523000
509.072850
509.076450
509.294900
509.298950
509.708050
509.711750
509.716400
510.550400
511.086550
511.162400
511.188900
512.198600
512.407650
512.417650
512.718300
512.722200
512.981000
512.984800
513.223200
513.228250
513.376400
513.380850
513.797500
514.633950
514.637900
514.923950
515.214550
515.784050
516.141900
516.145350
516.549600
516.553950
516.705450
516.724150
516.850950
517.225650
517.229000
517.669700
518.083300
518.189500
518.430100
518.433750
518.816400
518.820900
518.961750
518.966000
519.343650
519.424900
519.860500
520.208150
521.127100
521.131550
521.435100
521.439800
521.922300
521.941250
522.093700
522.151200
522.154750
522.159700
522.660500
522.664150
522.907700
522.911950
523.276600
523.280550
523.567800
523.572050
523.897150
524.701300
524.705800
524.996650
525.000100
525.408700
525.412800
525.773850
525.782150
525.789100
526.140250
526.144700
527.073450
527.077150
527.602300
528.117250
528.149150
528.151600
528.155250
528.254850
528.537000
528.795950
528.799750
528.930700
529.398150
529.604250
530.156000
530.159050
530.162750
530.215700
530.457950
530.461500
530.604050
530.617250
530.622000
530.706100
530.710650
531.198300
531.826550
532.221400
532.225650
532.473200
532.477200
532.884950
532.888950
533.549050
533.553400
533.708100
534.239300
534.461250
534.465600
534.816000
534.819900
534.885500
534.888950
535.031300
535.290050
535.294600
535.443850
535.573150
535.577250
536.583050
536.591500
537.368500
537.371950
537.376550
537.970350
538.158650
538.597900
538.828550
538.832250
538.839000
539.318800
539.323450
539.328050
540.321150
540.495850
541.269500
541.282050
541.428400
541.836600
541.840450
542.039450
542.043300
542.626700
542.667850
543.074350
543.078650
543.083650
543.324100
543.327900
544.001700
544.005800
544.196900
544.203550
544.354650
544.410000
544.807550
544.816100
544.820000
544.824700
544.831600
544.834550
545.256150
546.116250
546.119750
546.124250
546.372800
546.575150
546.578950
546.585150
546.912300
546.915950
547.038050
547.429050
547.432950
547.474150
547.478550
547.483350
548.557000
548.560750
548.921650
549.228800
549.510350
549.515000
549.936500
549.940700
549.973300
550.372500
550.376550
550.703350
551.152500
551.156400
551.398600
551.402850
551.679550
551.693500
552.041700
552.296550
552.445150
552.868800
552.873250
553.532700
553.536900
553.908400
553.912300
554.417500
554.511750
554.515350
554.674650
554.678400
555.344550
555.348250
555.490000
555.653050
555.657450
555.972000
555.976300
556.224550
557.178550
557.182050
558.799000
558.802650
558.807650
559.354800
559.358650
560.239550
560.242800
560.275950
560.428750
560.482500
560.626150
560.630050
560.732600
560.736650
561.235550
561.244150
561.458950
561.461800
561.467100
561.469900
561.750300
561.753850
562.184250
562.188950
562.260250
562.511600
562.515250
563.109750
563.113250
563.448550
563.452350
564.024450
564.560150
565.088000
565.091900
565.096900
565.468300
565.602900
565.724050
565.967900
565.971800
566.435450
566.572200
566.595000
566.598950
566.903100
566.908600
567.279700
567.297000
569.201100
570.824250
570.833150
571.037500
571.041200
571.531900
571.552700
572.212850
572.216750
572.608600
572.735900
572.739550
572.916400
573.320450
573.324500
573.862200
573.866350
573.879600
573.883100
573.900600
574.184450
574.221100
574.699300
574.728650
574.738100
575.031250
575.035700
575.409100
575.413050
575.630150
575.634100
575.844650
576.076150
576.256650
576.536900
576.839800
576.843500
577.054600
577.611150
577.614750
577.683700
577.701600
577.708850
577.717800
577.931950
578.163900
578.531150
578.535100
579.221450
579.664150
580.150950
580.154650
588.529550
588.589800
589.524050
598.632400
599.624700
601.932150
603.091750
612.550450
612.555100
612.703100
612.940750
613.040600
613.198200
613.360200
613.378950
613.460550
613.638050
613.712400
613.717300
613.834250
614.753950
614.927100
614.931150
615.091500
615.429650
615.766650
616.013450
616.017300
616.415900
616.485650
616.651400
616.729350
616.776300
616.780600
616.785250
617.051050
617.346200
617.350500
618.066550
618.074250
618.117250
618.390750
618.394300
618.784300
619.495000
622.457000
622.460850
623.211900
623.215600
623.465800
623.613750
623.685650
624.187000
624.415250
624.419450
624.890300
624.898650
625.113750
625.172750
625.199600
625.534700
626.243500
626.247400
626.269350
626.631000
626.635350
626.853100
627.276700
627.384250
627.572850
627.576800
627.741900
627.892850
628.195400
628.198700
628.664950
628.668500
629.118600
629.122450
629.152900
629.810150
629.814050
630.192600
630.967600
630.971300
631.892200
631.896450
631.898600
631.957000
632.182800
632.186200
632.741300
632.906300
632.910600
637.756650
638.202250
638.211050
638.214800
638.494450
638.498150
638.683900
638.687700
639.059700
639.149950
639.154700
639.335550
639.339850
639.479600
639.784300
639.994850
639.999150
640.029100
640.559950
640.564000
640.729400
641.174850
641.178650
641.238950
641.561000
641.565100
641.604350
641.611600
641.620250
641.678450
641.778400
641.782400
642.025400
642.029850
642.034850
642.463900
642.814800
642.818800
643.176300
643.294450
643.298150
644.186550
644.190350
644.194800
644.776350
644.784300
648.224300
648.725950
648.729500
648.995900
649.204500
649.223650
649.269650
649.720400
649.724450
649.729500
650.110450
650.114000
650.481450
650.485000
650.591200
650.595050
650.911600
651.178500
651.182100
651.656750
651.851500
651.879400
652.030150
652.033950
652.102300
652.112600
652.307700
652.312300
652.770300
653.130800
653.134700
653.140050
653.161500
653.522700
653.531750
654.142550
654.146800
654.151400
654.857000
654.861000
655.211600
655.215350
655.219850
655.632850
655.751650
655.755700
655.853550
655.858000
656.475300
656.483350
656.826200
656.829600
657.166600
657.358900
657.362500
657.431500
657.435800
657.596750
657.600450
657.631150
657.821400
658.257350
658.261450
658.606450
658.610550
658.950150
659.434950
659.661250
659.679350
663.679200
663.682700
665.428600
665.432250
665.894200
665.901250
666.312800
666.316500
666.550800
666.554900
667.042500
667.050200
667.099700
667.340350
667.343950
667.348600
667.586800
667.987250
667.990800
668.170000
668.389600
668.661450
668.926500
669.337500
669.341300
669.346550
669.478900
669.501550
669.513200
669.677350
670.033850
670.041000
670.044750
670.052650
670.099650
670.209100
670.227400
670.234000
670.296800
670.658750
670.821900
670.960950
670.974600
671.187350
671.192600
671.413650
671.441900
671.446550
671.578950
671.583050
672.455600
672.724800
673.410500
673.414750
676.271100
679.351250
679.354900
679.915700
679.928800
679.936850
680.111600
680.115300
680.196100
680.446400
680.502850
680.506300
680.743300
680.911150
681.184500
681.192650
681.334650
681.690950
681.693700
681.708800
681.914400
681.941650
682.223100
682.232350
682.661350
682.961700
683.014200
683.068950
683.072800
683.568550
683.572700
684.136500
684.140500
684.308450
684.311800
684.741900
684.976400
685.014850
685.340900
685.888150
685.892000
686.388300
686.391850
686.433050
686.652650
686.923100
686.932700
687.107550
687.204600
687.257750
687.524750
687.528350
687.906600
688.140200
688.175500
690.574100
692.922400
692.926650
692.930800
694.952650
694.956350
696.629000
696.632100
696.636550
696.839600
696.843400
697.063350
697.067050
697.562650
697.566850
697.953300
698.225250
698.521200
698.524850
698.528750
698.683700
698.706300
698.883150
698.887200
699.077950
699.302050
699.305950
699.636800
699.640700
699.833500
700.095100
700.139450
700.306400
700.311000
700.423200
700.499850
700.824400
700.924150
700.927800
701.307550
701.311450
701.316050
701.343500
701.498050
701.629700
701.633600
702.322550
702.458300
702.740500
702.744900
703.282150
703.603300
703.608750
703.614350
703.862500
703.866050
704.050100
707.459250
708.164150
708.431100
708.674500
708.678400
709.116050
709.119950
711.279500
711.282750
711.287000
712.085450
712.089300
712.269600
712.273250
712.277650
712.398600
712.586500
712.611300
712.759600
713.237150
713.243900
713.431300
713.434900
713.907700
713.911650
714.119650
714.329250
714.753350
714.758050
714.938450
715.171200
715.251500
715.255300
715.331450
715.519750
715.550100
715.782100
715.786500
716.348000
716.472700
716.988450
717.001450
717.018750
717.141050
717.450450
717.454050
717.463250
717.478150
717.635500
717.708050
718.206200
718.210150
718.743400
718.747150
718.751300
719.052400
719.560450
719.564300
719.568950
720.006550
720.538700
720.694450
724.470200
724.473600
727.916500
727.919800
727.923750
727.928350
728.662350
728.666100
730.396100
730.399550
730.403850
732.722000
733.099500
733.103100
733.107800
734.640150
734.643650
735.811900
735.815400
735.819950
737.141200
737.145150
738.946050
738.949900
739.826900
739.835000
740.879900
741.927350
741.931100
741.935950
742.171650
742.198300
742.209150
742.212950
743.254850
743.262800
743.266100
743.992300
744.371150
744.375200
744.795000
744.799350
745.746700
745.750500
745.904750
745.910100
747.259450
747.262850
748.318650
748.322250
748.978700
748.982050
749.175000
749.178650
749.324850
749.328250
749.442300
749.446000
749.450550
749.611400
750.032400
750.037100
750.333050
750.337350
750.756250
750.769600
750.776650
750.858250
751.162600
751.335750
751.415450
751.481800
751.490050
751.493850
752.008700
752.099850
752.132350
752.165300
752.685150
752.689050
752.694000
753.118200
753.126500
753.130600
753.395000
753.674600
753.678400
754.076150
754.080150
754.324000
754.341200
754.572500
754.740950
754.745400
754.751500
754.829400
755.092600
755.096750
755.347150
755.412650
755.940500
755.973600
756.048550
756.241300
756.608200
756.612400
756.649300
756.996550
757.495500
757.532900
757.796550
757.800700
758.009900
758.018350
758.143750
758.631650
758.738100
758.742450
758.848200
758.877450
758.879950
759.139650
759.143850
759.169450
759.544050
759.548250
760.025350
760.031200
760.222350
760.228900
760.240900
760.660150
760.706150
761.172950
761.251850
761.280100
761.459750
761.642200
762.000150
762.515600
763.014050
763.017550
763.079950
763.118750
763.275950
764.148850
764.180650
764.192050
764.321400
764.887400
764.891650
765.141950
765.145500
766.315800
766.319550
766.653650
766.657150
766.851850
767.273600
770.022400
772.669950
772.673700
773.140850
773.144450
773.149200
774.769550
774.772650
775.551350
776.919100
776.923000
776.928650
776.934900
778.209550
778.542950
778.546500
778.550400
778.919250
779.790850
779.794650
780.560650
780.650600
780.654200
781.259500
782.436950
782.440400
783.636200
783.868900
783.872400
783.876600
784.476000
784.860950
784.864300
785.385950
786.080100
786.083550
786.908150
787.702250
787.705450
787.709450
787.820450
788.368950
788.372900
788.377900
789.215400
789.218900
790.488200
790.491850
790.495900
791.270250
791.987850
792.514850
792.518550
792.709900
792.719000
793.208700
793.212400
794.285900
794.289150
795.583900
795.587100
795.591650
795.767000
795.771000
795.776250
797.149900
797.153450
797.859450
797.862900
798.592650
798.596600
799.791550
799.795050
799.799900
800.883800
801.042600
801.411550
801.415200
802.113250
802.116550
802.507450
802.511350
802.788250
803.564900
803.573200
804.112150
805.911050
805.914300
806.622850
806.626700
806.630800
806.684800
806.688450
808.218350
808.221750
808.225900
808.230950
808.414650
808.547200
808.551050
808.555850
808.875550
808.884200
809.897050
809.910000
810.072850
810.076700
811.683100
811.686850
811.690900
811.706850
811.914450
813.320500
813.324250
813.528650
813.672700
814.294500
814.298350
814.382700
814.723600
814.732200
815.267300
815.270750
815.419800
815.526700
815.533850
815.575650
815.687650
815.691400
815.695400
816.007700
816.217300
816.293950
816.573900
816.659850
816.663700
816.958300
817.003750
817.037950
817.192650
817.447800
817.703300
817.988300
817.992700
818.120100
818.123550
818.199150
818.202850
818.207250
818.211650
818.226200
818.760850
818.764650
818.776300
819.097050
819.100850
819.297550
819.629950
819.762000
819.765900
819.988950
820.417700
820.629150
820.633200
821.062250
821.066450
821.083050
821.311050
821.320900
821.503400
821.533050
821.776000
822.283350
822.452350
822.457000
822.585400
822.860250
822.864600
823.523750
823.775800
823.922850
823.926950
823.984050
823.988350
824.281550
824.574800
824.578750
825.244000
825.251450
825.324850
825.328450
825.496450
825.501300
825.506100
826.139850
826.144600
826.150600
826.829200
827.008400
827.265750
827.304950
828.309700
828.313100
828.843300
829.239500
829.498550
829.503150
830.179250
830.183000
830.441800
830.603050
830.606950
830.948500
830.974750
831.018150
831.022200
831.063250
831.208800
831.218150
831.855200
831.880500
832.160250
832.163850
832.438050
832.441700
832.751600
832.756150
832.900400
832.957600
833.238700
833.546600
833.877200
833.880950
834.192950
834.218350
834.222750
834.422750
834.900150
834.917350
834.938250
835.113100
835.237700
835.564150
835.577750
835.964200
835.968400
836.032550
836.305250
836.915550
837.220050
837.749700
838.209250
838.213250
838.895500
838.899850
839.407350
839.864600
839.868550
840.014050
840.018350
840.297100
840.499100
840.888700
841.251300
841.704100
841.708100
842.036450
842.040600
842.338000
842.342550
843.164450
843.168700
843.174200
843.371800
843.375500
843.664900
843.678050
843.876600
844.443650
844.447450
844.452550
844.458600
844.678800
844.849550
844.853350
844.864750
845.387850
845.392550
845.437900
845.441700
845.799950
845.803950
846.234650
846.238850
846.266250
846.447400
846.451350
847.030050
847.038500
847.641400
847.656050
847.842300
847.849850
848.063100
848.843150
849.092000
849.095500
849.400300
849.404300
849.582850
849.921950
849.981700
850.310350
850.459000
850.462700
851.030900
851.035050
851.383150
851.386900
851.397800
851.480700
851.530550
851.544750
851.548950
851.581100
851.970400
851.973950
852.255550
852.476800
852.499450
852.504000
853.068200
853.267450
853.275550
853.865100
853.945400
854.190200
854.193750
854.842950
855.103450
855.413000
855.416650
855.782450
856.402000
856.405500
857.085000
857.089100
857.492600
857.496300
857.508300
857.727850
857.731850
858.140650
858.144200
858.449000
858.453150
858.457550
858.926550
858.930350
859.411400
859.415500
859.420350
859.728000
859.887850
859.892200
860.483150
860.491800
861.048950
861.052300
861.485200
861.707000
862.521400
862.530200
862.951450
862.955550
862.962100
863.053700
863.277600
863.281800
863.608200
863.612050
863.616250
864.270050
864.273700
864.404650
864.419750
864.689050
864.693000
865.043750
865.047550
865.143000
865.302250
865.305950
865.311100
865.498500
865.502400
865.727450
866.238200
866.242300
866.548800
866.860500
867.147600
867.816450
867.820100
867.888550
868.088750
868.522350
868.997550
869.014900
869.171450
869.175050
869.563850
869.568900
870.055600
870.059200
870.497100
870.501200
870.707650
870.756900
870.760850
871.655450
872.001100
872.004950
872.503400
872.507100
872.740950
872.832300
872.837250
873.391150
873.395100
873.722950
873.727500
873.787100
873.954350
873.958400
874.205150
874.378800
874.852000
874.855850
875.248650
875.577850
876.059200
876.063200
876.211650
876.215350
876.370350
876.626350
876.630350
876.635250
877.480950
877.484550
877.591500
877.696150
877.955850
878.162400
878.286600
878.289950
878.294000
878.627150
879.230050
879.479400
879.589550
879.593150
879.598250
879.856350
880.346800
880.351050
880.548800
880.553200
880.740350
880.744350
880.846650
880.850450
881.494600
881.838500
881.842750
882.074900
882.249800
882.471300
882.591950
882.992150
883.176600
883.181300
883.378250
883.907650
884.068000
884.233800
884.588250
884.592550
884.703600
884.755750
884.933800
885.210550
885.218550
885.460500
885.592950
885.596600
886.085850
886.089800
886.094300
886.940750
887.253850
887.258100
887.658300
887.800450
887.952800
887.957200
887.961900
888.611050
888.615150
888.957550
888.960900
888.965050
889.247500
889.251400
889.610200
889.899800
889.903500
890.025750
890.029650
890.295300
890.701700
890.705350
891.138700
891.208800
891.223800
891.899500
891.903450
892.481200
892.511600
892.515700
893.460050
893.463600
893.483050
893.672850
893.676950
894.083800
894.087350
894.536200
894.540250
894.552150
894.711750
894.715250
894.993950
895.451600
896.104150
896.274800
896.844450
896.848400
896.963250
896.967400
897.212150
897.215950
897.317750
897.808300
898.019950
898.027800
898.274150
898.498950
899.299700
899.592050
899.596250
900.010550
900.507550
900.511000
900.557900
900.561850
900.701500
901.006800
901.010900
901.014900
901.027750
901.054250
901.084200
901.088300
901.440800
901.449900
902.025650
902.029550
902.034100
902.479250
902.501400
903.129500
903.344050
903.347650
903.352650
903.543100
903.810100
904.146650
904.150700
904.555900
904.709350
904.712700
905.130100
905.133600
905.433100
905.437350
905.899750
905.904000
906.985250
906.988650
907.356700
907.360850
907.738000
907.745500
907.753500
908.229900
908.233900
909.000000
909.350400
909.596550
909.602350
909.608200
909.779350
909.782950
909.937950
909.942250
910.305000
910.309050
910.637950
910.663250
910.957000
911.115350
911.572850
912.137000
912.529400
912.533250
913.722650
913.726250
914.962350
914.965950
915.163400
915.166900
915.415200
915.418350
915.422300
915.433950
915.827400
916.265600
916.280700
916.912200
916.915850
916.988250
916.991650
916.996500
917.297850
917.688450
917.692650
917.904800
917.909500
918.112800
918.261750
918.265550
918.693350
918.697450
918.987600
919.119600
919.457150
919.466250
919.637800
919.841700
919.867950
919.871950
919.893900
919.911000
920.031250
920.035200
920.040250
920.051950
920.465500
920.803050
920.811400
920.999650
921.004050
921.520800
921.524750
921.621200
921.624850
921.786000
922.077550
922.081050
923.749650
923.753400
924.042000
924.537100
924.819550
925.140450
925.143950
925.148750
925.818100
925.895050
926.317800
926.321850
926.787750
927.337950
927.341850
927.769950
928.223950
928.227500
928.231850
928.790250
928.936400
929.485500
929.515000
929.991950
930.019100
930.147100
930.275150
930.278800
930.620300
930.623850
930.632150
930.641300
930.801100
931.228400
931.232200
931.725000
931.966100
931.969750
932.448050
932.763800
932.935350
932.938950
932.943300
933.162200
936.518450
936.521950
937.014950
937.018950
937.406550
937.410800
937.417200
938.157600
938.189900
938.209700
938.403100
938.724000
938.859950
938.962750
938.968100
938.983800
939.692650
939.696650
939.703300
939.706700
939.711650
939.726800
939.740550
940.041150
940.201600
940.215450
940.271400
940.561800
940.565750
940.570550
940.984600
941.098700
941.275050
941.388600
941.394050
941.702750
941.706500
941.772400
941.961400
941.965350
942.166450
942.799300
942.881650
942.989600
942.993750
943.027850
943.197300
943.849000
943.853150
944.063450
945.092100
945.095600
948.710200
949.174500
949.177950
949.182400
949.997750
950.000950
950.004750
950.610250
950.613700
950.992050
950.995650
951.274950
951.294200
951.398650
951.645650
951.649400
952.299750
952.303500
952.436350
952.588150
952.712100
953.464850
953.507400
953.511850
953.727500
953.737000
953.963700
953.967550
954.209850
954.214450
954.307500
954.397700
954.823200
954.827000
955.310650
955.314550
956.098850
956.102650
956.535250
956.538950
956.543300
959.007100
960.476300
962.126900
962.702800
962.706250
962.710550
962.945250
963.171250
963.175100
963.370800
963.520750
963.524250
963.529700
963.802350
964.005350
964.075450
964.779000
964.782700
964.787450
965.006950
965.010400
965.326800
966.045150
966.314500
966.322400
966.326050
966.398550
966.403050
966.424950
966.695100
967.292800
967.361050
967.936100
967.939650
968.032550
968.092450
968.096650
968.289600
968.293350
968.935000
968.938650
969.042700
969.112350
969.235350
969.363050
973.305350
973.678900
974.547450
975.216050
975.219400
975.223800
975.270950
975.276300
975.495150
975.498850
975.897000
975.900800
976.060600
976.075050
976.527350
977.067800
977.071200
977.585150
977.588450
977.599300
977.700800
978.014550
978.275300
978.633150
978.636750
978.640650
978.760700
979.326100
979.625300
979.629100
979.743250
979.886650
980.217450
980.221200
980.227150
980.268050
980.274000
980.646150
980.650950
980.658750
981.003000
981.116300
981.126950
981.134650
981.639950
981.679800
982.431600
984.764800
984.768150
984.774000
986.849100
988.435900
988.439750
988.444650
988.858900
989.136150
989.139550
989.536950
989.540750
989.544650
989.670100
989.673800
989.845750
989.849350
990.454750
990.982800
991.037750
991.306750
991.310600
991.599150
991.602950
991.982000
991.990650
992.139300
992.369500
992.378000
992.520500
992.747050
992.750900
992.904600
992.910550
993.055600
993.059800
993.311100
993.317600
993.898450
994.106000
994.619450
994.623150
994.628200
994.905850
994.925650
995.317250
995.347300
995.384650
995.651850
995.711650
995.830750
996.157800
1000.182300
1000.191500
1001.314700
1001.318200
1002.574450
1002.578150
1002.582050
1003.475450
1003.480100
1003.524950
1003.607400
1003.816350
1003.820350
1004.270000
1004.273900
1004.647350
1004.778000
1004.781650
1004.789200
1005.546650
1005.550700
1005.555200
1005.893400
1006.254300
1006.258200
1006.955250
1006.959100
1007.140800
1007.424700
1007.435850
1007.779900
1008.784900
1008.788300
1014.380800
1015.112850
1015.116050
1015.119700
1015.594300
1015.747450
1015.751450
1016.519050
1016.522550
1016.537850
1016.577850
1016.581400
1016.798400
1016.802700
1017.016650
1017.020600
1017.062450
1017.223450
1017.227200
1017.230800
1017.245950
1017.448150
1017.452450
1018.257800
1018.265500
1018.447600
1018.744250
1018.933600
1018.937800
1019.052400
1019.632450
1019.636300
1020.000200
1020.004150
1020.008700
1020.075900
1020.196050
1020.387750
1020.769800
1021.103350
1021.445750
1021.449250
1021.648950
1021.652900
1021.657100
1021.954250
1022.188650
1022.192400
1022.564800
1022.705500
1022.709500
1023.200150
1023.499000
1029.083250
1029.086900
1030.095600
1030.098800
1030.311250
1030.484600
1030.596200
1030.934800
1030.938600
1031.112300
1031.151950
1031.157400
