0.110100
0.114350
1.143400
1.147750
1.909500
1.913850
1.935850
1.952750
5.140700
5.143300
5.146500
5.163300
5.166600
7.610050
7.614900
10.192500
10.194800
10.197300
10.200200
10.203900
10.209100
10.211450
10.213500
10.254150
10.270150
10.308850
10.365350
10.444500
10.507900
10.613600
10.718800
10.872200
11.095600
11.279450
19.259700
19.264650
25.024800
25.029000
25.033550
29.381000
29.385900
30.462250
32.160000
32.164600
32.183250
34.256200
34.266000
36.485100
36.489250
36.498050
36.794000
38.254350
38.265400
40.748400
40.752750
40.760100
42.896050
42.900450
42.907300
43.713000
43.717500
47.228650
47.734750
47.746700
47.756900
48.329300
51.418100
52.362800
57.433100
58.780700
58.950250
58.958200
58.963300
61.807400
61.811750
65.429900
65.435150
67.710100
67.722100
67.730000
67.933900
67.941250
69.764250
75.522650
76.199850
80.196350
81.435900
82.115550
82.195650
82.615650
82.635850
85.420500
86.197600
87.799750
87.803550
87.818000
88.855750
88.860200
93.582600
93.587700
95.560000
95.564800
95.570550
95.572950
95.584000
95.590900
97.003550
97.007750
99.638750
99.679600
100.520900
100.525250
102.872950
104.148000
104.875100
106.096200
106.101850
109.223650
109.228000
109.235200
109.255250
111.501400
111.505750
111.512750
111.529300
112.840550
112.845000
112.847550
112.975500
114.526900
114.531350
114.882450
114.887700
115.381950
115.392800
115.398400
115.404650
115.411450
115.415400
117.345250
117.349150
117.353300
117.355500
117.357700
117.838150
117.850000
118.027850
118.032850
118.045300
118.518100
118.853000
118.858400
119.116750
119.122900
122.190250
123.120050
123.143250
124.286850
124.290950
124.296400
124.310350
125.450000
125.454450
125.470000
126.329700
126.333450
128.179300
128.183400
128.191200
128.910400
128.914450
128.920550
129.202000
129.206100
129.691250
129.695350
129.706250
129.709200
129.711750
129.718400
129.929650
131.541300
131.545950
131.551450
131.568050
132.096350
132.102050
133.827000
133.844650
134.574600
134.578900
134.586150
136.181600
136.321700
136.324500
136.328250
137.263250
137.267250
137.779500
137.783600
138.450700
138.455850
138.795350
138.799650
140.076000
140.080250
140.652450
140.657250
140.663800
142.212400
142.914100
142.918150
142.924400
142.929800
142.934750
143.105800
143.110200
143.116750
143.123850
143.261850
143.264650
143.268700
144.409200
144.413300
144.453000
144.626200
145.262800
145.267150
146.235600
146.240100
148.194300
148.210900
150.064700
150.066750
150.069250
150.261250
150.265900
150.281500
150.286000
150.290450
150.605500
150.608450
150.748050
150.758000
151.519750
152.084900
152.089350
153.339300
154.273950
154.277650
154.282450
154.849800
155.668300
155.673000
156.393150
156.397600
156.404450
156.429800
157.317650
158.495200
158.499650
159.856000
159.859900
159.867500
159.873000
159.896500
159.907650
159.935750
159.941300
160.189050
161.572750
161.777900
161.780850
162.057950
162.061300
162.066350
162.080800
163.102700
163.111150
163.117150
163.422300
163.426450
165.206200
165.424300
166.344950
166.349400
166.357650
166.934150
166.938150
166.957600
166.971200
166.993950
167.001350
167.360350
167.365950
167.588000
167.592050
167.595800
167.598950
168.838650
168.847300
169.198050
169.210650
172.548950
172.553250
172.671000
172.690650
172.695600
172.701800
172.797200
172.800150
172.803800
172.867700
172.968550
172.973650
173.150950
173.701000
173.705700
174.934400
174.938300
175.854800
176.260300
176.264700
177.134900
177.138800
177.154250
177.159150
177.290700
177.355750
177.358850
178.294850
178.300750
178.311550
178.422200
178.424900
178.428650
179.248550
179.251550
179.796600
179.801000
181.731050
181.735650
182.563200
182.568550
182.804250
182.939200
182.942250
182.972950
182.977300
183.718600
183.723000
183.727700
184.381750
184.385750
184.390450
184.450950
185.830800
185.835550
186.746800
186.759250
188.804550
188.809000
189.178750
189.197750
189.201600
189.209800
189.217600
190.514850
190.519200
191.143500
191.172500
191.294000
191.429600
191.433350
191.438600
192.307750
192.315150
192.452750
192.922350
192.938750
192.947100
193.142850
193.145900
193.497900
195.332650
195.336600
195.340850
195.957900
195.962500
196.764550
196.769600
197.492200
197.496350
197.647750
197.652900
200.456150
200.465300
200.482050
201.684200
201.696450
202.991650
202.996150
203.451000
203.781000
203.785650
203.789650
204.082050
204.734450
204.737150
205.695900
205.700450
206.019950
206.751700
206.756900
206.762150
207.036500
207.040400
207.046050
207.213400
207.216500
207.424400
207.564950
208.390000
209.007750
209.620400
209.880650
209.883800
211.207950
211.965900
211.970150
211.984000
211.992850
212.099450
212.102200
212.105650
212.182650
212.646550
212.651600
213.196150
213.200300
213.205950
213.368050
213.372000
214.243400
214.247900
214.596100
214.600500
214.645500
214.648000
214.652950
214.661650
216.282700
216.287800
216.830450
216.834600
216.842350
217.343150
217.347400
217.453800
217.478650
218.072200
218.391800
218.400050
218.404900
218.411000
218.417400
218.573250
218.575900
219.014500
219.021050
219.146600
219.354450
219.503200
219.510950
219.523400
219.599650
219.603000
219.628550
219.944350
219.950200
220.428400
221.003650
221.007650
221.012700
221.294000
221.298650
221.814850
221.819300
222.012700
222.015600
222.305300
222.314600
223.600350
223.605200
223.765050
224.133350
224.136250
224.140000
224.144900
225.491350
225.495150
225.838550
225.842800
225.854750
226.366000
226.370300
227.008400
227.129000
227.131550
227.135050
227.139000
227.397600
227.405700
228.449050
228.473950
228.489950
228.492300
228.909950
229.082800
229.087850
229.288600
229.292850
229.525750
229.530950
229.787000
230.502800
230.506000
231.214350
231.609750
231.613600
232.220850
232.224800
233.233100
233.237050
233.612450
233.616900
233.741100
233.743950
233.759500
233.763000
234.462900
234.467200
234.559150
234.562150
235.042000
235.531350
235.808950
235.812400
235.816700
235.820850
235.826500
237.010650
237.014700
237.335750
238.342650
238.689350
238.692000
239.712650
239.716800
239.723900
240.484850
240.590600
240.594900
241.332600
241.337200
241.377750
241.383050
241.556600
241.561150
242.909450
243.367750
243.371000
243.821350
243.825250
243.833600
244.136000
244.138950
244.463050
245.276100
245.280150
245.465300
245.469900
245.698250
245.702700
245.725900
245.731200
246.578850
246.586700
246.659450
246.664150
246.683800
247.859850
247.863050
248.386100
248.390150
249.518000
249.664000
249.668400
250.273250
250.277100
250.282150
250.290900
250.315500
250.332950
251.409800
251.421250
251.437300
252.252100
252.255850
252.261700
252.272200
252.541900
252.547100
252.662850
252.665800
253.125450
253.140050
253.147650
253.152900
253.269450
253.272450
253.276250
253.601100
253.605000
253.944850
253.950200
254.247950
254.252500
254.531200
254.550500
254.554750
254.616500
256.006100
256.010250
256.204100
256.207550
256.265550
256.380750
256.384800
256.642550
256.646500
256.652000
257.054200
257.059250
257.582350
257.585500
258.223700
258.814750
258.819950
258.952200
258.955200
258.958800
259.093300
259.101900
259.242700
259.245850
259.318550
259.437850
259.440950
260.098400
260.102250
260.107900
260.125450
260.216800
260.219500
260.223000
260.227450
260.232300
261.860900
261.865650
261.869850
261.879000
262.063650
262.071800
262.215150
262.218300
262.229350
262.232700
262.251700
262.897750
263.156250
263.165800
263.345650
263.348750
263.782200
264.167950
264.244950
264.248150
264.624650
264.628300
264.674050
264.796200
264.799850
264.804350
264.810100
264.816500
266.192850
266.197000
266.207150
266.398350
266.409850
267.307450
267.311750
267.473200
267.476000
267.546900
267.551650
267.611300
267.742100
268.035700
268.040300
268.628250
268.631450
268.783500
268.788200
269.281050
269.418150
269.422600
269.990450
269.995250
270.691100
270.694550
270.698200
271.024050
271.028150
271.091350
271.095600
271.101500
271.108500
271.242850
271.247900
272.218500
272.223700
272.830650
272.833650
273.255650
273.260000
273.464250
273.468950
273.527500
273.531950
273.544050
273.718950
273.731550
273.747500
273.753900
274.319750
274.322550
274.338050
274.384700
274.389000
275.290700
275.294350
275.300050
275.413500
275.416400
275.420500
275.439700
275.646450
275.658300
275.668650
275.676750
275.724450
275.861950
275.865400
275.931250
276.589250
276.593350
276.597450
276.605150
276.609750
276.619100
276.624400
276.695300
276.698150
277.322550
277.325450
277.406850
277.411200
277.823950
277.983900
277.989350
278.221950
278.227100
278.336950
278.340150
278.379950
278.383100
278.453300
279.300700
279.305050
279.610550
279.614250
279.618450
280.195550
280.312750
280.315600
280.345950
280.638150
280.695750
280.700500
280.703950
280.817300
280.820100
281.142300
281.146650
281.151350
281.291550
281.295300
281.300150
282.073150
282.077300
282.624750
282.789000
282.792150
282.872250
283.309550
283.315100
283.472400
283.475450
284.091050
284.256300
284.634650
284.648400
284.652250
284.656250
284.661250
284.667300
284.946650
284.950600
285.132200
285.135100
285.138450
285.141950
285.146050
285.150600
285.156300
285.381000
285.385500
285.676650
285.681050
285.797450
285.800800
286.449400
286.453150
286.554300
286.559300
286.698450
286.702050
287.204200
287.287800
287.293700
287.529450
287.534750
287.544350
287.794950
288.412650
288.415850
288.459100
288.464900
288.722000
289.123000
289.451200
289.531850
289.536200
289.555600
289.688500
289.881300
291.100450
291.104800
291.112500
292.791450
292.800100
292.816600
293.002500
293.006800
293.011550
293.017300
293.022650
293.122950
293.127200
293.154650
293.280100
293.282900
294.006100
294.106600
294.211650
294.215550
294.221800
294.611500
294.615800
294.621150
294.792450
294.800900
294.806300
294.900900
294.903650
294.907200
294.915100
294.926400
294.931200
295.173350
295.178750
295.656100
295.660350
295.738500
295.744150
295.803550
296.166450
296.171850
296.351700
296.356350
296.360000
296.363150
296.748550
296.752550
297.405000
297.409350
297.454550
297.462350
297.466000
298.056800
298.059850
298.293600
298.297950
298.305450
298.426900
298.431100
298.437650
298.510550
298.513300
298.516550
298.521350
298.533000
298.582650
299.287000
299.291050
299.303800
299.321400
299.329350
299.337200
301.053400
301.219100
301.223350
301.729700
301.734250
301.814150
301.818450
301.825800
302.139500
302.142350
302.146300
302.152500
302.654900
302.659000
303.143300
303.508300
304.080800
304.085350
304.299200
304.302300
304.653500
304.657350
305.379000
305.383350
305.757900
305.763250
306.016150
306.229450
306.233900
306.308850
306.312150
306.323850
306.346950
306.387300
306.657050
307.029950
307.034950
307.222000
307.227100
307.341800
307.352500
307.458350
307.463450
307.479000
307.493150
307.496450
307.577200
307.580100
307.583600
307.594950
307.606000
307.714250
308.182100
308.186850
308.200900
308.450950
308.895450
308.909700
309.464700
309.468700
309.474650
309.477600
309.524650
309.528650
309.734650
310.281950
310.286550
310.597400
310.601850
310.607550
310.811050
311.491800
311.496300
311.990950
312.002950
312.021650
312.127950
312.131000
312.469050
312.473650
312.480400
313.040600
313.044850
313.462600
313.466800
313.726900
313.730550
313.735900
314.348450
314.353450
315.081500
315.091050
315.205400
315.208750
315.851850
315.856150
317.233600
317.236550
317.307350
317.311150
317.317250
317.492700
317.496750
318.066250
318.070300
318.256000
318.266900
318.270200
318.282150
318.287650
318.302350
318.394400
318.397100
318.400300
318.427900
318.585700
318.799250
318.804150
318.827900
318.892350
318.911650
319.100350
319.103100
319.106350
319.109550
319.118450
319.124400
320.678850
320.683000
320.954450
320.972100
321.138950
321.144300
321.224400
321.228300
321.233300
321.621300
322.049300
322.052350
322.170050
322.174400
323.106000
323.108900
323.112550
323.117150
323.598550
323.708150
324.149350
324.153300
324.159900
324.411750
324.416250
324.423150
324.511350
324.617350
324.620150
324.966750
324.970050
325.258200
325.263450
325.350100
325.435400
325.438700
325.658700
325.865150
325.870150
326.451600
326.552350
326.559900
326.564050
327.504900
327.508700
327.513300
327.751600
327.757250
327.866800
327.870050
328.142700
328.147100
328.161600
328.166700
328.549950
328.553300
328.557250
328.561650
329.000550
329.004150
329.009650
329.019300
329.803950
329.808550
329.859250
329.989550
329.992600
330.032400
330.037800
330.984800
331.382400
331.386900
332.349800
332.355750
332.451900
332.708050
332.712100
333.074500
333.078800
333.425700
333.438000
333.628050
333.906700
333.909950
334.404400
334.408200
334.413900
334.921050
334.925300
335.057050
335.061850
335.079750
335.101350
335.150150
335.154850
335.167150
335.306150
335.311750
335.443150
335.446250
335.724250
335.762050
335.767400
335.775500
336.502400
336.807450
336.811650
336.947400
336.950050
337.508400
337.511400
337.515900
337.519800
337.656200
337.804100
337.808300
338.573150
338.577400
338.646750
338.652050
338.732700
338.735550
339.183700
339.406500
339.409450
341.136400
341.139150
341.142400
341.149500
341.202500
341.328100
341.332450
341.597300
341.601950
341.841150
341.845550
342.068500
342.452100
342.935500
343.087850
343.093250
343.143350
343.715200
343.718650
343.962500
343.967550
343.974100
344.097350
344.102750
344.199950
344.203400
344.307950
344.311550
344.369700
344.833650
344.837900
345.014700
345.019000
345.089700
345.102750
345.114550
345.195000
345.198200
345.500300
346.034550
346.039200
346.163500
346.167700
346.173650
347.525100
347.532050
347.535650
347.541150
347.670350
347.677850
347.686250
348.578350
348.582100
348.777900
348.792000
349.676950
349.682400
349.687100
349.720200
349.727200
350.217000
350.522750
350.526650
350.533200
350.603750
351.192400
351.196900
351.439050
351.443200
351.453950
351.492000
351.501750
351.524650
351.530000
351.616900
351.619450
351.623100
351.660400
351.664800
351.687950
352.082600
352.358500
352.362550
352.436850
352.534400
352.537500
352.544150
352.563500
352.837550
352.841350
352.846800
353.037400
353.042550
353.388100
353.441550
353.480400
354.299200
354.303550
355.258500
355.262600
355.269900
356.453500
356.828800
357.128700
357.131750
357.586200
357.589700
358.015050
358.018200
359.757650
359.761700
359.769050
359.778500
360.237800
360.242150
360.368900
360.372950
360.444450
360.450050
360.538400
361.356550
361.360350
361.371950
362.195000
362.199600
362.800800
362.804150
362.847950
362.852050
362.898450
362.987400
362.990050
362.994200
363.430150
363.434400
363.946900
363.951000
363.975650
364.947000
364.953150
365.214150
365.217800
365.222850
365.239150
365.370850
365.376350
365.723350
366.089700
366.093950
366.252650
366.256100
366.348750
366.353850
366.361850
366.593950
367.262600
367.266800
367.297700
367.821150
367.824350
369.466450
369.470950
369.495550
369.500450
369.875400
369.879500
370.095900
370.100200
370.109100
370.430350
370.716050
370.721900
370.727350
371.265300
371.270150
371.301300
371.802800
372.651350
372.775450
372.778650
372.965400
372.968750
373.471650
373.480100
375.312800
375.715300
375.724350
377.283200
377.864500
378.070700
378.283050
379.665650
379.669600
379.677200
379.836650
379.841050
379.848850
380.311700
380.316450
381.008000
381.012650
381.119350
381.123750
382.361950
382.366550
382.623500
382.627500
383.258200
383.790450
383.794800
383.939950
383.942800
384.287000
384.302400
384.569200
384.572200
384.588850
386.208150
386.210950
386.225350
386.229200
386.409000
386.413350
386.766950
386.771600
386.787150
387.169600
387.174300
387.298000
387.300800
387.304650
387.312150
387.839150
387.843500
387.940100
387.944450
388.343700
388.836650
388.840900
388.857200
388.864350
389.201250
389.206100
389.676450
389.680800
389.689100
390.270100
390.274100
390.451700
390.454650
391.131350
391.135350
391.140950
391.170500
391.177200
391.368600
391.371650
392.514550
392.519150
392.550000
392.554850
392.561900
392.596300
392.602950
392.677650
392.680400
392.684300
392.790400
392.795100
392.989900
393.021300
393.222800
393.226000
393.236950
393.326050
393.330350
394.012950
394.302500
394.307150
394.428000
394.431000
394.434450
394.609250
394.613700
394.622750
395.040950
395.045350
395.058400
395.070750
395.761100
395.765550
396.684400
396.693300
396.972600
396.977450
397.295200
397.300100
397.527250
397.653700
398.249750
398.254350
398.585450
398.590500
399.619850
399.624000
399.630450
399.801050
399.805800
399.902000
399.951100
399.955550
402.007950
402.012600
402.030450
402.225900
402.230750
402.379250
402.384500
402.789450
402.793450
402.801950
403.281600
403.286100
403.374150
403.379300
403.384350
403.395600
403.462400
403.465950
403.618600
403.816050
403.820600
404.257000
404.261700
404.269500
404.560650
404.564950
404.579350
404.589500
405.280000
405.282950
405.311250
405.681500
406.152000
406.156050
406.162200
406.712750
406.716700
406.727800
407.187000
407.189750
407.193150
408.100600
408.103500
408.121450
408.214550
408.218850
408.562300
408.566600
408.739700
408.744500
408.752550
409.103400
409.386900
409.397050
409.608500
409.875700
409.880800
410.281200
410.383800
410.388450
410.680500
410.683250
410.748900
410.753400
410.822450
410.831400
411.154250
411.159200
411.228400
411.441200
411.444350
411.472000
411.611000
411.948250
412.416650
412.427550
413.004100
413.009000
413.500200
413.511900
413.516950
413.573350
413.579250
413.748750
413.845800
413.848550
413.852550
413.864150
413.871950
414.260450
414.265050
414.707500
414.712200
414.748150
414.754750
415.251850
415.256350
416.403700
416.407650
416.463600
416.468600
416.494400
417.363300
417.366450
417.384850
417.388950
417.521600
417.526250
418.277850
418.282000
418.955000
418.959350
419.187400
419.191750
420.891450
420.916650
420.920900
420.925850
420.933750
420.941400
420.944300
421.034850
421.041700
421.139550
421.142350
421.146300
421.996550
422.000700
422.009450
422.175750
422.237850
422.242250
422.247400
422.907700
422.919300
423.106100
423.110200
423.116050
423.205000
423.218100
424.049400
424.176500
424.181400
424.707450
424.715500
424.802450
424.805150
424.826100
425.274950
425.279500
426.038450
426.047500
426.173200
426.176400
426.194800
426.421500
426.426250
427.020150
427.030300
427.858250
427.866950
427.976250
427.979100
429.030400
429.035150
429.515350
429.523200
429.538350
429.544200
429.644800
429.647750
429.660950
429.774100
429.861450
429.866150
430.046200
430.054300
430.230650
431.244800
431.249450
431.622200
431.626750
432.173500
432.178100
432.384450
432.613450
432.618050
433.518900
433.680000
433.940550
433.954450
433.958750
433.965700
433.991800
434.000450
434.008000
434.123000
434.134350
434.141500
434.234100
434.236950
434.553700
434.558450
434.847300
435.700400
435.704350
435.891900
435.896650
436.203100
436.343000
436.348200
436.360550
436.681500
436.685750
436.698500
436.702950
436.706100
436.713200
436.720350
436.734400
437.329900
438.955100
438.959500
439.222850
439.226800
440.425350
440.429100
440.738800
440.743150
440.750250
441.447050
441.451700
442.042700
442.047050
442.052600
442.170750
442.173800
442.183050
442.439650
442.444300
442.603500
442.608350
442.613750
442.689550
442.695600
443.352900
443.357400
443.970900
443.974750
443.980300
444.562600
444.639450
444.962550
444.976300
444.981450
444.986600
444.997800
445.857000
445.860200
446.171900
446.176500
446.187450
446.742650
446.746700
446.752300
446.764800
447.032450
447.038800
447.479550
448.025200
448.029500
448.658400
448.662700
449.331950
449.338950
449.345800
449.573500
449.577850
449.841200
449.846150
450.021950
450.064400
450.068450
450.407850
450.411100
451.743150
451.747600
451.931000
451.935200
452.053700
452.058400
452.118500
452.121350
452.124700
452.136900
453.157700
453.299500
453.303750
453.310050
453.618800
453.623050
453.631200
453.691800
453.701900
453.706800
453.718950
453.731250
453.918500
454.000700
454.139000
454.562900
454.566650
454.585000
454.592300
455.166050
455.170800
455.184750
455.190450
455.441550
455.446250
456.067300
456.071500
456.301450
456.306350
456.385450
456.388550
456.391800
457.374950
457.379350
457.385100
457.405000
457.413050
457.428250
457.439500
458.865050
458.869100
458.875650
459.044600
459.047350
459.051000
459.097750
459.102100
459.115800
460.638450
460.641700
460.791150
460.795450
461.576750
461.931750
461.936000
462.480750
462.900550
462.905100
463.163000
463.168700
463.506300
463.511250
464.121400
464.126000
464.161650
464.168100
464.536400
464.685300
464.688300
464.818950
464.824300
464.965450
464.970550
465.103700
465.106400
465.112900
465.150100
465.889200
465.894650
466.023650
466.028300
466.114750
466.118750
466.124850
466.150050
466.154950
466.248350
466.251400
466.261700
466.266600
466.276750
466.500200
466.505400
466.969300
467.124600
467.128700
467.152900
467.159150
467.172300
467.953100
468.147000
468.151250
468.502300
468.506700
468.511600
468.946050
468.980050
468.985600
469.847300
470.944250
470.948500
471.759050
471.986550
471.989500
472.339000
472.341950
472.350800
472.903250
472.907000
472.924800
473.968250
473.974550
474.200500
474.204950
474.839500
474.843850
475.056000
475.276050
475.535550
475.539800
475.547150
475.744450
475.749400
475.889650
475.893600
475.908350
476.107200
476.110100
476.127150
476.143700
476.204300
476.414250
476.419000
476.756900
476.761800
477.167800
477.172300
477.612650
477.616800
477.623450
478.032800
478.121150
478.125900
478.402950
478.406950
478.415150
478.427700
478.460000
478.695400
478.698450
478.824650
479.107500
479.112150
479.194050
480.851950
480.860800
480.867550
480.948150
480.993000
480.995750
481.108300
481.595750
481.599950
481.605250
481.613400
481.623950
481.864350
481.869550
484.043900
484.047050
484.134300
484.138550
484.147750
484.280250
484.433300
484.437750
485.371100
485.380850
485.442450
485.447950
486.063200
486.067650
486.073650
486.434850
486.667550
487.102200
487.643350
488.128500
488.132500
488.376500
488.520450
488.524950
490.050750
490.055400
490.060500
490.241950
490.447700
490.503700
491.556900
491.559650
491.563150
492.064750
492.398700
492.403000
492.625100
492.784000
492.788800
492.888050
492.891350
493.093450
493.097950
494.231850
494.397450
494.401950
494.555550
494.782650
494.786550
494.794950
494.985650
494.991650
495.017250
495.022550
495.258550
495.261800
495.391750
495.396600
496.064000
496.719800
497.387700
497.396150
497.607550
497.612950
497.709950
497.741700
497.844400
497.848750
497.862550
498.460500
498.477600
500.180850
500.185000
501.472500
501.477150
501.656000
501.661300
502.553600
502.558100
502.711350
502.716350
503.351750
503.408650
503.412950
503.505150
503.507900
503.511250
503.521000
503.576000
503.851600
503.856050
504.900350
504.904650
504.968100
504.972700
504.982500
505.288900
505.300550
506.253500
506.258000
506.266950
507.529600
507.533700
507.540700
508.173950
508.178850
508.447950
508.605400
510.065300
510.531550
510.658600
510.663500
511.309250
511.313600
511.324100
511.580150
511.588900
511.593150
513.217300
513.221300
513.316800
513.319750
513.323300
513.352850
513.508950
513.513350
514.014700
514.020050
514.024450
514.028750
514.031850
514.034350
514.048250
514.290050
514.294200
514.301600
514.641850
514.975550
514.980400
515.133500
515.136750
515.764200
515.768750
515.775400
515.783550
515.792150
517.225950
517.230650
517.495150
517.499800
518.422700
518.719300
518.723900
518.769700
518.784050
518.802450
519.515150
519.519400
520.370400
520.536000
520.539200
521.115050
521.119150
522.878750
522.881950
522.901500
523.381650
524.140250
524.144600
524.321450
524.856550
524.861050
524.869300
524.877750
524.886850
524.903550
525.120800
525.124150
525.158000
525.163250
525.809550
525.814300
526.831850
526.835900
526.848350
526.853250
526.866700
526.874050
528.197300
528.201650
528.210800
528.219050
529.208200
529.628300
529.632950
530.422300
530.426150
530.577450
530.581600
530.595100
530.603450
531.374100
531.378700
531.611600
531.616000
531.760300
531.763400
532.716350
532.720600
532.725800
532.732650
532.894750
532.899050
532.937200
532.945200
534.098300
534.102300
534.129400
536.096550
536.640300
536.644450
536.665200
536.670700
536.751350
536.755400
536.767600
537.015900
537.021700
537.248850
537.495550
537.500450
538.285850
538.290450
538.528700
538.906650
538.911100
540.949100
540.953350
541.577500
541.587400
541.597650
542.044800
542.049000
542.081000
542.161050
542.810750
542.815250
542.825900
542.832200
542.963400
542.966200
542.970050
543.266250
543.280550
543.407300
543.411450
544.100100
544.337700
544.342200
544.351050
544.545250
544.550000
544.797950
545.110600
545.115600
545.406300
545.418700
545.910000
545.914850
547.653500
547.899850
547.904150
547.986800
547.991900
548.932250
548.937000
548.982600
549.005550
549.176100
549.180650
549.440250
549.622300
550.452900
550.456850
550.470350
550.475650
551.072350
551.131400
551.135950
551.142850
551.217450
551.223900
551.377750
551.380600
551.384100
551.424200
552.104150
552.108750
552.164250
553.208400
553.213350
553.228450
553.449850
553.839500
554.095050
554.099750
554.823900
554.828100
554.834950
556.868200
556.872650
557.314850
558.276300
558.280300
558.790500
558.794850
558.802500
558.811100
559.110300
559.362350
559.365700
559.820650
559.826150
560.811550
561.464850
561.469150
561.525950
561.530850
562.053350
562.057850
562.605350
562.609850
563.505850
563.510700
564.131550
564.135450
564.146400
564.171650
564.184950
564.278150
564.281250
564.284850
565.464950
565.818950
565.822850
565.895550
565.920900
566.607550
566.611600
566.617000
566.625100
566.630800
566.818450
566.823550
566.834050
567.065400
567.070000
567.520500
567.523850
568.818800
568.822950
568.865500
568.886450
568.898100
569.284000
569.422900
569.426350
570.844050
570.848100
571.264650
571.268850
571.315200
571.963600
571.968100
572.389200
572.393700
573.708350
573.712250
573.871600
573.875550
573.880000
574.036250
574.042450
574.063300
574.156250
574.159200
574.516650
574.521250
574.533250
574.540600
574.554750
574.882450
574.887700
575.164800
575.170450
575.796950
575.802100
576.128000
576.132550
576.563550
576.567450
576.571800
576.728900
576.733800
576.748200
576.759900
576.893800
576.899300
577.269600
577.288700
577.294550
577.901500
577.906300
577.925650
577.931750
578.669500
578.674250
579.306700
579.547200
579.551200
579.556850
581.616600
581.649550
581.652650
581.667350
581.877450
581.881450
581.888900
583.522300
583.527150
584.364950
585.714450
589.969300
590.872050
592.204250
599.905050
599.909800
601.149550
601.952700
602.564050
603.908950
604.328500
604.408350
604.428650
604.471300
605.707350
606.406650
607.640600
609.303550
609.323550
609.920400
610.894150
612.517550
612.540550
612.545900
612.690700
613.026950
613.031750
613.060750
613.067450
613.480600
613.485200
614.025400
614.028300
614.032200
614.058750
614.144050
614.147900
614.975400
614.980200
615.430200
616.129650
616.134000
617.030200
617.103400
617.107050
617.111850
617.672400
617.676650
617.828750
618.381750
618.385900
618.396500
618.401650
618.407600
618.418500
618.425250
618.541950
618.544550
618.547950
618.551500
619.527600
619.997200
620.001750
620.015250
620.025700
620.111050
620.116400
620.286600
620.316100
620.541450
620.545950
620.847500
620.852350
620.861400
622.217300
622.222150
622.627400
622.631500
623.041700
623.046350
623.072050
623.434050
623.439400
623.759050
623.980900
623.985800
624.708250
624.719200
624.876550
624.881550
624.962550
625.168150
625.257750
625.260650
625.332350
625.337050
626.092500
626.097050
626.700800
626.840700
626.845650
626.868700
626.875700
627.527250
628.508600
628.512800
628.522000
628.686600
628.757700
628.763150
629.066900
629.072300
629.518000
629.522400
629.864900
630.113050
630.116350
630.409500
630.413900
630.421950
630.680250
630.684850
631.510100
631.514350
631.524050
631.529950
632.065500
632.069500
632.085800
632.201300
632.206100
632.640650
632.644900
633.325000
633.329100
633.338650
635.047800
635.052250
635.317550
635.322450
635.328750
635.491050
635.495500
635.504550
635.813850
635.816550
635.825900
635.867700
636.391000
636.396500
637.403350
637.643100
638.842450
638.846250
639.554700
639.559500
640.229650
640.243500
640.251600
640.440000
640.461600
640.847450
640.852350
640.946400
640.951500
642.712100
642.891450
643.071000
643.075400
643.090600
643.100300
643.457450
644.224400
644.228600
644.242200
644.471400
644.476050
645.165800
645.170200
645.301400
645.312500
645.655100
645.726100
645.731450
645.737050
647.670000
647.824050
647.826800
647.830900
648.199950
648.456050
648.460450
649.045400
649.050550
649.197950
649.402600
649.415500
649.581000
649.601250
650.319050
650.540200
650.545300
650.939150
651.193950
651.197100
651.200550
651.610650
651.628300
651.640950
652.896900
653.262150
653.642900
653.647150
654.222300
655.265200
655.268100
655.272550
655.278650
655.438250
655.442950
655.452400
655.464400
655.483500
655.747000
656.790400
656.794650
657.250350
657.254600
658.271250
658.275800
658.523350
659.572750
659.583050
659.696950
660.584500
660.588900
660.870700
660.879200
661.148600
661.276850
661.431900
661.756150
663.448450
663.451250
663.468900
663.473500
664.574600
665.683050
665.687350
665.695250
666.080750
666.085000
666.090700
666.105100
666.256700
666.410600
666.415000
666.438250
666.685500
666.690900
667.200750
667.225900
667.232800
667.294850
667.415850
667.418800
667.588050
667.593800
668.223000
668.227750
668.244600
668.423800
668.428450
668.896950
668.900800
668.911950
668.921750
669.013600
669.020800
669.336150
669.347550
669.605500
669.608450
669.621200
670.806800
670.810150
670.874550
670.878800
670.955350
670.967000
671.210500
671.236900
672.148900
672.153200
672.429900
672.445500
673.434000
673.897400
673.901300
673.910400
673.919200
674.140400
674.143400
674.308850
674.342150
674.354950
674.359300
674.852300
674.857350
675.433550
675.437650
675.650700
675.664600
675.892450
676.369750
677.401600
677.404450
677.651300
678.788400
679.736350
679.740750
679.917050
679.921350
680.502400
681.443500
681.448000
681.750000
681.761050
682.241700
682.246050
682.900100
682.908950
682.914450
682.917600
682.924250
683.393500
683.443850
684.439200
684.443700
684.452150
684.625300
684.628400
684.712800
685.197550
685.200400
685.207700
685.213850
685.219300
685.250100
685.639350
685.671000
686.476500
686.705050
686.714800
686.816000
687.081000
687.085750
687.186850
687.191850
688.175150
688.179350
688.488650
688.491550
688.495600
688.499900
688.516000
688.635200
688.639550
689.058900
689.063300
689.079400
689.543000
689.547000
689.701300
689.706700
689.921700
689.924800
689.928550
689.934500
690.452650
690.456600
690.759100
691.462600
691.467050
692.638350
692.852700
692.857000
693.112550
693.115350
693.120250
693.124400
693.655850
693.888850
694.343350
694.347300
694.354150
694.689550
695.214700
697.544150
697.548150
697.581200
697.756400
697.760350
697.766800
698.165650
698.254250
698.683250
698.686300
698.690400
698.710400
699.491600
699.500000
699.945650
699.950250
700.185050
700.188250
700.620150
700.624950
701.164150
701.171350
701.191500
701.196150
701.926150
701.930500
701.946600
703.159050
703.163600
704.398350
704.410050
705.110450
705.114650
705.127100
706.020000
706.381550
707.178700
707.182750
707.421000
707.426650
707.876100
707.880950
708.582500
708.586650
708.599250
708.832950
708.836400
708.840450
708.868250
709.040450
709.359600
709.363850
709.368900
709.377100
709.589100
709.883150
710.279200
710.886000
711.980100
711.982900
711.987300
713.126500
713.131400
713.386450
713.389400
713.393500
713.417050
713.421000
713.435650
713.567150
713.571350
713.579050
713.709050
713.713950
714.279400
714.293600
714.298100
714.514400
714.518400
714.530450
715.051900
715.056050
715.061700
715.095650
715.416350
715.421450
715.768550
715.816550
715.820850
715.838600
716.150150
716.173400
717.307700
717.311950
717.320350
717.767100
717.771750
718.364350
718.369050
719.319050
719.323250
719.329150
719.969650
719.978400
720.005950
720.364600
720.369050
720.470550
720.488600
722.035350
722.040000
722.570750
723.047050
723.061550
723.066050
723.102100
723.108100
723.920000
725.522000
725.535300
725.917350
725.921950
725.936100
725.944650
726.503450
726.515450
726.824700
726.829700
726.933600
726.936450
726.948100
727.240000
727.244600
727.252500
727.422550
727.558000
727.561250
727.565750
727.599850
729.409150
729.413600
730.332150
731.050300
731.381450
731.384850
731.442400
732.026750
732.031150
732.037000
732.182750
732.187550
733.000150
733.532650
733.535600
733.549350
733.926400
733.929350
734.578350
734.734700
734.739450
734.862100
734.866450
735.150250
735.157000
735.336550
736.075950
736.080600
736.999250
737.002200
737.032000
737.138350
737.430500
737.674150
738.442800
738.447050
739.144150
739.148500
739.156450
739.352250
739.356500
739.365200
739.374500
739.391850
739.584200
739.752400
740.061400
740.583350
741.801400
741.805600
741.812350
741.929450
741.934650
742.160500
742.163350
742.168450
742.280650
742.284600
742.450300
743.018100
743.021750
743.438050
743.442400
744.327700
744.337000
744.342150
744.351250
744.357200
744.612700
744.937450
745.340300
745.970100
746.640200
746.644650
747.296350
748.053650
748.069100
748.270400
748.273250
748.279350
748.284700
748.659450
749.707250
749.718350
750.415450
750.420150
750.584050
751.003700
751.885450
751.888400
751.995650
752.365800
752.370150
752.378300
752.834800
753.066200
753.070050
753.074050
753.207000
753.212300
754.126650
754.129700
754.530150
754.534200
754.550350
754.565500
754.572100
754.710150
754.715700
755.555750
755.560100
756.206800
756.217250
756.278350
756.752550
756.757250
756.805000
757.111100
757.719900
758.321550
758.828400
758.833250
759.503700
759.514050
759.527650
759.895500
759.900350
760.147200
760.400550
760.403300
760.406850
760.450150
760.455650
760.729000
760.733850
760.771000
760.775700
761.181300
762.588400
762.734800
762.737950
763.157350
763.161800
763.170250
763.833950
763.838050
764.243000
764.247450
764.667150
764.670150
765.467150
765.485550
766.164250
766.172550
766.178450
766.326050
767.488100
767.492450
768.853900
768.858300
769.113300
769.332000
769.336150
769.377100
769.993800
769.998200
770.050350
770.053550
770.152400
770.157000
770.174050
770.484850
770.488000
770.570350
771.505100
771.960350
771.974750
772.709450
772.714250
773.183050
773.187600
774.412600
774.418700
775.325450
775.329800
775.692500
775.736950
775.747500
775.791150
775.877700
775.883400
775.886700
775.902100
775.905550
776.681850
776.686650
776.893250
777.852350
777.856500
778.180250
778.569350
778.573200
778.578450
779.298850
779.302900
779.309100
779.312100
779.666850
780.693500
780.697400
781.126200
781.525150
781.527450
781.529950
782.654450
783.614350
783.618550
784.083550
784.106650
784.113350
784.259500
785.465700
785.477150
785.481350
785.485900
785.490100
785.884900
786.152100
786.369350
786.527150
786.659550
787.416550
787.420650
787.604950
787.779400
787.782300
787.792450
788.053200
788.058100
789.153700
789.158250
789.753550
789.973800
789.977850
789.988400
790.537700
790.541450
790.546350
790.759350
790.762250
791.349700
791.473000
791.478600
792.755750
792.765850
792.773700
792.787150
793.146050
793.150850
793.449650
793.452200
793.493550
793.664000
795.706950
796.302650
796.306900
796.312450
796.375150
796.379200
796.389750
797.995900
798.000150
798.007400
798.015800
798.020900
798.808700
799.310700
799.699450
799.703850
799.958000
799.962950
800.207400
800.211450
800.223000
800.242650
800.258450
801.785350
801.904700
802.550100
802.554350
803.400400
803.405000
803.541400
803.545850
803.798200
803.803250
804.929600
805.029550
805.039450
805.047100
805.051800
806.018850
806.022750
806.029050
806.734550
806.739500
806.875450
807.160800
807.310950
807.674850
807.679750
808.930250
808.953350
808.989700
809.505400
809.510150
809.525150
809.665700
809.670300
810.209700
810.439800
810.604450
810.609150
810.847350
810.858750
811.032750
811.036250
811.312600
811.317350
811.337500
811.403900
811.914750
812.248050
813.705750
814.075900
814.080050
814.426550
815.338200
815.342400
815.348600
815.758350
815.762850
816.308050
816.321850
816.402600
816.411350
816.422900
816.430750
816.470250
816.476900
816.803650
816.807950
816.951750
816.962650
816.980800
817.822050
817.826600
818.338400
818.351950
818.485700
818.490250
818.523250
818.529550
818.672200
818.675050
818.937650
819.410700
819.415250
819.648650
819.653950
819.999200
820.009750
821.167850
822.322950
822.327900
822.976600
822.981100
823.963650
823.968050
824.351800
824.416400
824.420600
824.479750
824.694800
825.866500
825.870950
825.877300
825.928100
825.934100
826.872250
826.876550
827.961350
827.965750
827.972500
828.047600
828.052050
828.765850
828.782850
828.790200
828.928350
828.933500
828.956100
828.962900
829.040850
829.353400
829.358750
829.543200
829.548100
829.559100
830.044650
830.077850
830.386250
830.391400
831.220250
831.224800
831.326300
831.354000
832.469500
832.473950
833.852000
833.856450
834.421700
834.700000
834.705250
835.228200
835.232700
836.205700
836.209700
836.220800
836.237950
836.245950
836.252800
836.340600
836.346700
836.467450
836.481000
836.815300
836.822050
837.318000
837.322500
837.711450
837.716200
837.916200
838.251500
838.255850
838.874400
841.439900
841.444600
842.804850
842.808850
842.817050
845.248400
845.252850
845.278650
845.469050
845.474150
845.703700
845.708600
847.138600
847.144300
847.383900
847.389000
849.327250
849.331600
849.352950
849.388350
851.340300
851.344550
852.532650
852.537000
852.545000
852.943100
852.956450
853.456750
854.121200
855.259600
855.780250
856.351600
856.356150
856.378500
856.384300
856.617950
856.621150
857.057750
857.063250
857.958500
857.963300
858.365900
858.972150
858.978800
859.120050
859.124700
859.325350
859.338150
859.347150
860.339750
860.626050
860.636700
860.644150
861.314950
861.319500
861.326050
861.343450
861.450250
861.453350
861.457000
863.159700
864.292850
864.296800
864.303900
864.814200
864.818200
864.824100
864.854600
864.859600
864.976700
864.979700
864.983050
867.906300
867.910050
867.917100
869.150450
869.155050
869.166500
869.195800
869.877550
869.880400
869.975700
870.011650
870.015750
870.032700
871.645750
872.287050
872.291700
872.298000
873.083850
873.087800
873.094400
873.509550
873.513950
874.135550
874.139400
874.157700
874.160850
874.167200
874.303250
874.308300
874.865000
874.868100
874.988900
876.405550
876.409450
877.075200
877.079350
877.994650
878.017650
879.164600
879.169050
879.302700
879.307850
880.761300
880.978200
880.981150
880.984900
882.029200
882.033700
883.379000
883.557250
884.559000
884.575300
884.589600
886.126900
886.131250
886.138750
886.940600
886.944800
887.395500
887.400050
888.310750
888.315200
889.323450
889.335050
889.341950
889.354050
889.437000
889.442750
889.684500
889.690000
890.229400
890.241500
890.245650
891.494850
891.499650
892.074100
892.250850
892.255550
892.272600
892.820050
892.824350
892.830700
892.832850
892.840750
892.971200
892.977500
893.156150
893.162550
893.236200
893.241100
894.700700
894.704850
895.198700
895.202850
895.413050
895.418000
895.918400
896.263000
896.267300
896.450650
896.453900
897.005100
897.009600
897.488400
897.493050
898.796200
898.800150
898.806450
899.898900
899.909400
900.406850
900.415950
900.426000
900.651200
901.276550
901.280900
901.696150
901.700350
901.850550
901.855400
902.671800
902.676750
903.337650
905.572550
905.577250
906.020200
906.024600
906.037600
906.560900
906.565050
906.988000
906.992500
907.876900
907.881200
907.888850
908.106750
908.110800
908.127950
908.439850
909.279450
909.283950
909.289300
909.306900
909.509900
909.515800
909.842150
909.847700
909.918400
910.637650
910.643050
910.904400
911.174550
911.179700
912.252150
912.262050
912.276300
912.283450
912.299050
912.840000
912.844050
912.864550
912.895750
912.987600
912.993450
913.563000
913.567850
915.538300
915.988400
915.994300
916.622100
916.635550
917.685550
917.696200
917.709100
918.198050
918.203150
918.378150
918.380700
918.395550
918.408550
918.427550
919.011000
919.015550
919.350350
919.354900
919.361050
919.374650
919.621250
920.293800
920.298250
920.328950
920.344750
920.353450
920.910800
920.915350
921.659450
921.693050
921.700050
922.536250
922.540800
922.546400
922.561950
922.932000
922.936150
923.592550
924.326200
924.330150
924.336750
925.564450
925.568650
925.575450
925.585450
926.104900
926.425100
926.429600
927.199300
927.203750
927.471000
927.475400
927.482650
927.838050
927.842900
930.054100
930.068700
930.286150
930.289000
931.480800
931.485450
931.514250
932.236550
932.441100
932.445350
933.593800
933.597950
933.604650
933.610700
933.800800
933.805700
933.854600
933.870600
934.927400
935.230650
935.308250
935.312700
935.326750
935.342750
935.433800
935.436400
935.439450
935.447250
935.453150
935.456850
935.724650
935.729350
935.735850
936.095150
936.106800
936.115300
936.755200
937.744500
939.282950
939.459800
939.468250
939.912350
939.916550
940.949350
943.076450
944.882900
944.887750
946.265100
946.269900
946.798450
946.802850
947.013300
947.027500
947.342200
947.346200
947.351300
947.356650
947.358950
947.378150
947.393200
947.532350
947.535250
947.538750
947.543400
947.934350
947.947300
949.076750
949.079800
949.521400
949.525850
950.489500
950.493500
950.768650
950.773300
951.101550
951.106050
952.289750
952.293950
952.301600
952.848100
952.852500
953.043850
953.049050
953.445400
953.450750
954.172150
954.184850
954.993500
955.311700
955.316150
955.323200
955.342450
955.615700
955.885250
956.294900
956.299450
956.312150
956.327350
956.734850
956.739050
956.766250
956.785300
957.630000
957.634600
958.241900
958.246450
958.440150
959.717900
959.720400
959.723650
959.727300
959.732200
961.284400
961.288550
961.467500
961.470950
962.561650
962.565500
962.573450
962.956000
962.960550
962.968700
963.564450
963.568650
965.389400
965.556950
965.562400
965.570600
965.589500
966.168800
966.173850
966.256850
966.262900
966.515400
966.537550
966.542900
966.656900
966.682100
968.292700
968.305950
968.527400
968.532300
969.806100
969.810450
969.815800
969.834400
969.839950
970.225650
970.231500
971.093650
971.098500
971.471350
971.476000
972.056550
972.061750
973.541000
973.831300
974.394900
974.907850
974.912050
974.934750
974.943000
975.331350
975.335500
975.342250
975.866350
975.871150
976.223250
976.227550
976.386650
976.391000
976.410100
977.547950
977.552500
978.201450
978.948750
979.725100
979.729300
979.735250
979.746800
979.934700
979.939400
979.961650
980.305550
980.309750
980.516050
980.521000
981.931750
982.314450
982.318700
982.324900
982.453050
982.455750
983.235600
983.391100
983.394250
983.665900
983.670500
984.273500
985.648250
985.652150
986.437400
987.647550
987.651750
987.799400
988.493550
988.498100
989.996750
990.000650
990.006200
990.011450
990.016000
990.031500
990.980800
990.984950
991.007000
991.500250
991.504850
991.748000
991.752750
992.671550
992.676100
992.711200
992.934250
992.939600
993.758900
993.764200
994.014950
994.019750
995.339750
995.344100
995.349750
995.386500
995.391400
995.457750
995.907650
995.912500
995.929750
995.938700
996.454100
996.471150
996.816700
996.819700
998.127950
998.132150
998.141900
998.732450
998.737450
1000.703800
1001.204950
1001.208550
1001.220150
1002.018350
1002.023150
1002.677700
1002.694900
1003.071000
1003.075750
1003.082650
1003.292950
1003.297350
1003.842300
1003.845250
1004.549850
1004.553750
1004.569700
1005.552150
1005.556750
1006.097700
1006.102000
1006.403750
1006.408450
1006.550850
1006.555150
1006.690950
1006.693750
1006.697400
1006.770600
1006.776050
1007.589100
1007.862650
1007.867350
1007.995850
1008.000250
1008.005200
1008.060850
1008.757550
1009.684600
1009.688850
1009.835450
1009.839800
1010.532200
1011.069700
1011.074250
1011.765750
1011.770400
1012.040550
1012.737050
1012.748000
1012.759950
1013.619950
1013.632600
1013.636650
1013.843950
1013.848900
1014.228050
1014.233500
1014.569550
1014.708050
1014.711200
1014.797650
1015.179900
1015.184750
1015.619800
1015.623950
1016.406950
1016.411800
1017.282800
1017.302100
1017.458950
1017.461750
1017.474200
1017.478050
1018.443550
1018.447800
1018.454600
1018.479300
1019.628750
1019.633150
1019.660850
1019.668400
1019.688100
1019.698050
1020.861900
1020.866450
1020.873900
1022.013850
1022.018450
1022.145600
1022.152750
1022.931800
1022.935900
1022.951600
1023.279550
1024.106450
1024.326750
1024.329400
1024.424850
1024.428750
1024.573950
1024.578900
1027.020400
1027.024550
1027.213000
1027.479050
1027.483350
1027.549700
1027.554150
1028.331700
1028.341750
1029.560600
1029.565500
1030.151950
1030.156250
1030.547950
1030.552200
1030.643050
1030.645700
1030.649500
1030.905900
1031.151200
1031.154150
