0.744050
5.128750
5.146600
5.153200
5.199000
6.725150
8.134650
9.517850
9.707350
10.184950
10.191550
10.194550
10.197900
10.200700
10.221500
10.228700
10.251350
10.294250
10.581850
11.447800
12.128700
12.241300
12.246300
12.248550
12.337200
12.901550
12.986300
12.988700
13.506900
13.509550
13.821250
14.092850
14.149250
14.154600
14.702100
14.728250
14.745300
15.066850
15.219400
15.443400
15.744950
15.759150
15.763150
15.770850
15.889450
15.964300
15.970600
16.678750
16.683850
17.187950
17.190700
17.192800
17.195700
17.829400
17.833200
18.514200
18.808150
20.161750
20.288850
20.297750
20.310650
20.313250
20.505400
20.508250
20.545000
21.503400
21.560100
21.695100
21.837500
21.921900
21.924350
21.939550
22.939950
23.402350
23.425000
23.995400
24.402200
24.418550
24.530200
24.602000
25.049450
25.061400
25.078650
25.111650
25.125000
25.127250
25.133000
25.136450
25.939950
27.581550
27.584350
28.764950
29.117550
29.207500
30.250700
33.111150
33.650250
33.659300
34.621250
35.448550
35.781950
35.877550
35.880550
35.887000
35.988900
36.554450
37.223800
38.169900
38.172200
38.193300
38.198350
38.206800
38.278250
39.821250
39.823800
39.827600
39.841500
39.847900
39.879750
39.888950
39.893200
39.907000
39.915450
39.923400
39.964750
41.436150
42.037600
44.353950
44.935800
44.939950
45.048300
45.051350
45.054200
45.057500
45.060450
45.085850
45.779250
45.783150
46.218050
46.220950
46.231000
47.025700
47.271750
47.274000
47.276850
47.287750
47.294450
49.190250
49.449050
49.454800
50.769500
50.996200
50.999000
51.001100
51.004400
51.008950
51.380450
51.716400
51.718950
51.722500
52.669800
54.108700
54.262800
54.270750
54.975900
54.979400
54.982650
55.550650
55.799100
56.124150
56.129000
56.139850
56.250800
57.403750
58.674950
59.712350
59.737200
60.159550
61.685250
61.687750
61.692000
61.696000
63.023000
63.028050
63.032150
63.050400
63.800550
64.508250
64.510550
64.513550
64.517350
64.527400
64.539650
64.544900
64.547600
64.578950
64.825000
64.828400
66.179300
66.791750
67.199150
67.824700
68.071600
68.424000
68.616850
68.757950
68.774000
69.464150
69.702600
69.705500
69.863550
69.876450
69.883050
69.902850
70.085650
70.236200
70.247900
70.250200
78.296350
81.255300
85.363200
86.878300
86.961300
87.397450
87.404150
87.409500
88.855250
89.715950
89.721550
90.259350
90.656150
90.659850
90.870800
91.300700
91.825200
91.879400
92.111400
92.114300
92.117350
92.123850
92.147300
92.499600
93.072900
93.079800
93.274400
93.430400
93.702050
93.721500
93.962200
94.056500
94.113600
94.331600
94.339250
94.640100
94.664100
95.246650
96.248800
96.469450
96.487000
96.946850
97.152950
97.162250
97.187450
97.501750
98.001050
98.004000
99.120100
99.237650
99.241100
99.508900
100.212100
100.216600
100.251600
100.274950
101.021000
101.417950
101.555700
102.458000
103.100700
103.666700
103.671750
103.906900
104.217350
104.225150
104.236650
104.540850
104.801300
105.083100
105.108000
105.148000
105.152450
105.156850
105.856200
106.295200
106.756050
108.110350
108.280550
108.402100
108.426750
108.989550
109.318600
109.322150
109.691600
109.695900
110.999750
111.033050
111.036300
111.754550
111.770650
111.884000
111.893350
112.010800
112.013700
112.613800
112.832550
112.847450
112.998300
113.502150
113.650650
113.735000
113.738300
113.742800
113.813400
113.816750
113.836250
114.731750
114.804850
114.810200
114.910100
114.916250
114.918900
114.925350
115.085750
115.088650
115.099100
115.101150
115.105050
115.113850
115.494850
115.635950
115.640100
115.735050
115.737750
115.744800
115.754350
115.775550
116.222650
117.678550
117.685000
117.809000
118.470200
119.164900
119.179100
119.351200
119.361700
119.371150
119.412600
120.091250
120.291150
120.596650
120.599150
120.602250
120.835300
121.819850
122.200800
122.204950
122.293050
122.459650
124.911950
125.052900
125.055300
125.074000
125.174500
125.177750
125.497050
125.500350
125.509350
125.954650
125.972100
125.979800
126.084500
126.087900
126.325250
126.332800
126.798150
126.913650
127.600300
127.655950
127.661150
127.663600
127.668500
127.673200
127.680300
127.725400
127.799350
127.841650
128.225400
128.625150
128.772050
128.775150
129.460900
129.691950
129.889950
130.091050
130.231650
130.540850
130.831650
130.834950
131.347650
131.350750
131.354050
131.572250
132.020150
132.298400
132.311050
132.334550
132.472650
132.476200
133.162800
133.282000
133.699550
133.835500
133.848850
133.929150
133.932450
133.950400
135.635150
136.176800
136.196600
136.203500
137.515300
137.845450
138.076950
138.079600
138.082950
138.515250
138.570650
138.579650
138.712800
138.715450
138.924450
139.034250
139.125400
139.322100
139.628450
139.867900
139.973850
140.133500
141.022150
142.163900
142.168450
142.176000
142.178950
142.418250
143.135400
143.185750
143.189300
143.195300
143.308100
143.311700
143.435250
143.439150
143.575500
143.582200
143.591650
144.122300
144.126300
144.756950
144.807750
145.297500
145.304150
145.428400
145.431450
146.304700
146.682500
146.686450
146.691050
146.698800
146.953800
147.388500
147.391800
147.753400
147.781200
147.790000
147.795950
147.884400
147.887250
147.891200
147.905600
147.910350
148.599950
148.946600
148.951550
148.955450
148.995100
148.998300
149.058400
149.061150
149.065050
149.069450
149.080350
149.084050
149.103450
149.390900
149.465800
149.819350
149.829600
150.464700
150.509150
151.160400
151.204550
151.220850
151.451300
151.455000
151.462700
151.623400
151.626250
151.631150
151.636450
151.654850
151.686400
152.121000
152.889000
152.901750
152.910050
152.920700
153.119700
153.125000
153.456000
153.799400
154.379600
154.435450
154.439400
154.702400
155.596000
155.687350
155.860600
155.863800
155.930500
156.312050
156.320300
156.325200
156.454650
156.457900
156.466900
156.480450
156.803650
156.825850
156.828050
157.345300
157.496700
158.005450
158.128450
158.525750
158.986550
158.989400
159.013450
159.018550
159.217500
159.282800
159.291200
160.290700
160.294400
160.311500
160.428150
160.723000
161.228500
161.231750
161.236100
161.272450
161.549500
161.552350
161.558250
161.678500
162.045450
162.383650
162.388850
162.678850
162.830150
162.926750
163.125400
163.127850
163.131400
163.135400
163.176250
163.185650
163.359900
163.380750
163.527550
163.719350
163.728000
163.784400
163.787500
163.954750
164.660700
164.665050
164.668750
164.838400
164.952100
164.961500
164.963950
164.968450
165.054600
165.057550
165.663150
165.667000
165.999550
166.002450
166.172050
166.330400
166.599250
166.981450
166.984150
167.502350
167.790650
167.929750
168.135500
168.140850
168.497750
168.653300
168.660200
168.664700
168.980100
168.992400
168.999950
169.009950
169.027900
169.106450
169.289850
169.306200
169.493750
169.510500
169.514250
169.779700
169.782250
169.785050
170.108100
170.120050
170.924100
170.957800
170.962150
171.399550
172.049750
172.054300
172.207950
172.455500
172.462450
172.549450
172.894650
174.193650
174.197700
174.208100
174.211750
174.845350
174.862150
175.330600
175.336300
175.339400
175.541400
175.587150
175.589600
175.593650
175.904450
176.007150
176.151300
176.379250
176.394950
176.398900
176.932900
177.337100
177.340100
177.434800
177.437200
177.626850
177.630250
177.887550
177.919400
178.113550
178.233450
178.253650
179.148950
179.295850
179.453650
179.457300
179.476600
179.729600
180.144400
180.254100
180.414450
180.703550
180.706800
180.890200
180.951750
181.049750
181.053200
181.063650
181.110000
181.529950
181.600550
182.006450
182.017900
182.022900
182.031800
182.515400
182.910000
182.927650
183.041150
183.044450
183.048000
183.163150
183.260200
183.267200
183.279350
183.284200
183.687100
183.702950
183.735000
184.007450
184.014850
184.147850
184.151300
184.865250
184.931250
185.137300
185.315150
185.320050
185.330200
185.348850
186.009550
186.031200
186.384200
186.738500
187.052500
187.104900
187.503450
187.512500
187.916000
187.918600
188.131000
188.387600
188.410200
188.428000
188.567300
188.582350
188.682750
188.685650
188.701300
188.975350
188.979000
189.129750
189.132250
189.144100
189.203650
189.206600
189.208700
189.217700
189.817800
190.074600
190.088750
190.106250
190.412350
190.433900
191.088100
191.302150
191.386900
191.570850
191.576850
191.582150
191.838450
192.006850
192.171750
192.617750
192.703900
192.987350
193.082600
193.146450
193.161350
193.215200
193.332100
193.335450
193.389150
193.609600
194.189150
194.224400
194.228150
194.238300
194.335250
194.537150
194.648450
194.664200
194.666650
194.682650
194.760950
195.030950
195.034000
195.113200
195.422050
195.425400
195.433450
196.104900
196.167800
196.416200
196.421050
196.423500
196.426350
196.428550
196.433150
196.435900
196.442400
197.102850
197.240800
197.392500
197.509550
197.525300
197.610350
197.613400
197.626350
197.637200
197.649900
197.654500
197.795200
197.845950
197.849250
198.284100
198.286650
198.301200
198.864350
198.918650
198.931900
199.536100
199.539350
199.774800
199.868250
199.964000
199.981900
200.064600
200.154100
200.168900
200.975300
201.063700
201.193150
201.196400
201.201300
201.354000
201.462900
201.466350
201.507050
202.339300
202.343850
202.453700
202.653550
202.724200
202.741000
202.852300
203.051100
203.109300
203.213750
203.304850
203.729600
203.992700
204.297800
204.682900
204.686000
204.747300
204.754500
204.771850
205.271950
205.456150
205.548300
205.551400
206.025450
206.036200
206.541050
206.547500
206.552200
206.722400
206.727000
206.733850
206.736700
206.743900
206.802900
207.094800
207.337450
207.471150
207.677800
207.681700
207.782050
207.796750
207.802000
207.985600
207.988350
207.991650
208.263900
208.266950
208.273350
208.322100
208.347400
208.895900
209.592350
209.657050
209.688150
209.834500
209.848650
209.974300
209.977150
209.980850
209.997400
210.011650
210.281800
210.291700
210.307350
210.935250
211.092750
211.096550
211.112400
211.171200
211.174200
211.437500
211.722350
212.083900
212.087000
212.102450
212.105000
212.353450
212.358200
212.638350
213.144500
213.341700
213.372100
213.376700
213.384450
213.387950
213.392900
213.787900
213.790700
214.029300
214.034450
214.302250
214.990350
215.175000
215.180550
215.305200
215.477500
215.485100
216.110350
216.355350
216.358200
216.566800
216.578050
217.139550
217.329100
217.332100
217.554100
217.572300
217.606900
217.613100
217.750900
217.764100
218.038050
218.160900
218.238050
218.240550
218.251150
218.258300
218.719550
218.738100
218.978750
218.981650
219.002800
219.569950
219.572600
220.147650
220.153650
220.163450
220.166450
220.170300
220.386900
220.872500
220.876100
220.950550
220.968550
221.401700
221.409900
221.603600
222.024150
222.101950
222.297350
222.408850
222.412000
222.418400
222.482450
222.510100
222.799650
222.811950
223.220550
223.316150
223.517250
223.720550
223.873450
223.876350
224.322900
224.350150
224.979250
224.981800
225.000750
225.305800
225.311800
225.482050
225.661400
225.745950
225.832850
225.838750
225.879700
225.889750
226.007100
226.010000
226.013250
226.019150
226.220200
226.685200
226.688400
226.814450
227.035300
227.069450
227.098400
227.103250
227.264600
227.513050
227.697050
227.949100
227.951900
228.420350
228.556150
228.888400
228.890750
229.080050
229.551250
229.664900
230.109000
230.386750
230.410550
230.832200
230.840650
230.857700
231.083650
231.086450
231.199500
231.206650
231.210900
231.317700
231.320400
231.501100
231.728650
231.851300
232.079200
232.107200
232.162900
232.271400
232.334350
232.526650
232.580850
232.596250
232.898800
232.914900
232.925550
232.936800
233.073700
233.310350
233.359250
233.501150
233.663400
233.668350
233.701550
233.771250
233.775300
233.880050
233.883650
233.893650
233.976500
234.680100
234.720600
234.774400
234.777550
235.020900
235.204300
235.215350
235.395700
235.586350
235.838850
235.866100
235.885300
236.048750
236.051900
236.082350
236.190550
236.239500
236.764600
236.769700
236.793600
236.890050
236.893300
236.898750
236.908350
236.917150
237.027800
237.031050
237.079300
237.082750
237.087350
237.093700
237.228650
237.316750
237.514350
237.685150
237.694750
238.129750
238.138900
238.296850
238.327250
238.333400
238.438500
238.443200
238.539250
238.544900
238.712200
238.721850
239.102900
239.250800
239.254050
239.259700
239.312700
239.432800
239.445700
239.450850
239.462100
239.820300
239.979950
240.014800
240.030350
240.061050
240.134800
240.238100
240.240350
240.245000
240.663850
240.882400
241.140300
241.145650
241.171900
241.455100
241.577550
241.594750
241.598450
241.803500
241.852250
241.861100
241.951850
241.954250
242.388350
242.392150
242.405000
242.538300
242.556500
242.581350
242.843300
242.893500
242.941350
242.966950
242.974450
243.361900
243.369550
243.451900
243.576750
243.584750
243.705100
243.746750
243.757350
243.761550
244.254850
244.399000
245.120050
245.329700
245.332450
245.378650
245.478550
245.483250
245.491050
245.556400
245.635000
245.643700
245.657600
245.660500
245.940400
245.943300
246.320600
246.325100
246.327950
246.723000
246.856550
246.859850
247.039100
247.041350
247.423750
247.426450
247.809400
247.850000
247.920850
248.072300
248.079100
248.354550
248.402550
248.407800
248.412700
248.496200
248.507300
248.789250
248.969750
249.171550
249.174950
249.277100
249.280450
249.399450
249.530500
249.756550
249.808650
249.982950
250.164900
250.582100
250.594800
250.625700
250.651950
250.671450
250.718550
251.064850
251.424650
251.838150
251.848300
251.862600
251.876400
252.037200
252.089750
252.154100
252.474050
252.477250
252.639550
252.647150
252.901850
252.914800
253.121050
253.124400
253.227000
253.230100
253.236650
253.309400
253.471400
254.184650
254.240700
254.332050
254.335450
254.414500
254.769600
255.156700
255.429300
255.456050
255.521550
255.524750
255.595250
255.825800
255.928950
255.939650
256.233300
256.265350
256.314900
256.323650
256.329100
256.471300
256.855200
257.099350
257.103950
257.165450
257.578250
257.657100
257.737050
257.740300
257.748200
257.751750
258.341250
258.344250
258.348600
258.358900
258.366400
258.371350
258.651750
258.761150
259.178350
259.181250
259.330800
259.365950
259.633050
259.642100
259.645800
259.764050
259.977850
260.001450
260.091450
260.200850
260.356350
260.490700
260.782250
260.788800
260.795150
261.050250
261.367050
261.370950
261.495350
261.504700
261.507700
261.510100
261.513800
261.523200
261.639650
261.841250
262.133000
262.136000
262.140500
262.360350
262.364850
262.367400
262.474050
262.478150
262.772650
262.826350
262.882650
262.913100
262.918000
263.510950
263.513100
263.747050
264.106350
264.121600
264.475150
264.478250
264.519650
264.713750
264.717400
264.724450
264.786050
265.098900
265.122900
265.436400
265.689250
265.940450
265.943750
265.952500
265.956850
266.063400
266.086050
266.318400
266.545500
266.548500
266.558300
267.002200
267.066950
267.085700
267.353850
267.359550
267.367550
267.369750
267.388400
267.697100
268.171500
268.175150
268.185150
268.206900
268.222050
268.303650
268.306600
268.623500
268.765050
268.841700
268.852550
269.028950
269.049600
269.368100
269.403300
269.639700
269.859100
269.970050
270.025450
270.034550
270.048300
270.071200
270.272000
270.276800
270.616650
270.667100
270.767650
271.005200
271.390300
271.462550
271.466500
271.469350
271.809600
272.101600
272.276600
272.353200
272.523750
272.594650
272.601500
272.604250
273.158350
273.161250
273.295450
273.501950
273.505850
273.676250
273.680350
273.888850
273.891750
273.894700
273.899100
273.947100
274.029100
274.223100
274.363100
274.488550
275.264900
275.341250
275.354250
275.590150
275.718700
275.721900
275.740850
275.821400
276.118400
276.236000
276.309700
276.334250
276.516450
276.519300
276.690400
276.698350
276.714700
276.789450
276.899950
276.906200
276.912850
276.920350
276.924100
276.967450
277.065000
277.339750
277.342900
277.608650
277.616750
277.824200
277.827850
277.976200
278.301000
278.323050
278.327500
278.398450
278.450750
278.453700
278.464800
278.482200
278.485650
278.911150
279.065550
279.069050
279.110550
279.253950
279.485000
279.577150
280.047750
280.055350
280.061550
280.362250
280.433750
280.444750
280.546000
281.123150
281.125950
281.142950
281.145300
281.150550
281.496500
281.510850
281.649250
282.111250
282.129350
282.215750
282.219500
282.300550
282.303500
282.316850
282.328100
282.335050
282.666200
282.669100
282.673200
283.257250
283.357350
283.642950
283.803600
283.807000
284.021650
284.039150
284.046650
284.275650
284.302200
284.389900
284.393450
284.415400
284.613000
284.658400
284.665200
284.669000
284.674150
284.708250
284.951250
284.984700
285.089400
285.152350
285.157400
285.169250
285.207150
285.210250
285.307550
285.789800
285.933750
286.048350
286.051750
286.066700
286.070450
286.398300
286.404000
286.467150
286.590100
286.798050
287.094950
287.424350
287.427650
287.454400
287.763650
287.992250
288.266050
288.418400
288.421500
288.492000
288.638700
288.643650
288.654950
288.658900
288.823650
288.828100
289.007200
289.224600
289.238450
289.301000
289.516350
289.870150
290.304750
290.350000
290.382600
290.387800
290.390250
290.396350
290.416600
290.492950
290.504200
290.508350
291.110600
291.125500
291.233500
291.554650
291.855450
291.882950
291.891550
291.973250
291.976850
292.146800
292.508500
292.551350
292.948850
293.031900
293.040450
293.045250
293.049300
293.073950
293.093200
293.545600
293.548650
293.611150
293.752600
293.872250
293.884250
293.889050
294.008950
294.019800
294.564650
294.581700
294.585600
295.107350
295.234400
295.376450
295.476150
295.551050
295.803250
295.806550
295.809300
296.050150
296.228450
296.290350
296.422000
296.426400
296.432800
296.667850
296.727350
296.953750
297.187950
297.319550
297.583650
297.587150
297.590450
297.704000
297.706900
297.716350
297.737500
298.180900
298.189350
298.196500
298.409350
298.412300
298.775150
299.205800
299.209450
299.221550
299.308350
299.362950
299.489050
299.493250
299.641000
299.658900
299.822450
299.833550
299.901350
299.914200
300.232300
300.235700
300.249650
300.256900
300.766900
300.875150
301.081450
301.227600
301.290750
301.296200
301.321400
301.472300
301.569700
301.572250
301.582950
301.714400
301.718850
301.744250
301.886100
301.894500
302.094600
302.114450
302.365900
302.408400
302.584700
302.603200
302.836650
303.036700
303.080000
303.083000
303.209700
303.361450
303.370650
303.604100
303.765300
303.771950
303.782850
303.786800
304.054800
304.066850
304.258650
304.656750
304.659050
304.892050
304.894700
305.267750
305.275500
305.596900
305.599200
305.626000
305.802950
305.833900
305.958850
306.027400
306.034400
306.144350
306.384300
306.396900
307.043050
307.046400
307.061700
307.485850
307.491300
307.494900
307.498500
307.522450
307.537900
307.626300
307.631550
307.723050
307.725800
307.821100
307.856000
307.883250
307.910550
307.920600
308.036850
308.040250
308.336500
308.373950
308.454250
308.465200
308.574500
309.098000
309.173900
309.238950
309.378250
309.481100
309.619700
309.650100
310.169600
310.580800
310.803000
310.992100
310.995050
311.080650
311.083800
311.090950
311.095450
311.774650
312.098000
312.105300
312.212750
312.345100
312.752250
313.085850
313.386150
313.412800
313.866500
314.146200
314.150450
314.155800
314.283600
314.646000
314.815850
314.979300
315.297900
315.300750
315.345650
315.349700
315.415450
315.418200
315.424950
315.428550
315.440650
315.447350
315.873350
315.960800
315.965900
316.092950
316.100400
316.306250
316.435550
316.439850
316.443250
316.532700
316.866600
316.868950
316.872600
316.970500
316.975850
316.992350
317.089650
317.372850
318.037000
318.153350
318.255800
318.509150
318.645350
318.649200
318.664350
318.926900
319.264800
319.272950
319.347100
319.561150
319.593400
319.704400
319.708000
319.716600
320.159400
320.190300
320.195500
320.203400
320.503250
320.505350
320.517400
320.520300
320.533100
320.542350
320.544550
320.549300
320.625600
320.629050
320.891000
320.897000
321.020500
321.495900
321.776450
322.085400
322.242100
322.483400
322.906800
322.914450
323.070200
323.107750
323.114550
323.116650
323.341400
323.348050
323.579400
323.660500
323.665900
323.779450
324.030600
324.033400
324.040700
324.403250
324.857150
324.874150
324.951200
324.958650
324.966250
325.057350
325.069950
325.096400
325.099050
325.136150
325.293850
325.348600
325.439550
326.136150
326.895800
327.035850
327.040300
327.403350
327.406000
327.548800
327.551600
327.573750
327.583250
327.843100
327.984300
328.068950
328.159250
328.213250
328.774100
328.786900
329.032750
329.041850
329.499650
329.550650
329.747050
329.751600
330.010750
330.165450
330.200150
330.205200
330.231600
330.556400
330.574450
330.662200
330.831200
330.834600
330.856050
330.859000
330.863550
330.916850
331.020450
331.031650
331.180450
331.380850
331.394250
331.479700
331.482800
331.485600
331.495150
331.510650
331.793250
331.795950
331.954200
332.060150
332.171200
332.319700
332.398950
332.404300
332.406950
332.410650
332.418050
332.514650
332.631250
332.637800
332.644200
332.946250
333.032400
333.035300
333.171800
333.222450
333.377000
333.385100
333.495100
333.830800
333.833600
334.040850
334.059100
334.079600
334.124850
334.306150
334.309350
334.313350
334.323400
334.762200
334.958250
335.130100
335.219950
335.367550
335.752550
335.755600
335.799450
335.814300
336.161600
336.353450
336.360450
336.668850
336.677150
336.853800
336.869450
336.875450
336.880650
336.883550
336.885800
336.892400
336.901850
336.904800
336.918550
337.243850
337.254700
337.264700
337.308750
337.420550
337.606700
337.618100
338.101700
338.105850
338.110800
338.274600
338.573100
338.610200
338.617950
338.814650
338.947950
338.954750
338.968950
338.980300
338.992900
339.041650
339.281800
339.292800
339.457050
339.501800
339.694400
339.808100
339.832550
339.895600
340.122850
340.129200
340.137400
340.258400
340.261850
340.272650
340.280150
340.380150
340.663850
340.947150
340.950050
341.394400
341.452700
341.575950
341.592500
341.599050
341.616800
341.737900
341.741200
341.825600
341.924100
341.926150
341.960550
342.226850
342.230000
342.317600
342.321050
342.376250
342.927650
343.117150
343.126050
343.129050
343.148350
343.160300
343.360550
344.075350
344.084400
344.392550
344.488450
344.524700
344.711150
344.835050
344.838700
345.136800
345.141550
345.215600
345.251900
345.266250
345.346350
345.623750
345.750000
346.009400
346.051800
346.313550
346.442450
346.786550
346.794800
346.803750
346.815000
346.905650
346.908350
346.951500
347.075700
347.101100
347.159900
347.219700
347.225350
347.279100
347.364350
347.371450
347.590100
347.688150
347.694850
347.697100
347.703350
347.863750
348.197450
348.212300
348.219300
348.389700
348.608550
348.617400
348.660850
348.882300
348.964150
349.142250
349.352600
349.363550
349.405150
349.424550
349.429500
349.698900
350.003550
350.006050
350.218050
350.374800
350.378150
350.387650
350.921800
351.114250
351.249150
351.663450
351.665950
351.720950
351.723650
352.007650
352.274450
352.279450
352.412450
352.724400
352.753600
353.637500
354.170600
354.176600
354.181100
354.190500
354.575900
354.711350
354.724900
354.730550
355.167200
355.440450
355.443650
355.708150
356.279050
356.349300
356.550900
356.553950
356.567750
356.590700
356.751000
356.789150
356.796250
356.893550
356.902700
357.031200
357.247300
357.312600
357.468800
357.471700
357.679900
357.805900
357.808950
357.818650
357.823300
357.827500
358.119050
358.124500
358.364500
358.429000
358.887900
358.891850
359.072600
359.275050
359.495450
359.567950
359.570750
359.574150
359.578000
359.605050
359.856650
360.271850
360.585150
360.858750
360.919150
360.922350
360.924500
360.936100
361.369300
361.377150
361.624800
361.893700
362.025300
362.027550
362.335600
362.340100
362.352600
362.357500
362.371100
362.378450
362.599750
362.638650
362.927750
363.233550
363.358250
363.363700
363.829200
364.013500
364.016700
364.068900
364.451150
364.454450
364.460900
364.632450
364.667300
364.670450
364.808000
364.920350
364.924550
364.931400
364.936000
364.955250
365.348700
365.352600
365.631050
365.825350
365.838500
366.237200
366.424100
366.426300
366.567700
366.723700
366.741000
366.745450
366.846650
366.933250
366.936100
367.130000
367.132800
367.352350
367.355400
367.737350
367.962550
368.158500
368.164000
368.264050
368.267250
368.327900
368.491850
368.503100
368.803900
368.806850
368.818050
368.822650
369.116750
369.270300
370.154750
370.360300
370.527150
370.652350
370.667200
370.925350
370.939950
370.955600
370.972700
371.378550
371.465500
371.469750
371.588400
371.592000
371.604250
371.610650
371.729800
371.993550
372.178150
372.285500
372.287950
372.294700
372.298700
372.669000
372.725950
372.881000
372.945950
372.951800
373.206300
373.214600
373.269600
373.372950
373.377450
373.848250
373.859550
373.974700
374.997400
375.180300
375.200150
375.573800
375.624850
376.399600
376.573400
376.584850
376.588400
376.594450
376.598450
376.669750
376.672700
376.680550
376.863700
377.127200
377.129350
377.165500
377.394750
377.551400
377.816650
378.047300
378.475300
378.665200
378.673600
379.703750
379.804500
379.807600
380.185500
380.273150
381.454750
381.506450
381.510400
382.141400
382.368100
382.650750
382.683550
382.687600
382.691900
382.777450
382.927350
382.930050
382.938850
382.949450
383.080250
383.084700
383.721400
383.911100
384.100600
384.104400
384.114550
384.365050
384.379600
384.392150
384.400150
384.732800
385.264550
385.398300
385.777050
385.883950
385.886850
385.890200
385.894750
386.210750
386.482500
387.282750
387.673900
387.699100
387.861400
387.897100
387.939500
387.961800
388.283200
388.287100
388.848500
389.017700
389.145800
389.151550
389.158700
389.164300
389.184700
389.189000
389.492650
389.520100
390.115200
390.300200
390.326150
390.600950
390.627250
390.793800
390.796650
390.990700
391.168650
391.173300
391.393750
391.662450
391.699000
391.703250
391.721500
392.354350
392.584350
392.587500
392.906650
392.913050
393.107750
393.120700
393.134100
393.284200
393.299600
393.304800
393.687400
393.690950
393.693250
393.875350
393.884750
394.093900
394.216100
394.339950
394.976300
394.979150
394.990150
395.251450
395.469400
395.628800
395.632400
395.808200
396.271400
396.275500
396.278000
396.287250
396.301200
396.307050
396.347200
396.480500
396.483850
396.840850
396.859900
396.904750
396.910150
397.172250
397.247200
397.370050
397.580750
398.259200
398.262200
398.277450
398.306300
398.637400
398.692500
398.792450
399.007650
399.017950
399.267900
399.271300
399.350400
399.863350
400.160800
400.262250
400.346300
400.349950
400.362650
401.117400
401.195500
401.367950
401.371100
401.384200
401.387050
401.520450
401.844500
401.972850
402.145850
402.422400
402.429700
402.436600
402.635750
403.290800
403.469750
403.478900
403.485600
403.597500
403.605150
403.609750
403.902500
403.999050
404.228150
404.232850
404.474100
404.719250
404.876450
404.884600
405.272050
405.450200
405.711350
405.851250
405.861700
406.092650
406.852550
406.958450
407.094600
407.510750
407.600850
407.997000
408.008250
408.445700
408.588250
408.591200
408.699900
408.878700
409.208800
409.621950
409.642100
409.645250
409.659250
409.842550
409.918000
409.921650
409.927100
409.935950
410.215500
410.289750
410.434650
410.437000
410.757450
411.108000
411.591650
412.140250
412.151950
412.154800
412.162200
412.184500
412.539000
412.541750
412.808000
412.925300
412.942150
413.411700
413.414650
413.430200
413.579900
413.693900
413.814250
413.897950
414.023400
414.038550
414.045350
414.460650
414.465600
414.553250
414.766550
415.337000
415.372850
415.538000
415.672400
415.803400
416.117350
416.229800
416.377400
417.224900
417.230650
417.833900
418.673350
419.187450
419.198400
419.359500
419.364200
419.399850
419.642900
419.649900
419.693950
420.038300
420.579200
421.051950
421.242950
421.245950
421.249650
421.489750
421.560900
421.639700
421.656500
422.331100
422.370800
422.442700
422.684050
422.686450
422.861750
422.979600
422.982950
422.999750
423.003950
423.012800
423.111100
423.115900
423.126250
423.130800
423.252500
423.616000
423.731250
423.743300
424.041800
424.059000
424.267900
424.356600
424.366900
424.821400
425.060050
425.063750
425.083100
425.095450
425.243050
425.381600
425.392200
425.447050
425.751300
425.783900
425.800550
425.923700
425.927100
425.937900
426.409150
426.425950
426.687700
426.691150
426.704850
426.993900
426.997050
427.147600
427.156400
427.161350
427.169150
427.325300
427.332200
427.439950
427.442250
427.967700
427.976250
427.992350
428.003500
428.305450
428.717950
429.582800
429.924800
430.182050
430.366850
430.619950
430.840950
430.843600
430.934300
430.937900
431.010700
431.317350
431.325450
431.502300
431.579450
431.598600
431.606050
431.776250
432.046100
432.253300
432.398750
432.402550
433.263850
433.292400
433.395500
433.404000
433.819700
433.824750
433.857450
433.906750
433.912000
434.094600
434.310950
434.674450
434.678300
434.733700
434.989650
435.001150
435.005850
435.191550
435.368700
435.374550
435.379000
435.463800
435.871850
436.297750
436.305500
436.323550
436.399950
436.402550
436.408900
436.544100
436.741650
437.401450
437.652800
437.911300
438.270900
438.417150
438.419950
438.789600
439.057950
439.671550
439.723950
439.912550
439.965400
440.209050
440.212050
440.215700
440.683750
440.888750
440.905050
440.927750
441.102700
441.693800
441.859900
442.605750
442.687350
442.690050
442.697700
443.348550
443.496700
443.996400
444.121050
444.800400
445.027300
445.823500
445.826100
445.829750
446.341250
446.383550
446.621250
447.149550
447.326000
447.690900
447.837250
447.959750
448.108050
448.121400
448.129850
448.309850
448.315100
448.319750
448.322900
448.330000
448.763350
448.958200
449.205150
449.219750
449.300150
449.333400
450.240300
450.244850
450.358150
450.361150
450.373800
450.966250
450.989050
451.453400
451.707300
451.724250
451.727550
451.734250
451.762650
452.276050
452.353450
452.395600
452.409350
453.430850
453.664450
453.667900
453.937750
453.955750
453.958900
454.093700
454.099050
454.101650
454.220350
454.227050
454.383150
454.463150
454.594650
454.714900
454.736700
454.776900
454.943950
455.020450
455.062700
455.195850
455.527600
455.530500
455.534050
455.626350
456.193550
456.242900
456.310650
456.426950
456.443750
456.446200
456.463800
456.828500
457.028900
457.033850
457.037850
457.052000
457.054900
457.059050
457.285850
457.552750
457.689250
457.965650
457.969000
458.085750
458.216250
458.221750
458.365200
458.912650
458.916550
459.073850
459.306600
459.309900
459.607100
459.715950
459.754350
459.904200
460.117000
460.120000
460.721550
460.859550
460.872300
460.877000
460.886350
460.992250
461.175450
461.765650
461.782950
461.794400
462.249700
462.332950
462.363000
462.365950
462.462850
462.472700
462.673950
462.720400
463.072450
463.262100
463.265300
463.420250
463.641600
463.847150
463.861650
463.870600
464.171100
464.175050
464.476900
465.700150
465.750850
465.918200
466.062800
466.066550
466.074100
466.112050
466.571300
466.768250
467.175800
467.837300
467.889550
468.129000
468.388350
468.552900
468.625100
468.733650
468.851450
468.858100
468.941250
469.193850
469.903000
469.915450
469.951250
470.307800
470.610200
470.724650
470.828950
470.831650
470.841750
470.845600
470.857150
471.044800
471.607400
472.271800
472.275200
472.356500
472.509150
472.783900
472.795400
473.235100
473.242750
473.247050
473.264200
473.428950
473.537400
473.875700
474.044350
474.083950
474.216750
474.302050
474.690850
474.735350
474.834050
474.836700
474.858350
474.952700
475.435550
475.897900
475.902800
476.150750
476.458350
476.470850
476.737150
476.817750
477.888050
477.895900
477.904950
478.022950
478.041850
478.047600
478.053350
478.063350
478.070050
478.084450
478.959450
479.259950
479.263700
479.385000
479.613350
479.711700
479.718700
480.141500
480.245750
480.550150
480.704050
480.716900
480.971900
481.037050
481.183950
481.288350
481.435600
481.862900
482.563050
482.578000
482.669150
482.676650
482.681850
482.993300
483.009400
483.559050
483.929250
484.705700
484.724650
484.731050
485.118250
485.498800
485.501350
485.515050
485.761650
486.167550
486.275200
486.278000
486.405100
486.417600
486.528500
486.917400
486.924450
487.032850
487.036250
487.044700
487.184950
487.262600
487.268550
487.360900
487.424800
487.694600
487.942050
488.441900
489.095800
489.178700
489.181400
489.189300
489.193750
489.211350
489.215850
489.218950
489.228900
489.488750
489.840400
489.980250
490.017300
490.534500
490.872950
490.983000
491.464600
491.467450
491.696350
491.897400
491.900650
492.472100
492.908750
492.937550
493.345250
493.349350
493.434750
493.437850
493.763850
494.043350
494.056150
494.646050
494.648700
494.924150
494.926950
495.279100
495.285500
495.592000
495.845450
496.274100
496.525400
496.539700
496.544250
496.879950
497.045050
497.053000
497.157050
497.291100
497.351400
497.384950
497.402550
497.407450
497.770800
497.778250
497.782550
498.893650
499.120800
499.342250
499.594100
499.881050
499.980800
500.346100
500.644900
500.667800
500.670400
500.742000
501.034050
501.129050
501.378450
501.387050
501.608050
501.942250
502.034750
502.487950
502.490600
502.710700
502.713400
502.734600
502.741300
502.761750
502.770000
503.389450
504.137750
504.163150
504.221100
504.229350
504.607050
504.610100
504.620900
504.624600
504.657150
504.760750
504.763550
504.766150
504.777200
504.782400
504.990000
505.382300
505.396700
505.709550
505.819850
505.841450
505.925600
506.250600
506.598600
507.069150
507.072100
507.104600
507.109300
507.116000
507.206050
507.220250
507.224750
507.611100
507.979350
507.984150
508.023600
508.083550
508.403550
508.648900
508.799050
508.805050
509.060950
509.078100
509.403000
510.155500
510.358550
510.539900
510.543200
510.836300
511.094650
511.196650
511.335350
511.615000
511.702200
511.824150
512.194700
512.200950
512.230850
512.249650
512.333200
512.337500
512.340750
512.361650
512.386050
512.408650
512.411150
513.639000
513.648550
513.654750
513.660850
514.264150
514.479950
514.486150
514.744650
514.757450
514.896350
514.912900
515.664950
515.771150
515.774050
515.889800
515.987150
516.008450
516.118850
516.121400
516.124800
516.128300
516.136600
516.290800
516.295450
516.298100
516.310900
516.881300
517.146800
517.152550
517.380250
517.969800
518.124250
518.181050
518.257000
518.503350
518.768750
518.963800
519.277450
519.281950
520.963100
521.148850
521.675450
521.762600
521.884850
521.887900
521.903050
521.989050
522.002900
522.474100
523.970250
524.377600
524.601850
524.773600
525.081750
525.102250
525.108350
525.112600
525.120000
525.153950
525.370950
525.391450
525.486650
525.501600
526.014150
526.572050
526.922150
527.053900
527.062300
527.065800
527.493750
527.562000
527.567200
527.782200
527.893450
528.196000
528.345350
529.442700
529.449850
529.470400
529.475150
529.480400
529.823600
530.222250
530.416350
530.541450
530.544850
530.549250
530.565650
531.151300
531.184500
531.234900
531.513100
531.564950
531.811100
531.954300
532.073150
532.076300
532.865100
533.274000
533.305700
533.690750
533.706700
533.728550
533.748650
533.874150
533.947200
534.072700
534.147800
534.153200
534.389300
534.535100
534.690200
534.694150
534.724600
534.739600
534.748750
534.754050
535.023500
535.374450
535.551500
535.952300
535.955300
536.062200
536.071100
536.080100
536.089050
536.696600
536.762400
537.035300
537.147800
537.150900
537.160300
537.609400
538.344550
538.696650
538.703250
538.745300
539.506150
539.697350
539.791700
539.801950
539.815700
540.150450
540.160350
540.253550
540.263450
540.423150
540.625600
540.630050
541.243900
541.352400
541.392750
541.450200
541.589400
541.831050
542.103650
542.428750
542.431700
542.592850
542.867900
543.224150
543.492150
543.543650
543.551400
543.663150
543.714850
543.728350
544.018050
544.890100
544.894550
544.896950
544.903350
544.910050
545.110350
545.216600
545.225850
545.237300
545.246050
545.249000
545.979550
546.418350
546.425350
546.429600
546.436300
546.443350
546.528850
546.829800
546.944900
546.948000
546.950250
546.955600
546.959550
546.968550
546.972150
546.977400
547.002950
547.103750
547.316600
547.645200
547.804250
548.210900
548.226650
548.455750
548.716200
548.804000
548.812300
548.901800
549.160800
549.463850
549.595950
549.638300
549.791700
550.061850
550.268950
551.036150
551.801650
551.805100
551.972300
552.030400
552.436950
552.444500
552.892750
553.266150
553.270450
553.377800
554.225450
554.389600
554.392350
555.457350
555.558150
556.183200
556.187650
556.193200
556.196400
556.465300
556.478700
556.482850
556.570950
556.699950
556.825700
556.931550
556.935200
557.362800
557.967650
558.208000
558.428600
558.797200
559.071300
559.729650
559.847550
559.937250
559.947300
559.950400
560.000050
560.187600
560.198400
560.202050
560.208050
560.220950
560.362600
560.475800
561.081250
561.108700
561.153400
561.158050
561.200800
561.207250
561.251000
561.435200
561.441550
561.614700
561.654100
562.030400
562.033800
562.072900
562.152650
562.667300
562.671900
562.762000
563.385050
563.469650
563.472100
563.479750
564.375550
564.571900
564.706500
564.924950
565.041150
565.213800
565.233300
565.239750
565.244250
565.261050
565.464600
565.474850
565.566500
566.018250
566.161350
566.174550
566.193500
566.273500
566.458400
566.585300
566.616250
566.703400
566.706500
566.715700
566.724100
566.876500
566.879200
567.035350
567.554450
567.729400
567.763100
568.003000
568.013300
568.016750
568.587350
568.592650
568.798600
568.930950
568.959600
568.966100
569.283250
569.296900
569.353900
569.849300
569.909250
570.370250
570.382800
570.386500
570.633950
570.636850
570.965250
571.158050
571.240800
571.381700
571.394900
571.506400
571.508650
571.845050
571.860350
571.892250
572.101500
572.113750
572.446000
572.449300
572.457650
572.595900
572.937650
572.942600
573.223500
573.226100
573.234550
573.660850
573.671150
573.680800
574.017200
574.242550
574.302300
574.445550
574.524350
574.554550
574.568850
574.592150
574.616700
574.627350
574.841950
574.925750
574.980950
574.993950
575.090950
575.106200
575.109850
575.181600
575.189350
575.325350
575.631950
575.754350
576.977300
576.980000
577.113900
577.117250
577.302200
577.460400
577.468650
577.655050
577.733350
578.549900
578.760050
578.762750
578.789400
578.824450
579.552550
579.687800
580.068500
580.071550
580.086650
580.532250
580.554950
580.865400
581.053600
581.059800
581.177600
581.511950
582.964850
583.491600
583.502400
583.506600
583.512250
587.790050
587.968300
588.949800
590.489050
602.209350
602.472400
609.347700
611.820750
612.548900
613.213500
613.282950
613.415800
613.420100
613.438550
613.583650
613.598400
613.682050
613.684500
613.694700
613.704800
613.708450
614.011750
614.070350
614.621750
614.637400
614.819000
615.263600
615.863350
615.952500
616.016200
616.143150
616.191100
616.217100
616.428400
616.431550
616.436450
616.442550
616.475650
616.478300
616.676300
616.679450
616.695850
617.418900
617.766250
617.773100
617.924150
617.932400
618.161250
618.339200
618.343500
618.423000
618.426150
618.432700
618.746450
618.763800
618.865450
618.888000
619.233800
619.462200
619.644050
620.877600
620.892300
620.913900
620.916750
620.934750
621.145750
621.238650
621.766700
621.770950
622.421350
622.424550
622.620600
622.623450
622.785650
623.154350
623.534450
623.645450
623.713350
623.867450
624.302150
624.402900
624.553100
624.582250
624.882700
625.182950
625.466450
625.471250
625.677100
625.680700
625.711950
625.716750
625.944850
625.948100
626.218050
626.229200
626.350450
626.736800
626.745300
626.748600
626.866750
626.869750
626.884550
627.041700
627.343600
627.384550
627.497950
627.676400
628.064800
628.212750
628.217900
628.264000
628.278200
628.400300
628.458450
628.461300
628.546100
628.752850
629.190150
629.220850
630.152800
630.156400
630.162950
630.411400
630.711000
630.809500
631.111900
631.284750
631.406200
631.409250
631.414450
631.442300
631.477350
631.633800
631.729850
631.826650
631.877950
631.981350
632.505450
632.509850
632.652300
632.901950
632.993550
633.096800
633.349800
633.460950
633.464550
633.977000
634.144300
634.536950
634.542450
634.544850
634.549150
635.424700
635.642800
635.805100
635.990000
636.987600
637.410300
637.413600
637.814650
638.268600
638.709250
638.712600
638.815200
638.828100
638.895300
638.897450
638.943300
639.063150
639.082150
639.454500
639.563600
640.072000
640.102850
640.187500
640.247400
640.435750
640.637150
640.868900
641.184800
641.294300
641.300700
641.304900
641.390500
641.474750
642.096100
642.134850
642.343500
642.507450
642.510150
642.552000
642.554500
642.623700
642.630350
642.640250
642.831600
642.843400
643.200500
644.075050
644.362950
644.379850
644.384600
644.890300
645.257500
645.403200
646.124700
646.317100
646.600300
646.610400
646.616950
646.636150
647.257000
647.304200
647.445950
647.566800
647.643600
647.650000
647.729000
647.735600
648.029550
648.035200
648.164350
648.541100
649.443350
649.451300
649.463200
649.470150
649.485150
649.591100
649.764250
649.987700
650.077400
650.391750
650.781350
650.784850
650.997450
651.094700
651.097050
651.113050
651.246550
651.464950
652.340200
652.383050
652.484750
652.677850
652.680250
652.684200
652.825600
652.834350
652.905500
653.098200
653.486800
653.508600
653.517900
653.656800
654.024750
654.044050
654.050000
654.141650
654.185000
654.381400
654.530050
654.672800
654.675950
655.249100
655.401500
655.404700
655.549900
655.641700
655.846150
655.991650
656.455450
656.468150
656.899000
656.902700
656.962550
656.991650
657.027900
657.108900
657.283800
657.290850
657.715800
657.722850
658.261850
658.308250
658.346650
658.366900
658.547150
658.554250
658.753650
658.986750
659.081300
659.121250
659.167700
659.524800
659.528000
659.532750
660.007650
660.467200
660.499350
660.824250
660.969950
660.979850
660.985450
661.251100
661.570400
661.766800
662.030800
663.230150
664.102500
664.105350
664.681600
664.956150
665.208900
665.480700
665.735800
665.916300
666.061250
666.699150
666.794100
666.923050
667.276450
667.288000
667.290350
667.514250
667.539850
667.632450
668.172300
668.423350
668.494750
668.580400
668.595000
668.607200
668.716400
668.721600
668.726800
668.740900
668.747900
668.993700
669.030650
669.035200
669.337300
669.660150
669.694150
669.749700
669.955000
670.034450
670.727700
670.913150
671.074650
671.085600
671.246300
671.254250
671.266900
671.366850
671.378750
671.383050
671.651700
671.972950
672.021950
672.138950
672.256300
672.454700
672.457500
672.653250
672.672350
672.674550
673.038450
673.463400
673.472850
673.585800
673.734450
674.058150
674.072700
674.452750
674.843850
674.988450
675.631800
675.909350
676.356850
676.444450
676.459400
676.471450
676.968400
676.970900
676.975750
677.131250
677.145000
677.502000
677.742750
677.751950
677.755750
677.842250
678.453550
678.642000
678.809600
678.930250
679.055200
679.061950
679.109150
679.129650
679.165700
679.189400
679.641200
679.646700
679.893950
680.548500
680.609100
680.629100
680.734700
680.739750
680.887050
680.921800
681.152550
681.347050
681.350100
681.368750
681.483250
681.581450
681.628050
681.639550
681.991200
682.142000
682.333750
682.763150
682.766150
682.855950
682.948100
683.093550
683.208400
683.560350
683.646050
683.741100
683.757100
684.007200
684.013550
684.015850
684.471900
684.540500
684.826850
684.934400
685.087500
685.092200
685.100550
685.439750
685.456050
685.493100
685.495800
685.547700
685.633200
685.645550
685.651750
685.767150
685.952850
685.987700
686.000050
686.021050
686.034850
686.121500
686.144400
686.162450
686.624800
686.821450
686.952150
687.051250
687.175250
687.571550
687.661450
687.726750
687.996100
688.181550
688.274800
688.286300
688.289400
688.381800
688.575800
688.638100
688.696050
688.700050
689.079350
689.082400
689.100850
689.371200
689.668050
689.930250
689.933200
689.945500
689.962400
690.037950
690.824950
691.474400
692.141050
692.155550
692.324150
692.413500
692.428850
693.109450
693.635500
693.640650
694.023650
694.257350
694.385700
694.463150
694.466300
694.718350
696.706350
696.955000
697.220000
697.235950
697.241400
697.472300
698.262250
698.265150
698.278950
698.524850
698.533150
698.547600
698.569150
698.824850
699.196500
699.249200
699.574450
699.642550
699.661350
700.169450
700.401950
700.408000
700.592250
700.645400
700.648700
700.652300
700.952900
700.976350
701.047150
701.108900
701.188000
701.289650
702.045300
702.230300
702.243900
702.248400
702.609850
702.715600
702.959900
702.968500
703.103700
703.200650
703.338700
703.724650
704.021600
704.103000
704.230000
704.248150
704.251450
704.289750
704.297650
704.308200
704.503000
704.723600
704.726700
704.731050
704.739300
704.790600
704.851950
704.855400
705.064500
705.208850
705.606800
706.464550
706.608850
706.613450
706.617550
706.624800
706.633500
706.636500
706.640800
706.646350
706.893900
707.169850
707.202850
707.212450
707.331350
707.343200
708.019750
708.170650
708.349200
708.356300
708.360050
708.391450
708.438850
709.327100
709.491100
710.466250
710.780900
710.786250
711.030300
711.037150
711.044050
711.066800
711.198100
712.172650
712.315300
712.608050
713.048500
713.175300
713.224400
713.228050
713.402650
713.410200
713.529500
713.582350
713.982500
714.134850
714.388950
714.416700
714.469750
714.473600
714.487200
714.501950
714.506900
714.602200
714.604350
714.607650
714.775350
715.544900
715.548150
715.741400
716.150800
716.153600
716.265100
716.556350
716.689800
716.727400
716.893650
716.912800
716.919700
717.475800
717.614100
717.624750
718.006600
718.010300
718.068350
718.178700
718.209950
718.413750
718.449900
718.715800
719.074350
719.156650
719.160350
719.341750
719.356950
719.716950
719.866850
719.870300
719.873150
719.926050
719.946800
720.037800
720.259250
720.549150
720.552700
720.704800
720.709100
720.731600
721.078400
721.138700
721.326700
721.345700
721.440050
721.444800
721.452900
721.466700
721.474400
721.483200
721.672050
722.364050
722.367650
722.832200
724.540350
724.552950
724.770700
724.774100
725.448200
725.461150
725.468150
725.713300
725.716150
725.721800
725.951750
726.221050
727.096500
727.100600
727.111200
727.336950
727.339450
727.360100
727.362900
727.383350
728.352700
728.577200
728.585500
728.677500
728.680150
728.695250
728.703100
728.859250
728.885600
729.445800
729.620700
729.623950
730.038700
730.404150
730.865800
731.295800
731.299350
731.461850
731.588100
731.765800
731.847850
731.858350
732.158350
732.512050
732.520450
732.836400
732.857000
732.999100
733.049550
733.154550
733.158250
733.670400
733.675450
733.917500
733.922000
733.939500
735.209800
735.218650
735.223850
735.338650
735.341650
735.344100
735.351900
735.368650
735.387950
735.508250
735.698000
736.394150
736.736500
738.339250
738.431850
738.552650
738.556550
738.676300
738.679700
740.221000
740.716200
740.984950
741.808250
742.308500
742.312000
742.611300
742.782300
743.027250
743.064350
743.071950
743.181500
744.077500
744.355450
744.420100
744.639050
745.165300
745.212050
745.215350
745.364350
745.367300
745.370250
745.378250
745.436600
745.559000
745.562300
745.587950
746.046650
746.804450
746.947300
747.119550
747.435100
747.727250
748.033450
749.174900
749.253150
749.512800
749.844500
750.351750
751.040300
751.052900
751.057900
751.252050
751.392300
751.395550
751.407550
751.758750
751.763550
751.885800
751.888400
751.896900
752.082850
752.204050
752.276950
752.294300
752.454000
752.457750
753.175650
753.193150
753.200900
753.216250
753.468550
753.471650
753.475550
753.528050
753.986250
754.023050
754.036350
754.045400
754.137100
754.581000
754.631150
754.940400
754.943450
755.357200
755.804600
755.933350
756.237700
756.663650
756.941150
757.084350
757.304100
757.310400
758.016150
759.206800
759.351900
759.361300
759.526050
759.530500
760.156250
760.218650
760.319250
760.327650
760.334900
760.449400
760.452200
760.592650
760.602800
761.443600
761.460200
761.632850
761.636700
761.659500
761.904950
761.913250
762.116500
762.122450
762.342050
762.349650
762.442450
762.456350
762.461250
763.080500
763.086150
763.107600
763.117250
763.122350
763.126650
763.346450
763.360850
763.364200
763.937750
763.943250
763.958050
764.148650
764.150700
764.962250
764.976500
764.989000
765.336800
765.481350
765.486400
765.505800
765.519650
765.790100
765.979450
766.106050
766.110050
766.293650
766.352600
766.428300
766.583600
766.687750
766.693700
766.867650
767.169700
767.736650
767.739400
767.809550
767.812550
768.339750
768.724250
768.727300
768.764450
768.911750
769.024100
769.027950
769.034700
769.294250
769.297150
769.299900
769.312600
769.343750
769.701950
770.193450
770.850550
771.102450
771.342800
771.622950
771.633700
771.644300
771.767450
771.770650
771.781700
771.797250
771.801550
771.959350
772.048200
772.514400
772.516950
772.526700
772.675100
773.131100
773.387200
773.745450
774.333950
774.548750
774.788900
774.832150
774.977650
774.991000
775.152950
775.246700
775.249700
775.266600
775.457700
775.462450
775.564200
776.468050
776.818800
776.838600
776.843050
777.528450
777.532350
777.712450
777.921400
778.037300
778.471800
778.657100
779.154650
779.160150
779.386950
780.466750
780.772050
780.874000
780.876850
781.018450
781.109950
781.472500
781.922800
781.948750
782.451750
782.459200
782.706500
782.718450
782.720650
782.873900
783.192600
783.331750
784.176000
784.192650
784.640900
785.007950
785.323350
786.286900
786.290700
786.299350
786.517800
786.526050
786.534950
786.539300
786.652850
786.667250
786.810400
787.895900
787.939400
788.065050
788.435950
788.688200
789.028650
789.103050
789.389050
789.406550
789.698900
789.725450
789.738000
789.905550
790.950700
791.265950
792.166400
792.174550
793.866850
793.878550
793.988550
793.994550
793.997250
794.825100
794.987000
794.992800
795.165700
795.320400
795.741950
795.944600
796.075700
796.200350
797.559750
797.567150
797.674400
798.028000
798.035800
798.059350
798.129250
798.133950
798.160000
798.569850
799.505850
799.509250
799.516100
799.520500
800.459800
800.470650
800.630400
801.037700
801.041000
801.577300
801.580750
801.595800
801.599950
801.639200
803.165550
803.896200
803.946100
803.948800
804.282750
804.535850
804.701000
804.736650
804.926850
804.946550
805.310200
806.082800
806.096950
806.518200
806.657050
807.133700
807.180650
807.813550
808.127550
808.130500
808.140250
808.145150
808.339400
808.342350
809.174650
809.318300
810.259900
810.263600
810.999650
811.020850
811.816650
811.884950
812.045950
812.306500
812.458200
812.468850
812.471650
812.490950
812.569500
812.580350
812.737400
813.276000
813.425500
813.429150
813.494250
813.499850
813.611650
813.869250
814.363200
814.368300
814.471200
814.483200
814.633300
814.636200
815.218600
815.220950
815.243900
815.452300
815.456400
815.466050
815.468950
815.475750
815.627000
816.422600
816.617700
816.620550
816.642000
817.069900
817.768000
817.774400
817.778100
817.804600
817.855500
817.947650
817.966200
818.365150
818.383850
818.390200
818.419400
818.520500
818.833000
819.560700
819.872800
820.012250
820.039000
820.145700
820.283500
820.503550
820.553200
820.582600
820.833750
821.204700
821.218100
821.434250
821.450000
821.618000
821.722250
822.057400
823.289450
823.553750
823.631450
823.643900
823.798150
824.204600
824.340400
825.842600
825.845150
825.874900
825.888150
825.934500
825.937250
825.945350
825.967100
826.001000
826.350350
826.460650
826.731850
827.545300
827.548450
827.553000
827.624450
827.900650
828.148450
828.344450
828.562150
829.041000
829.043700
829.054250
829.160750
829.166100
829.335250
829.400800
829.403950
829.417100
829.441050
830.745750
830.862450
831.238600
831.684050
831.699900
831.963350
832.396300
832.888900
833.111450
833.340550
833.344250
833.348450
834.023250
834.263650
834.434100
834.461150
834.922550
834.927200
835.355550
835.795750
836.162650
836.669450
836.673300
836.885450
837.385750
837.406250
837.604650
838.029000
838.031050
838.033750
838.365750
838.568950
838.573850
838.687200
838.714350
838.820400
838.831950
838.836200
838.840200
839.294150
839.573850
840.050000
840.367500
840.468650
840.899050
841.115650
841.377100
841.381600
841.933250
842.207350
842.475950
842.480650
842.607750
842.931900
843.150150
843.758450
844.454950
844.489050
845.121750
845.483000
845.636400
845.870200
846.014400
846.139700
846.824950
846.833400
847.161150
847.179400
847.185750
847.189800
847.223250
847.230550
847.362050
847.366000
849.320350
849.620000
850.086250
850.510750
850.583150
850.586950
850.610600
851.221750
851.292850
851.306450
851.633450
851.729700
851.744750
851.750300
851.820500
852.747550
852.752050
852.938200
853.069450
853.498850
853.628000
853.703750
853.964400
854.115700
854.546950
854.995750
855.135950
855.576100
855.698050
855.700800
856.088900
856.097000
856.489600
856.493700
856.620800
856.878850
857.106450
857.305000
857.599350
857.780550
858.361750
858.555600
858.562000
858.572900
858.743800
858.758150
858.761750
858.775200
859.072900
859.078150
859.083650
859.210000
859.736100
859.939400
860.210450
862.913350
862.922650
863.012950
863.216450
863.794600
863.843900
864.158550
864.167200
864.410450
864.960250
865.420300
865.802150
865.830350
865.859700
867.029850
867.120350
867.658500
867.749100
867.762950
867.768550
868.307550
868.312650
868.656800
868.841650
868.890350
869.198700
870.609400
870.853900
871.516400
871.834700
872.090050
872.409650
872.732250
874.333700
874.779300
875.415000
876.223850
876.278300
876.705100
876.719000
876.996150
877.003050
877.009400
877.014550
877.020700
877.503700
877.505900
877.597750
877.650250
877.819700
877.836400
877.983750
878.272250
878.316950
878.555400
878.616100
878.703250
879.518250
880.011550
880.118100
880.990350
881.324150
881.642650
881.645450
881.669500
882.967950
882.982900
883.072750
883.088800
883.266300
883.368350
883.908550
884.038850
884.049650
884.287950
884.366050
884.778500
885.251550
885.665150
885.928700
886.174050
886.176650
886.508950
886.595150
886.599000
886.609900
886.914500
886.919350
887.191100
887.245800
887.252250
887.487550
887.885250
888.253650
888.480250
888.913300
890.370100
890.690900
891.056800
891.059700
891.097850
891.756050
891.764550
891.789300
891.806550
891.843600
892.078200
892.636700
892.942800
892.947550
893.827600
894.031850
894.036350
894.354750
894.361500
894.558950
894.944950
895.120550
895.124950
895.141100
895.148750
895.168050
895.995650
896.003250
896.008500
896.027900
896.120100
896.445050
896.930850
896.971950
897.544550
897.660500
897.726350
897.732550
897.833150
898.220000
898.354200
898.442500
898.457600
898.664650
899.882500
899.900800
900.535700
900.734800
900.936650
901.292200
902.055100
902.590650
903.395900
903.423700
903.432600
903.446500
903.531450
903.933600
904.014500
904.020350
904.031050
904.036000
904.155850
904.163800
904.265700
904.268900
904.272050
904.730950
905.067650
905.070450
905.090050
905.541850
905.544550
905.627600
907.012800
907.091200
907.244050
907.247150
907.267600
907.271350
907.305850
907.313850
907.460500
907.464750
907.995650
907.998250
908.734900
908.753000
909.194900
909.200500
909.235350
909.240200
909.283050
910.158800
910.665050
911.976000
911.980750
911.983850
912.473050
912.652750
912.655350
912.659100
912.668600
912.687750
913.090350
913.311850
913.345850
913.355650
913.489200
913.495600
913.759600
913.762150
913.864500
915.036400
918.569050
918.649600
919.011800
919.022750
919.026050
919.277400
919.532850
920.026450
920.088450
920.412050
920.466300
920.556500
920.631150
920.635200
920.640900
920.880800
921.004050
921.260100
921.262850
921.564500
921.567850
921.570750
922.271050
922.620050
922.742000
922.745600
922.776550
924.166550
924.170700
924.179100
924.181200
924.440300
925.932900
926.186500
926.892650
927.010600
927.186750
927.199250
927.341250
927.344400
927.744050
927.849150
927.853850
927.857600
928.074750
928.430900
929.136550
929.219550
929.232500
929.239800
929.244050
930.761800
930.912000
931.117950
931.728950
931.985950
932.296800
933.216400
933.219150
933.240950
933.452100
933.661000
933.713300
933.907800
933.981000
934.533250
934.535400
934.539450
934.547400
934.735650
934.948300
934.950750
934.954100
934.956800
934.960950
934.966000
936.453300
936.457550
938.435050
938.450200
938.482750
939.842100
939.852750
940.043000
940.593200
941.077550
941.721600
942.135100
942.200700
942.424550
943.034850
943.268300
944.559950
944.564300
944.568900
944.673100
944.676350
944.679250
944.683400
944.696950
944.940650
944.943550
945.317200
946.201150
946.402350
946.432450
946.463800
946.747000
947.120000
947.173150
947.308750
947.323750
947.429950
947.465650
947.751900
947.759400
947.766300
947.789500
949.112800
950.172900
950.742300
951.539100
951.564900
951.646600
951.853700
951.857800
952.011200
952.014050
952.328200
953.213650
953.702950
953.717950
953.762700
953.871900
953.874650
953.940200
953.966900
953.970800
954.765300
954.770900
954.782350
954.829200
955.097150
955.143000
955.146000
955.440100
956.268450
956.786700
956.789150
956.845950
957.240550
957.339250
957.503400
958.406150
958.537200
958.567250
958.785800
958.789950
958.816200
959.874750
959.903100
959.961650
960.117500
960.359400
960.363750
960.902650
961.695650
962.087900
962.095000
962.104900
962.141500
963.276600
963.488250
963.491250
963.704650
963.707150
964.065750
964.068400
964.957600
965.492600
965.545700
966.270600
967.007050
967.029050
967.676550
968.067750
968.752200
968.766300
969.053750
969.064450
969.598300
969.646200
969.650500
969.754050
969.773700
969.782100
969.790300
970.395600
970.432000
970.435100
970.594550
970.980650
970.983600
970.987150
971.098900
972.095650
972.229300
972.232850
972.237450
972.241850
972.244750
972.249000
972.275550
972.286050
972.301750
973.377100
973.591050
974.076650
974.379600
974.592700
974.702800
974.705500
974.713750
974.745800
974.755500
975.439050
975.442300
975.446250
975.612450
975.636400
975.810050
975.814200
975.817100
976.084050
976.209050
976.711750
976.823150
976.918350
976.924350
977.519850
977.695350
977.697950
977.703950
977.899950
977.912250
977.918850
977.930500
977.934400
978.118600
978.361850
979.106400
979.448500
979.462950
979.830250
979.955350
980.360200
980.963450
980.971650
981.031950
981.460900
981.490600
981.649150
982.040600
982.046400
982.052050
982.555950
982.923000
983.028350
983.040850
983.558150
984.554100
984.577200
984.762750
985.018350
985.200400
985.459000
985.726850
986.016600
986.202700
986.205700
986.321100
987.077450
987.085900
987.239600
987.382550
987.487200
987.493550
987.563250
987.874550
988.009150
988.013300
988.023750
988.287950
988.987200
989.306050
989.323350
989.433500
989.535900
989.663150
989.855400
989.866500
990.043800
990.248800
990.379500
991.071250
991.321050
991.970250
991.992650
992.005750
992.384600
992.390500
992.696200
992.950100
992.953250
993.567700
993.573200
993.576500
993.746200
993.796100
994.428000
994.473850
994.571100
994.581650
995.048100
995.061400
995.065700
995.087000
995.872450
995.876200
996.085850
996.237750
996.240950
996.263800
996.417350
996.475400
996.489900
996.553750
996.738100
997.090250
997.389550
998.292350
998.948750
999.251900
999.254650
999.527850
1000.287200
1000.329950
1000.593850
1000.601950
1000.606650
1001.521400
1001.946650
1002.220500
1002.560150
1002.573850
1002.840200
1003.804750
1003.807450
1003.822500
1003.826500
1003.832100
1004.444550
1004.730700
1004.879350
1005.029550
1005.036650
1005.522400
1005.755400
1007.173800
1007.182900
1007.195950
1007.716850
1007.731300
1008.110300
1008.116450
1008.614200
1009.068500
1009.311700
1009.330100
1010.401250
1010.408450
1011.224900
1011.670650
1011.674500
1013.580650
1014.094350
1014.235400
1014.238900
1014.881400
1015.639900
1015.644150
1016.462750
1016.464850
1016.482750
1016.485700
1016.500000
1016.503350
1016.507250
1016.672500
1016.676700
1017.055900
1017.086250
1017.652250
1018.154900
1018.335850
1018.852900
1019.328750
1019.848650
1019.852850
1019.884100
1019.895850
1020.502450
1020.505450
1020.691450
1020.748700
1021.128400
1021.132150
1021.674150
1021.676700
1021.680800
1021.690100
1022.505050
1022.874850
1023.429850
1023.433550
1024.105950
1024.251950
1025.479650
1025.499250
1025.630400
1025.721000
1025.808200
1026.842650
1026.846000
1026.916000
1027.077450
1027.701200
1028.281350
1028.970400
1028.976750
1029.068150
1029.078200
1029.389200
1029.579050
1030.399050
1030.469800
1030.712500
1030.715650
1030.735950
1030.763200
1031.164050
1031.198200
