0.814550
3.772450
4.260300
7.272900
9.402900
9.848100
10.204250
10.236900
10.252700
10.283400
10.308150
10.428200
10.620650
10.647250
10.688000
10.701650
10.876700
10.920250
10.952050
10.955900
11.539100
11.659650
11.720600
11.903400
12.029300
12.107600
12.306700
12.460250
12.585750
13.143350
13.713250
13.888300
14.212250
14.417750
14.666300
14.796050
14.917950
14.926900
15.036300
15.862900
15.918850
16.511250
17.331100
17.592300
17.905550
20.789950
21.370550
21.702000
21.706450
23.871500
25.164800
26.498350
27.236850
28.716650
29.765850
30.169500
31.006400
31.157850
34.558150
35.110450
35.387150
35.416350
35.620550
37.035600
37.271650
37.515950
37.797100
38.339150
38.612300
39.724350
40.278400
43.894250
44.733800
46.521750
46.526250
47.062350
50.171600
51.149650
51.831700
52.850850
53.427700
54.309400
54.415900
55.187100
55.339750
58.357650
58.516200
58.810000
58.913450
59.182950
60.643700
61.507600
63.366200
64.449450
65.718300
66.816350
67.356750
67.630400
68.229850
70.123350
70.202550
87.709950
88.175850
88.949800
89.511750
90.086350
90.345000
90.512650
91.354400
91.358650
92.025300
92.764000
92.814150
93.472700
94.833850
95.632050
95.992850
96.641550
96.952500
97.050700
97.787900
98.289450
98.496300
98.901950
99.063650
99.435850
99.503250
99.912750
100.061400
100.447250
101.002900
101.020700
101.487200
102.393600
102.540600
102.793700
102.928350
102.967950
103.247450
103.321250
103.886850
104.029650
104.167350
104.461150
104.662650
105.655000
106.139350
106.245450
106.348650
106.843400
106.883950
108.188300
108.309250
108.621600
109.600250
110.213850
110.443850
111.351150
111.705450
112.011900
112.090300
112.376500
113.317250
113.426150
113.774250
113.878100
113.904350
114.381450
114.515250
114.724400
115.003500
115.071450
115.108900
116.005100
116.423600
116.487050
116.538950
116.802950
117.393900
117.547650
117.960150
118.800450
119.459150
119.793100
120.079000
120.424100
120.783150
120.930900
121.216900
121.247250
121.627700
121.737450
122.199950
122.322900
122.945850
123.208500
123.602200
124.866900
125.990550
126.310650
126.666450
126.677800
126.767900
127.518550
127.560050
127.962200
128.042200
128.384850
128.795250
129.577500
131.677650
133.572200
133.933050
134.514050
134.665500
135.257500
135.482900
135.768900
135.936800
136.160250
136.265800
136.289150
136.407850
136.530450
136.682500
137.982400
139.327250
141.115400
141.476700
141.815400
142.247950
142.378850
143.017600
143.709100
144.221900
144.427700
144.740450
145.749400
145.804600
145.966650
146.410550
146.964000
147.087750
149.352200
151.257200
152.139850
153.136300
153.333700
153.526800
153.957900
154.192600
154.573650
155.004400
155.211750
155.987650
156.239450
157.724100
158.151650
158.479150
158.641150
159.229750
159.358200
160.293600
160.945300
162.154800
162.268700
162.594300
162.636550
162.947350
163.362950
163.616100
163.726850
163.885900
165.082650
165.355900
165.582300
165.649850
167.610500
167.968600
168.322900
169.242100
169.497250
170.979100
171.284400
172.709350
173.391950
173.842750
176.404900
176.813250
176.830450
177.227500
179.860700
180.707200
181.527250
183.048750
183.175450
183.352850
183.546450
183.695500
184.214800
185.093750
186.402550
188.500150
189.325400
189.631100
191.120750
191.573450
191.953950
194.872750
194.889900
195.398350
195.561750
196.042850
197.399500
197.625150
198.073300
198.569550
198.971650
199.195950
200.070800
200.638400
201.196200
201.759300
201.961800
203.052650
204.181400
204.291100
204.388650
205.286550
206.236100
207.165400
207.922900
209.198250
211.497350
211.763900
211.870200
212.330550
214.405200
215.434000
215.498700
216.387900
216.441500
216.779550
217.614000
217.936250
218.382800
218.937300
219.596400
220.393950
221.384400
221.390100
221.835450
221.930200
222.237550
222.632000
223.209800
223.972550
223.996150
224.827250
226.311350
226.695800
227.745150
228.069600
228.806450
229.164750
230.492100
230.668600
230.848700
231.572750
231.819200
232.231200
232.441350
232.921800
233.978750
234.629750
234.647100
235.037400
235.202100
235.581850
236.589600
236.665050
237.066750
238.428150
239.220850
239.958650
242.016750
242.358300
242.432900
242.926300
245.357150
245.669100
246.561850
247.459900
247.879350
248.076800
248.171050
248.344950
248.796400
251.231650
252.175550
253.170600
253.262850
253.599550
253.980750
255.259400
255.589400
255.725500
256.359750
257.658750
257.784200
257.930250
258.311400
258.663200
258.702800
258.931200
259.411250
259.640600
260.299150
260.360250
261.478350
261.886050
262.085900
262.731350
263.061450
263.427300
264.111450
264.220900
265.582300
265.798850
265.963500
266.068000
266.073150
266.453550
266.679300
268.893350
269.634600
270.988450
271.153600
271.550950
271.830500
272.062750
273.432450
275.071150
275.311200
275.416850
275.734550
277.024200
278.048850
278.202050
278.599950
278.692550
279.036400
279.567800
281.141650
281.260200
282.129900
282.331550
282.928700
283.085250
283.819800
284.621050
288.859850
289.197950
290.842450
291.738650
292.780000
293.166750
293.449850
294.090200
295.223050
295.572950
295.581500
298.030250
298.745050
298.900450
299.277900
299.888250
300.738200
301.159600
302.716950
302.826000
303.320950
303.579400
305.269400
305.328600
305.353000
305.554000
305.558800
305.657750
305.979250
307.217350
307.735350
308.220750
308.324950
309.099000
309.880900
310.379400
311.114300
311.437800
311.591250
314.045800
314.472550
316.179100
318.001400
318.556600
318.818350
318.991850
319.216650
320.055500
320.192400
320.456550
320.827250
321.017300
321.374750
321.435400
322.257250
323.257600
323.437050
323.584550
324.513050
325.157250
325.651700
326.093050
326.441650
326.604550
327.569100
327.744250
329.435400
329.736900
330.218250
330.342900
332.834550
333.226000
334.532950
335.189900
336.544900
336.775350
337.495100
337.633750
337.754450
337.835650
340.710300
340.839050
340.955050
342.505150
342.643500
343.747500
343.790650
344.769000
345.313200
345.650700
346.063600
346.615550
346.794400
347.311650
348.730900
349.307850
349.722000
349.865000
350.405200
352.546550
352.954600
353.324200
354.908950
355.070700
356.616400
359.238100
359.569600
360.554600
360.646750
363.004000
365.547400
368.255150
371.284550
374.548350
374.629350
377.498850
382.477350
383.383750
386.169000
386.715850
386.962550
388.596800
388.600650
390.454050
394.057250
394.322350
395.484150
395.923950
397.057450
399.453550
400.550550
405.398100
406.149700
407.624450
408.916900
409.844600
411.394500
417.361000
418.196400
422.321900
422.962650
423.417650
423.956400
424.644550
425.091050
425.721250
426.376650
426.764500
426.895300
427.984300
429.463550
429.694750
431.190450
431.477600
432.404800
437.373450
438.757000
439.688800
440.040000
440.640450
440.936450
442.282400
442.665700
443.800200
444.106400
445.987000
448.339400
449.105600
449.389100
449.544550
449.869650
452.919450
454.370200
455.489200
457.482000
458.347800
458.580600
459.085250
459.256450
460.276400
460.667200
461.009900
461.144250
462.111450
462.165300
462.328900
465.472650
467.761500
468.976700
468.981250
470.402200
470.568300
472.520200
472.822400
474.736600
474.976200
476.328500
476.760450
478.187700
480.855900
481.702100
481.959100
482.343650
483.126700
484.028100
484.883750
485.358850
486.589850
487.989800
489.868050
492.544950
492.548650
492.869050
493.737300
495.569150
499.088850
499.093550
499.409600
501.608400
501.874450
504.627950
505.884850
507.797000
509.220000
509.688750
510.234150
510.781950
511.346650
512.788300
513.720950
515.297800
516.851850
517.974000
518.099300
518.394250
520.944450
522.588200
523.400250
524.620050
527.082300
527.577000
528.557500
528.925250
529.541450
530.124800
530.467050
530.598000
531.131650
531.943850
533.439300
534.257450
534.321550
536.551200
537.595800
538.163550
540.791150
542.563850
542.946450
542.952050
543.257100
544.303150
544.676950
545.032650
545.569900
545.768150
546.839850
547.133150
549.229500
549.770500
550.809100
553.716700
554.768950
555.375600
555.452100
555.628300
555.941850
556.436100
556.743150
558.143250
559.263000
559.328700
559.462750
560.293550
561.914200
562.544250
565.346900
566.045650
567.069100
567.781550
568.924450
570.178100
570.395000
571.041950
571.691150
573.887800
575.389850
579.023950
580.838900
581.138950
581.383650
582.531500
583.304400
583.899200
584.036150
588.412850
589.524150
593.224100
612.395650
612.855150
613.213100
613.334450
614.255500
617.170150
617.932900
619.654400
621.607650
624.407250
625.123400
627.316750
627.568000
630.849950
632.553850
633.093050
634.356550
634.969000
635.765050
636.623400
637.330250
637.406900
637.422950
637.745900
640.857150
641.962750
642.342200
643.379100
644.089250
644.591500
644.697400
645.263450
645.475900
646.091600
647.550850
647.924650
650.513200
650.758450
651.945000
656.303850
659.636700
659.953500
660.611200
660.985900
661.502100
661.666400
661.779000
662.004750
662.811300
666.547600
666.796550
667.108700
667.416400
667.966150
669.001500
673.496000
673.501700
675.780500
679.700800
679.716900
681.193450
681.209950
681.335400
682.279700
684.540150
685.087000
692.158700
693.336950
693.474600
694.598200
695.940200
696.972550
697.085350
699.539050
700.414050
703.858600
705.539450
706.251000
707.664900
708.431300
712.586750
713.649150
714.302650
716.344950
719.455250
720.115750
722.488950
722.632300
722.949500
724.247450
725.300850
725.937300
726.359400
726.883000
727.177100
728.732850
743.886750
744.093250
744.680850
746.514750
748.350200
748.562100
748.605050
754.332400
754.920250
756.728900
758.174800
759.951850
762.555850
762.829200
764.865800
766.170600
768.271300
770.688650
771.511400
782.787850
788.506000
789.505350
797.072950
800.672300
800.712250
801.215500
802.534300
802.680050
803.543500
805.868200
807.148600
808.831250
812.025700
812.629600
813.051300
813.484150
814.043950
814.751000
815.466500
816.095850
816.215800
816.284350
817.604550
817.828850
820.901300
830.953200
831.528700
836.838800
839.147750
841.653300
842.940300
846.497200
848.923800
849.218450
852.847700
855.196800
855.239250
855.260050
855.409250
856.390550
857.500950
858.071450
858.141350
859.140700
859.959600
862.892050
863.762650
864.777000
865.284250
867.055950
869.822400
869.885150
871.080050
879.209550
880.219150
883.792150
886.667800
886.671950
896.569600
898.942700
901.403350
903.052600
903.188250
904.065950
905.993050
907.990150
910.712100
911.089250
914.547200
915.485000
917.937400
919.337800
919.911550
921.031100
921.690700
922.796600
923.028050
923.032050
924.451250
928.246300
928.258200
928.890950
929.754850
929.758400
936.616400
937.717150
937.737300
938.151200
940.713000
943.612450
945.055150
945.063650
947.396450
949.733850
949.995400
951.001250
953.021350
953.439950
953.545300
955.143200
960.695050
963.251350
963.480700
964.064400
964.572400
965.081450
966.792600
967.288300
967.604650
969.352100
969.976650
981.644300
982.690250
990.829200
990.872000
993.922750
994.026500
996.407900
996.475150
996.819800
1007.716400
1008.445650
1008.887150
1008.891050
1014.512250
1019.380450
1019.576250
