0.038050
0.797350
0.851400
0.946800
1.177700
1.358300
2.037050
2.133900
2.382800
2.760400
2.789500
3.033550
3.409800
3.696550
3.951900
4.486800
4.733200
4.883950
4.975900
5.088650
5.756700
6.768100
6.934950
7.025100
7.095150
7.717600
7.818300
7.983600
8.054000
9.655250
10.200900
10.207500
10.210400
10.214400
10.243650
10.303100
10.916750
11.336150
11.919250
12.117000
12.467000
12.529000
12.775250
13.337000
14.088850
14.965900
16.160800
16.479000
18.074100
18.472350
18.701500
20.558750
22.214800
22.900600
23.893250
24.087200
24.163650
24.229000
26.788100
26.920000
27.018700
27.205900
27.985000
28.454600
28.459050
29.498100
32.244150
32.352600
34.106200
36.135100
36.140650
39.719600
42.575700
43.368650
44.710200
47.719750
47.832400
48.094000
49.550150
50.042700
50.653950
52.045500
53.063550
55.197800
58.310450
60.691450
62.351550
62.823300
63.470550
63.814550
64.445300
65.640900
65.693650
68.203500
69.183550
69.651000
70.149950
70.309450
70.404550
72.682550
73.341100
74.020950
74.201100
74.920500
75.120050
75.344950
76.318700
78.035300
78.456500
78.460950
78.995600
79.675600
80.119450
80.655100
80.755000
81.035000
83.875550
86.337050
87.077400
87.210300
87.262600
87.951950
88.209550
88.878000
89.559400
90.756050
90.760000
91.211750
91.872850
93.445550
95.205450
96.206950
96.434500
97.718900
98.857800
99.499150
99.909400
101.395800
103.139100
103.820400
104.245350
108.953950
109.583800
111.275350
111.580000
112.045900
112.336150
112.400850
112.969200
113.104200
113.226200
114.190000
116.535800
117.979950
119.596700
123.542100
123.760600
123.948900
126.087700
126.503750
128.871650
129.881600
131.216400
131.992400
132.107000
132.112050
133.400950
134.282100
134.549900
134.595050
137.066850
138.500100
139.183450
143.227950
144.124250
144.375350
146.293750
148.900050
149.068350
150.776200
151.779000
153.362500
155.900250
156.307300
157.614250
159.026650
159.482350
160.940050
161.032750
163.529650
164.160000
167.181800
167.463000
168.227650
168.232600
169.675650
170.570400
170.941150
172.169200
173.696400
176.075950
177.924500
178.410100
178.454900
179.598150
180.603550
184.804050
185.151850
185.168700
185.717400
186.711600
187.093900
188.653700
189.377700
190.081250
191.069350
191.866500
193.635850
195.162150
195.727100
200.797800
201.354750
203.388550
203.393200
205.884950
209.811300
210.120200
211.563900
212.187750
216.897550
218.465250
219.126350
219.871500
220.626850
224.664400
225.269800
225.448950
226.177000
226.654400
231.313400
232.942500
233.729150
233.951200
235.225550
235.797400
236.153450
240.777900
242.273100
242.955300
243.793250
244.764900
245.092000
246.539600
246.744450
247.318050
247.865650
248.503050
249.586750
250.354500
251.061150
252.412350
255.249800
256.124100
258.517450
260.451450
260.921250
261.427200
262.145450
263.345200
264.024850
267.473250
267.923550
269.215800
269.785150
270.358050
273.291650
275.402050
277.348300
278.789550
281.972900
282.139600
283.185500
289.293150
290.618700
291.361350
291.878000
292.502150
293.674750
293.877250
294.486850
295.470850
304.784000
305.325650
305.475050
306.106100
307.657600
307.985400
310.367100
310.752800
311.138250
312.845300
314.655900
315.691650
318.401900
318.925900
319.106950
320.486650
321.379600
322.095900
324.244650
331.590650
332.140550
336.367200
336.432300
336.913300
338.920800
339.430550
339.568050
342.102350
345.633750
346.463700
347.233300
348.468250
350.676800
350.682000
354.108700
355.476400
355.708000
356.116350
356.343500
356.611750
359.456200
361.162000
362.569950
364.226050
367.497300
367.656400
368.434300
368.729250
369.132300
369.867700
370.169600
370.856200
371.505350
373.206000
373.788900
374.883150
376.130300
376.700500
377.467150
378.319300
378.587450
379.536550
380.413300
381.547300
382.303550
382.566250
382.963000
384.562050
386.174900
388.925700
392.734650
394.319150
395.919950
396.548200
397.540150
397.991100
398.053900
399.902700
400.293550
401.093300
401.421600
402.116250
403.178300
405.660900
406.840700
408.342550
408.506350
409.715800
410.522900
411.332550
412.126400
413.864450
414.474100
415.337400
415.844100
417.892250
417.958250
419.988250
420.169300
420.899400
422.173700
423.777500
425.499950
426.078400
430.780250
431.764450
432.830950
433.633700
434.211500
434.818150
436.618650
437.319050
439.644450
441.851550
442.056100
442.576550
443.658350
445.168400
445.389500
447.477550
447.863700
448.027600
448.602200
450.772250
452.018150
452.907050
456.319300
456.807800
457.341900
457.852600
458.541500
459.054900
460.643450
461.716450
462.764600
463.095650
465.713350
467.416700
468.990500
469.694600
470.086000
470.216500
470.575150
473.758150
474.764400
475.678100
475.837000
476.100250
479.204750
479.306600
479.407450
479.540850
480.025750
480.220050
481.224100
482.035550
483.500600
483.866350
485.638450
485.711900
486.311050
486.558750
486.811650
487.962800
488.234750
488.996250
489.968950
491.068900
492.537200
494.071100
494.572000
496.562150
496.705050
498.308600
499.040750
500.762300
502.825900
503.183150
505.467950
505.717650
506.072550
506.664150
506.668750
507.384050
507.716050
508.301100
508.348350
509.308150
509.949600
510.240000
510.501250
512.552200
512.962450
513.144700
513.897500
514.286650
514.291950
514.550400
515.780100
516.600850
516.665050
516.988750
518.390050
521.385600
521.540800
522.205150
522.530500
522.867250
524.424300
524.629850
526.711550
527.069350
527.450300
527.609500
527.876600
527.903000
528.807250
529.995400
531.763500
532.077150
533.479600
535.910350
537.209250
538.158850
538.506150
538.826000
539.316300
540.632950
541.224200
541.572150
542.600300
542.643500
542.962350
543.281300
543.460400
543.968450
544.150150
544.311900
544.814300
545.593300
547.289000
547.748350
548.308350
549.129300
550.649050
550.741900
551.390050
552.902300
553.915250
554.265650
555.312800
555.341050
556.232350
556.292150
557.267850
557.539900
558.108400
558.347950
559.089800
559.767500
559.986200
561.579350
565.527400
567.050850
568.768700
570.072050
570.116700
570.287050
570.815150
571.068000
571.426750
572.152600
572.822100
574.401500
575.145400
575.417450
575.768750
576.156950
576.181350
578.122600
578.295200
578.376600
578.389350
578.668750
578.717050
579.435650
580.515750
580.560400
583.447550
583.984000
584.015200
584.123400
584.872250
585.051300
585.935850
587.210050
587.250350
587.269950
587.609150
587.870050
588.454300
589.089200
590.153750
590.713400
590.848750
591.308150
591.328750
591.348000
591.448100
591.488400
591.708100
592.012900
592.468100
592.793450
593.768050
593.988050
594.112800
594.148800
594.328200
594.488000
594.573050
594.668400
594.688600
595.508900
595.628950
595.688200
595.768450
595.808850
596.048700
597.089000
597.449450
597.687450
597.989100
598.169450
598.427300
598.949200
599.209350
599.454500
599.581750
600.769100
601.169600
601.488950
602.494000
602.608750
602.808750
603.121150
603.566750
605.346800
606.616950
607.449750
607.969400
610.241550
610.721800
611.205750
611.300500
611.361050
611.460400
612.065100
612.339700
612.652950
614.577200
616.012050
616.283250
616.597100
617.296800
617.800000
618.117950
618.326150
618.779950
619.644050
622.366550
623.449300
623.607500
624.120800
626.388700
627.212750
627.837250
628.205700
628.931250
630.105000
630.578350
630.657550
632.687400
632.905200
633.112350
638.050650
639.302050
639.983450
640.203300
640.748050
643.768750
644.412550
645.004200
649.747850
649.778200
649.830800
649.926050
650.138500
651.445650
652.018100
654.010450
656.429200
657.415150
658.294350
658.595000
661.379550
665.202350
665.923050
665.944050
666.601100
668.887150
669.162450
669.363000
669.494750
669.902000
670.114300
671.054050
672.032100
672.278250
672.513800
672.697450
673.202300
674.105850
674.339750
676.395850
677.841500
678.729900
679.214100
679.326000
679.610100
679.614800
679.689100
682.488850
683.127800
684.014050
684.067550
684.140200
686.439550
689.234250
689.373600
694.861400
695.772000
696.631650
696.683700
696.805300
697.506100
701.135900
701.282400
704.721650
710.271350
710.862700
711.491550
711.986700
712.118200
712.250400
715.144350
715.613000
715.626650
716.773900
719.398900
728.745750
728.796350
729.599950
730.253650
732.219450
732.343200
732.521150
733.540750
733.560750
734.301150
735.521000
736.360650
736.878750
737.485350
737.513050
739.747000
740.505350
740.894150
741.507900
741.919000
742.401700
743.386600
743.419550
743.701100
744.575550
745.797100
745.859450
747.321700
747.948200
748.315750
748.597100
748.872750
748.918000
751.184500
753.506000
755.999900
757.330150
757.935850
759.745950
766.752250
767.585150
767.803550
767.868900
768.150900
768.550000
768.799050
769.480000
770.536300
770.766500
772.675500
775.919700
777.993650
779.596850
780.629550
780.649400
781.573200
781.975700
782.400650
783.620750
785.011450
786.070200
786.074000
787.373850
787.710200
788.697250
790.147550
790.279000
791.127150
791.362750
792.048200
792.138150
792.737350
793.140000
793.563550
794.360650
794.843000
795.713600
796.318650
797.102900
797.344450
797.969550
798.151650
798.675150
798.865250
799.909000
800.122750
801.237250
801.976300
802.458750
803.146600
803.190400
803.523400
803.539850
804.078200
804.082250
804.249150
804.438800
805.025250
805.914000
806.406250
807.016050
807.056300
807.111750
807.264500
808.001400
808.027300
808.131650
808.643400
809.188800
809.427150
809.902700
809.997950
810.052600
810.089550
810.398200
810.401050
811.632100
811.865200
812.562800
812.803700
814.359200
814.428150
814.514800
814.713600
814.962400
815.115350
815.303650
818.681550
821.952900
823.010550
823.839450
823.914700
824.946300
825.618500
828.032250
829.864350
830.473400
832.481050
834.136650
836.321100
836.760800
837.866800
838.512500
839.785650
840.069050
840.799900
840.848600
842.034350
842.847950
843.117500
844.026300
844.652150
844.789750
845.068750
846.350300
846.730400
846.939700
848.461700
849.062700
849.295950
850.174550
852.430500
854.075250
856.422650
857.142250
859.665700
860.427000
861.265850
861.903100
862.205350
863.550700
864.997300
866.398750
866.445400
867.448050
868.107450
869.996700
870.514600
870.535450
871.198650
871.600100
871.799800
871.814600
873.076800
874.282900
875.150050
875.511650
875.570500
875.982350
876.874750
876.999500
877.892300
878.585950
879.539600
879.834300
880.215250
880.732600
881.199850
881.539200
882.024050
882.431800
883.894000
884.014000
884.252500
884.363000
884.955600
886.412400
887.184550
887.341300
887.580900
887.862750
888.901950
889.348400
889.950800
891.159100
891.211750
891.431050
891.594350
892.181850
892.478150
893.662950
894.135050
894.638800
894.976750
895.688700
896.120000
896.766000
897.103750
897.471600
898.086850
899.165900
899.675750
901.022150
901.832650
901.880400
902.376950
902.379850
902.856750
902.861550
903.486750
904.950800
905.095550
905.320150
905.802200
905.812800
906.787850
906.993450
907.312200
908.841300
908.993200
909.065350
909.748850
910.031650
910.572600
912.030500
912.191850
912.447350
913.076700
913.338250
914.135100
914.388400
914.769200
915.689500
916.234050
916.568550
917.067200
917.296200
918.364400
918.789950
919.577650
919.652600
920.029700
920.723750
920.978950
921.000350
921.720950
921.900250
922.089750
922.374700
923.194950
923.691650
924.222900
924.642600
924.746800
925.268250
925.804600
925.833300
925.932700
926.324450
926.722550
927.384400
928.227150
928.629700
928.679200
929.220050
929.792650
929.941300
930.260950
931.380400
931.648450
931.734200
932.564950
932.936800
933.666950
934.087200
935.025100
935.477150
935.867150
936.311600
936.376700
936.956250
937.006750
937.594550
938.203250
938.339700
938.650750
939.599600
939.840200
940.157550
940.432550
940.709000
940.942250
941.846700
942.141050
942.935950
943.175150
943.179900
943.583700
943.587450
944.580500
945.022950
945.027850
946.048550
947.565450
947.634700
948.558350
948.583900
949.481950
949.893450
950.302950
950.854450
951.994700
952.220100
952.470900
953.749700
954.698300
955.262700
955.848500
956.238550
956.564300
957.037250
957.478550
958.747650
959.950250
959.953900
961.153750
961.464850
961.469000
962.033000
962.036750
962.243800
962.772000
962.876300
962.885800
962.917000
963.662350
965.477350
966.133050
966.262050
966.645200
966.702700
967.906600
969.501200
969.759350
969.994500
970.525650
971.019850
974.446550
975.254500
975.379450
975.661300
976.481300
976.752500
977.199500
977.405250
979.201250
979.658150
979.662300
979.862700
980.955150
981.438400
982.340250
988.311100
988.330300
988.442250
988.728350
988.830300
989.263150
989.491100
990.587000
991.289450
991.857400
992.013550
992.503000
992.905300
993.028500
994.519550
994.768000
995.278850
996.025550
996.295850
996.342950
1000.676250
1000.739000
1001.325550
1001.483400
1001.609750
1002.308600
1002.765050
1003.445150
1003.570850
1003.692200
1004.239900
1004.737650
1004.985650
1005.389650
1005.857750
1006.143850
1006.247600
1006.698500
1007.255650
1007.615250
1007.620750
1008.262150
1008.997900
1009.024200
1013.585500
1013.749250
1014.829300
1014.832300
1015.108850
1015.154650
1017.418700
1018.656450
1019.403400
1020.650350
1021.126950
1021.616850
1022.276800
1022.404450
1023.126400
1023.302350
1029.525200
1029.670050
1029.736150
1029.887800
1030.077450
1030.386200
1030.580700
1031.107250
