5.136850
5.163450
5.175450
5.246950
5.301550
5.319350
5.345750
5.358250
5.382600
5.397800
5.440300
5.590100
5.601000
6.494200
6.673750
6.909250
7.138150
8.670950
10.191900
10.267850
10.292350
10.324950
10.362400
10.367000
10.378100
10.389100
10.452700
10.484100
10.539550
10.585050
10.701100
10.756000
10.855500
10.961350
10.990050
11.121250
11.282150
11.420250
11.662600
11.734300
11.758750
12.427400
12.430950
12.528500
12.699050
12.707900
12.723700
12.806000
12.822150
13.098000
13.135350
13.303050
14.285500
14.666300
15.565450
15.654150
15.881550
15.884250
16.199700
16.576300
16.877800
16.893000
17.170250
17.335200
18.072050
18.560100
18.627300
20.459500
20.500750
20.725950
21.547000
21.627250
22.902650
23.455400
23.868950
23.875000
23.940500
23.958300
23.962100
23.966650
24.040100
24.184900
25.097700
25.413250
26.306300
26.615750
26.713200
26.856350
26.860100
26.871200
26.900800
27.191650
27.266350
28.311100
28.784850
29.048800
29.677600
29.724000
30.072300
30.083050
31.325500
31.339550
31.426450
32.350650
36.286850
41.151900
41.156050
43.520450
46.340050
46.349300
47.894300
49.433850
52.510200
54.079050
54.640400
54.644200
54.649250
55.953350
59.265000
60.128350
63.456650
64.433850
64.449450
64.453500
64.459550
68.192100
69.125300
70.424650
70.464800
71.563700
72.707450
75.600100
76.029300
76.179750
76.199900
78.876300
79.236150
79.320300
82.059750
82.065050
89.340950
91.271950
91.278000
91.477000
91.718500
92.186050
92.388750
94.064800
94.067450
95.894250
97.214850
98.625000
98.629050
99.156650
99.173600
100.315150
100.322000
102.887800
102.892500
104.556100
107.013950
107.046700
108.051950
108.232050
111.676400
111.934050
115.248850
116.272600
117.258900
117.264900
118.667550
120.264100
120.270000
120.279050
120.285050
120.287800
120.968550
123.054750
123.058750
123.239100
123.258400
123.654750
123.672300
125.957850
127.802900
127.819150
127.826950
127.829900
127.846200
128.100900
128.833050
129.492750
129.517050
129.523700
129.924450
132.632550
132.966200
132.971550
132.977100
132.982650
132.988950
132.994250
133.015100
134.831250
136.152300
136.297000
137.155850
137.392600
138.267700
139.661850
140.293600
140.297350
140.320850
140.329100
141.057600
141.158750
142.086950
142.975100
143.218150
144.632950
144.652550
145.040000
145.048950
145.362950
145.587100
146.120650
146.124950
146.590550
148.519100
148.689100
148.693850
149.538800
150.530100
150.667950
151.040000
151.043950
151.049750
151.118550
151.483500
155.014250
155.161100
155.883350
155.988800
156.106100
158.346050
158.363850
160.850350
160.855700
160.880900
161.011700
161.877250
163.435600
163.444000
163.447950
163.466500
163.814100
164.192600
164.739600
164.747300
164.749750
164.760800
165.689350
165.692350
166.434750
166.450050
167.196450
167.773900
168.976200
171.190400
171.245900
172.707050
172.970600
172.990950
173.126400
173.265600
173.767800
173.821900
173.827850
173.841700
176.041850
176.081350
176.309700
176.315800
176.493400
180.042450
180.686450
181.874550
182.088650
182.347000
182.381400
182.463950
182.514250
182.694250
182.697050
182.870100
182.874400
184.062800
185.407150
185.917400
187.696750
187.706100
187.722000
188.963450
189.146150
189.856850
190.643150
190.693150
190.880050
191.462150
191.577650
193.555700
193.749600
194.710200
195.765450
195.772800
195.786950
197.617950
197.621400
197.634550
198.403700
198.418200
199.311200
199.540700
201.955700
203.422800
203.458900
203.496300
204.151900
205.307200
205.503900
205.776500
205.944250
206.002800
206.007900
207.090550
207.862750
209.633600
210.740900
210.746300
210.750450
210.760000
211.095600
211.294500
211.324950
211.329850
211.349050
211.680000
212.206750
213.036050
213.530550
214.425450
215.060800
215.099550
215.101800
215.108400
215.971350
216.839650
216.846400
218.227550
219.294150
219.298650
219.643200
219.670300
221.666900
222.089100
222.771050
222.776650
222.788750
222.802500
223.440000
223.826400
223.836900
223.843950
224.146900
224.157550
226.886850
229.046650
229.737900
229.834000
230.239250
230.243450
230.253800
230.860450
231.228900
231.583000
232.324500
232.925150
233.669500
233.818350
233.931150
236.471350
236.480850
236.485950
236.762350
236.827750
236.999300
237.009300
237.086800
237.573800
237.584000
237.990700
240.019400
240.123850
240.438300
240.697850
241.327900
241.333250
241.336350
241.341300
241.345000
241.356550
242.157050
242.163200
242.262900
243.375650
244.767350
245.509000
246.382250
246.386050
246.413750
246.582250
247.140650
247.343800
247.459900
248.072100
248.482850
249.703450
249.708400
249.864000
251.094900
251.131650
251.148500
252.288300
252.296050
252.351800
252.867500
253.310150
253.659950
253.896250
254.273200
254.791350
254.795850
255.000750
255.276550
255.526550
255.560150
256.748750
257.250550
257.499500
257.506050
258.517550
258.712550
259.147650
259.162100
259.844550
259.982200
260.838650
261.549050
261.554650
261.561550
261.567950
261.578650
262.473400
263.062050
264.046600
264.165100
264.354700
264.611900
264.853450
264.900750
265.113800
265.122900
265.130750
265.488600
266.810250
266.813550
266.817500
266.820350
266.997950
267.697550
267.711400
268.164400
268.625250
268.654700
269.092400
269.465950
270.416800
270.456750
270.459900
270.475250
270.511900
270.587800
270.679950
270.684600
271.936400
272.472350
273.149350
273.153600
273.159050
273.467000
274.817850
274.825450
275.057950
275.258800
276.165800
277.403200
278.252900
278.260450
278.487100
278.587850
278.619050
278.652800
278.714300
278.890600
278.896450
279.141950
279.353100
279.858250
280.235150
280.241200
281.270400
281.278400
281.280500
282.041200
282.047650
282.119150
282.132400
282.413300
284.266900
284.765200
284.770350
284.777900
285.871850
285.880600
285.884600
285.888150
286.064600
287.041600
287.053600
287.513900
287.611000
287.620300
288.046800
289.250300
290.839300
291.449100
291.482050
291.485350
292.039950
292.042750
292.047150
292.052050
292.056750
292.082300
292.140950
292.306000
292.771900
293.028650
293.903950
294.729200
295.481500
295.722550
295.812050
295.848300
296.336000
296.682600
297.207350
297.646250
297.837050
297.868350
297.873950
297.881250
298.809350
298.813600
299.165500
299.696200
300.734050
301.490600
301.510450
301.572150
302.144150
302.339050
302.550750
302.566450
303.364650
303.370300
303.382000
303.696250
304.190250
304.391000
304.604200
305.366900
305.380950
305.973150
306.157050
306.173050
306.610500
306.622450
307.472300
307.595650
308.106950
308.111500
308.122950
308.134550
308.553750
310.022450
310.271200
310.462650
311.330350
311.337900
311.374050
311.439950
311.625050
311.850300
312.234850
312.248450
312.253750
312.268250
313.365800
313.379600
314.073100
314.589800
315.296150
315.385950
315.388500
315.393000
315.696450
315.699150
315.702300
315.781750
315.791650
316.285000
317.389900
317.393550
317.688400
318.134350
318.142900
318.157500
318.672100
319.116800
319.439250
319.454600
319.468800
319.771500
320.221500
320.529350
321.740000
321.744450
322.059350
322.088600
322.943350
322.992300
323.005750
323.430800
324.782100
324.791450
324.802400
324.957850
325.183550
325.686550
325.862100
325.867700
327.345850
327.455600
327.894900
327.898700
328.610500
328.621500
328.736600
328.739600
329.356150
329.628550
330.150200
330.156550
330.302400
331.762650
331.906800
331.911350
331.998800
332.008950
332.485450
332.828100
333.437950
333.450850
333.454950
333.854900
333.897800
334.198600
335.307100
335.461200
336.197700
336.421000
337.754550
338.182200
339.011750
339.023500
339.192700
339.802350
340.054300
340.296350
340.721050
340.822150
340.984700
341.015700
341.599100
341.605900
341.683000
341.934450
341.938850
343.714700
344.178550
344.661350
344.666000
344.931550
345.341500
345.700800
346.075150
346.367050
346.748700
347.570450
347.778500
348.202450
348.502550
348.509400
348.914100
348.981350
349.302400
349.915700
350.405250
351.057850
351.061550
351.066950
351.401350
351.971550
351.998500
352.031450
352.036050
352.044600
352.106000
352.113500
352.120050
352.578100
352.756900
353.225550
353.389700
355.415400
355.420200
355.533300
355.551250
355.690950
356.791700
357.339100
357.832000
357.840850
357.850600
357.856450
358.104050
358.425650
358.449250
358.454950
358.906800
359.266450
359.362550
359.868000
360.051500
360.826900
361.147200
361.895200
362.330900
362.344200
362.352400
365.194950
366.955100
366.962100
366.968300
367.374650
368.137600
368.476300
369.360650
370.180400
370.718950
370.722700
370.872450
371.046600
371.192200
372.480700
372.857850
372.863900
374.404650
374.813000
374.849750
375.428750
375.438800
376.389300
376.393450
377.234500
377.692800
377.702100
378.947000
379.490800
379.770850
381.345850
381.603550
382.962500
383.483700
383.488450
383.531900
383.705050
383.714400
383.818100
383.823200
384.023500
384.320550
384.600750
384.820350
385.027350
386.237700
387.400300
388.083050
388.931950
388.936500
389.190450
389.405200
389.409750
389.415700
389.940050
389.952950
390.440050
391.255350
391.572500
391.582250
391.901500
392.717400
393.235350
394.323800
394.333050
394.343600
394.352450
395.462800
396.526700
396.570350
396.577000
396.910350
396.974550
396.988300
396.992500
397.649050
399.105400
399.113550
399.157750
399.165000
399.312150
400.432900
400.449050
400.464250
400.505500
400.518450
400.727600
400.903850
400.909850
401.116350
402.429300
402.432850
402.523850
403.435050
403.479450
403.698050
404.179800
404.477600
406.161850
406.340150
406.553900
406.577350
406.804350
406.814400
407.088500
407.098050
407.261400
408.423400
408.956200
409.359250
410.070000
410.159750
410.176700
410.511250
411.574800
413.321150
413.328850
413.603000
413.753900
413.762000
415.620450
417.493950
417.544350
418.177400
418.179850
418.182450
420.374450
420.607000
420.707300
420.712550
420.743550
421.142600
421.402950
421.407200
421.475850
422.387700
422.393150
422.571250
422.856550
423.297050
423.299350
424.636850
425.492600
425.779900
425.947700
425.950250
426.619250
426.624350
426.974000
428.121400
428.127550
428.970300
429.990150
430.321600
430.665850
431.091750
431.100500
431.436600
431.555500
432.828600
433.284550
434.211700
434.298450
434.311600
434.718100
434.856800
434.934050
435.523500
435.831400
435.927600
435.932800
436.526650
436.532000
436.795900
437.171050
437.213150
437.233900
437.239700
437.268100
437.281700
437.396150
438.051600
439.357000
439.752200
440.302800
442.325150
442.795950
442.800650
442.808250
443.559600
443.572850
444.442250
444.783900
444.869050
445.217650
445.222500
445.231950
445.685850
446.283000
446.561550
446.570950
446.722100
447.910650
447.912750
448.293650
449.925950
451.582350
452.129050
453.342350
453.488900
454.240950
454.845300
455.276300
455.414100
456.397600
456.875700
457.686750
457.888300
458.417200
458.420900
458.425700
459.322800
459.326200
459.340650
460.100950
460.115400
460.121050
460.905250
460.911200
461.187800
461.194450
461.228300
461.260200
462.603500
462.646750
462.737450
462.746050
462.774300
463.381800
464.692850
465.162950
465.165400
465.184600
465.274350
466.872700
467.229250
467.295400
467.298250
467.552600
467.635550
467.900800
467.926050
469.834950
470.122650
470.206150
471.059800
471.506400
473.652000
473.657850
475.986650
475.991950
475.995500
476.212550
476.813750
477.872050
478.228500
478.653550
478.659500
478.753050
478.803100
479.295050
480.669400
480.785700
481.215500
481.823800
484.340650
484.547150
485.351150
485.358500
485.369750
485.776400
485.782300
486.677250
486.807650
486.816250
486.956750
486.972900
486.977000
488.874150
488.929150
489.280250
489.400050
489.406100
490.067250
490.491200
491.563350
492.136100
492.143700
492.623950
492.629500
493.640350
494.056950
494.572450
494.640200
494.644800
494.651200
494.661800
494.667250
494.675800
495.692450
496.365050
496.387050
496.676750
497.293650
499.025150
499.093400
499.164300
499.200950
499.227750
499.230300
499.492950
499.574300
501.750350
503.722950
503.970750
504.077650
504.082350
504.092900
504.100100
504.242000
504.765050
505.317250
506.689500
506.692000
506.709250
507.536100
507.988150
509.629750
509.823300
509.829450
510.069850
510.143150
512.661600
512.668650
513.721500
514.959400
515.211700
516.847300
516.883950
516.893950
517.835400
517.840750
517.844500
517.853750
517.970950
518.110600
518.448950
518.619500
518.867950
519.257700
519.843800
519.852300
520.235550
520.717900
521.003650
521.211700
521.217900
521.223550
521.341050
521.722900
522.967500
523.214250
523.229950
523.455200
524.307650
524.510900
524.597750
525.062850
525.491100
526.368150
527.040600
527.124850
527.394050
527.767500
527.876900
528.557000
528.564750
528.573850
528.578250
528.585700
528.590000
528.871450
529.094850
530.430450
530.606400
531.227950
531.271400
531.285250
531.452400
531.739400
531.744400
532.928350
532.961000
533.781250
533.786500
535.122000
537.490300
538.304850
539.207900
539.211200
539.214050
541.757100
541.763100
541.852050
542.563900
543.328950
543.333100
544.671800
545.643800
546.273200
547.092850
547.242800
547.263450
548.210450
548.417000
549.198100
549.204450
549.211350
550.272600
550.411450
550.419350
550.432450
550.758550
552.938450
553.044150
553.053350
553.617700
555.051500
555.388600
557.020650
557.546100
557.551400
558.552700
558.789250
558.800050
559.228050
559.341600
559.643850
559.649750
559.657350
559.671800
559.674150
559.692350
560.081200
560.249300
560.442950
560.483150
560.807750
561.461650
561.914250
562.167750
562.794050
562.809450
562.832350
563.295250
563.297700
563.607200
563.807700
564.657100
564.662350
565.416750
566.151500
566.638150
567.246750
567.455550
568.547800
570.662350
571.309500
571.782100
571.786650
571.799250
571.805950
572.220150
572.231800
572.548550
573.095250
573.103350
573.202550
574.016150
574.165650
574.177150
574.182650
575.156650
575.353050
575.417600
575.473300
575.612100
576.886950
576.891700
576.897550
576.937700
576.945150
577.275250
577.722650
577.953550
578.117900
583.097550
583.103300
583.359300
584.023100
584.027000
585.651000
585.696800
586.315900
586.850750
589.408450
589.469450
590.483850
591.034350
591.468750
592.168600
592.233200
592.733100
592.913150
599.159650
599.350050
600.829450
600.972550
601.592350
602.344700
602.949100
603.428800
604.428400
604.790350
605.207400
605.485000
606.926150
607.105700
607.625250
607.849250
608.004900
608.144850
609.303600
609.456700
610.062700
610.546000
611.161200
611.585800
611.600700
612.045200
612.662700
612.716300
613.114300
613.875750
613.883250
614.037200
615.294450
615.348450
615.489150
616.023100
616.030900
616.036950
616.171600
616.191350
616.225250
617.010300
617.364950
617.796450
618.894500
618.957200
620.776550
621.575750
621.946850
622.885350
623.166600
624.376600
624.542300
625.043750
625.742250
626.574900
626.623950
626.769800
627.340150
627.413500
627.569600
627.782300
627.810300
628.649850
628.840150
629.521350
630.059400
630.644600
630.648900
630.657600
630.840350
630.850050
630.852850
630.940600
632.083650
632.731950
632.769100
634.574750
635.926750
637.624050
638.051650
638.056100
638.320100
638.326000
639.181600
639.188150
639.459650
639.514050
639.763850
639.767900
641.223600
641.226100
641.234900
641.435500
641.687600
641.980700
642.170350
642.414650
642.420450
642.651300
645.263600
645.747100
647.843950
649.104550
649.540200
649.778250
649.860950
649.967350
649.971150
650.505100
650.635750
650.769700
650.792850
651.818400
652.418000
652.426250
652.430050
652.515300
652.596950
652.746200
652.753300
652.764500
652.855450
653.764300
653.769200
656.589550
657.328300
657.334900
657.349400
657.605650
657.954150
658.834400
658.842150
659.340950
659.346300
659.353550
659.773600
659.828950
662.245550
662.252950
662.831000
664.548500
664.801350
665.780850
665.802500
666.172650
666.236700
666.299850
666.303400
666.526550
666.807650
666.811600
666.987800
667.008750
667.079550
667.365800
667.551650
668.274900
668.594600
668.694600
668.697850
668.702200
668.898700
669.579900
670.213450
670.215900
670.218500
670.224450
670.328900
670.665300
670.687100
671.502200
673.838600
674.335600
674.359450
675.201100
676.276350
678.269300
678.308200
679.233100
679.240300
679.289200
679.462650
679.534550
679.538950
679.545600
680.308650
680.647400
680.667700
680.706800
680.799600
680.973150
681.001600
681.040650
681.249600
681.382100
681.388950
681.947850
682.279800
682.344400
682.648300
682.691750
682.789050
682.793400
682.798200
682.813150
682.844750
682.865350
683.332350
683.367300
683.414400
683.762400
683.767350
683.855450
684.305750
685.037300
685.323200
685.381300
685.952800
686.093900
686.554000
686.603450
686.650650
687.454150
687.616600
687.946200
688.565050
688.632650
688.745900
689.276450
689.991750
690.570650
690.582550
691.734150
692.068150
693.100300
694.006450
694.024400
695.199050
695.610050
696.693850
696.699300
696.788400
697.407050
697.474450
697.590150
697.595250
697.940600
698.640750
698.977850
699.471650
699.654200
699.660450
700.561500
701.152300
701.506650
701.600300
702.616550
702.875700
702.995550
703.529750
703.576950
704.059700
704.081750
704.139900
704.157500
708.039450
708.379150
708.381200
708.471250
709.149500
709.155000
709.168500
709.191300
709.985150
710.013950
710.020800
712.011900
712.021050
712.227850
712.592100
712.598100
712.842850
713.261450
713.395850
713.446550
713.450150
713.465100
714.050450
714.123250
714.177550
714.198550
714.638250
714.705200
714.740700
714.760100
714.791800
715.506350
716.170400
716.595850
716.630050
716.649850
717.840150
717.872400
718.002550
718.025200
718.587150
718.760400
718.991900
719.786550
720.651050
721.293550
722.548250
724.989800
725.262100
727.019100
728.608100
728.669850
728.675550
731.538500
731.565650
731.694500
731.827700
733.021700
733.134450
733.142300
734.838350
737.482650
737.487950
737.927450
738.625600
738.641250
739.594100
739.600150
739.724250
739.754650
741.054100
741.278350
741.746850
742.204500
742.217600
742.222450
743.011700
743.017300
744.232600
745.688200
745.795400
745.801650
745.825050
745.866550
746.426800
747.547050
747.556050
749.511200
749.513850
750.123900
750.133100
750.137600
750.705550
750.742850
750.986100
751.012500
751.395800
751.495350
751.888300
751.915900
751.929400
752.202400
752.214550
752.255700
752.302800
752.554350
753.020050
753.169550
754.119900
754.198000
754.517100
754.649150
754.669600
754.997350
755.007950
755.041650
755.441250
755.815700
755.833150
756.101350
756.937500
757.225950
757.287900
757.444950
757.580500
757.661000
757.668350
757.738000
759.306950
759.327800
759.404950
759.412800
759.415700
759.418950
759.434700
759.751800
759.760550
759.775850
759.824500
760.060750
760.601350
761.465200
761.506800
761.603400
761.882400
762.096650
762.148000
762.446250
763.151250
763.156100
763.166650
763.751600
764.655300
764.969000
764.973750
765.178500
765.184350
766.005300
766.544950
768.140700
769.555650
770.491200
772.350500
772.763300
773.940350
774.324550
775.112450
777.113000
777.120750
777.482500
777.543150
778.356550
779.131850
785.352250
786.627600
788.046000
788.087350
788.289500
788.299400
789.041300
789.603650
789.609450
789.626200
789.631750
789.662800
789.673250
790.589650
791.333750
791.564700
791.772650
791.877400
793.215900
793.228500
793.734250
794.037850
794.366550
794.483700
794.489050
794.505100
794.666150
794.833100
795.282550
795.287300
796.381650
796.865250
797.441700
797.452800
797.860500
798.292450
798.853550
799.631150
799.636750
799.811400
799.821600
799.950550
800.758200
800.760650
801.659050
801.665250
801.722350
802.363050
802.367100
802.782800
802.794550
803.518800
804.464750
804.522150
807.084150
807.604050
807.657750
807.663750
809.248300
810.106700
810.157300
810.349300
814.358800
815.454050
815.483200
815.608200
815.649550
815.657200
816.073450
816.110750
816.137450
816.321600
816.925650
816.969300
817.001000
817.416400
817.725150
817.929050
818.100700
818.105950
818.333800
818.530350
818.902650
819.363650
819.550750
819.768950
820.251000
820.256100
820.264600
820.488950
820.849850
821.056000
821.062900
821.076300
822.170000
822.429200
822.577250
823.102200
823.838550
823.843400
824.350500
824.911000
825.191950
825.609000
826.737450
826.742400
827.255400
827.446000
828.062500
828.649350
829.047400
829.112800
829.132700
829.332400
829.742650
829.764500
829.956550
830.320700
831.806600
832.144800
832.256250
832.274250
832.279100
832.990300
833.062200
833.426600
833.642650
833.849500
834.770900
834.908200
834.922900
835.756550
836.665000
836.688600
836.693650
837.149900
837.519700
839.111900
839.140200
839.145550
839.160650
839.439150
839.499500
840.906800
840.918600
840.957050
841.004950
841.823100
841.899700
842.214300
842.310150
843.008850
843.495300
843.818950
843.840250
844.248300
844.664300
844.669300
845.193200
846.363100
847.221400
847.657500
848.473950
849.148450
849.182650
849.520650
849.643000
850.336800
850.868000
850.874800
851.026900
851.030700
851.036600
851.043700
851.537800
851.824150
851.829400
851.926250
853.401050
853.840600
853.952500
853.954950
854.105350
854.242000
854.460550
854.476100
855.464000
855.524700
855.801350
856.126850
856.435100
856.745900
856.942900
859.204050
860.392400
860.893000
861.349300
862.264900
862.640800
862.646700
862.948700
863.235050
864.449200
864.535400
864.576600
865.246250
865.396250
865.400250
865.407950
865.424450
866.446800
866.927050
867.108000
867.526400
867.712700
867.718150
867.742550
872.963050
873.376700
873.787150
874.199800
874.204750
874.528750
875.103200
875.962500
876.546000
876.608000
877.304000
879.102000
879.771600
879.777650
879.812250
879.822500
879.828250
880.085650
880.419600
880.861400
881.267900
881.345850
885.389500
885.394150
885.514350
885.597300
885.607450
885.613700
885.697100
885.959950
886.550100
887.075150
887.078650
887.598100
887.654550
887.736200
887.755050
888.325550
888.328200
888.336900
888.344450
888.347250
888.639250
890.141150
890.353350
890.366000
890.662650
891.601450
891.915950
891.938400
892.220150
892.472250
892.482000
894.589600
894.813200
895.994350
896.020400
896.705600
896.711350
898.133250
898.198450
899.530550
899.628350
899.641900
899.646700
900.768250
901.271000
901.660700
901.692550
902.292200
902.374450
902.860350
903.197300
903.290000
903.294500
904.149450
904.425350
904.966050
904.970100
904.991200
905.089300
905.428050
905.671950
905.683050
905.839150
907.340350
907.495000
907.598550
907.608100
908.441200
908.731450
909.359300
909.423300
909.770550
910.663900
911.341550
911.753000
911.782700
912.205650
912.436500
912.791250
912.814650
912.822000
914.019050
914.412100
915.619800
916.040500
916.163950
916.971850
917.679850
918.963350
921.430200
921.788450
921.794950
921.863550
922.095300
922.133900
922.140700
922.193050
922.796600
923.032600
923.994750
924.206550
924.258950
924.273200
924.306850
924.444000
924.642150
924.663200
926.682650
926.686300
928.178300
928.473400
928.481050
929.196050
929.314350
930.042100
930.161400
930.336200
930.341300
931.186950
931.200800
931.204750
931.212000
931.217850
931.813050
932.440850
932.688100
932.956600
933.363850
933.370300
933.926600
935.834400
936.901850
937.244700
937.752600
937.783900
939.042800
940.312100
940.324100
940.328900
940.736300
941.040850
941.044450
941.056700
942.071900
942.077050
942.119950
942.359100
942.717500
942.951400
943.790450
944.007600
944.015350
944.019850
944.025650
944.186450
944.667650
945.415850
945.421000
945.439150
946.347100
947.107900
947.116550
949.219600
949.222150
949.228800
949.576700
949.991850
950.125000
950.131500
950.269100
950.400500
951.274550
951.283500
951.808600
953.148900
953.598400
953.945600
955.030800
955.524200
955.545400
955.554750
955.603850
956.087800
956.846350
957.146500
959.117800
960.555800
960.662650
960.667550
961.158200
962.643000
962.818550
962.904600
963.158900
964.058150
964.637350
964.644100
964.658200
964.773150
964.856750
965.992250
965.997650
966.051400
966.112700
968.200700
968.751900
968.759400
968.777850
968.780650
970.517700
970.882050
970.899950
970.919150
970.984800
972.647350
972.665200
976.014700
977.182550
977.187650
977.193350
979.293400
979.301900
979.387800
979.984350
980.219500
980.374100
980.561100
980.806800
980.815750
980.875150
981.547400
981.948100
981.953750
983.265050
983.378750
983.667200
983.717000
983.728100
984.050450
987.085200
988.889800
989.189850
989.202000
989.384250
990.642500
991.428400
992.878800
993.041300
993.145550
993.322050
994.557100
995.468800
995.642150
996.366150
996.548850
998.143950
1001.747750
1002.169250
1002.363750
1002.479900
1004.226450
1004.366200
1004.820850
1004.905050
1004.909350
1004.916150
1005.405850
1006.419100
1007.261450
1007.482000
1007.489700
1007.527650
1007.694050
1008.066900
1008.464800
1010.230900
1011.300350
1011.307200
1011.405700
1011.412150
1012.373850
1014.335300
1014.349300
1015.547150
1016.578450
1016.919000
1018.599850
1018.603350
1018.619500
1018.635150
1018.649150
1019.649650
1020.244050
1021.045200
1021.050300
1021.107850
1021.483350
1021.486650
1021.715700
1021.912900
1022.625750
1023.719000
1023.724500
1023.740450
1023.751100
1027.245800
1027.677250
1028.930450
1029.910150
1030.129700
1030.280650
1031.272900
