1.184000
1.243900
1.249400
1.342700
1.606300
1.864600
2.873050
4.178700
4.522700
5.136000
5.175750
5.281650
5.356450
5.393750
5.500350
5.588100
5.664850
5.913800
6.771850
7.206800
7.279450
7.874800
8.224550
8.454300
8.567650
8.741200
9.028250
9.111650
9.215050
10.122200
10.155800
10.204600
10.207950
10.214200
10.240000
10.244400
10.246800
10.250050
10.282300
10.327000
10.381700
10.428450
10.489750
10.492550
10.524400
10.552200
10.607250
10.622050
10.641650
10.655350
10.679200
10.783400
10.806950
10.831050
10.842450
11.097350
11.121450
11.160550
11.227050
11.499800
11.567800
11.596950
11.668450
11.754700
11.947250
12.139950
12.192850
12.382550
12.388650
12.482200
12.534350
12.939800
13.280750
13.662700
14.655300
14.794150
15.179600
15.881450
16.213100
16.356700
16.359200
16.372600
16.429450
16.523050
16.603050
16.795450
17.263200
17.271900
17.389000
17.391750
17.797050
17.892700
18.053700
18.156900
19.152150
19.536800
19.539450
19.554950
19.629800
20.309950
20.315750
20.637800
20.643900
21.541350
21.693350
21.969000
22.066300
22.544000
22.673850
22.909950
22.931450
23.058650
23.636750
23.868900
23.922500
24.596600
25.053300
25.059600
25.167550
25.202250
25.490850
26.036550
26.398850
26.676600
26.715850
26.909500
26.983100
27.002800
27.096950
27.649100
27.817450
28.674600
28.899450
29.178750
29.200950
29.752700
30.014800
31.546650
32.169800
32.338950
34.487150
35.587700
35.879000
36.020400
36.024800
36.033300
36.043700
36.734800
37.201950
37.787850
38.219550
38.243650
38.265750
38.459650
39.033950
39.036800
39.039500
40.316600
40.322450
40.367800
41.908750
41.915850
41.930300
42.161100
42.906600
44.244900
46.147100
46.154850
46.500350
46.503100
47.293250
47.317400
47.510150
47.519450
47.526600
47.530550
47.723150
47.733750
47.740950
47.756350
47.761800
47.894350
48.048600
48.228400
48.315750
48.318900
48.669650
49.167900
49.561050
49.569400
49.574900
49.578800
49.582550
49.587800
49.591300
49.593450
49.605400
49.694850
51.097800
51.179500
51.404450
51.407450
51.445100
51.505850
51.617300
51.735450
51.905600
51.915500
52.151450
52.205500
52.995500
53.450650
53.733250
54.107050
54.717100
54.814550
55.706400
55.748500
55.769200
55.924800
56.464800
56.484850
56.864900
57.250250
57.437550
58.668750
58.676650
58.714550
58.773000
58.906450
59.671500
60.041250
60.169550
60.251700
60.642950
61.081450
61.121050
61.396150
61.398550
62.224250
62.227500
62.235700
62.698750
63.218350
63.767100
64.375900
64.429050
64.431650
64.855950
65.012000
67.711050
67.731550
67.746800
67.854350
67.992500
68.094900
68.108000
68.124350
68.641350
68.649450
68.900700
68.965550
69.049600
69.224850
69.229850
69.909550
69.922300
69.957350
70.275750
78.197000
87.257950
88.068250
89.335350
89.362450
89.495500
89.676550
89.772050
91.244550
91.250100
91.253400
92.315050
92.387400
93.071100
93.100150
93.137300
93.674850
93.680400
93.684350
94.330200
95.029000
95.042950
95.048250
96.020050
96.213750
96.951150
97.003550
97.159300
97.914350
97.919300
97.921600
98.321350
98.400000
98.614500
99.142900
99.146150
99.639850
99.893500
100.289850
100.292700
100.297800
100.522350
100.528450
100.660400
101.056150
101.275050
101.305200
101.607800
102.008500
102.439450
102.473150
102.611200
104.057750
104.296050
104.883300
105.111400
105.696050
105.915950
106.059200
106.193450
106.542300
107.164450
107.533500
107.767100
108.048050
108.122500
108.268150
108.273600
109.034150
109.050900
109.517750
110.430850
111.171350
111.176200
111.181600
111.195700
111.206550
111.310100
111.935800
111.953850
112.824200
112.826550
112.844550
112.963050
112.995650
113.222600
113.818400
113.910250
114.381600
114.719300
114.725200
114.884500
115.264500
115.557350
115.563100
115.888800
115.895000
116.498450
117.597100
118.014100
118.050100
119.919800
120.267300
121.144100
121.560950
121.964400
122.210850
122.547300
122.933700
123.013900
123.576850
123.579700
123.660550
123.668750
123.693600
123.790700
124.421550
124.434000
124.452150
125.082850
125.321650
125.383550
125.700400
125.810400
125.814300
126.526350
126.677200
126.915500
126.929500
126.948750
127.801300
127.803900
127.811650
127.826700
127.830050
128.146750
128.369850
128.379950
128.387150
128.397600
128.466350
128.789200
129.507550
129.589300
130.439450
130.662300
130.664950
130.668350
131.236850
131.242150
131.256750
131.260650
131.265400
131.275450
131.374600
131.643550
131.953050
131.955900
132.309950
132.752100
133.086000
133.229400
133.467950
133.823050
133.995400
134.377550
134.380350
134.393350
134.408500
134.411950
134.434250
134.513850
134.610900
134.723350
134.898550
134.917750
135.380150
135.697950
135.772250
136.050300
136.089250
136.135050
136.142850
136.147450
136.153950
136.162900
136.177350
136.229200
136.678850
136.688400
137.264700
137.521300
137.529550
137.540850
137.602100
137.771900
137.778350
137.799550
138.003650
138.458950
138.704200
139.095550
139.199100
139.447250
139.657500
139.934900
140.283350
140.742900
140.745750
140.757450
140.761850
141.058600
141.545950
141.555400
142.020950
142.038950
142.155300
142.667350
142.710100
142.884900
142.896050
142.908450
143.103650
143.514800
143.920450
143.931500
144.271650
144.364950
144.471800
145.524550
145.527450
145.769600
145.907100
146.117150
146.363100
147.359400
147.370300
147.562400
147.574400
148.106600
148.188100
148.201050
148.461150
148.648550
149.018000
149.020900
149.519950
149.522700
149.634550
150.303950
150.314300
150.320650
150.462000
150.732550
150.736350
150.858000
151.037600
151.061750
151.118400
151.913700
152.217000
152.896850
152.904050
152.915200
153.042250
153.147200
153.625250
153.632450
154.493650
154.562700
154.837350
154.854200
154.930200
155.018200
155.548200
155.630450
155.988550
156.001600
156.401350
156.871850
157.022200
157.488400
157.619950
157.878050
158.342750
158.344950
158.347650
158.353550
158.515150
158.875100
158.888800
158.897900
158.901300
159.055150
159.060200
159.415550
159.426600
159.556400
159.559100
159.697950
159.912950
160.329400
160.338850
160.845200
160.928450
161.163850
161.549300
161.609000
161.902150
162.179900
162.182600
162.188900
162.192350
162.344650
162.537600
162.700050
163.125650
163.435450
163.597450
163.756050
164.051100
164.062350
164.114500
164.151750
164.265750
164.271950
164.993600
165.098000
165.396800
165.402250
165.926450
166.189950
166.860750
166.869300
167.053900
167.339900
167.343550
167.347450
167.351400
167.354250
167.363700
167.594700
167.760550
168.262550
168.359050
169.372750
169.384450
169.597100
169.994150
171.739850
171.796850
171.816750
172.025800
172.081050
172.086750
172.093050
172.157800
172.284650
172.473200
172.481300
172.557950
172.560800
172.698400
172.960400
172.972950
173.056600
173.063100
173.130050
173.135650
173.138800
173.162750
173.253700
173.565700
173.725550
173.731600
174.074400
175.004500
175.066850
175.153350
175.391700
175.404100
175.584750
175.638250
175.789900
175.857900
176.109600
176.258600
176.712050
176.869150
176.940150
177.130550
177.156700
177.773700
177.844050
178.066000
178.083200
178.232850
178.242100
178.309750
178.438750
178.492150
178.680950
178.686400
178.737150
179.015000
179.467550
180.034650
180.223350
180.338500
180.375200
180.378200
180.506100
180.891900
181.394550
181.679400
181.728050
181.917500
181.972350
182.014300
182.264850
182.346500
182.647050
182.763050
182.822650
182.932800
182.939500
183.022350
183.026050
183.311250
183.314350
183.541300
184.106850
184.365050
184.768050
184.807250
185.072500
185.234650
185.238100
185.243800
185.554100
185.765200
186.271950
187.450350
187.790800
188.210300
188.641950
188.648350
188.668450
189.088900
189.175550
189.523150
189.576800
190.160700
190.384250
190.520250
190.537300
190.565800
190.674600
190.722050
190.973900
191.207450
191.448300
192.330000
192.825550
192.846950
192.869000
192.925750
193.952950
193.965400
193.973550
194.298500
195.009600
195.457450
196.019050
196.022650
196.035300
196.037550
196.807150
196.816950
197.349800
197.425550
197.603750
198.099300
198.103150
198.316800
198.396300
198.402550
198.982650
199.027350
199.031650
199.039150
199.045650
199.919950
200.273900
200.288650
200.317650
200.453100
200.764950
201.247450
201.465050
201.727450
201.730750
201.735450
201.785250
202.004050
202.160650
202.211150
202.468400
202.474350
202.476500
202.712300
202.860200
202.960850
203.236200
203.397300
203.770000
204.057450
204.172250
204.190550
204.468900
205.080300
205.358650
205.366050
205.691800
205.987800
205.995000
206.014750
206.160500
206.521500
206.556500
206.609900
206.628450
206.852600
207.174850
207.191200
207.363100
207.412850
207.426950
207.430500
207.544900
207.709250
207.760400
208.694300
208.757250
208.761900
208.781100
208.959850
208.986750
209.006650
209.009950
209.214950
209.300800
209.487250
209.491200
209.612600
209.617900
209.625250
209.762300
210.303900
210.334600
211.057050
211.087900
211.185050
211.239200
211.325550
211.334950
211.345200
211.445350
211.516800
212.033400
214.046800
214.057850
214.330550
214.334500
214.499100
214.887400
214.982750
215.055700
215.064200
215.086200
215.099500
215.617950
215.823500
216.058300
216.402450
216.458300
216.460950
216.478200
216.481500
216.800750
216.850200
216.853050
217.327450
217.330100
217.348900
217.817600
217.906500
218.129350
218.816900
219.262100
219.439200
219.498850
219.606500
219.899400
220.063450
220.074600
220.442950
220.521300
220.523850
220.728650
220.813550
221.276800
221.997850
222.009550
222.036400
222.193800
222.316050
222.330150
222.756000
222.768400
222.778400
222.809900
223.134200
223.438900
223.549000
223.551950
223.822000
223.841050
223.845450
224.146100
224.623000
224.713800
225.495450
225.636000
225.993900
226.113350
226.255900
226.263950
226.698600
227.221800
227.545300
227.582100
227.742050
227.782450
228.061200
228.708600
229.026750
229.035150
229.060100
229.153850
229.635450
230.049350
230.100850
230.229050
230.232150
231.032550
231.318800
231.513450
231.522250
231.582900
232.067900
232.142750
232.376250
232.507850
232.542800
232.549900
232.557850
232.734500
232.740750
232.855200
232.858350
233.044850
233.232100
233.264650
233.381800
233.390700
233.393450
233.399550
233.423100
233.444950
233.592950
233.614300
233.669550
233.672900
233.712350
233.727600
233.917400
234.334700
235.044650
235.052000
235.102600
235.491050
235.493950
235.508550
235.563250
235.576900
235.677550
236.297950
236.456650
236.467850
236.760100
237.000850
237.008200
237.440400
237.750650
237.832400
238.324350
238.335750
238.492000
238.499500
238.836400
239.151550
239.350600
239.818600
239.825700
239.832800
240.687250
240.895050
240.901050
241.122450
241.307450
241.323700
241.327800
241.824000
242.062950
242.151650
242.159700
242.317150
242.440000
242.574300
242.581250
242.767200
242.919300
243.237900
243.529800
243.830300
243.919200
244.232950
244.447500
244.476000
244.752000
244.866900
244.879450
245.038750
245.083250
245.086550
245.115350
245.368200
245.471300
245.783500
245.972650
246.504200
246.802200
246.862100
246.959850
247.107450
247.127950
247.648650
247.873350
247.933750
248.044300
248.050450
248.151700
248.310250
248.320850
248.392150
248.546500
248.551800
249.194350
249.417400
249.463650
249.664600
249.698300
250.061700
250.237300
250.339050
250.349750
250.359250
251.050650
251.069000
251.078350
251.084300
251.089300
251.148400
251.589050
251.678400
252.266500
252.405700
252.423950
252.932300
253.298400
253.494100
253.553000
253.612950
254.001950
254.850200
254.871100
255.094200
255.466150
255.645250
255.702650
255.928200
256.007400
256.009650
256.220550
256.509700
256.512900
256.746800
256.946300
257.124250
257.240950
257.248000
257.258450
257.347700
257.639450
257.642000
257.819250
257.976950
258.685550
258.794700
258.974200
259.147450
259.161800
259.258450
259.998400
260.083550
260.095050
260.148550
260.153700
260.337850
260.345650
260.367050
260.613500
260.844100
261.097950
261.131400
261.539350
261.561400
261.941900
261.946200
262.039750
262.077850
262.097900
262.224150
262.402800
262.907700
262.913350
263.803850
263.970750
263.974750
263.989950
264.023300
264.127950
264.149500
264.155000
264.162000
264.167950
264.726200
264.834050
265.017150
265.080900
265.176700
265.226850
265.328300
265.494650
265.715900
265.721850
265.907050
265.960650
266.032150
266.073250
266.353600
266.466800
266.470850
266.482300
266.947050
267.163750
267.617750
267.623700
268.198450
268.201100
268.243550
268.250100
269.073650
269.077700
269.306300
269.413050
269.501100
269.576500
270.054900
270.119400
270.436850
270.464150
270.468300
270.475050
270.504700
270.707800
270.828300
271.035950
271.116150
271.123800
271.421600
271.478450
271.616800
271.621750
271.905850
271.910350
271.925650
271.981900
272.541750
272.680550
273.106200
273.322150
273.346000
273.463350
273.467050
273.701750
273.775250
273.809100
274.144200
274.310100
274.378150
274.382500
274.519250
274.657700
274.927200
275.025600
275.331600
275.410850
275.595300
275.657100
276.162650
276.402200
276.440750
276.591050
276.803950
276.806600
276.869950
277.011250
277.212550
278.154850
278.166800
278.171450
278.228050
278.246750
278.281500
278.573100
278.578350
278.607900
278.972500
278.975000
279.298250
279.488900
279.842300
279.969550
280.280300
281.049100
281.222900
281.262450
281.567700
281.674950
281.782500
281.843600
281.848350
281.944700
281.947100
282.407400
282.902800
283.231800
283.493400
283.605750
283.614050
283.742450
283.745550
284.776600
284.954800
285.236950
285.298550
286.068350
286.255850
286.900450
287.037600
287.619750
287.862200
287.966800
288.290950
288.421450
288.729900
288.966300
288.969700
288.976750
289.108500
289.111850
289.115300
289.122600
289.438250
291.097600
291.101650
291.138850
291.601300
291.927550
292.193450
292.224000
292.920950
292.935050
293.022550
293.511200
293.581550
293.695750
294.134100
294.168350
294.275750
294.384750
294.748950
295.264400
295.485850
295.532000
295.708300
295.742700
295.802700
296.214850
296.227650
296.282450
296.554200
296.710400
296.825250
297.199300
297.534150
297.557450
297.702900
297.826950
297.830050
297.832850
297.836750
297.852250
297.868600
297.881200
297.886900
297.913500
297.981550
298.804200
298.999100
299.177000
299.269850
299.419300
299.491600
299.533500
299.549400
299.555300
299.560500
299.641900
299.841200
300.071250
300.176700
300.305550
300.309150
300.566200
300.734000
301.685300
301.969250
301.975850
301.999150
302.058900
302.163600
302.469100
302.542300
302.553650
302.663900
302.676050
302.942650
303.042950
303.125500
303.291200
303.356300
303.384100
303.563250
304.004950
304.112500
304.317800
304.579650
304.662100
304.776050
304.888750
305.009400
305.047750
305.358800
305.372800
305.973200
306.005100
306.579000
307.205750
307.208200
308.331100
308.428950
308.531000
308.691950
309.001450
309.065750
309.362550
309.444500
309.458900
309.464350
309.470000
310.057600
310.462600
310.974650
310.982400
310.998200
311.005200
311.157650
311.186800
311.326750
311.400250
311.716150
311.787850
312.524450
312.993950
313.305350
313.360250
313.377000
313.576750
313.998150
314.101150
314.135350
314.396450
314.417200
314.607550
314.700900
315.077750
315.241500
315.448250
315.505550
316.571650
316.734950
316.750150
316.878650
316.918050
317.213150
317.414150
317.464000
317.469000
317.826400
317.922350
318.052200
318.166350
318.255300
318.282700
318.305250
318.478600
318.753000
318.779850
318.784300
319.118800
319.122300
319.457800
319.474300
319.484550
319.645050
319.668500
319.871500
320.403650
320.482150
320.659450
320.679750
320.722600
321.008100
321.491800
321.595250
321.737050
321.808150
321.814200
321.910250
322.265900
322.765200
322.784500
322.815050
322.878150
322.883150
322.947100
322.965250
322.974750
323.293800
323.631050
323.872950
324.291400
324.510550
324.529050
324.533900
324.777800
324.797150
324.977800
325.117650
325.189300
325.392950
325.686400
325.819550
326.084350
326.267400
326.443500
326.469950
326.822750
327.239400
327.242500
327.282300
327.419450
327.521850
327.658250
327.672600
327.738400
327.876950
328.018400
328.376600
328.621350
328.667050
328.671300
328.837950
329.074050
329.256150
329.353500
329.357900
329.372700
329.908650
329.915350
330.302200
330.395950
330.399850
330.407200
330.514050
331.238000
331.246600
331.257050
331.480750
331.606950
331.716200
331.810400
331.836000
332.096350
332.102050
332.182800
332.484700
332.558150
332.837450
333.001950
333.071950
333.380800
333.437800
333.550900
333.877300
334.071750
334.398500
334.404300
334.458850
335.059300
335.452700
335.782850
335.940350
336.242250
337.161350
337.396050
337.631950
337.668950
337.785650
337.921900
338.033350
338.635100
338.708700
338.989150
339.003800
339.006450
339.009050
339.152400
339.192550
339.236050
339.354200
339.771900
341.060400
341.119850
341.414200
341.448800
341.648200
341.940250
341.949400
341.961700
341.998350
342.149000
342.153450
342.159900
342.175050
342.607050
342.613200
342.638800
342.913050
343.517600
343.523750
344.241450
344.349900
344.551450
344.557400
344.661700
344.690500
344.765850
344.998700
345.104700
345.324500
345.334900
345.846250
346.236050
346.238650
346.354700
346.366750
346.745500
346.748950
347.129400
347.557800
347.872800
348.307250
348.484850
348.590600
348.867100
348.984000
348.993100
349.566850
349.573000
349.910450
349.927650
349.944350
350.321850
350.325600
350.412500
350.547700
350.892300
351.445350
351.600650
351.790100
352.035950
352.046800
352.375350
352.923600
353.013050
353.387100
353.428800
353.431650
354.009900
354.014350
354.114550
354.680100
354.700900
354.705300
354.934850
354.939850
354.942500
355.518700
355.537800
355.830650
356.119950
356.452950
356.481050
356.502450
356.689400
356.767050
357.188700
357.303200
357.708850
357.720550
358.059350
358.422550
358.431200
358.547250
358.567850
358.951500
359.362400
359.383600
360.031450
360.422400
360.431400
360.520900
360.621100
360.829300
361.397100
361.822850
362.184200
362.637000
362.978550
364.219100
364.647750
364.699000
364.709600
364.760150
365.232450
365.360850
365.744200
366.058950
366.089150
366.099800
366.109750
366.784650
366.827450
367.546850
367.806950
368.541550
368.546050
368.562250
369.741750
369.762250
370.266050
370.389550
370.398450
370.401600
370.704600
370.718900
370.728100
370.756250
370.958800
370.963250
371.048150
371.224800
371.383400
371.486950
371.913300
371.995900
372.181800
372.194900
372.513400
372.627350
372.639200
372.648550
374.131800
375.237050
375.902700
375.944100
376.148100
377.679950
377.690100
378.277000
378.606400
378.714500
379.315000
379.419000
379.721850
379.724700
379.940600
379.984800
379.994700
380.275550
380.299400
380.309250
380.351300
380.356000
380.362350
380.823700
381.339450
381.666800
381.731600
382.063050
382.517500
382.645750
382.975050
383.105050
383.715550
383.808350
384.269950
384.277200
384.282600
384.431800
384.434350
385.509250
385.513350
385.644150
385.658150
385.972750
386.151650
386.308050
386.392200
386.406600
386.415100
386.682500
386.722050
386.869650
386.872450
387.828050
389.068700
389.090450
389.195200
389.435000
389.486900
389.602700
389.784500
389.839200
390.440050
390.550950
391.571800
391.633200
392.028250
392.359800
392.373800
392.378850
393.053850
393.100000
393.357700
393.433950
393.445850
394.016000
394.196600
394.225350
394.260000
395.434000
395.439700
395.754300
395.756950
396.343700
396.645050
397.315750
398.495750
398.514700
399.172200
399.226850
399.269900
400.338650
400.463100
400.469900
400.920100
401.580650
402.432450
402.662550
402.797350
402.925000
403.630200
403.646000
403.668400
403.709050
403.745950
403.891650
404.108400
404.250300
404.280100
404.283250
404.564650
404.796300
404.924700
405.145750
405.232100
405.246500
405.379200
405.412650
406.149550
406.153100
406.344500
406.473750
406.576100
406.582600
406.695950
407.403600
407.462550
407.790550
408.418100
408.434300
408.677900
408.912450
409.312450
409.324450
409.941900
410.117750
410.178700
410.677100
410.693300
410.730250
410.732800
410.735750
411.238950
411.243150
411.477150
411.930200
412.004850
412.705550
412.718500
413.000100
413.006500
413.175150
413.367600
413.639150
413.643850
413.722700
413.748350
413.771050
413.877750
414.247900
414.324050
414.571850
414.698850
415.671400
415.727050
416.295150
416.317100
416.672800
416.719250
416.808850
417.163300
417.376350
417.470100
417.764750
417.848750
417.854600
418.338350
418.347750
418.452100
418.469100
419.079200
419.136900
419.168900
420.179850
420.582050
420.604500
420.852000
420.875500
421.134650
421.201050
421.502800
421.854650
422.177150
422.298600
422.707750
422.989650
423.205800
423.285500
423.298950
423.625700
423.890900
423.920200
424.560350
424.587800
425.015100
425.021700
425.443200
425.735300
425.779600
425.925000
425.941400
425.951000
426.191100
426.404550
426.424300
426.610050
426.642800
427.158800
427.267800
427.495900
427.600050
428.305600
428.748500
428.824800
428.881850
428.930100
429.116900
429.667150
429.764300
430.027550
430.231500
430.543000
430.618950
430.679550
431.759500
431.784100
431.804400
431.937850
432.377300
432.382550
432.394550
432.604900
432.609350
432.817750
432.919300
433.085050
433.282800
433.323850
433.874250
434.001250
434.007900
434.034000
434.923400
434.931250
435.175750
435.864450
435.932650
435.935350
436.438750
436.713850
436.920450
437.161050
437.203750
437.259750
437.274550
437.329950
437.482200
437.585650
437.736100
437.785150
438.374800
438.726000
439.003150
439.210950
439.225350
439.313000
439.360400
439.366000
440.009850
440.822500
442.833800
442.852400
443.846750
443.900550
444.137850
444.461600
444.648200
444.701650
444.723100
444.980500
445.187200
445.579550
445.727600
445.732600
445.782200
446.014450
446.144600
446.271350
447.175350
447.178350
447.452100
447.663700
447.667400
448.467200
448.653900
450.147400
450.323550
450.783800
450.947150
451.073500
451.084000
451.125800
451.231800
451.355250
451.377000
451.509200
451.544850
452.614450
452.789950
452.804600
452.931850
453.300100
453.332750
453.962800
454.067700
454.073400
454.255450
454.845200
454.885200
455.128700
455.278200
455.664400
456.090350
456.190150
456.194000
457.458800
457.638400
457.643200
457.793550
457.829450
458.602600
459.297800
459.316100
459.343800
459.348750
459.553600
459.579300
459.978750
459.985350
459.989700
460.856250
460.861850
461.144350
461.174650
461.278300
461.765850
461.772000
462.268950
462.472150
462.475700
462.478450
462.668800
462.674150
462.758900
462.986100
464.112950
464.531150
464.569950
464.599300
464.635650
465.407350
465.412050
465.450300
465.484250
465.511250
466.143100
466.285300
466.287700
466.393600
466.556200
467.018150
467.224950
467.579350
467.628700
467.648800
467.655450
468.887200
468.897550
468.901450
469.156200
469.460850
469.491000
470.009500
470.338900
470.423750
471.152600
471.155500
471.219000
471.457350
471.516000
471.706500
471.806900
472.326500
472.749950
472.774600
472.915550
473.047800
473.050400
473.651850
474.435350
474.442950
474.447600
474.466200
474.769000
474.894800
475.042950
475.045700
475.234650
475.244250
475.683450
475.980500
475.994950
476.011450
476.030900
476.038700
476.339900
476.384400
476.389300
476.471100
476.723950
476.763400
476.795850
477.161650
477.174850
477.595000
478.057700
478.236450
478.328100
478.647600
478.838750
479.032150
479.043700
479.184150
479.187050
479.427200
480.043350
480.462250
480.465250
480.494850
481.628100
481.663850
481.726800
481.843650
481.863150
482.420550
482.855150
482.868750
483.013950
483.119850
483.394500
483.727650
483.733250
483.941100
484.009100
484.239500
484.345400
484.405600
484.815700
484.860700
485.345900
485.351350
485.367200
485.715050
485.963850
486.098300
486.103300
486.363100
486.591650
486.646850
487.127900
487.536250
487.542050
487.741100
488.143450
488.545650
488.592950
488.596450
488.918350
489.025050
489.382700
489.437300
489.595600
489.629100
489.884250
489.980400
490.048400
490.362650
491.340850
491.527200
491.982550
492.134800
492.297850
492.330600
492.611750
493.038450
493.745350
493.749550
493.854000
494.217450
494.387250
494.491950
494.546800
494.550200
495.123500
495.405650
495.440050
495.685050
495.883100
495.953350
495.995100
496.359700
497.425350
497.468650
497.577850
497.608800
498.048900
498.687450
498.821500
499.093500
499.160450
499.186850
500.382050
500.673600
501.869600
501.883000
502.187850
502.394350
502.548550
502.687450
502.719850
503.627750
503.706950
504.089050
504.099350
504.314600
504.441450
504.453500
504.770200
504.802900
504.810900
504.827150
505.105300
505.178200
505.327900
505.333950
505.780600
506.290100
506.364000
506.497700
506.500850
506.690950
506.709350
506.889350
507.024250
507.523750
507.643950
507.651200
508.064150
508.185950
508.554200
508.904000
508.910950
509.016600
509.398000
509.503750
509.509700
509.714400
509.723250
509.778050
510.011500
510.067800
510.126800
510.155900
510.163100
510.430500
511.221300
511.446150
511.474400
512.166700
512.249100
512.373300
512.393300
512.401800
512.554550
512.710450
512.957100
513.297250
513.569600
513.630400
514.185950
514.382600
514.471500
514.866150
515.421300
515.427500
515.553900
515.802650
515.875550
516.135650
516.211850
516.270950
516.279650
516.478350
516.837450
516.958750
517.209700
517.221800
517.236800
517.826300
517.838950
517.850850
517.853550
517.861400
517.879950
518.382500
518.630700
518.975700
519.125350
519.360250
519.368200
519.483650
519.626100
519.845200
520.021400
520.028500
520.327350
520.501100
521.104050
521.108900
521.117750
522.062000
522.494750
522.740150
523.023550
523.218800
523.680300
524.065900
524.114650
525.288550
526.364300
526.781150
526.834100
527.013350
527.017100
527.028150
527.030400
527.033850
527.166650
527.172600
527.371500
527.597750
527.768250
527.771000
527.797200
527.801800
528.050350
528.197050
528.236450
528.526550
528.529100
528.657100
528.670650
528.731500
528.899350
529.102250
529.370800
529.517750
529.625200
529.801150
529.816850
529.859350
530.015050
530.418250
530.432050
530.450600
530.463450
531.120600
531.205000
531.267700
531.343700
531.527250
531.679850
531.683650
531.688550
531.945000
532.488600
532.872250
532.878250
532.972400
532.987300
533.193550
533.199700
533.202500
533.487600
533.621250
533.628800
533.895650
534.226000
534.246650
534.418100
534.541850
534.624200
534.739150
535.104600
535.119850
535.152800
535.730100
535.740200
535.968700
536.149700
536.428250
537.179200
537.189500
537.477450
537.490150
537.495350
537.497850
537.502300
537.654900
537.954000
538.075250
538.167800
538.270450
538.293100
538.483400
538.944950
539.184200
539.347350
539.716200
539.720300
539.971350
540.530950
540.691100
541.110850
541.422300
541.756850
542.109850
542.303500
542.537100
542.589000
542.745200
542.819800
542.848550
542.964400
543.043600
543.823900
543.870000
543.877100
544.343050
544.368600
544.483650
544.663650
544.701450
544.767600
544.863650
545.203800
545.232150
545.856300
545.904750
546.209600
546.593100
547.000850
547.004150
547.009650
547.016900
547.117300
547.263300
547.269700
547.557000
547.637350
547.644300
548.244300
548.497900
548.743650
549.037950
549.206250
549.499000
549.504050
549.878100
549.960150
549.994150
550.364850
550.391450
550.519650
550.611500
550.856100
550.952850
551.008550
551.011850
551.536950
551.644400
551.995450
552.004350
552.145300
552.467350
552.612650
552.668250
552.745300
552.752600
552.756250
553.205000
553.379200
553.405550
553.512950
553.595900
553.604400
553.737300
553.739700
553.822250
553.829700
553.842950
553.905750
553.991650
554.022300
554.646600
554.924600
555.039300
555.043900
555.054250
555.475700
555.856800
555.963650
555.982450
556.223900
556.264950
556.837300
557.176150
557.537650
557.541500
557.874600
557.963250
558.087950
558.151000
558.620500
559.027850
559.217050
559.221000
559.447500
559.528100
559.692250
559.695850
559.707800
559.762000
560.342100
560.361350
560.435850
560.438750
560.487550
560.635750
560.781000
560.787000
561.293550
561.477750
561.520100
561.918750
562.177700
562.897400
563.502200
563.505250
563.552500
563.559000
563.625050
563.630900
563.998300
564.253100
564.703650
564.920000
565.407750
565.485700
565.490450
565.530500
565.714100
565.785850
566.088950
566.093600
566.301850
566.437400
566.541000
566.548550
566.716400
566.824150
566.991700
567.084250
567.448600
567.623000
567.790100
568.037550
568.627250
568.630650
569.440900
569.715500
569.724100
570.426950
570.772350
570.814600
570.827750
570.995900
571.078100
571.300850
571.747550
571.777500
571.783850
571.799000
572.108700
572.759450
572.874000
573.104100
573.108350
573.120950
573.264100
573.270900
573.395300
573.760650
574.346900
574.363250
574.679550
574.753000
574.758350
574.801400
575.258800
575.719100
575.724950
575.864000
576.012350
576.056750
576.645900
576.884550
576.891550
576.935550
577.057250
577.190350
577.356600
577.390100
577.430000
577.935800
577.948150
578.081900
578.906100
578.913500
579.006850
579.132550
579.209350
579.280000
579.594200
579.615600
580.158950
580.166700
580.174400
580.550250
580.606200
580.812400
580.990400
581.485150
581.637800
581.886050
581.897950
582.178400
583.495250
584.011150
584.046350
584.122400
586.850550
587.890050
591.548450
595.048750
598.209550
598.309500
598.545850
598.709850
604.832450
605.127550
607.480900
608.961400
612.504500
612.651400
612.668100
612.739650
613.000400
613.096250
613.186300
613.215950
613.334400
613.338950
613.459800
613.701400
613.899450
613.948100
614.168000
614.217100
614.228400
614.471450
614.484700
614.489850
614.860150
614.882350
615.176150
615.311300
615.547100
615.856100
615.868650
615.871550
615.952550
616.050800
616.171350
616.352300
616.466000
616.810400
616.818100
616.859900
617.151050
617.170500
617.279300
617.477950
617.532550
617.607600
617.819000
618.013950
618.051800
618.320450
618.334200
618.426300
618.474950
618.654050
618.887600
618.951750
618.962100
619.137000
619.370250
619.530500
619.675800
619.928500
620.203300
620.776500
621.470150
622.259850
622.264900
622.885050
623.491600
623.728950
623.781100
623.821850
623.842100
624.467050
624.603150
624.728100
624.995500
625.064800
625.112800
625.505300
625.710800
626.086700
626.681900
626.808700
626.924850
627.165800
627.409200
627.418700
627.680350
627.684250
627.688800
627.694050
627.727250
627.890850
627.948750
627.996200
628.118650
628.144900
628.607750
628.644450
628.675700
628.719700
628.738000
628.771100
628.845400
628.902200
629.177350
629.352100
629.356200
629.369300
629.380400
629.497100
629.506050
629.509600
629.525950
629.657600
629.815850
630.061050
630.285900
630.470800
630.653150
630.778250
630.853000
630.878450
631.665650
631.873650
632.079200
632.089150
632.117700
632.249700
632.442900
632.671150
632.884700
634.075900
634.192050
634.328100
634.559650
635.061950
635.328850
635.442250
635.444750
635.480300
635.577150
636.023500
637.528850
637.961950
638.283450
638.604350
638.634850
638.942500
639.057800
639.229300
639.295050
639.404450
639.409400
639.495600
639.556550
639.560300
639.632350
639.757900
640.303500
640.309150
640.330650
640.538050
640.543100
640.551300
640.608550
640.794350
640.951450
641.059600
641.077700
641.103850
641.236600
641.460000
641.508150
641.880450
642.156350
642.162600
642.665500
642.710850
642.723150
642.795200
643.071200
643.080500
643.094300
643.098350
643.710400
643.887950
644.027400
644.107550
644.248000
644.383300
644.549300
644.556150
645.507550
645.718750
646.604500
646.812750
646.944300
647.636800
647.643200
648.229200
648.769000
648.903850
649.197350
649.802400
649.926100
649.965000
649.970650
649.977000
649.997850
650.098850
650.527300
650.544900
650.816450
650.882500
650.909100
651.016800
651.351900
651.476250
651.484800
651.498350
651.573750
652.316500
652.389550
652.402150
652.405300
652.512850
652.516300
652.520200
652.565250
652.800500
652.897700
653.918150
654.134700
654.518400
654.876700
654.898150
654.925900
655.082900
655.112700
655.432650
655.436200
655.609450
655.616150
656.031150
656.131900
656.137550
656.350150
656.721050
656.737050
656.897650
656.903900
657.060100
657.435050
657.567550
657.715950
657.757150
657.994750
658.149150
658.228450
658.236850
658.572850
658.666350
658.935700
659.358750
659.692800
659.833800
659.837900
659.851600
659.900600
660.911750
660.998800
661.126000
661.452350
661.563600
662.240450
662.246650
662.257350
662.644650
662.890650
662.911050
662.917300
663.929900
663.936950
664.570500
665.174950
665.548200
665.616450
665.676300
665.931150
665.936500
665.948300
665.959400
666.115900
666.188000
666.241100
666.300900
666.318250
666.627950
666.681800
666.709400
666.750400
667.012250
667.048250
667.061650
667.282100
667.400500
667.445300
667.455150
667.524200
667.587900
667.640800
667.676250
667.682700
667.686150
667.893550
667.919450
668.014800
668.274650
668.374950
668.479600
668.679600
668.707700
668.979000
668.994550
669.274800
669.282550
669.467150
669.474300
669.600450
669.783450
669.900850
669.934250
670.234600
670.285300
670.442450
670.530200
670.680450
670.931550
671.679850
671.772200
671.934100
671.980250
672.656300
672.673350
672.898100
673.152650
673.418500
673.838500
674.179050
674.372750
674.393600
675.280200
675.297850
675.352850
675.432150
675.931950
676.209150
676.396450
676.696700
676.724200
676.990150
677.224100
677.483750
677.910500
678.035600
678.234550
678.409700
678.573000
679.213400
679.233800
679.362650
679.417850
679.521950
679.672050
679.737250
679.741100
679.795100
679.835900
679.901450
679.969800
679.996250
680.289800
680.292900
680.326050
680.455200
680.482150
680.783350
680.973050
680.975700
681.101050
681.160350
681.200800
681.249400
681.253300
681.741200
681.947950
682.024650
682.048500
682.556200
682.614100
682.659750
682.840650
682.844450
682.881650
683.153000
683.274050
683.327350
683.431900
683.481400
683.571850
683.815400
683.845550
684.322050
684.326150
684.336150
684.408550
684.412550
684.479950
684.719950
684.758750
684.835000
684.852150
684.963200
685.058500
685.066850
685.382500
685.433150
685.595350
685.633900
685.672050
685.867100
685.978700
686.091800
686.195100
686.528200
686.534300
686.847900
687.013950
687.235400
687.390550
687.394800
687.433400
687.455350
687.462250
687.704950
687.792550
687.926600
687.933500
688.099850
688.142850
688.220000
688.494200
688.500650
688.524150
688.705950
688.955250
689.068350
689.209550
689.267100
689.527250
689.989000
690.150900
690.285300
690.576500
690.579700
690.615750
691.191300
691.541350
691.887650
692.027600
692.066050
692.911250
693.198450
694.004800
694.008000
694.106400
694.113300
694.414150
695.118600
695.517450
695.534900
695.749000
695.873600
696.267350
696.319200
696.447050
696.691400
696.900050
696.912000
697.257250
697.314000
697.553950
697.571650
697.576000
697.578300
697.586150
697.601550
697.604500
697.608250
697.612900
697.685000
697.770200
698.043150
698.104050
698.370250
698.375350
698.459650
698.773650
698.939450
699.649800
699.654150
699.678650
699.687300
699.712050
699.759300
699.915050
699.954700
699.999250
700.094800
700.300400
700.680350
700.843800
700.902600
700.906700
701.168450
701.276150
701.340500
701.497600
701.589300
702.105800
703.057600
703.770450
703.832850
704.148400
704.963800
706.027600
706.911700
707.543250
708.225750
708.842900
708.957250
709.227900
709.972400
709.977550
710.144800
710.392700
711.011700
711.030650
711.343050
712.003550
712.007200
712.020500
712.201300
712.261200
712.408500
712.549600
712.727500
713.023750
713.097750
713.377650
713.406400
713.468700
713.573250
713.577000
713.958100
714.039100
714.101550
714.107600
714.288450
714.331350
714.566800
714.645250
714.728200
714.774400
714.880900
714.909700
714.938050
715.091350
715.409650
715.591850
715.605500
715.688900
715.850300
715.853700
715.879000
716.153900
716.170200
716.182650
716.194650
716.198250
716.806550
716.974950
717.081550
717.130300
717.368550
717.527500
717.823000
717.886550
718.021250
718.043050
718.315550
718.986550
718.989300
718.993650
719.008500
719.267900
719.385750
719.554400
719.789250
719.980950
719.998500
720.450850
720.470800
720.647700
720.657850
720.661200
720.720000
720.853450
722.485200
722.558850
722.623050
723.935600
724.735650
725.050150
725.944450
726.243300
726.257250
727.369250
727.415500
727.418200
727.547700
727.690400
727.976150
728.143450
728.572250
728.584900
728.589450
728.595850
728.618450
729.087750
729.240500
729.531600
729.965950
730.678950
730.759450
731.710300
731.723150
731.830500
731.942150
732.333050
732.562350
732.747850
733.780850
734.222900
735.129050
735.677800
735.881600
735.889450
735.904800
736.155700
736.179300
737.032950
737.050850
737.320500
737.496050
737.644250
737.653300
737.765900
737.913750
739.477900
739.542200
739.948700
740.398600
740.639850
741.581800
741.912400
742.271650
742.275400
742.432950
742.591050
743.057200
743.076900
743.134950
743.440450
743.646500
744.496200
745.107550
745.271200
745.367050
745.701300
746.134800
746.138250
746.885750
747.284750
747.530500
748.055800
748.329150
748.401500
748.722150
749.636550
749.744250
749.837150
749.841050
749.868950
749.906550
749.951200
750.128100
750.313600
750.377200
750.512650
750.623350
750.645500
750.685600
750.690800
750.768650
750.830100
750.980300
750.990550
750.994600
750.997950
751.173350
751.460100
751.813000
751.915750
751.983650
751.986950
752.249100
752.452650
752.481950
752.606000
752.754300
752.818400
752.962650
753.391250
753.803350
753.931100
754.222800
754.239050
754.247950
754.339200
754.534000
754.663450
754.678950
755.035000
755.089200
755.095500
755.363300
755.554950
755.600800
755.833050
756.061950
756.211750
756.495100
756.498550
756.647900
756.750450
756.792400
756.902150
756.919750
757.081250
757.227300
757.234900
757.343800
757.436000
757.438850
757.451000
757.589400
757.731750
757.915400
758.151150
759.275200
759.390050
759.395600
759.404900
759.411900
759.415350
759.434550
759.444250
759.936450
760.369550
761.119300
761.243750
761.593200
761.800900
761.927250
762.346050
762.353350
762.954100
763.077100
763.104350
763.147850
763.196950
763.669150
763.691400
763.698350
763.805950
763.809450
763.816900
763.834100
764.164700
764.349750
764.355500
764.423600
764.526550
765.462300
766.075950
766.420150
766.642500
766.647300
766.764050
766.778300
766.984000
767.061450
767.175100
767.252450
767.446700
767.476100
768.286450
768.478750
768.590700
769.175200
769.387100
769.409950
769.412800
769.443550
769.660300
769.776050
769.877850
770.160600
770.235750
770.238650
770.388100
770.448850
772.201950
772.717850
773.223750
774.412050
774.416000
774.472300
775.876850
776.131000
776.135500
776.673200
776.682800
776.695800
777.088650
777.111250
777.114950
777.120650
777.125550
777.136400
778.117050
778.244150
778.247050
779.151750
780.179150
780.369750
780.458400
782.172100
784.272200
785.164950
785.237450
785.248500
785.486800
785.519450
785.523000
785.666800
786.129750
786.814100
786.883150
787.821000
788.087850
789.445450
789.668550
789.823600
789.899650
789.965250
789.972250
790.191950
790.546150
791.864750
791.868900
791.882100
792.377450
792.702750
793.446750
793.720150
794.114500
794.458100
795.150900
795.751650
795.999400
796.351550
796.357700
796.484800
796.823200
797.128150
797.164200
797.609000
797.612150
797.689850
798.714850
799.266900
799.285600
799.610950
800.629500
800.872700
801.647250
801.657000
801.972150
802.031000
802.263200
802.286550
802.351600
802.773300
802.796850
802.882200
803.260650
805.352500
805.411400
805.856200
806.641350
806.724750
806.876200
807.323150
808.366650
808.847050
809.212000
809.258950
809.601150
810.143950
810.167100
810.410550
811.411700
812.165150
812.171550
812.254350
812.362650
812.397050
812.769450
812.873800
812.921850
813.269700
813.365650
813.710700
813.714050
814.299150
815.127050
815.218950
815.600200
815.608400
815.641950
815.718150
815.721250
815.724850
815.729450
815.832650
815.847950
815.859500
815.868900
815.878200
815.888050
815.922550
816.034150
816.127550
816.228950
816.296650
816.368850
816.514650
816.549450
816.599900
816.723800
816.727150
816.740100
816.874750
816.929150
817.097500
817.130550
817.157900
817.565000
818.022650
818.035750
818.074550
818.100500
818.113850
818.267500
818.340650
818.344800
818.640700
818.667000
818.754700
818.856400
819.029950
819.127450
819.132850
819.431050
819.454000
819.521800
819.605150
820.001250
820.063300
820.255900
820.283700
820.761850
820.843850
821.284900
821.541600
821.575350
821.635850
821.744400
821.755400
821.763200
821.936350
822.058600
822.303950
822.519150
822.635800
822.890350
823.098600
823.144650
823.617700
823.658450
823.831850
823.838100
823.843150
823.865800
824.239800
824.246450
824.255300
824.258050
824.895350
825.191800
825.534700
825.843000
825.850250
826.071350
826.350550
826.567650
826.595150
826.620850
826.652550
826.683650
827.024450
827.339550
827.642400
827.664650
827.968300
828.039950
828.394400
828.398100
828.771350
828.800050
829.030850
829.034950
829.171850
829.321400
829.343600
829.345750
829.755200
829.759000
830.332800
830.459250
830.495350
830.760100
831.216150
831.436250
831.487100
831.710850
831.716450
832.170150
832.549850
832.565650
833.079800
833.119350
833.281500
833.477600
833.817850
833.822850
833.834300
833.844850
833.846900
833.885650
834.643550
834.652200
834.971150
835.008100
835.114200
835.344550
836.080700
836.169950
836.592350
836.641150
836.651950
836.776550
836.942150
837.304750
837.425800
837.581450
837.686500
837.718500
837.721150
837.863750
837.928250
838.550650
838.606450
838.999750
839.069500
839.086700
839.293300
839.912050
840.035900
840.038650
840.081050
841.007950
841.011050
841.249300
841.809550
841.859200
841.899550
842.218250
842.710800
842.864650
843.428700
843.511150
843.789350
843.853800
844.044000
844.346200
845.143500
845.278150
845.285150
845.295150
845.859750
846.069850
846.131100
846.498200
846.683300
847.046300
847.141600
847.492200
847.551200
847.813900
848.341050
848.686800
848.862500
848.998050
849.068800
850.187500
850.213650
850.382950
851.101950
851.655100
852.647250
853.058800
853.085450
853.221900
853.484100
853.949450
854.086600
854.111550
854.323900
854.592800
854.792950
855.441550
855.463700
855.469450
856.080050
856.148900
856.162650
856.239200
856.812700
857.052750
857.057600
857.159150
857.514900
859.127050
859.346650
859.712700
859.948750
860.187450
860.525450
861.150600
861.470400
861.588050
861.739200
862.027050
862.247050
862.442550
862.566400
862.638850
863.121750
863.403300
863.996450
864.153000
864.408200
864.471450
865.043050
865.198150
865.204800
865.387550
865.475800
865.617600
865.937900
866.267100
866.783550
866.839500
867.566450
867.777550
867.815950
867.836250
867.912300
868.508950
868.894650
869.474150
869.477000
869.491750
869.505350
869.511550
869.579800
869.724450
869.734550
870.201600
870.212950
870.877000
871.001150
871.325650
871.488600
871.492700
871.790150
871.945900
872.744750
873.264250
873.846850
874.197200
874.408350
874.423850
874.559000
874.722600
874.737600
874.808650
875.150300
875.711600
875.917150
876.270400
876.864350
877.160050
877.206400
877.286500
877.623650
877.633500
877.768750
877.775000
877.866650
877.875500
878.169650
878.176550
878.247150
878.533300
878.543600
878.941000
878.944200
878.947500
878.968950
878.972150
878.986800
879.004300
879.301350
879.310250
879.313950
879.396650
879.805250
880.463450
881.028050
881.087200
881.622150
881.787700
881.906300
882.038750
882.114100
883.008800
883.065200
883.393750
883.542300
884.159600
884.219000
884.573350
885.345550
885.389550
885.655800
886.211850
886.256450
886.259700
886.661850
887.010900
887.015400
887.063200
887.081400
887.402150
887.674950
888.145350
888.306600
888.624950
888.646350
888.893700
889.492550
889.674350
889.784600
889.789250
890.302100
890.700850
890.796300
891.225450
891.819850
892.068100
892.130850
892.187700
892.260300
892.271250
892.275100
892.280150
892.294700
892.302550
892.831650
893.043550
893.198350
893.298100
893.306350
893.678000
893.961000
894.277600
894.544600
894.547300
894.554800
894.678750
894.697900
894.713600
895.031100
895.325650
895.489750
895.853800
895.867000
895.931100
896.001750
896.190900
896.299450
896.308800
896.569900
896.759250
896.922100
897.444550
897.480950
897.485550
897.509550
897.623000
897.655650
897.703550
897.804200
897.829100
898.884800
898.955850
899.775650
899.789050
899.886200
899.892650
899.899950
899.906450
899.917950
899.925950
899.934450
900.159850
900.729000
900.732250
900.782450
900.894100
901.221350
901.660600
901.748300
901.850300
902.137250
902.636700
902.648250
903.813900
904.240900
904.318950
904.932900
904.946450
905.293250
905.296450
905.302700
905.420800
905.424400
905.559400
905.573800
905.596200
905.598650
906.123450
906.213450
906.560200
906.583800
907.200450
907.236850
907.239500
907.461150
908.021650
908.309000
908.639650
908.799000
909.106950
909.110450
909.301850
909.569400
909.697550
909.737150
909.887300
910.619100
910.995000
911.298700
911.339000
911.700500
911.740850
911.800150
911.884700
912.874050
912.885850
912.913100
913.221900
913.237500
913.278500
913.767600
913.776400
914.144600
914.203950
914.853300
914.874500
915.020550
915.440700
915.466600
915.475400
915.533050
916.033700
916.487700
916.515000
916.690300
916.961500
917.000400
917.104800
917.125800
918.337250
918.638100
918.856950
918.941150
919.083350
919.087700
919.120600
919.522150
919.716550
920.473400
920.475450
920.494700
920.787800
921.597600
921.601600
921.976100
922.076550
922.082900
922.157000
922.353350
923.042500
923.208150
923.840150
923.855900
924.038950
924.220150
924.779600
924.785700
925.086700
925.132450
925.477250
925.483000
925.600150
926.701650
926.861400
927.609600
927.831500
928.389600
928.467650
928.625400
929.288350
929.423250
929.678500
930.130300
930.152750
930.370500
930.574700
930.925000
931.190200
931.233350
931.512100
931.515150
931.527850
932.235700
932.246400
932.445100
932.448400
932.610600
932.722450
932.933200
933.349950
933.436900
933.540650
933.807800
933.812900
933.843050
933.847950
933.853200
933.867450
933.874200
934.040000
934.538800
934.664750
934.670200
935.721450
935.723850
935.915100
936.127150
936.554000
936.753850
936.764050
936.830150
937.246350
937.873150
938.048600
938.053300
938.599450
938.608850
938.633800
938.724750
939.031450
939.034550
939.042600
939.162900
939.182000
939.490500
939.494850
939.527550
940.324300
940.829050
940.986850
941.025350
941.040200
941.054500
941.903750
942.284450
942.335800
942.412950
942.820350
943.003900
943.007750
943.011750
943.230250
943.256300
943.268450
943.630050
943.633300
943.680350
943.944300
943.952050
944.015350
944.454950
945.047200
945.197600
946.530150
946.708350
946.794100
946.803600
947.076200
947.088500
947.103750
948.051050
948.059100
948.101050
949.286900
949.670050
949.790650
949.821750
950.128650
950.420750
950.425150
950.510000
950.939500
951.445200
951.671800
951.802250
952.461800
952.594400
952.752400
952.782750
952.877350
953.219750
953.416350
953.575650
953.598500
953.752250
954.263550
954.339350
954.536800
954.606250
955.009300
955.022250
955.027450
955.774100
955.978000
956.015850
956.373000
956.378850
956.863300
957.388900
958.005850
958.011700
958.038850
958.044100
959.260500
960.366450
960.369300
960.658700
960.667450
960.672700
962.348900
962.643150
962.739950
963.357850
963.361200
963.371400
963.515800
963.567250
963.691000
963.899850
963.956700
964.285250
964.295850
964.310650
964.334900
964.375300
964.694350
964.772850
964.974100
965.003650
965.146750
965.384000
965.637250
965.644550
965.655450
965.819950
966.074700
966.493200
966.498700
966.527550
966.544100
967.061850
967.109350
967.114350
967.484400
967.786200
968.419500
968.424950
968.772700
968.794050
969.350850
969.996700
970.007300
970.116450
970.224000
970.226600
970.282200
970.513300
971.409700
971.810100
972.122450
972.835500
973.206100
973.208550
973.534350
974.168200
974.190600
974.564100
974.587400
974.925000
974.929250
974.935000
974.943350
974.951450
974.976750
975.543600
975.553650
975.901600
976.003800
976.123700
976.184850
976.482850
976.490550
976.495400
977.729050
977.732500
977.836900
978.169950
978.182450
978.199400
978.418900
979.050550
979.347850
979.425800
979.485250
979.630350
979.954550
980.041200
980.064950
980.107200
980.196400
980.314650
980.356900
980.708000
981.105050
981.916400
981.927100
981.929900
982.348550
982.500300
982.903750
982.925450
983.125250
983.164600
983.168500
983.199200
983.237850
983.378750
983.492000
983.636250
983.652450
983.657500
983.675800
983.706300
985.056450
985.282800
986.283700
986.454800
987.761800
987.772650
988.267100
988.494850
988.880300
988.990300
989.047300
989.153550
989.187850
989.195950
989.201950
989.211350
989.214550
989.218100
989.245700
989.516150
989.596450
989.641600
989.707900
989.757500
989.866850
990.022300
990.119750
990.195550
990.409950
990.813950
991.014200
991.433400
991.872150
992.011100
992.444200
992.532950
992.620150
992.623400
992.878900
993.374150
993.379450
994.009700
994.028300
994.333550
994.369800
994.646200
994.688300
994.777550
995.063050
995.390000
995.396900
995.399700
995.420350
995.455550
995.876200
995.879850
995.959150
995.963300
996.557650
997.055000
997.086050
999.718550
999.980650
1000.146400
1000.262050
1000.310700
1000.924050
1001.479000
1001.892750
1001.967350
1002.001450
1002.024950
1003.083850
1003.166050
1003.219600
1003.295450
1003.566850
1003.697600
1003.888850
1004.342050
1004.395200
1004.687800
1004.804300
1005.021450
1005.245950
1005.295950
1005.378700
1005.435550
1005.845700
1005.958000
1006.307650
1006.313450
1006.341450
1006.380050
1006.461450
1006.465500
1006.870900
1007.243450
1007.463350
1007.706700
1007.825350
1007.831050
1008.555250
1008.571350
1009.088600
1009.170400
1009.203650
1009.214100
1009.851600
1010.025400
1011.447950
1012.265450
1012.268550
1012.592950
1013.367100
1013.402400
1014.049500
1014.238250
1014.857500
1015.006500
1015.058300
1015.125250
1015.477050
1015.542000
1015.649600
1015.652750
1015.657000
1015.660750
1015.699400
1015.938100
1016.003600
1016.017700
1016.285000
1016.287950
1016.303100
1016.421000
1016.866700
1016.872300
1016.914300
1016.920600
1017.012950
1017.017350
1017.035900
1017.292800
1017.544900
1017.607800
1017.619350
1017.677650
1017.730050
1017.733750
1018.108400
1018.401200
1018.715150
1018.835500
1018.838850
1018.843050
1018.896200
1019.138200
1019.142500
1019.422650
1019.529050
1019.550500
1019.580400
1019.803350
1020.215500
1020.218100
1020.386850
1020.508500
1020.564550
1020.641400
1020.657800
1020.847000
1021.010700
1021.034350
1021.044200
1021.092000
1021.490050
1021.503850
1021.585750
1021.976450
1022.128850
1022.265800
1022.715500
1023.162600
1023.375900
1023.782200
1023.890000
1024.219700
1025.178300
1026.564000
1027.663950
1027.769950
1028.222350
1028.914400
1029.584800
1029.607300
1029.641350
1029.653900
1029.656600
1030.239450
1030.634950
1030.687750
1030.890600
1031.292300
1031.297650
1031.324750
1031.334800
1031.342650
1031.345350
