11.875750
13.639200
14.713850
15.966200
17.406500
18.406450
18.513500
19.906850
20.275350
20.279000
20.282000
20.293400
21.550700
23.378300
25.048350
25.051050
28.151350
28.290200
28.739800
28.753550
28.760950
28.792000
31.485600
31.896800
32.207500
33.102300
33.127850
33.662500
34.595850
35.777900
35.880250
35.885800
35.892900
38.183950
38.191450
38.206150
40.282350
45.130450
45.141700
46.374300
47.278550
49.121900
55.308000
55.779650
55.801000
56.616800
63.577150
63.581250
63.587300
64.528150
67.718600
67.723950
68.307550
70.547450
70.904100
73.319950
73.345050
75.118700
75.143700
75.822550
77.015950
77.735600
79.054650
81.914250
90.658600
90.662050
92.539050
94.085400
94.658800
94.683950
97.187800
97.325700
98.190400
105.098200
106.315050
107.417850
110.100600
111.773550
113.736750
118.275300
118.789700
120.833800
121.044950
124.762850
124.998000
126.641750
129.215850
131.099750
133.331450
133.464150
134.100400
134.104650
134.441300
136.371900
136.732050
137.516150
137.798200
139.133700
142.191800
143.424000
143.682250
146.608700
146.618900
148.736650
148.746600
149.294700
153.426400
153.448000
154.325150
155.562150
155.591700
155.608950
158.750850
161.143200
161.318200
163.719150
166.766450
166.774750
167.328450
169.038300
170.319100
178.113400
182.261700
182.286100
183.335100
183.458000
183.466150
183.688550
183.703650
183.730650
185.140550
185.346450
185.484000
187.248800
187.259850
190.084200
190.090950
191.016800
191.026300
191.094450
191.102750
192.099550
192.123200
192.444400
193.489100
196.299850
196.790750
196.795700
196.808350
197.102800
197.504900
197.508450
198.649700
198.850700
198.855400
201.267350
202.642250
203.344800
203.354200
203.360150
204.278250
205.146750
206.293700
206.296700
206.720900
208.103150
209.860600
211.308100
214.706700
214.995800
215.004250
216.139750
217.065950
217.077150
217.562050
217.568550
217.599750
219.873400
219.886100
220.299000
221.407100
221.411850
221.532050
223.709650
223.716400
223.721050
227.109300
227.515100
228.413100
230.021350
230.034450
231.128600
231.141450
231.320850
233.731150
233.775700
234.677600
234.757750
235.005750
235.013050
235.018250
236.213250
236.220250
237.300900
237.305450
237.310400
237.336900
237.346500
237.688850
237.774550
237.783150
238.987450
240.261100
240.280450
240.653350
240.660650
241.037400
241.045850
241.951700
243.674900
243.682300
243.768000
243.774300
245.210000
245.986550
245.999200
247.346800
247.555650
247.718500
247.995250
248.003100
248.503800
249.060050
250.320000
250.325500
251.189350
251.202650
252.605550
252.613000
252.648450
252.662400
252.668750
252.675150
252.755000
253.232100
254.503800
255.071650
257.330900
259.940350
260.245450
260.480050
260.500400
261.644400
261.885900
261.898800
262.124350
263.498850
265.696400
267.027150
267.165250
267.171100
267.452350
268.209200
268.772700
269.972850
270.309600
270.682750
272.099200
272.159550
273.290000
273.295050
273.306100
274.319800
275.388250
276.411000
277.478300
277.490350
278.267200
280.842750
281.415700
281.447250
282.015750
282.885650
283.256400
284.065050
285.633400
285.810200
285.983950
287.092150
287.308700
289.312450
290.136950
290.420000
290.425950
291.293100
292.588150
294.701900
295.097950
295.110300
295.112650
295.117650
296.118150
296.271050
296.745950
296.753350
296.924100
296.929650
296.943000
297.317650
297.333900
298.198750
298.362900
299.016350
301.405750
302.159850
302.308400
302.318700
302.333900
303.063600
303.946850
304.500600
305.823900
306.173200
306.877100
306.900900
307.258600
307.505700
307.514950
307.518000
308.810700
309.645400
310.705800
311.442850
311.448050
312.208700
312.217650
312.535650
312.540100
312.696950
312.707200
312.936750
313.322550
313.341500
314.419000
314.427150
314.638450
315.127850
316.269950
316.274150
317.616600
318.869900
320.646300
320.681350
323.042800
323.049450
324.572600
324.586000
325.128050
325.290950
325.301650
325.674300
326.602850
327.221250
328.144200
328.440400
330.004000
330.009400
331.025000
332.684100
332.691350
333.242050
333.270500
333.397950
334.163950
334.172150
334.780100
335.115350
335.137450
335.391300
335.449800
335.749750
336.329800
336.614000
336.620050
336.630450
336.638750
336.650950
336.774000
337.895050
338.392850
338.400550
339.957300
340.542500
341.430350
342.231350
343.974550
345.656900
345.663900
345.962150
345.965700
345.988350
347.243500
347.626600
348.388650
348.450000
348.641400
349.020450
350.240400
350.313000
350.321050
351.457700
352.282850
352.463300
352.634000
352.650400
352.674900
353.971450
355.782000
357.583700
357.590950
357.598500
357.605350
358.009450
358.428000
358.974650
360.591000
360.599950
360.870150
361.388450
361.896150
362.015300
362.037350
363.050700
363.110200
363.472300
363.726600
363.736500
364.081150
364.802400
364.883500
365.349450
365.609100
365.791000
365.794350
366.884400
366.907350
368.814000
369.158750
369.169200
369.183250
369.194850
369.892050
370.344400
370.475400
372.423050
372.991250
375.599800
375.607300
375.618400
377.284400
377.292550
378.291500
378.297250
378.676200
378.812500
380.175350
380.182100
382.578250
383.078200
383.084800
383.598500
383.603750
383.617500
384.969250
384.979400
385.599750
385.604950
386.963850
386.972000
387.072000
387.077550
387.090600
387.595100
387.990150
388.288050
388.902050
390.553700
390.561100
390.661900
390.997100
391.006250
391.859600
392.755200
392.761100
393.732650
394.811800
395.078700
395.739300
396.920350
397.542650
397.569000
398.865200
400.688400
400.696900
402.811400
402.888900
402.959750
403.132350
403.144550
403.179000
404.589450
404.600350
405.674950
405.894200
407.042200
407.148700
407.278400
407.295050
408.998900
410.124300
410.540850
411.248400
411.285000
412.853300
412.894650
413.818850
414.355850
414.655900
415.371600
416.150650
416.701950
417.208500
417.217750
417.690200
417.699750
419.897450
420.549050
420.555250
420.579600
421.049350
421.054600
421.312300
421.319950
421.364850
421.938000
422.342300
422.349900
422.417550
422.922050
422.927900
423.251500
424.238600
424.248150
424.263900
424.592400
424.604250
424.775800
424.915250
425.196050
425.254650
427.359550
427.372450
427.438850
427.659650
427.793700
428.917600
429.089500
429.121900
430.377000
431.674550
432.200550
432.216000
432.232000
432.244950
433.722100
433.726800
435.300250
435.692850
435.701150
436.297550
437.095550
437.887450
438.514650
439.419700
439.457150
439.462750
439.975950
441.049550
441.060500
442.224400
442.238050
442.437550
442.445900
442.673500
443.059750
443.124750
443.138650
444.537450
444.671700
445.827750
447.368350
447.374650
447.620450
448.451000
448.459550
449.128600
449.292100
449.304300
452.197900
452.203750
452.208800
452.235300
453.423550
453.644650
453.650300
453.773350
453.776950
453.779050
453.784900
454.460250
454.466600
454.617500
455.497100
455.506100
455.537900
456.184600
458.090150
458.097300
458.205000
458.933050
459.238150
459.451600
459.457350
460.706550
460.711950
460.719450
460.928900
460.956650
461.676850
461.802300
462.159400
462.169600
463.072600
463.663850
465.009950
465.022950
465.357650
465.955750
466.232450
466.615600
467.933300
467.940450
468.677350
469.022450
469.041300
469.738400
469.923900
471.949300
471.961800
472.791700
473.508500
474.136000
474.142000
474.307900
474.313300
476.224000
476.230250
476.304000
476.317300
477.017850
477.024500
477.466050
478.379250
478.388100
478.663050
478.667150
480.761850
480.906800
480.923900
481.448550
482.372400
482.393000
484.290650
484.710450
484.724850
485.324950
486.673500
487.277650
487.521050
487.825000
488.357600
488.364050
490.357450
490.608500
490.627500
493.793900
493.934800
493.942950
493.955250
494.783550
494.790050
495.614950
496.532050
497.122400
498.063000
498.072950
498.902500
498.914200
499.993800
500.000350
500.655350
503.005200
503.769150
504.313400
504.320500
504.515050
505.633550
505.639200
505.709850
505.715650
505.732200
505.742400
507.269200
507.696050
508.654300
509.329300
509.342300
509.651450
509.850650
510.267600
510.495600
510.516450
511.047900
511.057800
512.029950
513.051800
513.092250
513.531100
513.559450
515.796250
519.028250
519.040600
519.070300
519.075900
519.219000
519.796300
519.812850
520.561950
521.401150
522.328250
522.350350
522.425250
523.452050
523.464600
523.474250
523.708250
523.737900
523.752400
524.902000
525.633800
525.659750
526.441950
527.647850
528.786250
528.793950
531.636850
532.108700
533.293450
533.388050
533.407800
534.171750
535.161850
535.187750
535.859150
536.000550
536.086350
536.371100
536.576100
536.582900
537.256100
537.344600
537.358900
538.297800
539.527650
540.047000
540.373800
542.408350
543.162600
543.290150
543.941200
543.953200
544.170100
544.359950
544.583000
546.363400
546.653950
546.677900
546.692850
547.926600
547.935800
548.695750
548.701550
548.810750
549.026100
550.191000
550.209900
550.509300
550.532100
553.010300
553.024850
553.686600
553.691500
553.703950
555.236550
558.940300
559.235050
559.882400
560.227650
560.246000
560.928100
561.152850
561.262400
561.267800
561.753550
561.763050
563.289750
563.384900
563.471250
563.487350
563.490450
563.710650
565.014600
565.104700
568.206800
568.213050
568.219400
570.019600
570.641850
570.649500
572.226700
572.375400
573.279750
573.442450
574.058850
574.075400
574.901250
575.901200
578.016250
578.092850
580.882800
580.889100
583.349750
583.361450
583.745950
583.752950
585.570050
585.806800
587.294050
587.665500
588.848400
588.852650
590.067600
591.008050
591.832950
592.938800
593.072450
593.628000
595.207350
595.981550
598.632650
598.944900
599.167650
601.792450
603.232200
605.150600
607.196200
608.282650
608.942450
609.518000
610.721650
613.108650
613.416900
613.745550
613.752850
614.209700
614.224800
614.568050
615.639600
615.651150
615.870350
616.979600
617.235700
618.362000
618.370350
622.187400
622.195700
623.042850
624.919150
624.927200
625.962800
626.120550
626.137750
627.066000
627.075550
627.681750
627.694850
627.990450
628.223350
629.009900
629.089300
629.108000
629.111500
630.177350
630.190450
630.580650
630.954500
631.188850
632.610900
632.644600
633.088400
633.107050
634.738100
634.749300
637.022000
637.029200
637.209150
637.392550
638.704550
638.741800
639.037300
639.522850
641.444850
643.659750
643.756800
643.768300
644.448350
645.991200
647.379000
648.889850
650.206250
650.211100
651.628650
651.638100
652.203900
652.304250
652.325100
653.353100
653.767750
653.971750
654.476750
654.480650
655.247100
655.641450
656.919500
657.285550
657.291250
657.666450
658.325200
659.196750
659.585750
659.594800
663.030150
664.355450
664.408700
664.413750
664.884650
666.691400
666.698950
667.007750
667.503100
667.809200
667.814950
669.327600
669.333150
669.441550
669.769300
670.423650
670.583500
670.592750
671.096150
672.296000
672.678800
674.072500
674.985700
675.200950
675.211400
675.625550
675.799950
676.461050
676.860600
677.330700
678.549350
678.610350
680.440350
680.552900
681.036550
681.212750
683.075900
683.391700
683.399550
683.851750
686.134200
686.544200
687.724900
687.965400
687.970950
688.850550
688.918350
689.369750
689.372900
689.534800
689.551750
694.015350
694.758450
695.819000
695.839200
696.651100
696.656950
696.663000
697.113850
697.122000
698.149300
698.159950
698.940700
699.054650
699.532450
699.810150
700.408100
700.949000
701.749550
702.182900
702.187150
703.575500
704.810450
706.416200
706.424750
709.513300
709.519550
709.558000
710.240550
712.300000
712.366150
712.558850
713.081150
713.086400
713.092850
713.274800
713.282400
715.395250
715.400900
716.264150
717.093000
717.101450
717.668050
718.009250
719.346700
719.356900
719.521800
719.530750
719.854650
720.607950
723.560150
725.563000
726.843350
726.851600
726.893400
727.477800
727.971650
728.896950
729.872900
730.612600
731.819100
733.003750
733.043300
733.429200
735.175700
736.213650
736.266100
736.273500
737.008550
737.243750
737.246250
738.138350
739.036300
740.136150
740.825050
742.123000
742.135750
742.143400
743.064150
743.340900
743.352950
744.623650
745.601450
746.512300
746.749400
747.155700
748.013100
748.248450
749.051200
749.067600
749.833500
749.851450
749.876200
750.171550
750.268350
750.270950
750.640000
750.654400
751.043800
752.341900
753.126050
753.148400
753.184300
753.193000
754.166250
754.654150
756.470050
756.476750
756.772050
757.062350
757.702100
758.354200
758.363650
758.438050
758.547900
758.553700
761.832100
762.355750
762.514350
763.587100
763.598200
763.999400
764.006950
764.919400
764.924250
764.932050
765.009550
765.997000
767.229850
767.520850
767.873600
768.696500
769.355650
769.840100
770.013150
770.204200
771.615750
771.917350
772.233400
772.236100
772.241600
774.031800
775.653550
776.424100
778.477800
779.527850
781.449450
781.505200
781.512350
781.520600
783.329400
783.337850
783.657250
784.517750
785.636900
785.649000
785.932800
785.947850
786.380700
786.414100
787.069150
787.519650
787.911150
790.473850
790.488800
790.506450
790.534800
790.813650
790.819850
792.048300
793.522250
793.537800
793.552750
793.951850
793.961100
795.774000
795.816250
795.827150
795.840650
796.057500
796.205850
797.203150
798.023650
798.056450
798.563400
801.655600
801.935100
802.118600
802.125550
802.930950
803.955300
805.109250
806.768300
806.774350
808.647650
808.654800
808.669500
809.970650
810.259800
811.127350
811.134100
811.157200
811.877200
813.029000
813.043600
814.958800
814.966200
815.252200
815.260200
815.982500
816.849700
817.461350
817.470250
817.618950
817.638150
818.149550
819.915150
819.924150
820.098050
820.110900
820.286150
820.416100
823.565850
823.576800
823.657950
823.934150
826.033750
826.074600
826.901550
826.916950
827.249950
827.258350
827.276700
827.343400
827.359250
827.907450
829.156700
831.006550
831.025750
831.035050
831.058000
832.597000
832.607450
832.903350
832.926300
833.199000
833.233050
833.651100
833.662950
834.010750
834.017650
836.417750
836.560150
836.565050
837.529200
837.532450
837.542050
838.492350
839.157750
839.171150
841.120700
842.693900
843.532400
843.549850
843.682650
843.698050
845.232300
845.833950
845.838150
845.975750
845.982100
848.626250
849.430900
849.436050
850.949900
850.969700
852.944750
853.672850
853.681300
854.866350
854.899100
855.506750
855.562450
855.567150
856.360100
856.396000
857.903750
857.911950
858.223300
858.230900
859.935800
859.942050
859.951000
860.370450
860.515750
860.564500
862.470200
862.498400
862.894350
863.236600
863.727100
863.740450
863.995250
864.015200
864.800900
865.095400
866.015900
866.024150
866.034750
866.057800
868.332800
869.306850
869.321650
870.375250
870.396700
870.425400
872.034200
872.060050
872.072450
872.098800
872.738700
873.461300
873.474200
874.245150
876.989450
876.995800
877.332150
877.342100
877.358200
877.373150
878.208700
878.225800
878.364650
880.558800
880.585200
882.726350
884.191700
884.766900
886.132400
886.138000
886.149550
886.288200
886.294550
886.304800
887.063800
887.071350
887.079750
887.819350
887.831750
887.840500
887.913300
888.141250
889.551500
891.226500
892.565450
893.069900
893.076800
893.087950
893.368850
893.376600
893.395700
894.342400
894.951000
895.736700
897.162900
897.176200
899.358450
899.974150
900.030800
901.859700
902.434950
903.564750
905.552850
906.050850
906.066250
906.342850
906.349850
906.364250
906.520950
907.099850
907.738050
907.801650
910.063450
911.067800
911.073600
912.432150
912.441800
913.516350
914.529450
914.728900
916.639950
917.137750
919.197500
919.224250
919.233150
919.497250
919.508950
921.011850
921.200100
921.214150
921.581900
924.035350
924.447750
924.464050
925.481500
925.602900
928.996650
929.347700
930.123500
930.133500
930.305650
930.336800
931.308400
931.326300
932.292750
932.863500
933.703600
934.748450
937.530150
937.993350
938.878650
939.045750
939.327950
939.943800
940.863900
940.877600
941.064450
943.653000
943.732500
943.752100
944.616850
945.197800
945.204800
945.212900
945.247100
945.278900
945.611200
945.958250
946.246500
946.254900
946.704200
947.129250
947.761650
949.708450
950.193550
950.206500
950.813100
950.873700
951.501850
952.291500
952.859550
952.868850
953.236000
954.808950
957.020650
957.660300
958.765550
958.801550
959.907050
959.913850
960.910350
961.277300
961.287200
963.868550
964.688100
964.695000
964.716500
965.346600
965.351950
965.499850
965.508800
966.493800
966.502500
967.659100
967.735550
967.748150
967.760200
968.778950
970.164100
970.546950
971.360650
972.092200
973.352750
973.360400
975.285800
978.261800
978.271450
979.031050
979.037950
981.238050
981.417250
981.436700
982.888900
983.167800
984.365800
985.008050
985.024100
985.043450
985.539700
987.078300
988.109550
988.114450
990.354050
991.330200
992.067600
992.074050
992.088250
992.101650
992.108000
992.112350
992.381550
992.390750
992.434750
995.064350
995.074650
995.557550
995.564150
996.988950
997.398400
997.407450
997.438200
999.970450
1000.784900
1002.197650
1006.449000
1007.105050
1008.193000
1011.661700
1012.723100
1012.729600
1012.870150
1012.877650
1014.555500
1014.887700
1015.634500
1017.450100
1017.457350
1018.001750
1018.606500
1018.639650
1018.848200
1019.094700
1023.234750
1023.416700
1023.474850
1024.101100
1024.107100
1024.116150
1026.385400
1028.076400
1028.647750
1028.656650
1029.506850
1029.513700
1029.709300
