0.046000
0.071800
0.130050
0.187800
0.248850
0.446000
0.507250
0.648400
0.720050
0.770950
0.786050
0.895050
0.951300
0.991600
1.024250
1.051150
1.085450
1.259200
1.285600
1.471450
1.547300
1.568050
1.637500
1.666950
1.694050
1.858500
1.950550
1.977400
2.125750
2.248700
2.276350
2.376600
2.409100
2.456250
2.464000
2.550300
2.650300
2.735350
2.804900
3.032300
3.088800
3.190400
3.383250
3.459200
3.585300
3.620750
3.680850
3.709700
3.841300
3.938600
4.079400
4.258050
4.311450
4.360050
4.439550
4.774450
4.979650
5.149800
5.690500
5.773650
5.848550
6.187050
6.311700
6.352950
6.431450
6.623900
6.828250
6.831350
6.911650
6.953300
7.196650
7.627750
7.711450
7.768800
7.802900
7.825750
7.907500
8.560500
8.788250
9.131050
9.353150
9.550150
9.826200
9.869700
9.945650
10.118750
10.203650
10.221300
10.226650
10.232450
10.235500
10.248450
10.254000
10.276650
10.293050
10.338050
10.359350
10.375400
10.380850
10.389250
10.449300
10.460950
10.547450
10.640900
10.652400
10.681400
10.696500
10.706000
10.730400
10.756400
10.804500
10.864800
11.087550
11.107050
11.244500
11.313800
11.375100
11.429550
11.467350
11.501750
11.573250
11.734150
11.793550
11.899600
11.929250
11.936250
12.031300
12.112950
12.142950
12.181650
12.209250
12.301750
12.341250
12.398650
12.434650
12.597500
12.617100
12.643900
12.652800
12.842950
13.006100
13.043450
13.133100
13.167250
13.456500
13.538700
13.563400
13.596700
13.620900
13.768550
13.859100
14.003950
14.082400
14.109700
14.185300
14.299500
14.348000
14.470000
14.589500
14.698500
14.942950
15.228300
15.308450
15.362800
15.662450
15.724850
15.816800
15.820800
16.108750
16.147550
16.347700
16.441800
16.700650
16.785850
16.872800
17.073550
17.293300
17.321750
17.358400
17.544850
17.747050
17.988600
18.054150
18.057650
18.062650
18.074250
18.389100
18.789200
19.020100
19.024000
19.209150
20.143750
20.203250
20.420650
20.555250
20.957200
21.461500
21.697150
21.700600
21.704350
21.710350
21.719200
21.889250
22.192200
23.188800
23.288050
23.499850
23.519650
23.981950
24.392900
24.396150
24.399900
24.412100
24.422550
24.449850
24.676950
25.426450
25.764750
26.428100
26.769350
26.856650
26.872800
27.039400
27.042000
27.045900
27.050450
27.054950
27.059950
27.066400
27.073000
27.087350
27.174700
27.694650
27.925000
28.811600
28.872300
29.959000
30.440700
30.616000
30.948950
31.030700
31.735850
32.507200
33.217350
33.599500
33.675850
34.534950
34.539050
35.129200
35.881800
36.372750
36.831150
36.904750
37.281300
37.806100
37.999250
38.309800
38.690300
38.694200
38.702500
38.828600
39.011300
40.104450
40.175300
40.283700
40.552900
40.718850
41.342850
41.578600
42.251900
42.814050
42.830050
42.850900
44.008350
44.410850
45.474100
45.730800
45.869900
46.546350
46.551550
46.619500
47.232650
47.329400
47.332850
47.342650
47.348350
47.354550
47.367200
48.121150
48.338350
48.939100
48.971300
49.178600
49.245600
49.384350
50.174400
50.232600
51.182750
51.258500
51.335850
51.339150
51.343050
51.845100
52.311100
52.711400
52.780250
53.136800
53.798000
53.844000
54.792950
55.310200
55.870050
56.228250
56.231700
56.235350
56.243900
56.444350
56.824100
56.827200
56.831150
58.913700
59.057850
59.504000
59.959150
59.963750
59.980700
60.507050
60.824000
61.875300
61.878400
61.892000
62.150400
62.436250
62.439200
62.456800
62.754050
62.758100
62.763300
62.775650
63.839150
64.522500
64.565900
65.040700
65.633650
65.771550
66.397900
67.518900
67.524750
68.170100
68.173550
68.178150
68.531250
68.571250
68.825100
69.136600
69.140750
69.146950
69.257400
69.853050
86.782350
87.465300
87.557650
87.561500
87.569150
87.573850
87.581400
87.707350
87.871200
87.875000
87.880400
87.886400
87.893250
88.899750
88.950150
89.507950
89.984950
90.056250
90.488950
90.750550
90.761550
90.906050
90.941850
91.212800
91.660500
91.921250
91.997400
92.742450
92.746300
92.751250
92.771750
92.983650
92.998000
93.301000
93.536450
93.585050
94.214500
94.378050
94.386300
94.406600
94.442700
94.793650
94.800800
94.815550
94.843950
94.976050
94.997000
95.261800
95.399900
95.598150
95.665100
95.668100
95.672500
95.682350
95.689000
95.797450
95.903050
96.562200
96.566650
96.662100
97.053050
97.459850
97.621850
97.625600
97.650150
97.759650
97.900350
97.904850
97.917950
97.964000
98.257150
98.306000
98.333600
98.493550
99.332750
99.648850
100.024000
100.144050
100.388650
100.984750
101.002600
101.429750
101.689150
101.757750
101.786050
101.943150
101.947000
101.959950
101.962050
101.965550
101.971650
102.211150
102.248150
102.410350
103.948900
104.093750
104.097100
104.102750
104.611450
105.048350
105.052000
105.061500
105.135050
105.217200
105.306850
105.654500
105.834850
105.935850
105.939550
106.343850
106.747850
106.751500
106.847900
107.253350
107.521700
107.850000
107.970800
108.001200
108.139700
108.197250
108.200550
108.205600
108.340550
108.456050
108.671050
109.028350
109.564200
109.671800
109.834350
109.942800
110.428650
110.908850
110.924400
110.929550
111.282850
111.426450
111.454200
111.460950
111.711150
112.490750
112.498500
112.504050
112.520000
112.523250
112.621800
112.921800
113.041400
113.299700
113.305000
113.333050
113.426600
113.629900
113.825350
113.961500
113.965550
114.198500
114.388700
114.403250
114.417600
114.763500
114.976500
115.194900
115.819700
115.910000
116.053700
116.180150
116.184350
116.191250
116.669050
116.878400
117.140250
117.745450
117.795250
117.987350
118.116250
118.121150
118.379800
118.443550
118.832200
119.085250
119.308350
119.321150
119.593250
120.105200
120.154750
120.158150
120.162450
120.174200
120.481000
120.856050
121.075100
121.142100
121.676950
121.681500
121.813900
121.826000
122.179600
122.199550
122.957550
123.003450
123.239350
123.287250
124.012400
124.139350
124.385450
124.527450
124.902100
124.905750
124.910800
124.917900
125.217550
125.220850
125.225100
125.234900
125.765900
126.135200
126.147350
126.184450
126.206700
126.415750
126.460550
126.529350
126.750200
126.754300
127.202700
127.705500
128.172600
128.251600
128.256950
128.286700
128.429700
128.501950
128.524850
128.528000
128.531900
128.536750
128.542550
128.585600
128.602650
129.402350
129.677700
129.777400
130.108750
130.111850
130.115850
130.135250
130.137300
130.140700
130.427750
130.674500
130.941750
131.437850
131.441050
131.445050
131.449950
131.466700
131.481100
131.503150
131.556250
131.590750
131.769500
132.020300
132.370000
132.471050
132.575200
132.836050
132.993800
133.722550
133.744250
134.217750
134.223500
134.307750
134.365700
135.030050
135.099850
135.245450
135.573350
136.293050
136.681450
136.794650
136.798500
136.806350
137.137000
137.684350
137.727350
137.732750
137.738350
137.744200
138.036200
138.039800
138.044600
138.117350
138.651000
138.673700
139.050200
139.053400
139.057700
139.063450
139.074750
139.258500
139.387550
139.584100
139.614950
139.687000
140.012300
140.015700
140.021750
140.030450
140.582700
141.019350
141.088600
141.100800
141.109150
141.680750
141.732150
142.236250
142.252800
142.259250
142.380500
142.647300
143.271500
143.293400
143.298500
143.304000
143.309150
143.314950
143.421300
143.652700
143.656400
143.662150
143.746850
144.447950
144.478550
144.482100
144.486650
144.499050
144.653900
144.734650
144.767650
145.010150
145.156200
145.257550
145.322700
145.525950
145.689250
145.693700
145.804500
146.015850
146.209150
146.212800
146.216900
146.223750
146.229400
146.238050
146.240100
146.246500
146.251800
146.265400
146.624800
146.769050
146.772700
146.982550
147.336350
147.359750
147.515150
147.994700
148.419550
148.441750
148.553600
148.558450
148.624350
148.628100
148.635300
148.858000
148.876500
149.054350
149.339350
149.485700
149.620650
149.675500
149.917050
149.922200
150.065150
150.452150
150.890850
150.894900
150.984200
151.131450
151.295700
151.491500
151.542200
151.549850
151.557500
151.703600
151.708150
152.200000
152.259600
152.627300
152.859450
153.137000
153.140650
153.144950
153.151350
153.162150
153.278900
153.528750
153.531650
153.565150
153.574900
153.719700
153.740050
153.903600
154.491450
154.706600
154.799300
155.183150
155.322700
155.610300
155.793300
155.954350
156.281200
156.299750
156.311100
156.323050
156.331050
156.396000
156.631700
156.636600
156.664450
156.693250
157.246250
157.297700
157.430250
157.485200
157.798700
158.065300
158.376150
158.527900
159.036100
159.281550
159.440000
159.508850
160.691850
161.106000
161.146600
161.232200
161.341600
162.156250
162.582700
162.586850
162.590050
162.610450
162.783300
163.429300
163.435900
163.450000
163.534300
163.788350
164.250500
164.264750
164.510700
164.832350
164.844800
164.935200
164.942350
164.951450
165.143950
165.272650
165.390100
165.656000
166.103250
166.187650
166.216800
166.426450
166.556850
166.560400
166.565750
166.797250
166.804100
167.021600
167.200900
167.223350
167.226900
167.232050
167.236300
167.769950
167.838450
168.401250
168.405600
168.412100
168.417700
168.435850
168.903300
169.041800
169.046100
169.196750
169.199500
169.335250
169.715800
169.987900
170.032400
170.170550
170.404000
170.411400
170.669500
171.176950
171.300500
171.497100
171.500700
171.802500
171.916100
172.035350
172.306750
172.431000
172.434950
172.439600
172.450700
172.646950
172.917300
172.921200
173.103700
173.418250
173.480250
173.812550
173.844150
173.975100
173.982100
173.990300
174.191150
174.582750
174.631500
174.634650
174.640450
174.645800
174.655200
174.745900
175.431850
175.799950
175.803350
175.807900
175.817700
175.832800
175.874750
175.932700
175.942350
175.948100
175.965100
176.279650
176.609250
176.873550
176.877900
176.884150
176.891500
176.920750
177.123850
177.242950
177.616950
177.627000
178.599600
178.654400
179.241300
179.364750
179.500450
179.504650
179.512400
179.536100
179.636700
179.888550
179.893100
179.954950
180.155400
180.166550
180.616450
181.472950
181.641850
181.705100
181.879750
181.943850
182.371950
182.392950
182.423050
182.736800
182.966500
182.970300
183.088200
183.349450
183.353650
183.563350
183.581700
183.624450
183.880350
183.883850
183.893200
184.229900
184.532450
184.567950
184.591950
184.861550
184.944650
185.102100
185.344400
185.353050
185.357000
185.365700
185.398150
185.443200
185.728100
185.805200
185.811450
185.921350
186.579250
187.022350
187.352450
187.356600
187.588200
187.732550
187.839000
188.168650
188.418800
188.423250
188.851650
188.883200
188.998300
189.692500
189.914750
190.069400
190.073100
190.078850
190.174950
190.268000
190.286400
190.434750
190.488900
190.553450
190.644950
190.911450
190.917200
191.031300
191.125950
191.472450
191.589950
191.692900
191.858050
192.428150
192.527150
192.530950
192.536200
192.553500
192.705250
193.093600
193.201500
193.571100
194.088000
194.228350
194.310850
194.448900
194.462600
194.760400
194.889900
194.900150
194.920550
195.032050
195.056500
195.454950
195.532350
195.722050
195.962700
195.977800
196.044950
196.150400
196.478500
196.672000
196.834500
196.840450
197.072150
197.673950
197.677400
197.778650
198.031200
198.743500
199.095150
199.403450
199.421250
199.445800
199.584900
199.667750
199.930350
200.099300
200.971950
201.352350
201.356450
201.360900
201.644850
201.977950
201.981750
202.345750
202.350400
202.608600
202.612650
203.048100
203.408050
203.491550
203.587250
203.727150
203.733400
203.744550
203.754050
203.816500
203.849150
204.045350
204.069600
204.404700
204.934050
204.961000
205.182300
205.185750
205.536550
205.539500
205.543200
205.569000
205.575850
206.320200
206.326950
206.329450
206.333100
206.343050
206.346050
206.418400
206.434100
206.705200
207.102200
207.266750
207.394050
207.719150
207.869500
208.122600
208.127900
208.136500
208.362200
208.417600
208.610450
208.766750
208.896650
208.901250
208.981500
208.985750
209.016300
209.215600
209.263400
209.492400
209.516250
209.592450
210.056150
210.120450
210.242350
210.563400
210.566900
210.571000
210.714200
211.287300
211.292750
211.309600
212.254350
212.442400
212.450500
212.903500
212.906900
212.911600
213.290450
213.949150
214.414400
214.520350
214.525800
214.537750
214.648050
214.877400
214.880950
214.886100
215.500850
215.504650
215.509850
215.516100
215.534100
216.016050
216.243500
217.124950
217.143150
217.146650
217.150900
217.656100
218.101900
218.107700
218.184600
218.196350
218.200850
218.210100
218.441250
218.679150
218.963400
218.989000
219.040550
219.044550
219.050000
219.216800
219.270500
219.466350
220.113400
220.120500
220.130150
220.189300
220.345150
220.615700
220.623150
220.946850
221.334350
221.339500
221.474050
221.677800
221.756350
221.760100
221.885750
221.889800
221.901700
221.911200
221.920100
221.928350
221.930800
222.273600
222.491050
223.059100
223.335550
223.468250
223.727600
224.000600
224.055200
224.071500
224.192950
225.314000
225.327650
225.331750
225.338950
225.558950
226.440650
226.500100
226.554400
226.571900
226.660400
226.947050
227.533100
227.541800
227.734700
228.055100
228.484350
228.607300
229.118750
229.126200
229.131250
229.165450
229.356300
229.359400
229.363300
229.401050
229.504400
229.767650
230.362250
230.369200
230.419250
230.478150
230.482150
230.485150
230.497750
230.502350
230.742200
230.745700
231.710000
231.714250
231.806150
231.851700
232.054500
232.063950
232.069400
232.074700
232.537800
232.561750
232.655300
232.667950
232.680700
233.279300
233.501100
233.807850
233.954650
234.061750
234.081350
234.415300
234.421050
234.657000
234.945750
234.949000
234.957950
234.962700
234.967850
235.073850
235.520400
235.802350
235.805800
235.811950
235.852150
236.369950
236.530600
236.894200
237.122000
237.471350
237.475600
237.480050
237.487850
237.715050
237.718600
237.931950
238.053650
238.167700
238.655750
238.666300
238.674950
238.923150
239.200950
239.204450
239.507450
239.516100
239.655250
239.920200
240.075350
240.078650
240.082900
240.089100
240.091600
240.283900
240.288400
240.348450
240.568100
240.572850
240.774900
240.925050
241.119250
241.139300
241.144400
241.522550
241.543850
241.605800
241.618300
241.625850
241.630950
241.825450
242.224750
242.229850
242.568500
242.659400
242.967550
242.971400
242.998100
243.071000
243.121350
243.144950
243.692750
243.709450
243.816600
243.820700
244.093400
244.230500
244.245000
244.422550
244.782700
244.843750
244.850950
244.855050
244.865050
244.869850
244.873800
244.912850
245.554900
245.560400
245.658150
246.035600
246.039450
246.052050
246.151900
246.334850
246.486150
246.632250
246.635300
246.732950
247.176250
247.184800
247.193700
247.198250
247.210650
247.327350
247.669250
248.169300
248.353950
248.357550
248.361550
248.747750
248.868050
248.895150
249.214750
249.218850
249.226750
249.263250
249.394000
249.576000
249.658950
249.784700
249.864550
250.237750
250.450200
250.742050
251.025900
251.037750
251.042100
251.056300
251.950950
251.958300
252.044500
252.929250
253.059500
253.130150
253.260550
253.453000
253.589300
253.706850
253.833500
253.908550
254.196700
254.213000
254.417300
254.422350
254.425950
254.666900
255.028250
255.096700
255.272100
255.275300
255.313450
255.465200
255.870700
256.371000
256.374550
256.379050
256.747000
256.797200
256.810850
257.596050
257.606250
257.782950
258.182450
258.356100
258.358700
258.372000
258.494200
258.544350
258.547800
258.658250
258.824050
259.164800
259.258800
259.397700
259.625600
259.770850
259.774900
259.854150
260.071150
260.093400
260.592950
261.043050
261.274350
261.279050
261.543250
261.692050
261.699300
261.704950
261.717800
261.850050
261.875600
262.646900
262.923600
262.981500
263.090000
263.163650
263.385500
263.436100
263.458000
263.523700
263.576200
263.632300
263.752750
263.802200
263.863800
263.882050
264.245500
264.340950
264.357150
264.414350
264.496700
265.167700
265.170800
265.179000
265.183700
265.189700
265.480150
265.491900
265.499200
265.506500
265.751850
266.041550
266.239150
266.243050
266.267900
266.708100
266.902450
266.930150
267.011100
267.016650
267.126300
267.128950
267.327850
267.399700
267.409450
267.604750
267.608200
267.617950
267.793850
267.841350
268.063650
268.074450
268.183700
268.336850
268.525100
268.968350
269.418500
269.423550
269.464600
270.412950
270.450600
270.680000
270.683200
270.784450
270.942200
270.954400
271.010550
271.058500
271.462900
271.494200
271.742900
271.755350
272.156800
272.360300
272.794000
272.835900
272.886550
273.176800
273.425600
273.472150
273.531300
273.613850
273.746500
274.252100
274.259700
274.314650
274.363450
274.483000
274.526450
274.621500
274.631500
274.907000
274.912350
274.940700
275.078600
275.184900
275.190800
275.334000
275.343100
275.442650
275.480800
275.486200
275.792100
275.900450
276.025600
276.036050
276.077650
276.227650
276.344350
276.431250
276.793300
276.929000
276.931750
276.947200
277.136100
277.205950
277.363700
277.441500
277.500900
277.590900
277.683050
277.960950
277.968700
277.974900
278.000950
278.052700
278.263500
278.383250
278.420350
278.447950
278.451900
278.460800
278.679500
278.727000
278.771900
278.884200
278.932100
278.946850
279.010350
279.283400
279.382650
279.387750
279.571650
279.622200
279.630450
279.635450
279.722200
279.764800
279.874750
279.882000
280.432800
280.437900
280.463700
280.626350
280.782050
280.799400
280.852100
280.893250
281.390200
281.393450
281.396300
281.747250
281.774550
281.973800
282.041700
282.214450
282.239950
282.343000
282.418700
282.434950
282.512400
282.878950
282.907000
282.922200
282.949700
283.178250
283.183100
283.250950
283.483800
283.604350
283.611400
283.711450
283.845850
283.860250
283.864400
283.870350
283.875850
283.886550
283.994500
284.027600
284.217200
284.426900
284.430650
284.589050
284.660650
284.713250
284.917950
284.940600
285.258100
285.410750
285.514300
285.525800
285.586450
286.009100
286.080150
286.162600
286.386450
286.389700
286.395200
286.402050
286.501750
286.587200
286.589950
286.595200
286.742900
286.824950
286.841050
287.312950
287.499550
287.785750
287.790150
287.841800
287.964150
287.973700
288.156500
288.203900
288.334550
288.362900
288.396150
288.762150
289.007850
289.064300
289.075600
289.174000
289.280500
289.440650
289.444650
289.463300
289.466650
289.471200
289.480750
289.560550
289.707800
289.920300
290.165600
290.240400
290.434700
290.634550
290.637050
290.822350
290.826900
290.843750
290.912500
290.922350
291.136750
291.402150
291.410400
291.420000
291.514700
291.747550
291.829350
291.853000
291.874950
291.959450
292.580950
292.742700
292.788850
292.793250
293.294200
293.438850
293.494950
293.498100
293.502750
293.565850
293.713250
293.728150
293.817700
294.025350
294.181800
294.318550
294.387600
294.390200
294.395750
294.400950
294.404650
294.558250
295.174650
295.211950
295.340500
295.400200
295.606200
295.619750
295.666800
295.796150
295.801400
295.978000
296.140000
296.273250
296.336300
296.352000
296.426000
296.432800
296.631100
296.673050
296.882600
297.104400
297.327100
297.405050
297.408450
297.451100
297.522100
297.826900
298.051950
298.281600
298.633150
298.898700
298.907850
298.936050
299.081150
299.281450
299.380350
299.383250
299.422600
299.434750
299.920700
299.924400
299.966000
300.111250
300.398050
300.534100
300.751500
301.093150
301.142050
301.276250
301.433600
301.450600
301.587900
301.664450
301.701400
301.891850
302.009550
302.027350
302.076850
302.540450
302.588200
302.591600
302.773600
302.888500
302.964050
302.976000
303.021900
303.096050
303.192850
303.360750
303.368350
303.579850
303.839900
303.860000
304.041250
304.113000
304.118350
304.264850
304.363650
304.715200
304.718700
304.775100
304.846150
305.060550
305.080200
305.154250
305.228450
305.242700
305.351800
305.355300
305.365950
305.375950
305.536400
305.542400
305.552750
305.892100
306.104100
306.224950
306.260850
306.386300
306.492300
306.496150
306.505200
306.799400
306.827100
307.110150
307.197250
307.204700
307.215800
307.221300
307.351500
307.439900
307.467250
307.483800
307.892000
307.908350
308.016600
308.297500
308.504700
308.521000
308.527450
308.558100
308.607550
308.614200
308.987600
309.122100
309.468700
309.745950
309.755450
309.761850
309.875000
310.300800
310.367700
310.549850
310.570600
310.578900
310.584900
310.780150
310.865400
310.885200
311.161400
311.223300
311.322700
311.434450
311.626450
311.717400
311.854800
311.917950
311.931000
312.050500
312.090500
312.403100
312.406750
312.423250
312.623600
312.966900
313.167000
313.310750
313.329100
313.335300
313.567600
313.709700
313.830900
314.101500
314.128000
314.132050
314.195000
314.441600
314.443850
314.473650
314.565150
314.570200
314.577500
314.618100
314.650750
314.695100
314.789750
315.157000
315.199200
315.516250
315.699400
315.862950
315.927500
315.966400
315.974650
316.077100
316.127800
316.189650
316.260650
316.450650
316.498850
316.662550
316.693350
316.720550
316.814600
317.025950
317.344100
317.348150
317.355000
317.423050
317.931250
318.092450
318.101250
318.299500
318.305850
318.373150
318.550750
318.576900
318.714700
318.821750
318.926800
318.955100
318.965700
319.113550
319.186100
319.209700
319.532100
319.708050
319.721750
319.885650
319.946950
319.951250
320.289100
320.580250
320.930800
320.935450
320.984750
321.023000
321.170850
321.184000
321.388400
321.565450
321.630100
321.653650
321.938150
321.941950
321.987300
322.248600
322.319250
322.362350
322.423550
322.837150
323.075900
323.080350
323.234800
323.258700
323.264250
323.268050
323.275850
323.347650
323.430650
323.676850
323.820050
324.090100
324.099700
324.229500
324.427850
324.780700
324.784200
324.826450
324.838450
324.849450
325.010550
325.131850
325.325650
325.330200
325.357950
325.553600
325.557350
325.562700
325.570000
325.596000
325.689150
326.058400
326.090200
326.425500
326.482350
326.513150
326.615400
326.630450
326.962650
327.159100
327.317050
327.353450
327.401600
327.438050
327.748350
327.970950
328.058550
328.135600
328.162650
328.179550
328.214500
328.225400
328.948150
329.209000
329.212900
329.220850
329.249000
329.362300
329.482600
329.487000
329.501550
329.758050
329.941700
330.051050
330.059550
330.088500
330.560250
330.588850
330.598050
330.741050
330.790400
331.010150
331.178950
331.188500
331.197150
331.333850
331.806100
331.864100
331.868850
331.889050
332.010400
332.105750
332.111850
332.236000
332.354600
332.394950
332.630100
332.647900
332.852850
332.855900
332.861850
333.037500
333.632550
333.813950
333.855000
334.221850
334.443300
334.737550
334.919800
335.188600
335.382250
335.391300
335.421150
335.736100
336.062600
336.080800
336.102150
336.161800
336.513550
336.745750
336.789900
337.164250
337.271800
337.320500
337.324250
337.328800
337.332250
337.344300
337.608450
337.620950
337.786500
337.828550
338.033100
338.224350
338.395950
339.093400
339.095700
339.107050
339.267250
339.305700
339.641450
339.923250
340.048250
340.051300
340.054800
340.059100
340.300900
340.563950
340.567800
340.689100
340.723350
340.974350
341.727600
342.072750
342.076800
342.098350
342.137900
342.196850
342.470400
342.637000
342.647700
342.800600
343.100300
343.153250
343.258900
343.709500
343.714600
343.860400
343.864700
344.296200
344.299700
344.328900
344.348000
344.385200
344.464100
344.477350
344.563050
344.615900
344.792750
345.097150
345.346400
345.402700
345.414250
345.829800
345.834900
345.840450
345.887050
345.976650
346.176850
346.331900
346.505800
346.618400
346.749100
346.766400
346.772600
346.844750
346.919050
347.179000
347.193450
347.287250
347.313150
347.528200
347.718850
347.832300
347.836200
347.850300
348.040500
348.166100
348.171850
348.186000
348.420850
348.469400
348.673350
348.754100
349.296950
349.323600
349.673800
349.899400
349.911350
349.940450
350.163200
350.184350
350.187150
350.304750
350.781250
351.143750
351.244300
351.393300
351.397750
351.474800
351.479250
351.563200
351.570550
351.729550
352.013150
352.610500
352.614300
352.639700
352.650450
352.656100
352.663250
352.767650
353.040800
353.058550
353.355950
353.360350
353.383650
353.387050
353.634400
353.874400
353.987350
354.217950
354.222650
354.523550
354.849850
354.860550
354.866050
354.924600
355.007400
355.188350
355.193600
355.487400
355.561150
355.617150
355.628400
355.716250
355.740550
355.820400
355.874950
356.217700
356.288600
356.391650
356.564000
356.568900
356.581150
356.670750
356.862750
356.867700
356.994000
357.193500
357.395400
357.467800
357.596750
357.600300
357.618500
357.865300
357.873100
358.165000
358.874400
358.882050
358.895650
358.949900
359.062100
359.249200
359.591550
360.437650
360.628650
360.751400
360.997300
361.004250
361.093150
361.146100
361.456600
361.594550
361.754100
361.770600
361.774900
361.787300
362.044750
362.190500
362.267400
362.461750
362.465250
362.571300
362.583450
363.042500
363.094400
363.123800
363.129800
363.150050
363.206450
363.355550
363.491750
363.514300
363.777900
363.859900
364.253600
364.258000
364.267000
364.557500
364.590350
364.761650
364.951250
364.957600
365.336500
365.510750
365.719500
365.760250
365.764450
365.918650
365.950300
365.984650
366.089900
366.288550
366.498900
366.502650
367.074800
367.086800
367.092050
367.392150
367.508550
367.662950
367.680550
367.897750
368.058750
368.251050
368.822000
369.146100
369.166250
369.885600
369.890600
369.896150
369.928400
370.076450
370.536550
370.660700
371.319000
371.337800
371.702300
371.836200
371.842450
372.285600
372.289800
372.564400
372.781250
372.866650
373.110250
373.115100
373.121100
373.242800
373.745500
373.785850
373.913100
373.923150
374.064400
374.141600
374.290950
374.332050
374.504000
374.552600
375.256300
375.264600
375.600100
375.604600
375.791800
375.821550
376.025000
376.202450
376.210800
376.386450
376.663450
376.677200
376.840050
376.855700
376.861800
376.965350
377.510400
377.749250
377.811250
378.203700
378.520500
378.567750
378.573200
378.614150
378.620400
378.779450
378.827400
378.973350
379.094100
379.102500
379.934200
380.166600
380.259950
380.581400
380.703450
381.225700
381.234500
381.459450
381.782750
382.029900
382.184450
382.188150
382.194400
382.314600
382.539150
383.024300
383.532100
383.637350
384.669200
384.672750
384.678200
384.729850
384.775450
385.082900
385.177450
385.201200
385.208950
385.438100
385.764500
386.089800
386.092900
386.107950
386.117450
386.150000
386.160550
386.266150
386.379400
386.509500
386.513900
386.616800
386.858350
387.393150
388.007650
388.195950
388.199700
388.347150
388.449650
388.454650
388.681200
388.752450
388.757400
389.199750
389.208750
389.215700
389.635200
390.586750
390.665100
390.668550
390.852600
391.182450
391.200900
391.428150
391.987250
392.005800
392.016700
392.081200
392.228700
392.480350
392.613850
392.617250
393.062150
393.241800
393.256950
393.269000
393.276000
393.631200
394.049100
394.217750
394.230200
394.448900
394.518450
394.764000
394.904850
395.314600
395.317750
395.321350
395.461650
395.485800
395.597750
395.610600
396.270450
396.373250
396.377550
396.384400
396.403900
396.495850
396.587200
396.890150
396.952500
397.064350
397.069900
397.556050
397.567950
397.997400
398.285550
398.291800
398.503050
398.521900
398.533050
398.568050
398.705150
398.889050
398.892900
398.898400
398.951500
399.075350
399.343400
399.394800
399.839150
399.846750
399.938050
399.952350
399.980050
400.288450
400.426500
400.543950
400.909800
401.036150
401.248650
401.384000
401.393400
401.402550
401.586850
401.693800
401.697650
401.707900
401.714450
402.100100
402.110050
402.153200
402.708500
402.712400
402.781900
403.160800
403.802500
403.969250
403.991700
404.286950
404.295300
404.301550
404.310200
404.316000
404.610550
404.742200
405.130450
405.655000
405.907150
405.970550
406.242650
406.256750
406.260300
406.267800
406.286600
406.580450
407.253750
407.371200
407.431150
407.438300
407.441550
407.456050
408.034550
408.251600
408.255950
408.449700
408.486800
408.581450
408.904800
409.104400
409.766750
409.813550
410.303600
410.605050
410.789100
410.919950
411.292150
412.530200
412.532700
412.613150
412.963750
412.972400
413.401300
413.657300
413.876550
413.917700
414.374000
414.377350
414.382400
414.388100
414.394950
414.500250
414.545000
414.883800
415.047150
415.476600
416.400150
416.403650
416.481250
416.566700
416.774550
416.812250
417.014350
417.382600
417.541750
417.821050
417.825050
417.954800
417.997200
418.123650
418.135050
418.240000
418.538600
418.545850
418.549500
418.578550
418.931700
419.021800
419.626350
419.787500
419.790300
419.795050
419.837900
419.989200
419.994700
420.649300
420.763250
420.772300
420.995450
421.254500
421.331900
421.465800
421.649100
422.018250
422.483250
422.487950
422.625650
422.629100
423.010950
423.507000
423.644050
423.647250
423.953250
424.420700
424.453850
424.734500
424.812850
425.181450
425.189100
425.199200
425.343700
425.379450
425.427450
425.699150
425.903750
425.911850
425.939150
426.183350
426.407250
426.697200
426.775400
426.912700
426.976200
426.985200
427.246400
427.256450
427.261900
427.364450
427.654750
427.673750
427.886850
427.937150
427.978950
428.221300
428.224550
428.230850
428.245250
428.434800
428.705350
428.723800
428.821950
429.009350
429.014000
429.114650
429.202450
429.254450
429.696800
429.807750
429.998850
430.084700
430.417100
430.470300
430.475550
430.660050
430.748300
430.751700
430.755350
430.876500
431.178950
431.220950
431.341750
431.357600
431.792800
431.803800
431.821100
431.845150
431.861450
431.981750
432.030300
432.287850
432.291800
432.408250
432.464800
432.629500
432.986550
433.024950
433.280950
433.458700
433.660200
433.667000
433.760100
433.870700
433.972850
434.035250
434.237250
434.241500
434.349100
435.053050
435.261450
435.328850
435.332500
435.365350
435.744050
435.785700
435.790350
435.821900
435.829700
436.690700
436.695300
436.983850
437.310100
437.314000
437.331750
437.337100
438.000800
438.004300
438.009250
438.014850
438.213050
438.258750
438.274550
438.364500
438.658750
438.669100
438.687100
438.948900
439.714250
439.785500
439.835850
439.840400
439.856650
440.026800
440.187950
440.250000
440.254900
440.451200
441.103950
441.132600
441.241900
441.245450
441.258050
441.337400
441.622750
441.854050
441.978550
442.240600
442.567650
442.658350
442.683650
442.694500
442.700200
442.838250
443.264050
443.748900
443.906650
444.357150
444.361800
444.447450
444.619350
444.719250
444.731950
444.736950
444.763800
445.193900
446.238350
446.254650
446.503050
446.527200
446.585300
446.589300
446.595450
446.850650
446.963750
446.967800
446.985500
447.002950
447.423150
447.680350
447.880000
447.884300
447.892000
448.007900
448.294000
448.302600
448.335050
448.582550
448.586000
448.594750
448.663000
448.768950
449.022300
449.336700
449.351150
449.568250
450.028450
450.179700
450.187700
450.194250
450.200150
450.222350
450.226100
450.456950
450.975500
451.119950
451.124150
451.339400
451.472450
451.566000
451.641050
451.645100
451.669700
451.674350
451.902250
451.913750
452.106350
452.137050
452.149000
452.321700
452.370650
452.451250
452.699050
452.715150
453.277850
453.302750
453.992350
454.002100
454.027200
454.031300
454.361900
454.640950
454.674150
454.676900
454.679450
454.686500
454.923700
454.927450
454.932650
454.967700
454.973900
455.111050
455.246250
455.469850
455.474150
455.792800
455.802800
456.443000
456.684900
456.717600
456.722000
456.925550
457.273450
457.281100
457.377750
457.501400
457.504100
457.843650
457.849950
458.042650
458.051450
458.114250
458.227150
458.349900
458.354300
458.569250
458.622450
458.627600
458.709800
458.957350
458.960550
459.086250
459.408600
459.413700
459.475850
459.731150
459.783050
460.264850
460.374400
460.389550
460.527750
460.592300
460.649150
460.737300
460.784750
461.116450
461.325450
461.557900
461.561750
461.900900
461.925050
462.420600
462.471950
462.834550
462.992000
463.087900
463.132700
463.348000
463.530700
463.536900
463.631500
463.892050
464.179900
464.424750
464.827050
464.921100
464.926750
465.009950
465.314750
465.382450
465.436650
465.687400
465.694550
465.785700
465.795000
466.150450
466.161650
466.177700
466.467650
466.568900
466.693650
466.832550
466.835800
466.842350
467.018250
467.524000
467.555150
467.600750
467.621050
467.634700
467.667150
467.780350
468.266750
468.308200
468.421750
468.478050
468.658000
469.051750
469.154750
469.254550
469.423450
469.584900
469.637900
469.641750
469.675200
469.709950
469.839550
470.380350
470.496200
470.705100
470.851200
471.130050
471.138050
471.317750
471.569800
471.573700
471.601450
471.980900
471.992750
471.997350
472.239200
472.333700
472.381200
472.396400
472.410550
472.520550
472.808700
473.066850
473.096500
473.257900
473.531400
473.588450
473.615300
473.836000
473.987050
474.453100
474.491800
474.665250
474.813850
475.251100
475.335650
475.397150
475.675450
475.685400
475.726600
476.136200
476.244450
476.754150
476.777200
476.921900
477.127550
477.268550
477.620150
477.734200
477.949800
477.969900
478.335500
478.455900
478.459800
478.612600
478.625450
478.751550
479.020500
479.289150
479.292600
479.477600
479.481250
479.484650
479.494100
480.051400
480.059500
480.065550
480.723900
480.831250
481.189500
481.503000
481.842400
481.851000
481.932400
482.609250
482.613800
482.626400
482.739100
482.874150
484.066150
484.108050
484.584200
484.591550
484.604600
484.693000
484.702900
485.558300
485.644450
485.923650
486.069150
486.393650
486.398500
486.533300
486.560950
486.897350
487.178100
487.197500
487.311300
487.323600
487.610250
487.615250
487.921350
488.069900
488.794800
488.824250
489.590950
489.603100
489.736500
489.756000
489.957250
490.003500
490.166200
490.582800
490.884350
491.077400
491.080550
491.086700
491.104000
491.562700
491.566150
491.609250
491.776300
492.254850
492.276200
492.313050
492.316450
492.321300
492.334550
492.457400
492.515950
492.604250
492.712800
492.932250
493.009350
493.076050
493.080250
493.502900
493.716750
493.720350
493.748900
493.939700
494.325450
494.386450
494.494100
494.590900
494.642400
494.758950
495.224250
495.286000
495.290550
495.297300
495.637600
495.944850
496.098850
496.178300
496.301250
496.305650
496.591750
496.594250
496.859400
496.920300
497.457450
497.511700
497.515550
497.552250
497.679850
497.819200
498.116800
498.309150
498.484950
498.696500
498.722300
498.760450
498.766350
498.786950
498.928650
498.935000
499.322150
499.379100
499.381350
499.399050
499.407150
499.420700
499.425050
499.478700
499.480900
499.806650
499.813000
499.848300
499.954100
500.186300
500.434500
500.530500
501.025150
501.387200
501.449300
501.471450
501.841100
502.060550
502.313400
502.317600
502.323400
502.328400
502.584200
502.587450
502.593300
502.938700
502.954050
502.995200
503.175450
503.197100
503.295700
503.300300
503.327050
503.333300
503.347200
503.349250
503.356800
503.363900
503.483450
503.505600
503.761500
503.824350
504.055100
504.150100
504.186600
504.191750
504.221900
504.575750
504.588900
504.656800
504.790100
504.910450
505.439350
505.462450
505.687100
505.719000
506.108750
506.297700
507.235000
507.695100
507.704550
507.827600
507.919550
507.924800
508.202800
508.286700
508.462350
508.520250
508.740050
508.903600
508.915400
508.951050
508.960700
509.110850
509.562850
509.941150
509.983050
509.994750
510.623000
510.658250
510.767150
511.199000
511.254400
511.331900
511.335100
511.450500
511.686600
511.699550
511.786950
512.002700
512.185350
512.694600
512.789200
512.793550
512.799800
512.841150
512.965400
512.968050
512.973050
513.182250
513.247700
513.496950
513.920450
514.208000
514.212550
514.233900
514.488550
515.049550
515.098850
515.107450
515.116300
515.275200
515.400150
515.485750
515.490100
515.699250
515.765100
515.965450
515.977000
515.984550
515.994700
516.047950
516.156000
516.634500
516.826350
516.831400
516.910850
517.060750
517.064300
517.069250
517.078650
517.089850
517.229200
517.353750
517.525750
517.742850
518.074800
518.129950
518.133300
518.146250
518.920700
519.094500
519.368550
519.663450
519.666000
519.811250
519.861900
520.078550
520.097450
520.288000
520.408900
520.430000
520.458300
520.813250
520.885400
520.994950
521.069200
521.120550
521.667250
521.687550
521.702950
522.189850
522.462800
522.475400
522.481850
522.759100
523.761800
523.777500
523.882600
523.932750
524.085700
524.169800
524.546500
524.796900
524.804250
525.100300
525.539100
525.543400
525.549400
525.970600
526.213750
526.313350
526.321450
526.324150
526.330750
526.838250
527.070650
527.085550
527.215200
527.222300
527.324250
527.327000
527.381800
527.385900
527.406300
528.153300
528.195600
528.265850
528.418350
528.550450
528.702900
528.706000
528.917400
529.197350
529.203400
529.569950
529.624650
529.629550
530.007350
530.156250
530.187450
530.448100
530.494250
530.863950
530.866550
531.158550
531.165550
531.190300
531.192400
531.210900
531.371800
531.587850
531.805700
531.927600
531.937700
532.032150
532.045150
532.199800
532.401800
532.433200
532.458050
532.906750
533.020500
533.606550
533.704000
533.754650
533.899350
533.918200
534.122500
534.267150
534.436600
534.604900
534.755950
534.802000
534.947500
535.337400
535.562900
535.587050
535.590250
535.607050
535.773500
535.962200
535.977600
536.535850
536.723600
536.727250
536.782700
537.412800
537.608200
537.688000
537.737550
537.740850
537.756850
537.962950
538.188100
538.314550
538.320900
538.372100
539.012450
539.190100
539.753850
539.796100
539.972500
540.056450
540.309000
540.404650
540.636650
540.783350
540.890200
540.895950
541.260050
541.524350
541.529500
541.569900
541.800850
542.017300
542.024900
542.108750
542.511100
542.620650
542.645000
542.750850
543.173300
543.595450
543.680500
543.702600
543.814550
543.818400
543.883100
543.976850
544.016850
544.022650
544.043800
544.067800
544.086250
544.288350
544.394950
544.509350
544.608150
544.814700
544.863850
544.920000
545.381400
545.396550
545.400550
545.412900
545.735100
545.816750
545.855300
546.250300
546.304250
546.308200
546.325350
546.557150
546.684350
546.710900
546.716450
546.828750
546.929400
547.090550
547.150250
547.636650
547.752250
548.210850
548.215400
548.505350
548.508600
548.513850
548.548450
548.851550
548.893000
549.041200
549.388700
549.551350
549.557100
550.353150
550.722350
550.727050
550.729650
551.397150
551.651800
551.888600
551.980950
552.198800
552.202950
552.208350
552.309700
552.668650
553.023700
553.340050
553.449500
553.529550
553.545350
554.762100
554.768500
554.777700
554.784750
554.833250
555.011250
555.229600
555.463700
555.571550
555.576050
555.771800
555.809150
556.125850
556.157250
556.350550
556.482250
556.806750
556.812250
556.816250
557.143450
557.438400
557.563300
557.702050
557.746800
557.839450
557.923100
557.986050
557.990600
558.111200
558.429500
558.768800
558.829150
558.942950
558.989950
559.318600
560.236850
560.600450
560.642400
560.866350
561.047400
561.051100
561.055200
561.061850
561.705500
561.909700
562.196300
562.200300
562.294100
562.373950
562.428850
562.560600
562.568650
562.596800
562.715650
562.970850
563.216550
563.220100
563.228000
563.242300
563.732000
563.735400
563.924250
564.056500
564.250800
564.612550
564.654100
564.795900
564.976700
565.182300
565.247050
565.455450
565.459700
565.588850
565.732000
565.934050
566.453850
566.458000
566.464100
566.561000
566.613350
566.717850
567.318100
567.516650
567.528800
567.605000
567.721600
567.776200
568.262550
568.266800
568.272650
568.282300
568.528100
568.820350
568.826900
569.245200
569.249900
569.323300
569.418750
570.276800
570.514750
570.518650
570.522900
570.527800
570.812350
570.816900
571.039700
571.227550
571.244850
571.921100
572.361900
572.437800
572.514650
572.539600
572.717900
572.895150
573.569450
573.722550
573.726500
573.744100
573.762250
573.768350
573.793750
574.122950
574.179700
574.307500
574.677550
574.727600
575.013150
575.026700
575.038450
575.132900
575.157000
575.462900
575.580200
575.725700
575.732750
575.845750
576.510800
576.526500
576.696550
576.985250
576.988750
576.997300
577.005350
577.329150
578.408950
578.412500
578.435400
578.447050
579.222950
579.228200
579.620650
579.779550
579.800150
579.897250
580.263200
580.375400
580.525000
580.535700
580.545850
580.554550
580.813000
580.932900
581.340000
581.531900
581.638550
581.643100
581.851750
582.145400
582.303850
582.830750
583.862850
583.873050
583.987100
601.912450
609.456600
612.516400
612.521150
612.539600
612.642700
612.893500
613.095350
613.324000
613.410800
613.474400
613.590850
613.801650
613.805350
613.813600
613.830900
613.837000
614.023100
614.029500
614.175750
614.395250
614.540400
614.897300
615.059450
615.164350
615.255550
615.415650
615.469450
615.475750
615.479350
615.725600
615.763700
615.771350
615.792000
616.031650
616.577550
616.741050
616.763300
616.772600
616.783100
616.876650
616.922450
616.938250
617.190950
617.229800
617.623450
617.940250
618.059550
618.092850
618.417750
618.978100
618.981400
619.194950
619.438500
619.793700
619.808300
620.199500
620.204050
620.375000
620.497250
620.590050
620.889650
620.899600
622.390950
622.404450
622.414650
622.716650
622.720700
622.726350
622.732300
623.463750
623.566350
624.013700
624.130150
624.134200
624.146400
624.486650
624.490900
624.502150
624.593650
624.983350
624.992950
625.547000
625.551200
625.913550
625.918250
626.208800
626.251050
627.049100
627.052750
627.375100
627.537750
627.540600
627.545650
627.877900
627.964250
628.075600
628.185150
628.239250
628.410550
628.485150
628.554750
628.813200
629.009000
629.372050
629.463150
629.472450
629.484200
629.638600
629.761650
629.780600
629.809050
629.876550
629.898500
630.242550
630.509350
630.844050
630.848300
630.861200
630.878250
631.232200
631.518600
631.522800
631.888300
631.908000
632.151750
632.155750
632.161000
632.218900
632.607150
632.610750
634.003550
634.007050
634.011850
634.025150
634.030600
634.197200
634.269750
634.681250
634.689550
634.697250
635.308600
635.316050
635.494550
635.564150
635.772950
636.820850
637.059800
637.064200
637.404000
637.584350
637.602400
637.750650
637.758850
638.048500
638.197250
638.211400
638.251300
638.301950
638.449300
638.515100
638.624900
638.635600
639.014450
639.017800
639.122400
639.130750
639.261400
639.407700
639.412050
639.424900
639.476400
639.543750
639.550850
639.616500
639.763700
639.774000
639.822500
639.842800
640.068450
640.091300
640.196050
640.326600
640.535550
640.626950
640.831900
640.871350
640.936450
640.954850
640.962300
640.975400
641.007350
641.068500
641.300300
641.576400
641.595300
641.631200
641.666950
641.672000
641.755700
641.759050
641.762600
641.782200
641.969250
642.042900
642.046550
642.063100
642.290800
642.295950
642.396850
642.587050
642.592100
642.795550
643.015500
643.043350
643.048000
643.258850
643.265700
643.427850
643.431700
643.495300
643.637400
643.895250
643.897900
644.299600
644.373100
644.397500
644.508300
644.568000
644.769100
644.950150
645.186600
646.028350
646.044100
646.088400
646.250750
646.264550
646.821300
647.183900
647.311200
647.564750
647.569200
648.058650
648.405650
649.024550
649.213300
649.690550
650.427050
650.431900
650.780100
650.911100
651.202600
651.366700
651.424000
651.652000
651.656100
651.671600
651.837450
652.077700
652.157850
652.297750
652.474950
652.638200
652.689600
652.718350
652.750000
652.781300
652.784150
652.787300
653.069100
653.092750
653.485200
653.713650
653.890200
653.924800
653.990300
654.037800
654.042700
654.118250
654.185900
654.210200
654.222850
654.286750
654.291950
654.413300
654.444400
654.524500
654.636400
654.653300
654.664800
654.837550
655.184700
655.203350
655.231300
655.235750
655.244600
655.378450
655.424100
655.571250
655.734200
655.850800
655.865050
655.969200
656.208850
656.212650
656.255750
656.259800
656.276500
656.328400
656.470500
656.489850
656.611850
656.937200
657.314100
657.590500
657.608550
657.774250
657.863200
657.914750
658.593250
658.679150
658.718350
659.042400
659.245650
659.528050
659.533500
659.545400
659.826000
660.563900
660.573450
660.582550
660.598550
660.618750
661.565050
662.206450
662.210000
662.218450
662.377750
662.650500
662.820700
662.829700
663.211900
663.409950
663.624150
663.991000
664.560900
664.564950
664.899000
664.921050
665.142850
665.383700
665.786600
665.834400
666.261250
666.513300
666.528150
666.536350
666.860900
666.864850
666.868600
666.903450
666.920900
667.023250
667.054150
667.059650
667.208400
667.212500
667.475400
667.534950
667.592700
667.597950
667.651950
667.720100
667.824400
667.962650
667.966850
667.982250
668.041400
668.053600
668.058950
668.161950
668.219500
668.361150
668.379350
668.406750
668.580550
668.656050
668.763150
668.850350
668.864500
668.882800
668.900950
668.998350
669.083200
669.189650
669.357850
669.362800
669.380350
669.455050
669.490550
669.585700
669.602950
669.642650
669.955300
669.973050
670.057950
670.066500
670.079300
670.202500
670.300050
670.649100
670.676450
670.900450
671.019650
671.039550
671.046850
671.144100
671.214150
671.568200
671.633600
671.818150
671.839050
671.978750
672.153550
672.245050
672.373550
672.506300
672.509300
672.693550
672.754200
672.770800
672.780500
672.934050
673.272550
673.276900
673.282300
673.397450
673.447300
673.846150
673.853300
673.918950
674.116150
674.140900
675.332600
675.336800
675.460850
675.571950
675.620150
676.157750
676.164950
676.175650
676.244100
677.247100
677.556200
677.577950
677.743350
677.747450
678.589800
678.606950
678.726500
678.842250
679.321900
679.329500
679.338100
679.864650
679.970050
680.414150
680.456050
680.499800
680.615100
680.666100
680.733050
681.148300
681.260250
681.281100
681.298050
681.353350
681.393850
681.437500
681.680500
681.828150
682.123450
682.200150
682.207150
682.449600
682.482000
682.520400
682.613350
682.677200
682.945450
682.973350
683.156000
683.188400
683.348100
683.358950
683.454850
683.483600
683.687500
683.773750
683.993650
684.003650
684.160450
684.267100
685.055200
685.141150
685.320650
685.332500
685.340500
685.345750
685.352250
685.356800
685.715850
685.722700
685.920200
686.032050
686.185350
686.394950
686.413450
686.635950
686.667450
686.899200
687.032500
687.180250
687.188600
687.516150
687.554900
688.311300
688.315200
688.727750
688.745200
688.801950
688.820550
689.845300
689.850700
689.980600
689.994950
690.337400
690.436650
690.809600
691.311150
691.317100
691.720800
691.873850
692.311150
692.506800
692.768600
692.993150
693.011850
693.218900
693.412350
693.416600
693.668950
694.595150
694.599800
694.948650
696.342250
696.685650
696.690650
696.933450
696.939200
696.945550
696.952650
697.033300
697.039950
697.070600
697.073800
697.081300
697.348900
697.353550
697.656100
697.946200
698.207350
698.429150
698.455350
698.481250
698.595300
698.670950
698.694000
698.696900
698.910700
699.022500
699.279850
699.372300
699.489950
699.600600
699.612250
699.632600
699.679400
699.726200
699.794600
700.113400
700.157000
700.350800
700.407900
700.525200
700.567250
700.681150
700.879450
700.908200
700.989900
701.015950
701.019500
701.258000
701.269000
701.299300
701.349000
701.386400
701.408400
701.436650
701.450550
701.522450
701.593850
701.631550
701.666750
701.685000
701.845600
701.936200
702.100550
702.241750
702.268400
702.367850
702.520850
702.524650
702.528750
702.856650
702.938100
703.075050
703.097200
703.152950
703.170100
703.212500
703.242300
703.366050
703.576000
703.768050
703.849700
703.976950
703.980500
704.020500
704.234150
704.270450
704.370950
704.602550
704.623900
704.704850
705.183500
705.186950
705.196100
705.214100
705.232600
705.950900
706.008400
706.349100
706.356200
706.469400
706.473950
706.960600
707.990350
707.994900
708.429300
708.437500
708.479300
709.250600
709.399050
709.405800
709.812350
709.817800
710.307200
710.312500
710.325600
711.829900
711.839000
711.845400
711.856650
712.030850
712.080400
712.315850
712.320300
712.332250
712.347750
712.480300
712.704350
712.739850
712.923150
713.034400
713.124250
713.161050
713.224950
713.268650
713.317800
713.407200
713.542950
713.671450
713.715250
713.762150
713.788200
713.874650
713.990700
714.098200
714.273300
714.276800
714.281200
714.302800
714.449950
714.503350
715.172050
715.309300
715.744600
715.793950
715.797900
715.802850
715.965400
716.030600
716.430200
716.444050
716.449350
716.490100
716.927550
716.997100
717.534750
717.632800
717.934700
718.063300
718.151400
718.396100
718.587350
718.617200
718.709300
718.909450
718.991800
719.089050
719.396750
719.576450
719.665200
719.752700
719.956500
720.177900
720.226100
720.453500
720.615950
720.669600
720.727000
720.753800
720.989350
721.272150
721.367000
721.412950
721.429500
721.631400
721.747200
722.627050
722.884250
722.888800
722.904750
723.011350
723.101500
723.106900
723.113300
723.595300
723.599500
723.678950
723.688250
723.728000
723.734800
723.757500
723.979200
723.984800
724.569950
724.594400
724.895150
725.111950
725.131950
725.256450
725.534850
726.094550
726.101550
727.302250
727.730250
728.682300
728.817000
729.005300
729.013200
729.803900
729.807900
729.815250
730.629700
730.742250
730.762600
731.225750
731.288750
731.694750
732.010800
732.014250
732.019000
732.661950
732.774550
733.048500
733.527500
733.538300
733.643350
733.648400
733.961200
733.965000
734.643650
734.650300
734.740650
735.252700
735.595900
736.841850
737.981600
738.344950
738.348600
738.361900
738.606400
738.624250
738.836650
738.948750
739.213600
740.118500
740.124400
740.301500
740.312950
740.390200
740.487300
740.795800
740.801100
741.118150
741.417200
741.755200
741.818600
742.361450
742.366700
742.761400
743.237900
743.307650
743.312650
743.318100
743.859150
743.872550
744.111700
744.413750
744.425550
744.708000
745.392150
745.540850
745.545000
745.572950
745.840050
745.885200
746.057100
746.514800
746.915050
747.269450
747.299400
747.625200
748.039800
748.050100
748.054300
748.800300
749.164450
749.171400
749.178650
749.185100
749.217600
749.984600
750.141550
750.160250
750.235250
750.274300
750.294100
750.339000
750.406100
750.567100
750.613600
750.717700
750.761800
750.799350
750.817550
750.834700
750.848700
751.048800
751.160400
751.206450
751.225350
751.243900
751.340650
751.415550
751.480650
751.524100
751.613900
751.654450
751.694700
751.713950
751.722000
751.755200
751.895500
751.952400
752.011450
752.111450
752.143800
752.194350
752.295150
752.297750
752.301800
752.306550
752.530950
752.660700
752.700000
752.718100
752.726500
752.818350
752.822500
752.834900
752.849500
752.941000
753.031100
753.058150
753.065500
753.243700
753.281350
753.310000
753.333950
753.348500
753.386850
753.405150
753.455250
753.536450
753.677450
753.685400
753.737800
753.757100
753.785500
753.858500
753.906100
753.921750
753.924250
754.058650
754.171800
754.282600
754.549350
754.559900
754.566150
754.652800
754.970700
754.977700
754.986000
754.999150
755.113300
755.241400
755.266800
755.354400
755.506750
755.600550
755.622800
755.701750
755.705650
755.711000
755.939350
756.231250
756.256650
756.572500
756.599100
756.648600
756.711350
756.739350
756.843600
756.945050
757.056750
757.262100
757.414650
757.433650
757.438550
757.503250
757.671800
757.697800
757.797550
757.838600
757.992550
758.004400
758.008350
758.369700
758.374900
758.568850
758.574300
758.581800
758.585000
758.632650
758.640450
758.860250
758.891900
758.931350
758.969450
758.981100
758.985750
758.991750
759.161550
759.437700
759.522850
759.536300
759.861800
759.940350
759.962150
760.488200
760.608050
761.004200
761.139750
761.143450
761.231850
761.421550
761.425000
761.429450
761.438700
761.470800
761.536750
761.735850
761.934800
761.938600
761.949550
761.954000
762.303550
762.316650
762.544300
762.557250
762.571400
762.831200
762.846850
762.850100
762.976100
763.015050
763.033600
763.280100
763.282400
763.285500
763.297100
763.309250
763.406250
763.451950
763.477850
763.935750
763.948350
763.958450
764.292600
764.356900
764.365000
764.506300
764.603250
764.614500
764.620050
764.698400
765.134750
765.182450
765.278100
765.455350
765.566850
765.594500
765.676850
765.765150
765.862600
765.866700
765.872950
765.880200
765.904800
766.925450
767.035950
767.191500
767.339750
767.343550
767.439450
767.444700
767.726000
767.733050
767.746250
768.646950
769.147750
769.361900
769.493900
769.584050
769.598850
770.732950
770.919200
771.409350
771.459700
771.888700
771.996300
772.016350
772.152650
772.397900
772.514000
772.663500
772.678000
773.698150
773.708650
773.771900
773.976000
774.977200
775.098300
775.103200
775.223800
776.077200
776.099700
776.449450
776.688800
777.126150
777.131350
777.839150
778.043100
778.528050
778.758000
778.761800
778.780650
779.311550
779.318200
779.407900
779.780450
779.784200
779.789800
780.488800
780.491900
780.513250
780.520500
780.530100
780.898100
780.904000
781.186550
781.202550
781.458400
781.462250
781.470350
781.484650
781.783500
782.086150
783.257000
783.607750
783.611500
783.620650
784.072250
784.231500
784.235400
784.862950
784.867950
785.323200
785.335550
785.804150
786.528200
786.935700
786.940500
787.545300
787.650200
787.689450
788.329600
788.979200
789.166650
789.171150
789.193000
789.582000
789.586150
789.754200
789.759050
789.785950
790.458250
790.630650
790.649700
790.673000
790.728750
790.733050
790.747500
790.750400
791.361000
791.562800
791.566550
791.819200
791.836250
791.882500
794.040800
794.212850
794.667550
794.770600
794.775000
794.779750
794.808450
795.439750
795.445750
795.570250
795.751050
795.874750
796.178550
796.216600
796.874750
796.878850
796.898300
796.901850
796.909950
797.005900
797.271650
797.297950
797.302000
797.358050
798.117950
798.196200
798.546350
798.709050
798.999750
799.003800
799.043750
799.050150
799.799100
800.404600
800.618350
801.666650
801.921550
801.925250
801.931650
801.982800
801.996950
802.006550
802.106450
802.329800
802.607500
802.823600
804.472300
805.084900
805.426050
805.452850
807.053000
807.124000
807.127300
807.139600
807.569550
808.335950
808.341100
808.633150
808.642250
808.649750
808.656800
808.665900
808.834100
808.869250
808.924400
808.950900
809.452900
809.570900
809.817800
810.107150
810.111200
810.121200
810.129900
810.141900
810.289100
810.449050
810.459150
810.469050
810.695000
811.455650
811.461600
811.505950
811.666600
811.672500
811.818200
811.900650
812.341800
813.522950
814.324650
814.327750
814.494500
814.498900
814.792900
814.810650
814.819700
815.120900
815.551650
815.600500
815.686650
815.692300
815.738250
815.781150
815.917350
815.941550
815.985850
815.992900
816.000900
816.081450
816.127950
816.176050
816.192700
816.567400
816.579350
816.605750
816.716350
816.750500
816.764800
816.769500
816.779650
816.782900
816.832800
816.837800
817.127750
817.195300
817.202900
817.210250
817.285350
817.290000
817.337250
817.342850
817.424150
817.474250
817.522900
817.569050
817.624350
817.651350
817.691400
817.736900
817.987150
818.035800
818.052050
818.057000
818.076100
818.154300
818.203550
818.242000
818.404250
818.574850
818.627950
818.737950
818.777100
818.825150
818.830200
818.921250
819.117050
819.156400
819.175250
819.246200
819.481050
819.554950
819.625800
819.745900
819.759700
819.848450
819.996750
820.016850
820.155600
820.283000
820.403300
820.509900
820.598800
820.637150
820.673550
820.776200
820.792850
820.802550
820.874450
820.901100
821.193950
821.358500
821.489100
821.619250
821.691450
821.701200
821.954600
822.043750
822.195800
822.236850
822.384050
822.394200
822.499100
822.591300
822.647500
822.757150
822.809550
822.823350
822.854500
822.900200
822.934650
823.133000
823.446450
823.656100
823.659300
823.697850
823.717300
823.934150
823.975550
824.103400
824.128250
824.277150
824.349550
824.385100
824.397250
824.461150
824.526650
824.593450
824.657800
824.822750
824.903800
824.932050
824.983000
825.016650
825.132050
825.306350
825.453100
825.676200
825.680200
825.757050
826.013150
826.193050
826.403050
826.475000
826.480650
826.491850
826.555200
826.566850
826.833250
826.973800
827.438200
827.470600
827.507250
827.513250
827.592700
827.620400
827.669650
827.797300
827.914350
828.288500
828.317950
828.707350
828.803850
828.849600
828.919150
829.010650
829.016300
829.070600
829.163700
829.220050
829.224850
829.331850
829.339500
829.433100
829.513250
829.539950
829.584400
829.586550
829.645450
829.821750
829.825300
829.914450
830.133600
830.155750
830.467150
830.634450
830.758250
830.912900
830.925000
830.944500
830.982750
830.999050
831.589800
831.690850
831.695700
831.709600
831.800300
832.008950
832.012050
832.061750
832.797350
832.853650
832.861000
832.868200
832.956150
832.964700
833.218500
833.533050
834.181000
834.353700
834.388250
834.392150
834.397900
834.427700
834.438700
834.545750
834.668800
834.740250
834.886600
834.963750
835.206000
835.218500
835.232250
835.241000
835.290050
835.335100
835.338200
835.471100
835.576700
836.168600
836.827800
836.877150
837.274450
837.278250
837.284650
837.296550
837.315800
837.350950
837.537650
837.644050
837.783800
837.851400
837.898700
838.048250
838.191100
838.208950
838.330050
838.524600
838.528400
838.533150
839.256250
839.509350
839.626850
839.631600
839.639250
839.792300
839.819900
839.931850
839.978050
840.244800
840.464750
840.505900
840.579700
840.584150
840.625800
840.631900
840.887050
841.112800
841.396900
841.611650
841.644300
841.799950
842.112250
842.268150
842.607900
843.063050
843.160650
843.349500
843.375900
843.418950
843.423700
843.613600
843.693000
843.821150
843.833650
844.321300
844.326400
844.478300
844.509050
844.570400
844.644550
844.810450
844.815650
844.832700
845.072250
845.286550
845.290650
845.295750
845.325850
845.424900
845.498900
845.808000
845.819850
846.183350
846.187350
846.240400
846.399050
846.448200
846.495700
846.498200
846.673900
846.692200
846.777300
846.848150
847.290050
847.363700
847.442050
847.477400
847.487400
847.736000
848.243750
848.570000
848.582850
848.593650
848.796000
849.070850
849.089200
849.340500
849.636700
849.933550
849.976600
850.267300
850.443400
850.486000
851.003600
851.385100
851.415500
851.501700
851.546750
851.564500
851.582550
851.688750
851.956950
852.007750
852.224250
852.244350
852.377900
852.862550
852.900700
853.168250
853.239600
853.852200
854.194250
854.493900
854.713500
854.809300
854.874050
855.368550
855.993850
856.375800
856.415750
856.420500
856.426500
856.433900
856.746250
856.749650
856.755700
856.760550
857.007950
857.012400
857.316250
857.320150
857.938750
858.096800
858.249200
858.562100
858.901950
859.682250
859.793800
859.929250
860.063350
860.067350
860.527600
860.782250
860.786050
860.797300
860.800000
860.808500
860.883500
861.093900
861.286100
861.406750
861.597900
861.706450
862.166750
862.170200
862.242600
862.309550
862.378250
863.082400
863.206850
863.210950
863.218400
863.453650
863.494000
863.589650
863.889700
863.918550
864.200050
864.263000
864.279300
864.660000
864.813150
864.949250
864.994150
865.071700
865.263950
865.335300
865.439250
865.443750
865.510550
865.622650
865.634700
865.831850
865.993450
866.018900
866.052000
866.148100
866.296650
866.608950
867.150500
867.177700
867.278950
867.432400
867.480250
867.717500
867.837850
868.008000
868.012100
868.030150
868.143950
868.430300
868.458800
868.677950
868.709650
869.235050
869.242750
869.248950
869.254800
869.283800
869.467750
869.534300
869.750400
869.832250
870.372450
870.408700
870.835800
871.150900
871.176300
871.180600
871.190750
871.195800
871.220050
871.777450
871.986000
872.519600
872.653550
872.657150
872.699300
872.706800
872.736050
872.832900
873.445350
873.665900
873.734650
873.781600
874.075500
874.290300
874.390650
874.504350
874.671700
874.678000
875.068800
875.072450
875.089900
875.099350
875.132200
875.229600
875.555000
875.709400
876.100200
876.111650
876.118100
876.136800
876.142350
876.148100
876.166250
876.295000
876.415850
876.543450
876.581250
877.468500
877.579950
877.731650
877.873650
878.150850
878.260050
878.373300
878.460900
878.464200
878.628150
878.654700
878.743550
878.778800
879.356000
879.390450
879.537900
880.097350
880.310500
880.700400
880.907850
881.176250
881.185450
881.194100
881.334100
881.898150
881.914200
881.938900
881.955700
882.032500
882.040850
882.065600
882.442650
882.510650
882.766400
882.815150
883.239450
883.564450
883.578200
883.591100
883.612200
883.756450
883.807150
883.875750
884.002450
884.181000
884.817150
884.979150
885.181100
885.213050
885.730100
885.790750
886.053250
886.352750
886.573850
886.782600
886.823950
886.883800
886.891600
886.914300
887.225400
887.417500
887.422700
887.489300
888.129700
888.431500
888.514850
888.518800
888.531250
888.980400
889.058150
889.249200
889.412600
889.416200
889.421050
889.631750
889.813850
889.872900
889.877950
889.890200
889.911200
889.943350
889.964900
890.281650
890.474300
890.478500
890.489900
890.530850
890.638150
890.722550
890.790100
891.190700
891.429650
891.434400
891.448050
891.455550
891.461300
891.815000
892.217350
892.623800
892.632500
892.637750
892.645750
892.956850
893.231450
893.234550
893.239150
893.434200
893.492950
893.498550
893.653300
893.960050
893.981450
894.171100
894.178900
894.673200
895.051100
895.110450
895.160550
895.180850
895.217500
895.751550
895.762250
896.008950
896.044550
896.177350
896.310000
896.457550
896.535850
896.746050
896.851200
896.919350
897.224700
897.402200
897.413500
897.444550
897.467800
897.893350
898.104900
898.286150
898.291350
898.650750
898.944650
899.106600
899.256300
899.274500
899.722300
899.726750
899.744150
899.903100
899.920200
900.347450
900.351150
900.356700
900.465700
900.667700
901.449950
902.084950
902.090050
902.098400
902.237350
902.284000
902.289600
902.302100
902.498150
902.718300
902.721800
902.726750
904.602150
904.606600
905.203350
905.286750
905.315450
905.421050
905.753150
905.862100
905.866300
905.871750
905.885700
905.907550
905.962900
906.121300
906.126400
906.548400
906.815250
906.916550
906.950300
907.165900
907.192950
907.324650
907.457800
907.461350
907.807800
908.004850
908.546000
908.640600
908.644200
908.658200
908.864550
908.980000
909.028650
909.032600
909.038950
909.042550
909.478800
909.913550
909.982850
910.030750
910.042600
910.809650
910.913400
910.917650
911.083450
911.089450
911.364000
911.367600
911.805400
911.809500
911.991500
912.003050
912.415700
912.525850
913.112800
913.121450
913.674550
914.454400
914.459000
914.468000
914.645100
914.955050
914.967050
915.195900
915.216300
915.404000
915.456600
915.633200
916.240150
916.736400
916.751250
916.967800
916.991050
917.008450
917.012250
917.236450
917.240400
917.248950
917.329800
917.482200
917.687900
917.692700
918.021150
918.233000
918.348650
918.352050
918.506900
918.607150
918.885600
918.915100
919.305600
919.723850
919.894900
919.899000
919.912250
920.038450
920.437200
920.898050
920.912100
920.933000
921.002650
921.018550
921.111050
921.157600
921.163950
921.525950
921.693500
922.143650
922.148500
922.158000
922.654000
922.657850
922.754550
922.809500
922.813600
923.810000
924.753850
924.759600
925.761400
926.152250
926.156500
926.351050
926.355200
926.360800
926.372100
926.542200
926.721750
927.411100
928.148600
928.152200
928.164800
928.219500
928.306250
928.437850
928.719800
928.768550
928.852350
928.937950
928.941900
928.950600
928.958900
928.965350
928.971350
928.990550
929.072450
929.190700
929.285850
929.432800
929.438450
929.462650
929.771000
930.204250
930.256700
930.260600
930.274500
930.282500
930.285550
930.303200
930.314200
930.656300
930.660700
930.699900
930.932000
931.169100
931.189450
931.351250
931.356250
931.366100
931.780850
931.828300
931.907400
931.960350
931.978100
932.655800
932.717850
932.723800
932.937000
932.944550
933.074200
933.281350
933.346600
933.353450
933.741550
934.025850
934.166500
934.169700
934.702250
935.247950
936.168950
936.173400
936.195100
936.438900
936.603250
936.649450
936.661150
937.045600
937.391200
937.988550
938.011250
938.025200
938.303850
938.713650
938.982600
938.986850
939.051500
939.163700
939.195800
939.336450
939.355450
939.478700
939.483250
939.490200
939.655150
939.718400
939.755300
939.769800
939.799850
939.884400
940.116350
940.182600
940.184750
940.212950
940.347200
940.410350
940.642300
940.805850
940.810850
941.005050
941.320400
941.323950
941.328650
941.521450
941.962350
942.140400
942.188850
942.194200
942.217700
942.223650
942.229400
942.234700
942.521250
942.725150
942.735600
942.744450
942.775250
942.804250
943.265600
943.572000
943.593600
943.723900
944.079200
944.125100
944.346700
944.431450
945.523950
945.799250
945.803100
946.210600
946.318950
946.327300
946.672500
946.677900
947.009250
947.013400
947.715900
947.889850
947.893700
947.974950
947.981600
948.003100
948.022650
948.250350
948.487000
949.018050
949.349450
949.431900
949.436300
949.991450
950.400000
950.409200
950.948200
951.173850
951.229000
951.233450
951.632100
951.673200
951.806000
951.970600
952.042900
952.205000
952.246300
952.352250
952.492650
952.707700
952.756600
953.001900
953.028350
953.099950
953.322450
953.510600
953.530500
953.691600
953.920950
953.973150
954.115850
954.127300
954.161100
954.356400
954.642200
954.726500
955.033600
955.404350
955.749950
955.939450
956.073050
956.341600
956.598100
956.601550
956.720750
956.812550
957.334800
957.350000
957.668900
957.715650
957.721200
957.729050
957.733150
958.095950
958.099400
959.100200
959.103750
959.107600
960.415550
960.420700
960.738150
960.742300
960.748850
960.877800
961.015750
961.020600
961.939900
962.200100
962.208000
962.220300
963.042450
963.177550
963.248300
963.251750
963.256900
963.262050
963.271950
963.960100
964.035150
964.054500
964.281550
964.295750
964.349250
964.359350
964.543600
964.547700
964.560250
964.761000
964.765000
964.771600
964.777650
964.974350
965.003150
965.036350
965.045800
965.050100
965.122000
965.157200
965.197500
965.306850
965.701350
965.774650
965.836850
965.859300
965.893500
966.344250
966.387050
966.390400
966.394900
966.403700
966.532000
966.699750
966.765100
966.780050
966.934400
966.956450
967.218850
967.270400
967.420200
967.597950
967.717500
967.826600
967.834600
967.891900
968.010250
968.019750
968.035400
968.043250
968.055750
968.075050
968.259550
968.616350
968.648750
968.766500
968.927950
968.993250
968.996650
969.001450
969.006400
969.023000
969.190700
969.323350
969.357000
969.661750
970.313100
970.745650
970.758900
970.766250
971.847800
971.851700
972.108400
972.112350
972.128800
972.143600
972.838150
972.843650
973.025900
973.528250
973.533000
974.108600
974.734600
975.174200
975.490750
975.524850
975.716350
976.186650
976.576950
976.917300
976.960350
976.964700
976.970350
977.127400
977.156000
977.169400
977.492700
977.521400
977.554050
977.557700
977.568750
977.625050
977.679700
977.915750
978.014000
978.063300
978.109300
978.308650
978.478050
978.506050
978.515700
978.538600
978.827850
978.855100
978.904000
978.908150
978.930300
979.001250
979.210850
979.353400
979.357850
979.362250
979.463600
979.636600
979.936800
979.939800
979.976450
980.058900
980.169650
980.343800
980.716750
980.818200
980.832900
980.949400
980.963900
980.972350
981.106800
981.153700
981.158250
981.171600
981.314850
981.359000
981.482300
981.675750
981.723150
983.443800
983.447400
983.906700
983.911400
983.942150
984.167550
984.759550
984.845150
985.897600
985.900900
985.905250
985.910000
986.647300
987.069850
987.073750
987.547950
987.552250
987.565600
988.094300
988.560700
988.566600
988.571650
988.590400
989.061650
989.362000
989.385550
989.390750
989.508100
989.601100
989.716500
989.862950
989.943250
989.953200
989.972900
990.163000
990.362600
990.495900
990.553600
990.577100
990.589800
990.780550
990.862350
990.906400
990.935900
990.963500
991.222450
991.271700
991.318500
991.325550
991.578100
991.607300
991.643800
991.681950
991.711300
991.715450
991.824650
991.903600
991.935100
991.981200
992.103100
992.320850
992.408800
992.414050
992.482100
992.599750
992.708000
992.798150
992.864300
993.024150
993.040800
993.043950
993.047550
993.050850
993.083500
993.269900
993.275600
993.292750
993.301100
993.494150
993.556550
993.890400
993.893650
993.898250
994.103650
994.179800
994.364350
994.624700
994.778250
994.894000
994.902700
994.978500
995.099700
995.184300
995.480500
995.484450
995.488700
995.503300
995.525600
995.648950
996.442900
996.642550
996.656500
997.348100
997.358350
997.829500
997.833300
997.839600
998.513950
998.518500
998.603500
999.265850
999.837150
1000.050100
1000.057300
1000.178750
1001.352000
1001.583200
1001.695250
1002.481500
1002.486050
1002.603200
1002.871300
1002.966200
1002.972200
1003.542600
1003.802700
1003.836700
1003.909650
1003.914000
1004.026150
1004.033900
1004.078950
1004.230350
1004.831550
1004.848100
1004.887500
1004.913050
1004.982850
1004.989750
1005.014800
1005.123300
1005.216400
1005.385750
1005.514350
1005.521650
1005.628150
1005.664300
1005.750950
1005.888000
1005.915000
1006.121900
1006.195050
1006.216500
1006.251100
1006.342100
1006.444300
1006.450400
1006.477750
1006.527500
1006.710100
1006.910350
1006.998850
1007.066850
1007.097950
1007.180000
1007.355900
1007.625750
1007.704750
1007.862550
1007.909650
1007.914400
1008.763550
1008.771500
1008.784450
1008.988850
1009.007600
1010.380150
1010.385550
1011.037700
1012.274050
1012.276900
1012.282350
1012.296350
1012.302600
1012.308500
1012.357100
1014.100550
1014.279750
1014.283800
1014.378650
1014.417650
1015.064150
1015.250950
1015.255500
1015.264300
1015.672750
1015.721950
1015.725800
1016.037850
1016.250050
1016.485250
1016.583750
1016.601450
1016.605800
1016.639100
1016.688500
1016.744300
1016.765550
1016.791600
1017.151250
1017.169550
1017.263500
1017.378450
1017.418050
1017.443200
1017.529250
1017.579900
1017.600250
1017.909600
1017.952150
1018.074800
1018.119700
1018.213000
1018.231300
1018.273550
1018.449150
1018.514000
1018.627650
1018.749250
1018.897450
1018.910900
1019.006600
1019.119450
1019.225000
1019.292900
1019.543950
1019.626550
1019.651400
1020.168950
1020.199300
1020.313350
1020.470750
1020.552000
1020.589350
1020.594650
1020.654250
1020.703850
1020.719250
1020.735700
1020.779650
1020.790550
1020.828650
1020.881550
1020.885150
1020.927700
1020.991500
1021.081850
1021.189650
1021.279250
1021.373250
1021.435800
1021.441750
1021.447750
1021.456400
1021.495750
1021.549800
1021.605600
1021.625350
1021.717750
1021.847100
1021.882000
1021.966300
1022.127550
1022.239750
1022.358800
1022.361250
1022.370050
1022.381050
1022.383850
1022.456900
1022.500100
1022.624800
1022.681350
1022.685950
1022.703500
1022.713350
1022.883350
1023.003750
1023.365200
1023.500100
1023.993700
1023.998400
1024.356350
1024.375350
1024.756100
1026.487400
1026.496200
1026.504900
1027.156600
1027.427450
1027.432050
1028.533850
1028.554250
1030.064850
1030.068400
1030.180350
1030.248150
1030.606150
1030.886450
1030.936150
1030.940600
1031.167750
1031.294950
1031.372900
1031.566550
1031.748950
1031.753050
1031.764800
