0.286900
1.314200
1.608500
1.903400
2.256750
2.356550
2.649600
2.760550
2.794900
2.945650
3.772600
3.830250
4.574700
4.935950
5.206700
5.283500
5.664950
5.781800
5.899200
6.012200
6.462950
6.503650
6.996300
7.862500
7.867950
8.111100
8.167400
8.455050
8.709200
8.764050
9.043850
9.261700
9.403050
9.437400
9.978500
10.202800
10.207300
10.220850
10.230050
10.239350
10.241900
10.252850
10.261650
10.269000
10.293950
10.299750
10.302200
10.308300
10.311450
10.315250
10.326350
10.355050
10.358550
10.377550
10.389250
10.409000
10.428150
10.450450
10.493700
10.601450
10.631650
10.695500
10.701850
10.756100
10.774700
10.784100
10.876850
10.894850
10.913450
10.916950
10.920450
10.932700
10.956050
10.967450
11.016950
11.136700
11.213800
11.276950
11.316900
11.336300
11.457750
11.531400
11.580550
11.609100
11.638900
11.693000
11.709850
11.720750
11.778750
11.803650
11.864050
11.939700
11.963550
12.029450
12.088400
12.107750
12.115600
12.177100
12.204900
12.389950
12.482050
12.585900
12.793750
12.929150
12.975150
13.019800
13.060150
13.143500
13.210750
13.251900
13.331200
13.516400
13.713350
13.740750
13.809200
13.888450
14.417800
14.422900
14.477950
14.632850
14.638950
14.666450
14.796200
14.927100
15.076650
15.203850
15.258050
15.699750
15.863050
16.468550
16.511350
16.826150
16.917450
17.040100
17.119850
17.297500
17.592450
17.720950
17.888950
17.905700
18.676850
19.137800
21.883350
23.488450
23.652300
23.770800
23.874300
23.886550
23.894300
24.082200
24.713950
26.498500
26.617950
26.637550
26.864200
27.235850
27.654900
28.431500
28.473500
28.507950
28.520950
28.530900
28.883800
28.919450
29.238300
29.416100
29.498250
29.547200
29.606050
29.817350
30.032250
30.351900
30.421500
30.497950
30.776300
31.006550
31.158000
31.499000
31.758000
32.903200
33.215000
33.399100
34.091250
34.096500
34.895450
35.004050
35.097600
35.620700
35.784600
35.812350
35.971600
36.029850
36.052150
36.059650
36.155900
36.217450
36.348900
37.035750
37.119350
37.271800
37.516100
37.901500
38.478750
38.612400
39.724500
39.814700
39.884250
40.136350
40.557950
40.729500
41.111300
41.134550
41.155650
41.310000
41.330200
41.678400
42.193400
42.711650
43.413950
43.972700
44.726400
44.733950
44.969950
45.081450
45.641700
45.932000
46.521900
46.526400
46.901550
47.205700
47.905650
48.573900
48.578650
48.605400
48.678300
49.551850
49.585250
49.894750
50.153000
50.885650
51.049450
51.327450
51.357250
52.071200
52.323250
52.355500
52.851000
53.160850
53.427850
53.594550
53.743700
53.856950
54.223550
54.309450
54.724300
54.969950
55.187250
55.339850
55.411050
55.524850
55.892950
55.934650
56.444250
56.477950
56.776100
58.852700
58.913700
59.183100
60.104600
60.423150
60.643900
61.028000
61.380750
61.762300
61.875250
61.879650
61.894350
62.410400
64.192600
64.427050
64.430400
64.434200
64.443550
64.448400
64.450600
64.453400
64.467200
64.553300
65.141300
65.641050
65.970850
66.364850
66.401050
67.225450
68.230000
68.492650
68.524800
69.058500
69.630050
69.783650
70.081700
70.129300
70.163800
71.082350
72.725550
74.364050
77.635400
82.182450
87.357350
87.475600
87.734300
87.960400
88.391250
88.433200
88.704000
89.184800
89.341650
89.355000
89.490350
89.511850
89.931300
90.086450
90.312200
90.345150
90.398300
90.512800
91.059600
91.265050
91.280600
91.358800
91.500400
91.832000
91.923850
92.009250
92.025500
92.106300
92.526300
92.935750
93.347750
93.422600
93.472850
93.691250
93.872400
94.330650
94.346100
94.352150
94.446550
94.613000
94.617950
94.714450
94.786750
94.833950
95.278750
95.514050
95.632200
95.765500
95.993000
96.225400
96.297300
96.414450
96.700250
96.952650
97.240600
97.580250
97.889350
98.285000
98.289600
98.496450
98.647950
98.838550
98.930750
99.017000
99.615450
100.071700
100.309950
100.447400
101.054900
101.747700
102.302150
102.393750
102.506800
102.689750
102.968150
103.157600
103.247600
103.321400
103.389550
103.589850
103.594450
104.167550
104.298000
104.318200
104.335600
104.461300
104.615250
104.662750
105.303500
105.453550
105.655200
105.838400
106.139500
106.348800
106.500550
106.747150
106.763900
106.843550
106.883950
106.905000
106.937200
106.994150
107.002750
107.013300
107.046750
107.491150
107.751150
107.882400
107.902100
107.906150
108.309400
108.454900
108.489150
108.621750
108.663550
109.195900
109.600400
109.633150
109.668450
109.743650
109.924350
110.113100
110.193250
110.235850
110.349450
110.971800
111.175650
111.487000
111.705600
111.867000
111.912200
111.925900
111.943250
112.498500
112.945700
113.426300
113.669800
113.774450
113.838500
113.878250
113.904500
114.046050
114.515450
114.724600
115.071600
115.100950
115.109050
115.350350
115.364800
115.476600
115.666550
116.259600
116.324200
116.415400
116.701950
116.803050
116.875150
116.975000
116.983100
117.247050
117.275100
117.354150
117.361750
117.547800
117.960300
118.127700
118.457450
118.546500
118.572900
118.800700
119.459250
119.793200
119.923300
120.254800
120.271550
120.424250
120.448250
120.653250
120.679400
120.931050
121.247400
121.440900
121.445450
121.627850
121.737600
121.766650
121.958050
122.032150
122.205500
122.386500
122.544850
122.751800
122.922100
122.946050
123.109700
123.224900
123.261650
123.671500
123.748650
123.835950
124.057250
124.067800
124.148350
124.583800
124.810400
124.813800
124.889950
124.968000
125.397600
125.778200
125.990700
126.081700
126.137100
126.232900
126.252450
126.394400
126.424250
126.528250
126.666600
127.015200
127.360200
127.518650
127.622650
127.794450
127.800500
127.811050
127.824000
127.827850
127.833850
127.837550
127.840250
127.842600
128.302050
128.795450
129.438200
129.729200
129.770650
129.778100
129.837500
129.849350
129.882000
130.454200
130.571550
130.575450
130.681850
130.692550
131.023600
131.216500
131.446600
131.450200
131.458150
131.677800
131.715450
131.923950
132.012900
132.154650
132.248600
132.269350
132.500250
132.551000
132.565550
132.920350
132.929450
132.954900
132.958400
132.962350
133.149850
133.390000
133.721800
133.948300
133.974350
134.514250
135.188100
135.215050
135.714700
135.937000
135.983700
136.088650
136.093700
136.126150
136.139700
136.196900
136.530600
136.682650
137.091950
137.123750
137.216000
137.844250
137.982550
137.988550
138.193900
138.198400
138.250400
138.568600
139.177950
139.199500
139.376250
139.962200
139.970100
140.289250
140.345500
140.471350
140.626900
140.804950
140.864050
141.009400
141.017800
141.019850
141.025900
141.029950
141.035500
141.396200
141.606700
141.815550
141.902550
142.031200
142.116050
142.167750
142.379000
142.775450
142.800950
143.092350
143.341250
143.527950
143.534700
143.548100
143.709250
143.907550
143.981850
144.124950
144.222050
144.245400
144.382050
144.462500
144.476000
144.606350
144.637300
144.642800
144.705650
144.918400
144.934350
144.949750
145.256100
145.526700
145.643200
145.804800
145.966800
146.028000
146.086100
146.090100
146.103850
146.110000
146.121900
146.157850
146.235700
146.620000
146.698100
147.046500
147.235850
147.341350
147.410900
147.453050
147.996200
148.052050
148.624750
148.649550
148.827950
149.007000
149.051800
149.087350
149.302800
149.352350
149.551950
149.594500
149.684500
149.824550
149.944900
150.078700
150.463300
150.932700
150.953150
150.997850
152.864850
153.427650
153.528900
153.624100
153.627200
154.056000
154.970050
155.010300
155.012850
155.023950
155.244700
155.779950
156.720400
156.838150
156.986800
157.122000
157.323950
157.533550
157.597400
157.614400
157.724250
157.805100
157.848350
158.151800
158.352150
158.479300
158.482900
158.626650
158.948300
158.952350
158.956000
158.992600
159.169800
159.358350
159.559700
159.564550
159.569000
159.657150
159.991750
160.040600
160.945450
161.032900
161.635050
161.639400
161.663500
162.399400
162.554100
162.581250
162.605850
162.946050
163.251000
163.799150
163.802600
164.523850
164.717100
164.733250
164.846700
165.082850
165.356050
165.602250
165.693000
165.698600
165.709100
165.714800
165.781200
166.065950
166.390200
166.428250
166.432550
166.953200
167.021450
167.200550
167.258500
167.610650
167.748050
167.916350
167.919100
167.964450
167.968750
168.232750
168.442000
168.886100
168.981050
169.242250
169.281400
169.407950
169.425600
169.429950
169.497400
170.017450
170.144850
170.650350
170.665500
171.117400
171.258200
171.551700
171.726550
171.817500
172.030400
172.090650
172.400050
172.698900
172.709550
172.951400
173.392100
173.699500
173.760650
173.812000
173.820650
173.842900
174.157000
174.611950
174.827050
175.077150
175.227000
175.237350
175.894300
176.063400
176.090900
176.201750
176.337000
176.483250
176.491800
176.508200
176.982900
177.488150
177.799750
178.210500
178.254300
178.734800
178.909400
179.211500
179.233350
179.611000
179.639400
180.291650
180.390550
180.752450
180.875950
180.983650
181.145600
181.717050
181.875800
181.891100
182.210150
182.469150
183.007250
183.353000
183.419800
183.461100
183.591600
183.848450
184.132150
184.214950
184.321200
184.452900
184.579150
184.793700
184.941500
185.093900
185.156650
185.160650
185.739050
185.802750
186.026000
186.241350
186.447800
186.577100
186.597600
187.132700
187.264800
187.272250
187.416100
187.423100
187.541600
187.551200
189.111700
189.142400
189.368650
189.565000
189.981100
190.009950
190.151800
190.226950
190.866900
191.105850
191.109450
191.120850
191.435200
191.649200
192.093000
192.256700
192.439950
192.626750
193.028700
193.072150
193.286800
193.315300
193.508300
193.549550
193.739150
193.790450
193.931850
194.047550
194.082600
194.199400
194.244400
194.464750
194.705650
194.765550
195.089800
195.276150
195.561900
195.772600
195.866050
196.195000
196.318300
196.593350
196.596450
196.677500
196.813500
196.853300
196.869350
196.957700
197.080550
197.141650
197.164950
197.196300
197.276400
197.292550
197.399650
197.600050
197.624900
197.790400
197.836650
197.997250
198.089950
198.219700
198.516800
198.587000
198.672050
198.971850
199.092300
199.189700
199.196100
199.858000
200.358800
200.534150
200.547950
200.551100
200.628650
200.740950
200.755500
200.920150
201.196350
201.513800
201.566500
201.616300
201.759450
202.016350
202.025750
202.340350
203.052750
203.124050
203.159450
203.164700
203.283850
203.652650
203.874900
204.146100
204.170800
204.181550
204.291250
204.673450
204.820550
204.888650
205.012150
205.337450
205.432000
205.589700
205.736100
205.739800
205.750400
205.787800
206.010550
206.621000
206.712500
206.881900
206.956950
207.278750
207.586100
207.932300
207.935650
207.982050
208.211250
208.311900
208.320750
208.390350
208.477850
208.767400
208.802250
208.981350
209.128700
209.404300
209.458900
209.469000
209.541950
209.706750
210.318000
211.144900
211.174300
211.242800
211.258400
211.318700
211.336600
211.355250
211.368150
211.487400
211.497500
212.310850
212.334850
212.512400
212.520000
212.682300
212.690050
212.793200
212.806250
212.908700
212.930900
213.527250
213.701850
213.830600
214.409450
214.985700
215.063300
215.094950
215.100100
215.573500
215.763850
215.808500
215.936600
216.031850
216.441650
216.846100
216.853750
216.876500
217.465750
217.614100
217.730200
217.821300
218.028050
218.158550
218.382950
218.743550
218.777400
218.937450
218.970200
219.390100
219.596550
219.616400
219.620650
219.624000
219.627400
219.630250
219.635800
219.859550
219.904500
219.927750
220.051250
220.288850
220.517300
220.520450
220.524700
220.854650
221.135150
221.139000
221.174200
221.390250
221.443100
221.494300
221.519300
221.528250
221.835600
222.021250
222.485900
222.767750
222.788200
222.804350
223.203050
223.209900
223.218400
223.513850
223.837000
223.972700
224.021450
224.312800
225.089400
225.203000
225.276050
225.484600
225.661350
225.855150
226.281400
226.311450
226.329300
226.337100
226.355650
226.426550
226.507800
226.661250
226.929800
227.108500
227.143250
227.277400
227.745300
227.803750
227.808300
227.812750
227.909650
228.014450
228.135200
228.429250
228.608950
229.003000
229.007500
229.027100
229.360100
229.747600
230.095550
230.119150
230.158900
230.183450
230.482650
230.492300
230.668700
231.424500
231.572900
231.577050
231.766300
231.819350
232.177350
232.231350
232.239400
232.316250
232.337600
232.364150
232.441550
232.500300
232.921950
232.953600
233.041800
233.064050
233.146350
233.536350
233.561400
233.563450
233.767700
233.788650
233.928950
233.946850
233.950600
234.169400
234.308350
234.629900
234.647250
234.719700
234.745450
234.758750
234.908100
235.037550
235.060100
235.155750
235.250950
235.581950
235.722200
235.884650
235.975650
236.315300
236.589750
236.677300
236.751600
236.763350
236.811850
236.876650
237.066850
237.102900
237.293400
237.508450
237.514100
237.518650
237.532650
237.541000
237.967850
237.982000
238.131200
238.428300
238.490550
238.493900
238.557850
238.613350
239.278350
239.778550
239.787200
239.790400
239.855350
239.958800
240.112900
240.115650
240.122800
240.242650
240.377450
240.657950
240.677200
240.683650
240.768950
241.017350
241.070300
241.298150
241.568700
241.601750
241.648250
242.029700
242.077550
242.094650
242.335150
242.433050
242.926400
243.116900
243.217000
243.359900
243.364200
243.372250
243.869850
243.924950
244.692700
244.734250
244.909650
244.960650
245.055800
245.089150
245.102150
245.570300
245.669250
246.109650
246.253300
246.386400
246.391950
246.408500
246.559350
246.733300
246.834300
247.314250
247.318250
247.366250
247.382000
247.517100
247.557350
247.669550
247.879500
247.991800
248.060550
248.070300
248.082000
248.090500
248.171250
248.395600
248.498500
248.796500
248.895850
248.928150
249.058200
249.794900
249.835100
249.839100
249.843800
249.911000
250.266150
250.434900
250.924250
251.194300
251.328250
251.406400
251.524650
252.006350
252.175650
252.238800
252.245300
252.933100
253.049850
253.170750
253.281850
253.464800
253.980000
254.586100
254.712000
254.983200
254.986750
255.002850
255.019750
255.026650
255.035350
255.080650
255.088650
255.133700
255.203350
255.211300
255.216550
255.289300
255.307200
255.527350
255.725650
256.453950
256.923700
256.959250
257.000400
257.235950
257.240750
257.248150
257.325350
257.357950
257.409950
257.488350
257.606550
258.249900
258.394650
258.514300
258.517600
258.663350
258.702900
258.931350
259.164200
259.411350
259.640750
259.707050
259.841850
259.967350
260.093550
260.148800
260.228900
260.239950
260.299300
260.360400
260.835450
260.843500
260.847900
261.159600
261.295750
261.303700
261.478550
261.496100
261.688000
261.693150
261.869750
262.162600
262.371550
262.379000
262.404050
262.731550
262.784800
262.870250
263.061600
263.339600
263.352050
263.432950
263.537800
263.748250
263.769550
263.774000
263.994550
263.998000
264.002450
264.017100
264.169700
264.229000
264.375550
264.439200
264.489250
264.546650
264.695000
264.706550
264.945600
265.028550
265.117200
265.321450
265.332000
265.486400
265.493600
265.509100
265.532650
265.535700
265.589050
265.954950
265.995450
265.999850
266.068150
266.177150
266.801450
266.811600
266.904000
267.258650
267.532450
267.544100
267.558100
268.158200
268.164450
268.179100
268.451350
268.514200
268.654400
268.893450
269.079400
269.325650
269.417350
269.424500
269.458250
269.467500
269.473150
270.120950
270.133400
270.196500
270.287050
270.450750
270.467350
270.563950
270.707900
270.716900
270.723600
270.988600
271.153750
271.273300
271.419750
271.464950
271.551100
271.907050
272.022700
272.041800
272.060250
272.062900
272.130850
272.369800
272.830000
272.901650
273.049450
273.147700
273.690950
274.074600
274.139550
274.311450
274.500650
274.797550
274.809750
274.814900
275.071350
275.564400
275.970250
275.974050
276.065150
276.372850
276.384250
276.431600
276.591750
276.827900
277.317050
277.397700
277.499150
277.610100
277.619550
277.800900
278.049000
278.457850
278.600100
278.658550
278.667250
278.740250
278.790000
278.794500
278.797450
279.277850
279.480300
279.642950
279.899100
280.050350
280.228650
280.243400
280.251950
280.878300
280.880900
281.175850
281.181050
281.189150
281.192850
281.260350
281.272250
281.276400
281.283300
281.403900
281.931000
281.945000
281.993400
282.331650
282.868650
282.976250
283.085350
283.738450
283.817600
283.819900
283.887000
283.900950
284.456100
284.621200
284.745650
284.748650
284.754400
284.767000
284.973850
284.978000
285.003650
285.008350
285.073900
285.092400
285.160750
285.177900
285.290100
285.734450
285.787150
285.790700
285.794700
285.884050
285.887550
286.130900
286.364050
286.672000
286.754550
287.483350
287.497150
287.748500
287.777150
287.836450
287.971000
288.619650
288.857450
289.267500
289.441250
289.450650
289.483900
289.659200
289.710550
289.716250
289.905800
290.027850
290.049450
290.165850
290.581950
290.599950
290.606950
290.780950
290.827750
290.843250
291.038350
291.134800
291.224950
291.607000
291.628950
291.738800
291.878150
292.034600
292.038450
292.053950
292.093300
292.103850
292.116950
292.245200
292.329450
292.338650
292.411950
292.466200
292.496900
292.501950
292.597250
292.626450
292.858950
292.885900
293.450000
293.818750
293.941800
294.008750
294.631700
294.690250
294.693450
294.703050
294.951900
295.386650
295.417550
295.453200
295.462700
295.472550
295.481500
295.685500
295.808650
295.910550
296.138550
296.165950
296.463100
296.474500
296.548100
296.845650
296.875450
297.203750
297.208250
297.227000
297.326650
297.498450
297.567900
297.675750
297.710450
297.910450
298.210750
298.224350
298.382100
298.385350
298.660450
298.745200
298.799900
299.165600
299.418250
299.603450
299.955300
300.170300
300.562250
300.644700
300.681250
300.721400
300.725250
300.738350
300.768400
300.775750
300.784400
301.159750
301.216700
301.221650
301.552250
301.694700
301.841700
301.857050
302.153500
302.183300
302.185550
302.364600
302.378650
302.549250
302.551350
302.649500
302.760850
302.826150
303.040500
303.212550
303.230950
303.249300
303.280600
303.321100
303.547150
303.565950
303.806400
303.975550
304.281000
304.291450
304.297200
304.308800
304.418050
304.664800
304.854800
305.126550
305.318000
305.353150
305.524600
305.554100
305.558950
305.569200
305.979450
306.124100
306.135700
306.142550
306.147550
306.166450
306.432950
306.454650
306.465500
306.470200
306.476850
306.616150
307.266400
307.422900
307.457600
307.460450
307.587150
307.657750
307.735550
307.745000
307.901650
308.013850
308.104800
308.139950
308.156250
308.220900
308.388950
308.401600
308.451250
308.481300
308.485900
308.498200
308.795950
308.844550
309.099150
309.123550
309.133550
309.172150
309.385800
309.732250
309.818050
309.825950
309.881050
309.994150
310.047700
310.433800
310.450400
310.706650
310.716400
310.723250
310.853700
311.026650
311.114500
311.280450
311.326250
311.408750
311.469150
311.591400
311.818050
311.832700
312.150150
312.240050
312.256950
312.265450
312.269700
312.278500
312.284800
312.661200
312.704600
312.707350
312.897750
313.068950
313.362700
313.366200
313.589400
313.594000
314.045950
314.418150
314.442350
314.626400
314.683450
314.784550
314.788500
314.818400
315.050800
315.192100
315.314800
315.336150
315.384800
315.388550
315.660950
315.691800
315.775050
316.287000
316.682300
316.907500
317.227300
318.001600
318.142950
318.153100
318.312150
318.556750
318.599950
318.637100
318.643150
318.818550
319.123150
319.216800
319.438150
319.475100
319.763500
320.178300
320.192500
320.236850
320.381150
320.456700
320.660700
321.017450
321.150600
321.189150
321.316550
321.435600
321.467400
321.504350
321.817800
322.006400
322.028900
322.096050
322.350550
322.477350
322.537250
322.924650
322.974800
323.257850
323.289400
323.584700
323.594450
323.878000
323.881350
323.886200
324.141350
324.315300
324.588600
324.631350
325.102700
325.260000
325.388350
325.539100
325.552800
325.668600
325.704750
325.858650
326.192050
326.199550
326.837100
326.844900
327.338950
327.763250
327.889200
327.929250
327.947800
328.058600
328.123150
328.183250
328.568300
328.846000
328.853600
329.326300
329.355050
329.434050
329.740300
330.136750
330.160250
330.299650
330.579550
330.582400
330.595350
330.823450
330.888150
330.950700
332.004150
332.013250
332.015350
332.023850
332.029750
332.189400
332.283700
332.420950
332.434350
332.484900
333.044050
333.226150
333.474850
333.536350
333.591600
333.607750
333.614600
334.261950
334.370150
335.452100
335.459950
335.466400
335.482500
335.517600
335.647900
335.729600
336.413500
336.545050
336.664550
336.668050
336.676250
336.682000
336.695050
336.767450
336.775450
336.960000
337.283150
337.506150
337.633850
337.721350
337.835800
338.090000
338.154200
338.187850
338.385850
338.996450
339.011800
339.116250
339.177350
339.184400
339.317850
339.413100
339.498050
339.640000
339.895000
339.901000
340.039250
340.767350
340.839200
340.858950
340.866550
340.874500
341.033800
341.333900
341.448850
341.506950
341.807450
341.864400
342.123900
342.510300
342.642200
342.648600
343.235050
343.241650
343.289350
343.297450
343.424750
343.445750
344.179600
344.312850
344.322050
344.769150
344.941500
344.955050
345.159100
345.193400
345.313400
345.683450
345.793000
346.615700
346.732950
346.741900
346.751500
346.761900
346.794550
346.919400
346.934650
347.288850
347.322200
347.343550
347.436900
347.564200
348.195700
348.291800
348.654650
348.955700
348.957800
349.045250
349.351100
349.457000
349.557300
349.865150
349.920700
349.950950
349.956150
350.111050
350.455550
350.459700
350.841500
350.884600
351.064900
351.077500
351.437750
351.453350
351.515750
351.791550
351.813300
351.980550
352.000050
352.030800
352.190700
352.314950
352.954750
353.049450
353.320150
353.676250
354.179300
354.250400
354.543350
354.622800
354.702800
355.160050
355.199250
355.519300
355.535900
355.541600
356.221100
356.422800
356.616550
356.640500
356.670700
356.675200
356.679750
356.906200
357.071650
357.184850
357.192550
357.196050
357.310300
357.424650
357.805450
358.097650
358.159300
358.425500
358.434000
359.229500
359.235550
359.760250
359.803350
360.026800
360.670150
361.274250
361.406200
361.519950
361.533300
361.782100
362.056400
362.063900
362.138000
362.170650
362.188450
362.201400
362.325000
362.329800
362.336550
362.342550
362.458200
362.585100
362.774550
362.905700
362.920600
363.199400
363.505850
363.549750
363.930500
364.225450
364.356300
364.592450
365.193400
365.198600
365.317150
365.505600
365.519450
365.792900
366.116400
366.271800
366.379500
366.393750
366.947350
367.084350
367.221150
367.502700
367.663950
367.806600
368.127100
368.159750
368.262400
368.472600
368.482350
368.715200
369.025900
369.152600
369.335850
369.709850
369.713150
370.266250
370.561550
371.038950
371.284700
371.589700
371.653900
371.796750
372.337050
372.466650
372.752550
373.113250
373.710450
374.414600
374.548550
374.607350
375.024800
375.252300
375.543250
375.651350
376.385650
376.389000
376.399050
377.836600
378.049950
378.910200
378.914850
378.922250
378.926200
378.931700
378.934400
378.936800
378.947700
378.950100
380.089150
380.711450
380.795450
380.978600
380.980850
381.101300
381.105500
381.642150
381.665450
381.667850
381.679300
382.422050
382.962100
383.476150
383.525400
383.930850
384.079300
384.246800
384.415900
384.526050
384.800250
384.901100
385.012100
385.539800
385.902450
386.101500
386.125750
386.129400
386.132450
386.169200
386.962650
387.347900
388.600800
388.680650
388.911150
388.949100
388.965450
388.967900
388.986950
389.152950
389.162200
389.190450
389.405000
389.427250
389.436050
389.898000
389.910850
389.956800
390.140700
390.763150
390.912650
391.299900
391.310500
391.575100
391.637000
392.238000
392.365050
392.455450
392.469700
392.481750
392.614100
392.793950
393.616750
393.929650
393.968750
394.057300
394.592750
394.874400
396.341900
396.442600
396.865400
396.963300
396.967050
396.971800
397.050000
397.057600
397.314650
397.443800
397.585550
397.906550
398.081150
398.216650
398.220550
398.701000
398.955150
398.959050
398.966300
399.133600
399.937600
400.323750
400.457150
400.487700
400.516650
400.546250
400.557100
400.653150
400.773200
400.803150
400.810900
401.472050
401.610550
401.987200
402.006550
402.268900
402.712050
403.074300
403.107650
404.038050
404.245500
404.573350
404.800150
404.843600
405.398200
405.655500
405.684050
405.965100
406.089800
406.578450
406.800250
407.558300
407.624650
407.802950
407.882350
408.917050
409.092250
409.099850
409.105600
409.138550
409.898550
409.918800
410.146150
410.150700
410.188950
410.314450
410.379600
410.831650
410.955600
411.365800
411.371350
411.394650
411.490300
411.695150
411.817500
412.123400
412.612500
412.746250
412.770100
412.862900
413.120800
413.187800
413.502800
413.737850
413.751500
414.007450
414.105900
414.109600
415.017800
415.076950
415.610200
415.614700
415.618450
415.726650
416.254100
416.787250
417.391050
417.395150
417.727550
418.023700
418.176850
418.181350
418.196450
419.261750
419.266500
419.317050
419.533550
419.632400
419.635550
420.180900
420.264600
420.614850
420.715800
420.764950
421.254550
421.745200
422.386400
422.430200
422.615150
422.667000
422.846900
422.852300
422.860050
424.211650
424.664750
425.002950
425.098000
425.787800
425.805000
425.874050
425.888000
426.764650
426.895450
426.963450
426.968150
426.987950
427.096250
427.149100
427.665100
427.668700
427.860250
427.930500
427.983150
428.183900
428.196000
428.205900
429.390750
429.399650
429.401700
429.561750
429.662100
429.666050
429.694850
429.741100
430.070850
430.171900
430.305150
430.332450
430.671000
432.477050
432.482750
432.859850
432.871750
433.266350
433.299050
433.301900
433.914450
434.377500
434.699900
435.815000
435.924700
436.254100
436.270350
436.524650
436.627700
436.839450
436.936750
437.122100
437.126050
437.157700
437.200450
437.474050
437.627700
437.654000
438.401650
438.405000
438.410500
438.555550
438.922450
439.076550
439.237450
439.405900
439.414850
439.437750
439.535750
439.564800
439.697550
439.741250
440.503500
440.936600
440.983000
441.520950
441.843200
441.917050
441.978650
442.287650
442.515500
442.767500
442.771100
443.002900
443.205550
443.440000
443.552700
443.556350
443.560950
443.587600
443.616650
444.106550
444.230250
444.259550
444.555750
444.766950
444.774550
444.846350
444.849600
444.911550
445.197650
445.216900
445.228000
445.237750
445.673850
445.691650
445.695500
445.750400
446.180900
446.450800
446.508250
446.511450
446.536300
446.545750
446.558350
446.826500
446.875700
446.892650
447.707050
447.887000
448.197450
448.366200
448.952200
449.012850
449.018650
449.264600
449.869800
449.906150
450.034050
450.038300
450.043750
450.147700
450.512700
450.867700
451.094300
451.369600
451.496600
452.141200
452.408950
452.594950
452.628900
453.173250
453.493700
454.391000
454.596250
454.616500
454.622600
454.671950
454.864300
454.888300
454.965250
455.331400
455.518750
456.021000
456.067900
456.417150
457.107600
457.303750
457.399050
457.479950
457.642050
458.035050
458.215750
458.339300
458.807500
459.551650
459.559200
459.568350
459.583150
459.587350
459.848750
460.195250
460.583800
460.899300
461.010050
461.908100
462.111600
462.240350
462.719750
462.733250
462.738350
462.747050
462.752500
462.757450
462.762500
462.801950
463.095800
463.383050
463.416050
463.670750
463.698500
463.860400
463.865200
463.963350
464.286550
464.323800
464.338350
464.707200
464.747100
464.831050
465.015900
465.081100
465.116450
465.672950
465.731000
465.734050
465.963250
466.567300
466.725800
466.742400
466.868550
466.880550
467.039250
467.049050
467.236850
467.300900
467.579850
467.759700
467.813600
467.996700
468.303950
468.976800
468.981400
468.995650
469.269250
469.290200
470.028300
470.182050
470.568500
471.042800
471.921200
472.520350
473.431450
473.435900
473.519050
473.638600
473.650750
473.817250
474.736750
474.761800
475.370200
475.462500
475.489950
475.502100
475.695250
475.738500
475.838700
475.994400
476.093000
476.108300
476.114850
476.244050
476.261450
476.328650
476.760600
478.092250
478.108550
478.334550
478.776450
478.870900
478.974850
479.325900
479.972650
480.053300
480.057650
480.076700
480.090300
480.264100
480.889050
481.136800
481.962250
482.219850
482.222500
482.224700
482.229600
482.248500
482.701750
483.126850
483.244500
484.230350
484.244600
484.605850
484.719500
484.864100
484.871300
484.883900
485.051650
485.078000
485.119250
485.578550
485.644950
486.015850
486.311150
486.654850
486.665000
486.822000
486.827850
486.963400
486.969900
486.976100
486.984600
487.045450
487.868550
487.875950
487.989950
488.571050
488.769550
489.389450
489.410350
489.587600
489.647750
490.047350
490.335850
490.784500
491.738900
492.130700
492.229850
492.242900
492.324400
492.548800
492.703200
492.721000
492.869150
493.302650
493.496900
493.760900
494.037250
494.263400
494.654450
495.210400
495.307300
495.344300
495.843100
495.939700
496.084400
496.107850
496.327200
496.655150
496.666300
496.671650
497.147950
497.186450
497.458500
497.472550
498.098400
498.726000
498.963750
498.997850
499.225550
499.229050
500.031950
500.143100
500.161150
500.781400
500.830100
500.947100
500.955400
501.187150
501.220150
501.229500
501.436350
501.582000
501.592900
501.608600
501.874650
502.048200
502.439950
502.563000
502.861750
502.976500
502.980700
503.670800
503.923600
504.045400
504.074000
504.091200
504.094850
504.107800
504.415850
504.433600
504.519600
504.628100
504.687500
504.783600
505.030650
505.231700
505.515550
505.545200
505.864900
506.305450
506.485750
506.523150
506.688300
506.693350
506.875700
507.050600
507.523900
507.555450
507.690100
507.715750
507.797150
507.988200
508.058650
508.645950
509.008400
509.220150
509.258150
509.265550
509.688850
509.734650
510.062200
510.099400
510.101750
510.109700
510.234300
511.005800
511.065300
511.250450
511.346850
512.207300
512.278750
512.285750
512.381150
512.659150
512.765600
512.914700
512.987050
513.721000
514.186350
514.645850
514.973100
515.214400
515.224250
515.378650
515.790450
515.938250
516.550300
516.830450
516.833600
516.848400
516.881200
516.904200
517.270850
517.920000
518.083050
518.099450
518.184300
518.390250
518.612550
518.621850
518.634950
519.368050
519.647150
519.881850
520.064450
521.137800
521.314950
521.340750
522.076400
522.176450
522.449100
522.588350
522.648000
522.880750
522.908650
522.948750
523.224600
523.245200
523.708350
523.712650
524.701950
525.069950
525.092000
525.096500
525.468600
525.474850
525.689950
526.103200
526.108200
526.404400
526.583750
527.082450
527.125100
527.577100
527.597300
528.131550
528.536350
528.539400
528.559400
528.563400
528.581750
528.925400
529.067300
529.076150
529.093250
529.097250
529.503350
529.567250
529.903850
530.163400
530.302450
530.591100
530.595450
530.603600
530.672400
530.870300
531.118550
531.199300
531.277950
531.339700
531.345100
531.372300
531.606550
531.611300
531.631950
531.943950
532.138300
532.209750
532.581800
532.980150
533.314250
533.752650
533.777000
534.261050
534.321700
534.434000
534.675800
534.935250
535.343900
535.527050
535.566950
535.727450
535.750500
535.915750
536.010950
536.134450
536.194400
537.049800
537.497250
537.555050
538.163700
538.312050
538.826600
538.866450
539.195250
539.281700
539.319600
539.768750
539.772000
539.787750
539.860700
540.332700
540.468150
541.100650
541.104400
541.129550
541.807700
542.315750
542.392050
542.756150
542.952250
543.108450
543.123700
543.257250
543.328950
543.428350
543.680600
544.132800
544.150300
544.303250
544.410450
544.670250
544.676700
544.796550
545.029350
545.099850
545.570100
545.794550
545.806950
545.812900
545.816050
545.819000
545.828050
546.839950
547.237850
547.241400
547.248650
547.521300
547.663400
547.863950
548.077500
548.303800
548.308700
548.312550
548.329550
549.188900
549.192300
549.380500
549.882250
550.252750
550.257000
550.809200
551.090800
551.409000
551.466950
551.518350
551.523050
551.766250
552.240050
552.455550
552.458900
552.462550
552.536200
552.958550
553.040550
553.642050
553.822300
554.078500
554.088850
554.157350
554.516400
554.973000
555.375800
555.452250
555.471500
555.628450
555.946650
555.949850
555.956300
556.217100
556.220850
556.232500
556.234800
556.238250
556.249250
556.436300
556.451350
556.652250
556.815350
557.109850
557.363650
557.374700
557.400150
557.540050
557.747900
558.135350
558.143400
558.202250
558.210650
558.429000
558.787250
558.881600
558.889700
559.069700
559.173600
559.204900
559.263100
559.306900
559.406250
559.420000
559.462900
559.625800
560.314750
560.437650
560.446650
560.483200
561.214950
561.789750
562.045800
562.768300
562.784950
562.795300
562.807850
563.592050
563.723850
564.612250
565.347050
565.634300
565.726100
566.102050
566.296150
566.532750
566.612550
566.702850
566.839150
567.069250
567.293700
567.308050
567.529100
567.624600
567.785800
568.042900
568.508300
568.571750
568.766900
568.785100
569.153300
569.156950
569.420600
569.736800
569.869900
570.014100
570.058050
570.101600
570.395100
570.404550
570.672050
570.828850
570.895750
570.992100
571.338450
571.434000
571.519950
571.538600
571.777550
571.781000
571.790850
572.030150
572.222300
573.325700
573.867100
573.885300
574.187600
575.039350
575.310950
575.316800
575.323100
575.417550
575.724950
576.629750
577.248300
577.569100
577.738300
577.995500
578.005300
578.173750
578.361200
578.376650
578.566450
578.573500
578.595200
579.012950
579.072250
579.231500
579.335850
579.487550
579.679150
579.933900
580.239850
580.246300
580.252600
580.446100
580.839050
581.050350
582.133650
582.418100
582.457500
582.592400
582.655750
583.037000
583.195400
583.199950
583.229750
583.304500
583.430350
584.008650
584.021000
584.036300
584.123550
587.480600
589.205100
589.524100
589.526500
591.071850
594.558450
596.611900
603.244550
603.251800
611.284000
611.304100
612.738950
612.744550
612.751750
612.855250
613.003050
613.105150
613.110700
613.334650
613.379400
613.796400
613.799700
613.860150
613.863750
613.870300
614.106400
614.255650
614.270250
614.343950
614.396550
614.402400
614.409050
614.717250
614.773750
614.823000
614.923800
615.044200
615.170250
615.173300
615.184250
615.203550
615.416250
615.743100
615.750600
615.996550
616.018050
616.026900
616.035450
616.457150
616.462200
616.466000
616.723000
617.124050
617.170300
617.376850
617.918150
618.030950
618.180700
618.248400
618.253750
618.681100
618.710500
618.757100
618.882450
619.117950
619.140350
620.014950
620.209000
620.298400
620.302600
620.336750
620.730400
620.760200
620.790900
621.327500
621.534300
622.219200
622.224300
622.913350
622.990450
622.998300
623.173250
624.207000
624.407400
624.895200
624.951000
625.015600
625.047900
625.229500
625.844800
626.260000
626.277150
626.628750
626.732050
627.383550
627.576500
627.765550
627.772400
628.197500
628.551300
628.566650
628.580950
628.629150
628.665800
628.668900
629.015150
629.153800
629.701050
629.844850
629.978250
630.252350
630.662000
630.984500
631.098700
631.103150
631.264700
631.269600
631.283700
631.981550
632.183650
632.728650
632.750150
632.765300
632.772150
632.783400
632.789800
633.093200
633.417850
633.430400
633.475550
633.478300
633.701900
634.138850
634.149750
634.356700
634.431950
634.455750
634.464600
634.563750
634.747350
634.915350
634.987050
635.556500
635.567800
635.765200
635.923950
636.310650
636.947150
637.188600
637.330400
637.423100
637.747350
638.039900
638.156750
638.606400
638.698950
638.703500
639.054900
639.178000
639.187900
639.194700
639.336450
639.347250
639.534950
639.556250
639.560700
639.927850
640.807000
640.857250
640.936700
641.011550
641.023400
641.174400
641.210400
641.260200
641.782500
641.786600
641.921750
641.962900
642.326900
642.423050
642.507600
642.558000
642.605400
642.663800
643.103150
643.283750
643.379250
643.535750
643.948200
644.089350
644.103900
644.142400
644.155650
644.591600
645.263650
645.848100
645.859300
645.865750
645.881450
646.002450
646.091700
646.421700
646.431750
646.514850
646.895400
647.551000
647.924750
649.857200
649.863100
650.450150
650.750250
650.922200
651.090800
651.123900
651.128500
651.132100
651.196650
651.691150
652.751050
652.771350
653.319300
653.364850
653.733100
653.913100
654.144750
654.699700
654.703300
655.391800
655.641700
656.318800
656.512100
656.690550
657.128600
657.333500
657.597750
657.601050
657.646950
657.654200
657.675550
657.702400
657.826850
657.983750
658.321750
658.366850
658.439800
658.945750
659.660550
659.803300
660.020250
660.238450
660.386150
660.447350
660.495600
660.499500
661.502250
661.510750
661.550200
661.583050
661.629050
661.666550
661.765900
661.942100
662.004900
662.243650
662.246500
662.251200
662.617300
663.463750
663.481700
663.722750
663.855600
663.889250
664.420250
664.425600
664.523550
664.620700
665.318600
665.322550
665.749400
665.754450
665.768300
666.263050
666.307300
666.481000
666.815200
666.859750
666.906250
667.263300
667.386600
667.506650
667.740300
667.753650
667.758650
667.771450
667.956000
668.013750
668.394800
668.414900
668.531950
668.685550
668.815100
668.846450
668.859300
668.920000
668.995000
669.150650
669.157100
669.427550
669.535650
669.639200
669.954350
670.142350
670.162700
670.187650
670.207350
670.287700
670.697800
670.717850
670.766100
670.914600
670.946850
671.041650
671.235150
671.446200
671.473500
672.592450
672.691000
672.713100
672.718750
672.755650
672.887250
672.957200
673.496200
673.501850
673.624900
674.233900
674.239100
674.318550
674.331900
674.338050
674.656650
675.195950
675.199850
675.205000
675.208650
675.217350
676.416550
676.930900
677.455600
678.723000
679.206050
679.213100
679.222300
679.234000
679.540850
679.548200
679.681550
679.700950
679.889750
679.922250
679.981150
680.196650
680.288850
680.308700
680.629600
680.734900
680.743750
680.911600
681.134800
681.192850
681.234600
681.240650
681.268100
681.334050
681.338700
681.347950
681.933100
682.187800
682.193150
682.480700
682.612350
682.638600
682.664000
682.667800
682.794450
682.834100
682.858950
682.916300
682.934300
683.215250
683.234300
683.573250
683.870700
684.000400
684.220600
684.271050
684.293900
684.298300
684.420250
684.888100
684.999900
685.150950
685.279350
685.352600
685.452400
685.955400
686.473850
686.484850
686.954250
687.111800
687.576800
687.713500
687.929900
688.447600
688.527250
688.990950
689.084750
689.112650
689.257800
689.266950
689.502500
689.530400
689.545550
689.763850
689.981800
690.590800
690.900550
690.986600
691.312950
691.347650
691.782800
691.874200
692.158850
692.421300
692.693150
693.150850
695.785000
695.825650
695.940350
696.690900
696.972650
697.464500
697.545300
697.889200
698.225950
698.321600
698.416200
698.422300
698.531450
698.590250
698.653750
698.831400
698.935200
699.252250
699.311400
699.632000
699.655050
699.659450
699.665400
699.775300
699.779050
699.783150
699.803200
699.805900
699.811750
699.850500
699.929900
700.080250
700.414250
701.053400
701.202450
701.255050
701.258650
701.611750
701.634600
701.699200
701.750300
702.048750
702.101000
702.263250
702.410650
702.540400
702.552850
702.872850
703.002400
703.338050
703.561950
703.858750
704.050100
704.054900
704.074550
704.330250
704.541700
704.721800
704.736150
704.963650
705.356500
705.362250
705.366800
705.373100
705.539600
705.704050
705.711000
705.910500
706.672350
706.924250
707.164500
707.556500
707.665050
708.373650
710.168100
711.338100
711.461150
711.485600
711.786350
712.080650
712.158650
712.321950
712.339600
712.366700
712.542450
712.563850
712.568850
712.571250
712.732900
713.027200
713.040400
713.649300
713.872500
713.893350
714.076900
714.116250
714.181400
714.281350
714.806550
714.823950
714.844950
714.928050
714.931600
715.728650
715.739800
715.801300
716.519050
716.579700
716.633450
716.636150
716.640750
716.644600
716.765250
717.632500
717.708500
717.872400
718.127450
718.516350
718.584950
718.895850
718.989850
719.284550
719.580400
719.647600
719.710150
719.973150
719.990150
720.011600
720.083550
720.491600
720.735850
721.257500
721.276650
721.356800
721.966600
722.492800
722.949650
723.927300
724.247600
725.355250
725.372400
725.406750
725.796550
725.917600
725.937450
726.471050
726.687250
726.883150
727.177200
727.253850
727.258100
727.265800
727.531050
727.952700
728.284150
728.518100
729.255900
729.289850
729.761150
730.772750
731.680050
731.693550
733.137300
734.279400
734.641050
736.045150
736.174950
736.226200
736.249550
736.480800
737.027800
737.037750
737.473050
737.478700
738.623950
739.593250
739.600900
739.611950
741.056600
741.096600
742.915750
742.920950
742.979850
743.513050
744.211700
744.216300
744.233900
744.774650
744.781350
744.967750
745.245650
745.379400
745.838300
746.393900
746.398000
746.430850
747.438600
747.456700
747.463700
747.483700
747.568200
747.638400
748.346500
748.449100
748.453550
748.719350
749.078250
749.182300
749.921350
750.273150
750.589750
750.890500
751.150650
751.156650
751.220500
751.256100
751.482250
751.857050
751.909400
751.912550
751.928250
751.932200
752.160000
752.534500
752.590900
752.593150
752.678900
753.122500
753.359100
753.379800
753.417750
753.450650
753.503050
753.631350
753.731150
753.812450
754.226600
754.332600
754.598750
754.606350
754.829850
754.920400
754.987200
755.318700
755.435150
755.614550
756.000050
756.022050
756.026150
756.037950
756.247550
757.450050
757.742300
758.174950
758.891250
759.255700
759.315250
759.455400
759.513950
759.616250
759.797650
760.200400
760.382350
761.171350
761.848200
761.869450
762.000300
762.011000
762.206550
762.221700
762.438250
762.441700
762.552000
762.556000
762.775950
762.829350
763.767200
763.950850
764.113850
764.376400
764.718400
765.365100
766.366250
766.492300
766.506300
766.756600
766.965250
767.282250
767.510400
767.799550
768.271500
768.931800
768.960300
769.951550
770.067900
770.348650
770.729450
770.843450
771.415600
771.768600
771.933000
772.747800
773.573200
773.926600
773.967700
774.075050
774.081200
775.018800
776.658450
777.541900
778.328900
778.990200
779.124950
779.127750
779.147000
779.149750
779.155750
780.348150
781.311150
782.788000
783.035850
783.039700
783.050200
783.052400
783.072500
783.369800
784.902600
784.905150
784.924100
785.771450
786.051950
786.134650
786.216550
786.452600
787.157000
787.427200
787.734550
788.285600
788.304000
788.506150
788.890850
788.914300
789.505500
789.671350
790.623850
790.764700
791.555650
791.706600
791.774150
791.788150
791.793650
792.047650
792.120800
792.126050
793.611450
793.615750
794.475850
794.479350
794.500600
794.651050
794.654900
795.287300
795.836800
797.431900
797.450700
798.065050
798.320800
798.474750
798.479300
799.624800
799.632350
799.788250
799.818950
799.822600
800.870800
800.942450
801.649350
801.668650
801.679700
802.021250
802.039800
802.041900
802.461800
802.608650
802.612450
802.644250
803.438300
804.333000
804.449950
804.453750
804.778650
805.124200
805.132350
805.148650
805.277700
805.688700
805.822300
805.896000
805.978050
806.147600
806.457150
806.625300
806.627750
807.143850
807.310200
807.606900
807.625300
807.650250
810.050000
810.067000
810.100750
810.109800
810.449150
810.464000
810.682950
811.750100
811.755150
811.763000
813.380950
814.561600
814.675800
814.685600
814.937800
815.125000
815.180150
815.251950
815.374700
815.566350
815.598100
815.642900
815.917000
815.994750
816.094150
816.302950
816.388600
816.590850
816.617050
816.619950
817.170950
817.417250
817.717950
817.743600
817.807050
817.829000
817.933300
817.993200
818.028600
818.081550
818.529100
818.678700
818.699050
818.717950
818.821950
819.128150
819.337500
819.461650
819.811800
820.110450
820.145550
820.263450
820.901450
820.971750
821.024300
821.060000
821.074200
821.076850
821.330100
821.393000
821.397250
821.713500
821.743250
821.956050
822.438300
823.025050
823.028750
823.059500
823.097200
823.297300
823.336050
823.467500
823.470500
823.482100
823.834000
823.842150
823.920850
824.061900
824.116700
824.291700
824.817850
824.876800
825.224400
825.497350
826.258100
826.277850
826.456800
826.462250
826.520950
826.559750
826.727800
826.792400
826.900750
827.958300
828.281950
828.353500
829.198250
829.227100
829.763650
830.056250
830.438550
830.917050
830.948800
830.958350
830.978500
831.365250
831.436200
831.846300
831.853950
831.940600
832.368150
832.388900
832.583300
833.366150
833.643950
833.840450
833.844300
834.156950
834.440800
834.466750
834.706800
834.902100
834.905100
835.116500
835.222900
835.964200
836.492600
837.388400
837.549500
837.579950
837.790700
837.795450
837.801750
837.940900
838.212900
838.682350
838.849000
839.111650
839.147900
839.154900
840.251500
840.875200
840.882300
840.900950
840.908650
840.919400
841.009800
841.653450
841.891600
842.202400
842.205350
842.943900
843.049800
843.497900
844.653350
844.667850
845.950350
846.279100
846.497350
846.565100
846.729050
847.677700
848.182400
848.488900
848.711000
849.058950
849.214150
849.218600
850.412550
850.444500
850.971000
851.219400
851.243650
851.449050
851.765900
851.981500
851.997300
852.401400
852.406450
852.851600
852.864400
853.373500
853.653150
853.710450
854.056850
854.983300
854.991650
855.001550
855.004500
855.239450
855.260200
857.484600
857.612450
857.686150
857.688900
857.695750
857.884200
858.776600
858.790050
858.800950
859.233550
859.237400
859.959700
860.205100
860.214500
860.220050
860.364250
860.504750
860.884450
860.888100
861.122100
861.172250
861.705350
862.101100
862.539600
862.903450
862.938650
862.942400
863.557650
863.767650
864.477600
864.540950
865.013350
865.267900
865.280300
865.284450
865.296000
865.371150
865.422150
865.656300
865.665500
865.672300
865.683750
866.270200
866.834100
867.056100
867.226600
867.467750
868.423400
868.518300
868.720500
869.156550
869.476850
869.744400
869.762500
870.402100
870.429250
870.465200
870.514400
871.505050
871.508450
871.514550
872.025850
872.031400
872.276450
872.473400
873.339250
873.343050
873.386800
873.397750
873.640100
873.791800
873.799350
873.804950
873.951000
874.193300
874.197150
874.387800
874.837900
874.893850
874.913150
875.143050
876.070700
876.096250
876.444800
876.540600
878.058850
878.271250
878.820400
879.394050
879.400100
879.754450
879.765450
879.771450
879.811750
880.219300
880.324000
880.448100
880.542950
881.153500
881.282350
881.875000
882.138600
883.395800
883.750100
883.792300
883.861750
884.233850
884.503200
884.506800
884.512050
884.584600
884.733250
885.203750
885.590150
885.752650
885.919200
886.143850
886.627550
886.672150
887.410400
887.484000
887.733500
888.450050
888.459700
888.924800
889.216000
889.258150
889.324250
889.688750
890.470500
890.525500
891.204400
891.213450
891.749450
892.029650
892.039650
892.046100
892.053300
892.219350
892.352600
893.398100
893.705800
893.710350
894.011450
894.408550
895.094900
895.442400
895.457800
895.485800
895.520400
895.527950
895.981150
896.191900
896.281200
896.370100
896.386000
896.701900
896.884850
896.901750
896.906750
896.916200
897.986200
898.481700
898.485250
898.591150
898.594650
898.605250
898.942850
899.636150
900.198100
900.433300
900.585900
900.740700
900.746150
900.761700
901.103350
901.649050
901.700750
902.057800
902.456200
903.188350
903.285700
903.292650
903.321650
903.328500
903.493150
904.519150
905.101450
905.667250
905.677550
905.684500
905.970850
906.434400
906.649850
906.945450
907.990300
908.336500
908.345050
908.349500
908.360150
908.498200
908.502850
908.528300
908.787100
908.803950
908.822950
908.922600
909.248800
909.252500
909.257500
909.330250
909.387100
909.767450
910.683350
910.694000
910.712250
911.203150
911.398500
911.432500
912.497950
912.752450
912.757300
912.810000
912.825700
913.544900
913.549250
913.594850
913.976950
914.208800
915.425100
915.485150
915.797450
916.869100
916.970900
917.431900
917.441350
917.642750
917.652500
917.687850
918.105250
918.135700
918.532600
918.546150
919.337950
919.640000
920.004350
920.061950
920.225250
920.439350
921.014950
921.031300
921.076450
921.081950
921.249150
921.258750
921.445400
921.466100
921.690850
921.776500
921.845000
921.853600
921.889900
922.805400
923.028200
923.033950
924.590900
924.600350
925.126250
925.707850
926.601000
926.687550
926.951800
927.079850
927.102550
927.604850
927.615350
927.998750
928.155850
928.179700
928.246400
928.533450
928.569750
928.578150
929.308400
929.331400
929.437200
929.490200
929.754950
929.788600
929.792600
929.805050
929.839000
930.918050
930.925000
931.178350
931.490150
932.014350
932.462450
932.502750
932.535100
932.556000
932.560500
932.760700
932.766200
933.336450
933.918250
933.923150
933.995350
934.733850
935.814050
935.890800
935.921450
936.591000
936.599000
937.588550
937.717300
937.769400
938.153050
938.167450
938.510900
938.727700
939.032250
939.179300
939.236400
940.245750
940.250600
940.296250
940.305450
940.308850
940.713200
940.814850
941.162450
941.479400
941.554650
941.684000
941.943900
941.960050
941.972450
941.978200
942.416850
943.643600
943.647350
943.655550
943.669550
943.842650
943.894650
944.166050
944.168750
944.174700
944.183500
944.188550
944.535150
944.962550
945.410950
945.467600
945.661700
946.452400
946.887000
948.014200
948.091600
948.778150
948.902100
949.079900
949.085800
949.204500
949.208450
949.213600
949.237150
949.546500
949.558400
949.608900
949.627050
949.897150
949.903400
949.995550
950.005750
950.621250
950.639600
950.658100
950.961650
950.978750
951.104000
951.781850
952.064200
952.308850
952.529650
952.557500
952.729800
952.760450
953.018800
953.153350
953.165650
953.411500
953.440100
953.719300
954.125050
954.426200
954.458650
954.535400
954.538600
955.143350
955.514900
955.526050
955.545650
955.883550
956.017600
956.027300
956.437200
956.701800
957.012500
957.096900
957.344700
957.348750
957.511600
959.003500
959.111900
959.126950
959.131350
959.136500
959.142250
959.312200
959.875200
960.512000
960.555400
960.564750
960.568900
961.211250
961.390000
961.830100
962.821800
962.828750
963.153750
963.251500
963.363900
963.657250
963.662450
963.857400
964.064450
964.080450
964.154550
964.159100
964.169100
964.395050
964.650550
964.659950
964.667250
964.830000
964.845700
964.851850
966.659450
967.288400
967.915050
968.754000
969.031900
969.597750
970.207500
970.873450
970.903050
971.537000
971.783000
971.883000
972.277600
972.647450
972.672450
972.983900
972.988150
975.708550
975.745200
976.442300
976.445800
976.450450
976.457050
976.463000
976.653400
976.783900
977.194000
977.309900
977.496950
977.713950
978.478650
978.700450
979.613300
979.625750
979.995650
980.047750
980.058800
980.359250
980.760600
980.770900
980.794750
980.806150
980.817350
981.331000
981.630200
981.691400
981.738850
981.946850
982.210300
982.229400
983.006200
983.083250
983.095200
983.465500
983.476400
984.048450
984.059650
984.073650
986.170350
986.174350
986.326950
987.387700
987.932250
988.187700
988.192400
988.452500
988.954750
989.156550
989.365750
989.453750
989.644450
989.662600
989.769600
989.785900
989.810250
990.155600
990.723250
991.569950
991.638750
991.642550
992.246150
992.488950
993.285500
993.290900
993.312000
993.319250
994.089200
994.122850
994.377900
994.913300
995.158400
995.315500
995.430000
995.706450
996.475300
996.698700
996.867200
997.414900
997.628800
997.632900
998.551150
998.579800
1000.505000
1001.327350
1001.335150
1002.228650
1002.233100
1002.294600
1002.375100
1003.081900
1003.479450
1004.211650
1004.231300
1004.251000
1004.513200
1004.914150
1005.191700
1006.232500
1006.605400
1006.609150
1006.991650
1007.142400
1007.146400
1007.152650
1007.166600
1007.169800
1007.178800
1007.430100
1007.620950
1007.624500
1008.112850
1008.133300
1008.891150
1011.302050
1011.311400
1011.367050
1012.525050
1013.071950
1013.076400
1013.083250
1013.365550
1014.287300
1014.315200
1014.330600
1014.669050
1015.730450
1015.943750
1015.990350
1016.195400
1016.486950
1016.561550
1016.586500
1016.743750
1016.916850
1017.172750
1018.589550
1018.595500
1018.605800
1018.619500
1018.751550
1018.776500
1019.576400
1019.597400
1020.209250
1020.300400
1020.767250
1020.872550
1020.901400
1021.458800
1021.464000
1021.722550
1021.949950
1022.387400
1022.587650
1023.744950
1023.747150
1023.774200
1023.776600
1024.870100
1025.357400
1025.370350
1025.377700
1025.465600
1026.881800
1026.898200
1026.919800
1028.392200
1028.396100
1028.481750
1028.505750
1029.350650
1030.273150
1031.271750
1031.279650
1031.288450
