3.314450
3.407550
3.684500
10.272550
10.482450
10.496650
10.504900
11.144550
11.146850
11.171550
11.390600
12.135300
12.195100
12.459150
12.497600
12.602500
12.878200
13.379100
13.799050
13.813500
13.835700
14.038800
14.334600
14.552950
14.756200
15.138850
15.363150
15.372550
16.224400
16.350900
16.358900
16.589300
16.603950
16.709750
16.782000
17.449950
17.580350
17.586000
17.592950
17.667550
17.766050
18.164550
18.421750
18.536200
18.742450
18.961950
19.331550
19.370950
19.609800
19.709700
19.712450
19.854500
19.932200
20.022550
20.025350
20.434300
20.622700
20.625150
21.640000
22.050300
22.274800
22.743850
22.977250
22.980000
23.092050
23.220200
23.492650
23.858000
24.096750
24.580900
24.948600
24.951550
26.221850
26.457250
26.745300
27.063850
27.066650
27.694350
27.704400
28.231800
28.260500
28.728100
28.802750
28.879400
28.944950
28.952150
29.184250
29.698500
30.239350
30.825900
31.335750
31.659950
31.888500
31.891800
32.121300
32.517750
32.616300
33.318800
33.463550
33.684750
33.687800
33.727400
33.880100
33.921600
34.357650
34.431300
34.703750
35.562500
35.975700
36.740800
36.744750
37.113200
37.132250
37.886900
38.070950
38.085350
38.098550
38.304200
38.306300
38.548500
38.677800
38.685900
39.242000
39.284250
39.300750
39.334100
40.461250
41.787650
42.202450
42.671950
43.574100
43.636800
43.640700
43.647350
44.059400
44.247250
44.446250
44.683150
44.691500
45.096700
45.295300
45.786250
45.792650
45.806750
45.830900
46.505600
46.909550
48.497900
48.585800
49.021150
49.274800
49.277800
50.144300
50.897550
51.637100
51.649450
51.661000
51.711750
51.909600
51.954850
51.958900
52.468450
52.788850
53.430050
53.897650
53.904300
55.540800
55.750950
55.837750
55.922400
55.925700
55.945300
55.984900
56.184750
56.478150
56.493450
56.597750
57.791450
58.105750
58.113950
58.384700
59.546000
59.721200
59.807950
60.223900
60.274750
60.564500
60.983950
61.014000
61.626000
62.161150
62.198900
64.137450
64.730050
64.925900
64.956700
66.100900
66.104150
66.467400
66.988100
67.421850
67.515800
67.522400
67.527500
68.379950
68.884300
69.166850
69.170300
69.578300
70.265700
70.281500
70.384300
70.408200
70.415550
71.247850
71.704450
71.736800
72.922800
74.580000
75.025550
75.539350
76.588350
77.353900
77.375550
77.577050
77.969600
78.016000
78.397500
79.017550
79.376750
79.440100
79.805400
82.315100
82.615650
82.695650
82.914050
83.354550
84.216050
85.016800
85.640400
86.177550
86.669650
86.843000
87.101800
87.290200
87.610000
89.434650
89.576400
89.579000
89.608100
89.638850
89.642850
90.104200
90.125850
90.413400
90.865150
90.951800
90.989000
91.655550
91.878700
91.899500
92.178700
92.629800
92.909400
92.913400
94.288250
94.634400
94.679350
94.853800
94.859650
95.703450
95.994750
96.956850
96.960850
97.338600
97.357050
97.375800
98.013750
98.342200
99.383150
99.396600
99.419700
99.694650
101.018200
101.023350
101.025600
101.304750
101.358050
101.883950
102.076050
102.376800
102.808500
102.824100
102.890500
103.957350
104.375450
104.715350
105.172050
105.254550
105.258550
105.302200
106.018800
106.021500
106.026550
106.239050
107.384600
109.016500
109.117050
109.654450
109.756400
109.937050
109.945050
109.952000
110.121100
110.283850
110.504550
110.859750
111.732450
112.040450
112.622400
112.690600
113.021700
113.171900
113.399150
114.226150
114.587900
114.601400
114.611900
115.619050
115.818300
115.823550
116.783900
117.458400
117.464650
117.468300
117.776150
117.820650
117.858050
117.958650
118.280450
118.755000
118.993150
119.690950
119.904250
120.218800
120.221900
120.225650
120.635800
120.659300
120.662200
120.703000
120.994000
121.272100
121.377700
121.944350
122.323400
123.210200
123.866600
123.948250
124.219750
124.268000
125.054100
125.816150
125.961950
126.237650
126.241950
126.732000
127.523600
127.872150
128.196900
128.499250
128.644550
129.082400
129.142700
130.147400
130.153600
131.014400
131.650850
131.811300
131.814300
133.222450
133.560800
133.770150
133.772400
133.776200
133.778950
133.783450
134.218850
134.258650
135.334850
136.189200
136.445000
136.556700
136.773450
136.838100
139.274350
139.665450
139.690200
139.694350
140.674500
140.678950
141.056150
141.332100
141.439200
142.230350
142.392500
142.432950
142.813600
142.903400
143.063750
144.246050
144.299900
144.821100
145.794750
147.006900
147.688950
148.665850
148.674500
149.313650
150.526050
151.108600
151.113350
151.117300
151.122250
151.786350
153.272000
153.275550
153.318650
154.458400
155.264200
155.267050
155.316750
155.934500
156.009600
156.220950
156.230350
156.279150
156.857900
157.117900
157.265300
157.876800
157.937500
157.948850
157.953300
159.324400
159.952950
160.742400
160.781650
160.805550
161.566150
161.775250
161.808000
161.823700
162.081750
163.236300
163.624500
163.638550
164.357600
164.577750
164.775950
164.815550
165.515450
165.667500
166.008150
166.019400
166.023700
167.044900
167.440500
167.654700
167.661900
167.677700
167.680650
167.715350
168.477600
169.385150
169.404600
169.428050
170.602050
170.964650
170.979950
171.477350
172.769850
173.428450
174.057300
174.077650
174.605400
174.994550
175.264350
175.269700
176.295500
176.946350
177.837550
178.422550
179.162600
179.178800
179.470450
179.650400
180.164600
180.179750
181.064900
182.593950
182.772350
183.619450
183.670550
184.041700
184.210150
184.485650
184.725800
185.811600
186.951750
187.259500
187.270100
187.684500
187.690350
187.695500
188.437850
188.444300
188.769900
189.108450
189.130750
189.767350
190.917000
190.947050
190.952500
190.971500
190.976050
191.031200
191.297150
192.005350
192.442450
192.481700
192.502700
193.371600
194.081300
194.111900
195.025000
195.610950
196.825200
198.294550
198.301550
198.324050
198.583650
198.882450
198.940450
199.863800
200.513550
200.528250
201.679550
201.793500
201.864100
201.867150
201.871250
202.323600
202.616500
202.953900
203.016400
203.260000
203.552200
203.706650
203.710100
203.721850
203.728250
204.591550
204.597150
204.601200
204.964750
204.981900
205.596800
206.131200
206.211650
206.390300
206.609800
206.657950
207.376600
207.544350
207.680650
208.063550
208.494550
209.202200
211.580050
211.965700
212.267400
213.808000
213.812000
213.877800
214.096400
214.619200
214.701650
215.084050
215.238400
215.732150
216.943400
217.148000
217.157800
217.172900
217.233550
217.556300
218.199150
218.603800
218.631350
219.238750
219.741400
219.772850
219.783750
220.875700
221.114150
222.771650
222.787000
222.793150
222.803950
223.447550
223.676600
223.779150
223.939200
223.997500
224.020500
225.045650
225.214400
225.939650
226.016150
226.615800
226.950650
227.179050
227.662250
227.736000
227.750900
228.353450
228.529300
229.197650
229.568100
229.572750
230.924150
230.928550
230.939450
230.943300
231.447250
231.701400
231.749100
232.574100
233.373550
233.458750
234.194650
234.204400
234.208400
234.216000
234.413450
234.975150
235.397050
235.809650
235.851150
236.279650
236.309450
236.314000
236.507400
236.530350
236.549350
236.729800
236.733500
237.402800
237.654450
237.661000
237.973350
238.194400
239.169350
239.254300
239.279450
239.636600
239.697000
240.132850
240.153750
240.649500
240.995000
241.510300
241.732000
242.224700
242.234900
242.253350
242.686750
242.951500
243.092500
243.116000
243.135350
243.140600
243.525450
243.545100
243.553750
243.594250
246.330450
246.516750
246.520700
246.524200
246.529150
246.581600
247.037950
247.232700
247.258100
248.482800
248.489600
249.623700
249.638300
249.782500
250.339800
250.608300
250.681550
250.686350
250.711300
250.771950
250.971350
251.719750
251.726550
252.911700
254.335900
254.497700
255.539850
255.723050
255.742850
255.746450
256.473600
256.659900
256.684500
256.708600
256.714150
256.721000
257.087900
258.402200
259.307450
260.729450
260.739150
262.894550
262.915300
262.927100
263.305750
263.311050
263.734050
264.415800
264.772850
264.784750
264.830750
265.380000
265.623050
265.689550
265.708500
266.023050
266.856150
267.145900
267.213700
267.944600
267.960350
268.615450
268.803250
268.810000
268.840700
268.849300
269.258200
269.275650
269.295750
269.299600
270.056500
270.272800
270.278100
270.619200
271.234750
271.256950
271.604350
271.625700
271.958950
271.990650
272.652750
272.836050
273.075450
273.935200
273.965350
273.969600
274.297200
275.221600
275.239500
275.244400
275.933350
276.326200
276.374150
276.391900
277.049950
277.594950
278.125100
279.585950
279.592300
280.242600
280.311400
280.835100
280.870250
281.003750
281.166500
281.169850
281.607150
281.619100
281.890350
283.794600
284.101500
284.683700
285.183100
285.202150
285.394650
287.535000
287.575000
288.043400
288.175900
288.308800
288.318350
288.323000
288.715500
288.742300
288.745600
288.917450
289.247800
290.018600
290.056050
290.072250
290.076350
290.166350
290.459250
291.150650
291.153400
292.034550
292.045650
292.064200
292.128100
293.483550
294.178600
294.660500
295.391200
296.008000
296.858950
297.662550
298.204200
298.503400
298.676900
298.925800
300.228600
301.003750
301.979750
302.249750
302.299650
302.303000
302.310200
302.388800
302.466350
302.644100
303.745200
303.749600
303.757650
303.807800
305.083750
305.371700
305.705200
305.709900
306.018950
306.037750
306.234000
306.248150
306.252750
306.270950
306.781050
307.574100
307.909050
307.993550
307.996600
308.004450
308.023850
308.861900
309.637200
310.737600
311.623950
311.643550
311.648450
311.653550
311.707600
311.882150
311.915650
312.909600
312.940100
312.951700
313.091400
313.218900
313.235450
313.422600
313.532350
313.786850
314.362000
314.878500
315.574650
315.920200
316.263150
316.780600
317.717450
318.195750
318.550100
318.677400
319.426300
319.429850
320.305300
320.309250
320.364250
321.129150
321.394000
321.752000
322.520250
322.532050
322.874000
324.197050
324.961650
325.665300
326.198150
326.211700
326.218450
326.221350
326.329000
326.806800
326.894100
326.945050
327.615850
328.184700
328.205900
329.319850
329.797150
330.514000
330.804950
331.398100
331.611350
331.655700
331.679400
332.230650
332.440750
332.672150
332.679650
332.683400
332.976350
333.619750
333.870200
334.401500
334.413750
334.759150
334.768400
334.912300
334.960800
335.436600
335.642550
335.662950
335.695600
336.239100
336.469850
337.079900
337.107400
337.110850
337.137400
337.151550
337.157900
337.276450
337.380350
337.385700
338.117550
338.129600
338.208500
338.408950
338.655450
339.427600
339.637450
339.675050
340.742100
340.782750
340.787550
341.366550
341.368600
342.098900
342.102450
342.107750
342.124600
342.136750
342.491300
342.498550
342.503850
342.875150
343.199450
343.204800
343.245100
343.359150
343.492900
345.098050
345.103900
345.112900
346.283350
346.298450
346.302200
348.392650
348.860900
349.654400
350.095400
350.149100
350.157500
350.329550
351.115950
351.458700
351.635800
352.755550
352.763250
352.774700
353.738100
353.913850
353.918100
354.746750
355.068100
355.245450
355.414250
355.913400
355.934400
355.957800
356.046400
356.640900
357.937500
357.948500
357.952200
357.962000
358.364750
358.556400
359.054100
359.069450
359.079000
359.266000
359.617600
360.058750
360.180800
360.252850
360.578550
360.752450
360.766950
360.769950
360.968150
361.152350
361.199900
362.240800
362.250050
362.396250
363.138500
364.166300
364.959050
364.965250
364.976450
364.985550
365.452950
365.726300
366.606450
367.186450
367.352500
368.743850
368.777850
369.344850
369.806100
370.265650
370.276400
370.676500
370.837500
370.921400
370.925250
370.931950
371.606150
371.612350
371.891400
371.893500
371.900600
372.243400
372.246750
372.563850
373.203300
373.207700
374.017900
374.445000
374.461800
374.466250
375.722900
375.743950
376.458900
376.618300
377.545100
379.523750
381.261350
381.269500
381.286500
381.361750
382.082900
383.346550
384.299800
384.316250
384.746800
384.788950
385.092350
387.778600
387.785500
387.788850
387.809450
387.874800
388.129450
388.518550
388.829750
389.737900
389.751400
389.977300
389.985150
390.260950
390.363000
390.380150
390.923250
391.155550
391.838900
391.890550
392.103150
392.317600
392.617550
393.567900
393.897650
394.407450
394.466400
395.011250
395.853150
396.214050
396.227450
396.242600
396.336550
396.340250
396.348600
396.795550
397.183850
397.225000
398.387900
398.927050
399.168650
399.542100
399.936700
399.940100
400.641900
400.650350
402.050100
402.054900
402.102500
402.765650
402.820250
404.022050
406.089500
406.096300
407.238550
408.166650
408.179250
409.113500
409.151850
410.363750
410.368100
411.479500
412.460850
413.310100
413.350400
413.907250
414.335300
415.051900
417.316450
417.428400
417.703250
417.707550
418.676300
418.680900
418.694850
418.698700
418.700800
420.144050
420.149750
420.164700
420.527200
420.995050
421.842600
422.419000
422.502650
422.514950
422.543050
423.179250
423.189200
423.193100
423.197700
423.688850
424.559300
425.015650
425.448700
425.891800
426.033750
426.916400
426.921200
427.177550
427.527900
428.146300
428.475550
428.479450
428.526450
428.530700
429.128650
429.360200
429.415150
429.430900
429.446850
429.472150
430.178800
430.181900
431.324900
431.620050
432.084000
432.088950
432.294800
432.495200
432.804150
433.604550
433.884450
433.889300
433.897050
434.546100
434.799900
435.319800
435.992050
436.212350
436.227050
436.438100
436.729600
437.099050
438.344300
438.626500
438.659150
440.744850
440.757050
440.875600
441.183950
441.729650
441.749600
441.780100
442.554700
442.755300
442.759450
442.833900
443.213950
443.216500
443.275650
444.128500
444.268350
444.303750
444.334500
445.122000
447.518950
447.525150
448.210900
448.244450
448.289350
448.303650
449.317050
450.307350
450.318650
450.949000
451.161250
451.165600
452.707000
453.740100
456.409300
456.694150
456.926700
458.177300
458.822750
459.902600
459.950450
461.089000
461.094400
461.100500
462.098200
462.103800
462.109350
463.639300
463.975450
464.261350
464.282350
464.590250
464.593600
466.678150
467.332550
467.340200
468.009950
468.143000
469.364650
469.377800
472.141800
473.227000
473.253100
473.293950
474.872900
474.877500
475.424550
475.432600
477.416500
477.451400
480.996650
481.244500
483.290350
484.192200
485.398350
487.424850
487.650550
488.844500
490.211050
490.676700
491.096750
491.244400
491.790700
493.186050
493.457100
493.854000
493.936150
493.940300
493.945150
494.079300
495.039050
495.111650
495.226700
495.239700
495.952850
497.046350
497.676950
498.092950
498.373350
499.021550
499.774000
502.155950
504.963900
504.969050
505.068000
505.820400
507.771700
507.798300
507.802200
508.125600
508.130050
509.060300
509.076150
509.354500
509.361100
509.607950
509.913450
510.963050
511.875200
512.621850
513.172000
514.052850
515.538950
516.375800
518.901000
518.961750
520.941600
520.947750
520.964050
521.002300
521.549100
521.666950
523.316050
524.216900
524.369200
524.375050
524.386850
524.402000
526.083400
526.602500
527.491450
529.250200
529.501000
530.025900
530.879400
532.587250
533.995800
534.390750
534.596650
534.651650
534.660850
536.215750
537.491150
539.283800
540.284650
540.297100
540.938800
540.945500
542.518150
544.944700
545.039450
545.067250
545.120650
545.653400
547.796050
547.953350
548.209600
548.250800
549.136250
549.486600
550.245050
550.250600
550.575600
551.936250
552.533050
554.218150
554.914100
554.933300
555.852150
556.088700
556.963550
557.288800
557.716550
558.510250
559.107700
559.633700
559.899200
560.068300
560.093100
560.100450
560.263250
560.362850
561.663900
562.112850
562.118050
562.353950
562.882400
563.879700
564.562450
569.382300
570.323850
571.297000
571.544350
571.560350
571.563850
572.936750
573.009850
573.069000
573.768750
574.665950
574.870750
574.898500
575.517550
576.038200
576.422850
576.449400
576.456450
576.823700
577.290250
577.775750
579.350300
580.910350
584.130950
584.145300
584.552250
585.183900
586.011850
586.255150
586.354900
586.790400
588.705900
591.087400
591.229450
592.552600
592.928750
593.044800
593.689250
593.739950
596.314050
596.965550
597.209900
597.694600
597.709200
597.989450
598.635100
599.270100
600.829200
601.230450
602.840050
603.139550
603.212600
604.428600
604.740800
605.607350
606.711100
606.926250
607.226150
607.265750
608.109850
609.303600
609.343400
611.484900
611.860450
612.285200
613.266700
613.275950
613.280100
615.335500
615.922250
616.231800
617.588050
617.923550
621.250300
622.460900
623.172600
625.056650
625.764850
625.770800
626.159600
626.168150
626.245650
626.682150
626.686450
627.643950
627.646400
627.651550
628.134850
628.298750
628.550950
628.568050
628.724050
629.024450
629.044300
629.684800
629.696850
630.251500
631.590050
632.993300
633.697900
634.345550
636.430200
637.084050
638.884650
638.955200
638.959400
639.314750
642.059750
642.365950
642.371000
642.451950
642.458550
642.820200
643.107500
643.571600
643.591150
644.216900
644.270200
645.151350
651.155950
651.673200
651.746950
651.756000
652.748500
652.751700
653.757950
653.800050
653.842900
653.847400
653.860900
654.532700
654.758450
655.698650
655.709950
655.905550
656.604200
657.389500
657.935400
659.167000
660.168800
660.452550
660.864450
660.943850
662.300850
662.727800
665.488900
665.672450
666.381250
666.861950
667.280450
668.373850
669.745400
670.182050
670.998650
671.080100
671.127300
671.377750
671.401300
671.621000
672.260050
672.379750
673.066150
674.312800
675.829750
675.833150
675.838650
676.656250
677.990050
679.338750
680.781950
681.108450
681.934800
681.948200
681.962000
682.344050
682.572800
682.974150
682.995400
683.022200
683.169900
683.844600
683.875600
684.647300
684.665600
685.280100
686.449650
686.767550
689.148350
689.248150
689.481500
691.360850
691.536650
691.595200
691.600000
698.579850
698.699950
699.153350
699.158950
701.667500
701.677150
701.680050
701.683900
701.849700
703.052600
703.729100
703.734350
704.366700
704.489650
705.766550
705.818300
707.409650
709.299500
710.964000
712.264050
712.463450
712.899600
713.442350
713.446800
713.920550
714.535950
714.539450
714.923850
715.954850
715.974900
716.638150
716.945500
717.221350
719.333150
719.873500
721.027250
722.079350
722.468000
722.655200
725.076650
726.945800
729.498250
733.790600
734.267050
734.685700
737.532200
738.219800
739.938250
739.943550
741.920500
741.939250
741.970150
742.829850
742.892050
742.898000
743.116450
747.017500
747.828350
747.845650
749.718800
749.884450
750.377850
751.619850
751.623650
751.722900
751.943250
752.097150
752.266500
752.278050
753.967450
753.979050
756.246300
756.249450
756.265200
756.269900
758.546550
758.551450
760.708100
760.738300
761.209450
761.235700
761.763800
762.917000
762.920750
763.558800
763.816950
763.835650
763.849900
765.902900
766.618550
767.952300
768.027550
768.744800
768.843250
769.216050
770.218250
770.226450
771.321050
771.330650
771.636100
771.657350
775.687750
776.603050
777.185850
778.782700
779.300650
779.304550
779.312550
780.164400
780.233900
781.957450
782.877450
784.918900
788.405650
788.410150
790.185700
795.806900
796.765900
798.155550
798.876050
798.880200
801.000600
801.003650
801.010050
802.330900
804.526650
805.027150
807.556800
807.707450
811.244950
812.030650
814.089600
814.708700
816.625750
817.412750
817.416150
817.626700
818.369900
818.808350
819.190900
819.199300
820.403050
821.429150
822.103200
822.781600
827.177550
827.198300
827.224300
827.920650
829.284250
829.757550
829.896100
829.924000
830.877200
832.340100
832.940350
832.991550
833.256000
833.261850
833.270650
833.275400
834.379650
835.113800
835.212700
836.057300
836.063050
836.257550
836.928850
838.324650
839.102600
839.108000
839.952400
839.959250
840.231950
841.601550
842.684450
843.416600
843.682450
843.798900
846.452600
846.690650
846.958900
847.718300
849.263300
851.179100
851.183350
851.995100
851.998800
852.616900
852.638150
853.139050
853.143750
855.177400
855.526700
857.638400
857.913550
857.917200
859.329500
859.766800
860.133850
860.137250
860.149150
860.151950
860.615800
860.832200
861.486150
861.814850
863.019400
863.294900
865.510400
866.990250
871.567200
872.157000
873.050400
873.067100
875.068450
878.566100
879.912100
880.716400
881.414400
881.458400
882.101250
882.182850
882.354550
884.247200
884.251750
885.725550
885.937700
886.201750
886.300300
887.177200
888.354800
888.358850
892.226000
893.926600
895.329500
895.352000
896.177050
896.412050
896.848550
896.855500
896.960650
897.637200
900.139100
900.172050
901.778650
901.945200
901.953900
903.233850
905.189200
905.193150
905.807900
906.840050
907.308750
907.313400
908.057450
908.076300
909.050400
909.053050
909.209100
909.229550
909.898900
913.331150
913.335650
916.502350
916.737950
916.770600
917.428950
923.560400
923.565350
923.721350
924.147500
924.150800
924.170200
926.566250
927.212000
930.381550
930.977000
930.994050
931.752300
931.842800
933.077450
936.007650
936.919300
939.743350
948.555000
951.618900
951.622950
952.317750
952.583550
955.857150
957.993750
959.548000
959.743150
960.545450
960.556450
961.409550
961.728600
961.951950
964.195100
965.121650
966.066750
967.060700
969.453500
969.466250
971.844500
973.309100
974.539400
975.131600
977.012400
977.017500
977.681050
977.686950
977.706250
978.529750
978.532700
978.541750
978.546850
979.672650
981.793050
981.797150
981.815100
981.837050
983.637150
983.749800
983.763350
984.494500
984.852200
985.418350
985.904650
988.588450
988.592350
989.660350
992.577600
992.581800
993.239100
995.457450
997.247800
997.407450
998.604150
999.185050
1000.996600
1001.979150
1001.983000
1002.400250
1002.407050
1005.580050
1006.486050
1007.310200
1008.133550
1008.946500
1009.009950
1010.302600
1013.559300
1014.451300
1014.455050
1014.459600
1016.878950
1016.882750
1018.285200
1018.400250
1018.577700
1019.434400
1019.726650
1019.974900
1019.986850
1019.991050
1019.998400
1020.694100
1023.466850
1023.945600
1026.150100
