0.072000
0.205000
0.357450
0.786200
0.895200
0.991800
1.007050
1.147350
1.285800
1.310950
1.637700
1.914750
1.950750
2.001400
2.091250
2.179450
2.522800
2.550500
2.900900
2.962500
3.032450
3.089000
3.127350
3.251200
3.418350
3.615350
3.620950
3.673750
3.681050
3.927850
3.983850
4.620700
4.794200
5.052300
5.264950
5.594950
5.884550
6.911800
7.038850
7.149100
7.382500
7.430650
7.515300
7.627900
7.719900
7.941500
8.062850
8.132450
8.229050
9.321700
9.488350
9.652850
9.812000
9.941800
10.037450
10.216600
10.219750
10.239300
10.248600
10.263200
10.273300
10.284850
10.316200
10.331250
10.338250
10.400450
10.527100
10.558850
10.652600
10.681550
10.708600
10.820750
10.865000
11.014400
11.071000
11.171850
11.233700
11.335950
11.501950
11.610550
11.659400
11.710100
11.734350
11.753000
11.917050
11.928250
11.987650
12.181800
12.341450
12.365300
12.479750
12.515600
12.553300
12.644050
12.969550
13.043600
13.262900
13.306000
13.366100
13.456750
13.488750
13.525900
13.548450
13.563450
13.708000
13.768750
13.883450
13.946600
14.470250
14.548650
14.723500
14.824000
14.995850
15.180600
15.263050
15.363000
15.516850
15.725050
16.090750
16.273150
16.559600
16.766350
16.923950
16.969850
17.293500
17.327400
17.540050
18.167150
18.246600
18.282350
18.306050
18.328600
18.389300
18.670300
19.386400
19.619000
20.287050
20.328700
21.404100
21.461650
23.115550
23.288200
23.315000
23.500050
23.677750
23.733350
24.460600
24.677100
24.852700
25.667350
25.831750
26.357500
26.769550
27.355500
27.710200
28.125950
29.042000
29.301850
30.487200
30.844750
31.624200
32.410750
32.911650
34.218350
34.894650
35.130850
35.882050
36.028100
36.145350
36.434300
37.065150
37.555050
38.213350
38.959300
39.425500
39.748100
40.256750
40.690650
40.791750
41.343050
41.749350
42.583400
42.797150
43.265600
43.403950
43.454750
43.580900
43.808100
44.008550
44.277700
45.042050
45.354900
46.825850
46.900300
47.232850
47.260950
47.316500
47.753150
48.868800
50.560100
51.126500
51.148800
51.195800
51.569300
51.617650
52.035350
54.090350
54.940950
55.870250
56.729800
57.249500
57.449300
58.913900
59.058000
59.684050
60.417550
62.056600
62.108600
64.600700
64.793450
65.040900
65.791800
67.226500
68.269950
68.571450
68.825250
69.033650
70.089550
87.696350
88.950300
89.739100
89.977250
89.985150
90.778900
91.579600
92.016500
93.061300
93.273250
93.303500
94.030300
94.067850
94.386450
94.442900
94.927150
94.995400
95.079000
95.261950
96.406500
96.662300
96.803950
96.890350
96.955800
97.120700
97.189700
97.475800
97.707600
97.904950
98.036800
98.239050
98.333750
100.144250
100.291650
100.388800
101.328000
102.691550
102.810850
103.165050
103.593450
103.673100
104.207050
104.277350
104.855500
105.307100
105.666050
105.835050
106.344000
106.727500
106.880750
107.532100
108.359000
108.671250
108.735500
109.028500
109.081300
109.136650
109.847000
109.935200
109.942950
111.002650
111.209700
111.283000
111.321950
112.094550
112.698300
113.321150
113.925950
114.163800
114.510700
114.555000
114.717850
114.763650
114.920750
115.070550
115.195050
115.453400
115.837750
116.050600
116.235350
116.369650
116.817850
117.042700
117.300300
117.308300
117.633950
118.020450
119.085400
120.280200
120.977750
121.142250
121.245250
121.418350
122.179800
122.394500
122.738700
122.974400
123.003600
123.012150
124.139550
124.542900
124.892750
125.323550
125.734150
126.177800
126.386100
126.415950
126.529550
127.202900
127.495150
127.705650
128.502150
128.963150
129.361600
129.777550
129.954900
130.117250
130.454500
130.672550
130.674700
130.936500
131.198250
131.503300
131.587000
131.742800
132.132300
133.207900
134.220600
134.733650
135.245600
135.990950
136.010200
136.353850
136.867800
137.684500
138.641750
138.651100
138.909350
139.611850
139.818800
140.258800
140.886850
141.084250
141.732300
142.350050
143.271650
143.292900
143.302050
143.329200
143.546950
143.747050
143.904750
143.945850
144.201150
144.288150
144.744500
146.275400
146.410000
147.515350
147.542350
147.734350
147.766400
148.441950
149.054500
149.485900
150.312350
150.556100
150.979700
151.295900
152.550750
152.572500
152.929700
153.049300
153.411400
153.531800
153.719900
153.774900
153.977700
154.595300
154.706750
156.070400
156.463200
157.144700
157.711000
158.596550
158.802550
159.050200
159.281750
159.386050
159.456050
160.692050
160.921500
161.708450
161.900800
162.028800
163.620100
163.840200
164.210100
164.222450
164.283750
164.545750
164.568500
164.617750
164.681650
164.741500
164.832500
165.397100
165.766200
166.187800
166.224750
166.504050
166.797400
167.201050
167.603200
167.765600
167.826150
168.238050
168.497700
168.990800
169.008000
169.249050
169.558600
169.730300
170.032550
170.382750
170.737250
171.802650
172.057800
173.567950
173.812700
173.839300
173.845500
174.304600
174.449950
174.746050
174.809950
175.330400
175.407350
175.432000
175.833450
175.852600
175.961800
176.279850
176.372400
176.435200
176.492400
179.327450
179.364900
179.430550
179.536450
179.955150
179.971900
180.095550
180.698100
180.830500
181.082200
181.346050
182.393100
182.637150
182.740850
183.484050
184.137350
184.230050
184.568100
185.340250
186.254100
186.633300
186.727950
187.285150
187.717250
187.732700
188.392550
188.883350
189.149350
190.079000
190.176000
190.553600
191.107900
191.127450
194.228550
195.052050
195.893000
196.834650
196.928850
197.135250
197.374750
197.493050
197.778850
198.031350
198.052650
198.581650
199.585050
199.818650
200.785550
201.120050
201.342250
201.347000
201.455500
201.983400
202.182150
202.565800
202.661600
202.846700
203.882000
204.051450
204.190500
206.286050
206.869350
206.887000
207.233950
207.285000
207.832100
209.861500
210.217050
210.780500
210.837800
210.971200
211.311650
211.832300
212.260900
212.404400
212.772850
212.791700
213.672450
214.025600
214.462750
215.818100
217.528600
217.652000
217.821400
218.102050
218.461550
218.493150
218.947500
219.466500
220.266200
220.345300
221.143800
221.918600
222.202350
223.723150
224.436050
224.692800
224.761450
225.559100
225.641700
226.523450
228.696600
228.731950
229.575800
230.519900
231.142350
231.316700
231.412650
232.721650
234.657150
234.778350
235.292900
235.475050
235.582000
236.088150
236.832850
237.088800
237.258450
237.280050
237.452750
237.932100
238.468650
238.887750
239.476150
239.920350
240.925200
241.119400
241.668200
241.900900
242.219150
242.297900
242.553850
242.860000
243.145100
243.709550
244.344450
244.782950
245.560550
245.569350
246.135050
246.733100
246.871100
247.680000
248.868200
248.895300
249.106200
249.126950
249.232700
249.791150
249.854500
250.450400
250.748250
251.020650
251.038150
251.101850
251.738750
252.716700
252.743900
252.929400
253.707000
253.853100
254.298650
254.675150
254.889000
255.821900
257.584800
257.591500
257.606400
257.783100
257.920900
257.923250
257.930000
258.849700
258.988200
259.030350
259.397800
259.669900
260.066250
261.274950
261.986400
263.060200
263.163800
263.417900
263.880100
264.357300
264.579900
265.179250
265.461050
266.121900
266.268100
266.690400
267.794050
268.412750
268.561650
269.091850
269.373550
269.389200
270.318050
270.799450
271.077150
271.288000
271.752800
271.759950
272.034950
272.802500
273.176950
273.531500
273.960800
274.252250
274.314850
274.468800
274.631800
274.808050
274.864250
275.094350
275.099750
275.442800
276.431400
276.793450
277.202650
277.222850
277.252600
277.468550
277.968900
278.138550
278.263700
278.420500
278.746050
278.947050
278.965900
279.015700
279.231750
279.283550
279.331350
279.567950
279.800500
280.100650
280.198300
280.626500
280.712500
281.415900
281.630200
281.926600
282.041900
282.642800
283.251100
283.860450
284.033800
284.063200
284.113800
284.589200
284.660800
285.266250
285.421700
285.805750
286.080350
286.162800
286.586600
287.216950
287.313100
287.407200
287.485750
287.651650
287.702300
287.981300
288.149000
288.631650
289.008100
289.680800
290.272350
290.434900
290.482350
291.003550
291.442550
291.514850
291.865950
292.062250
292.466400
293.250350
293.423100
293.449800
293.607450
293.740050
294.151100
294.178800
294.887700
294.948950
295.156500
295.174800
295.340700
295.373000
295.796300
296.352200
296.543000
296.808500
297.639650
297.793150
298.068200
298.176600
298.276600
298.538800
298.813900
298.908050
299.236750
299.281600
299.422750
299.966200
301.093300
301.100800
301.590900
301.594950
302.839350
303.022100
303.202200
303.217850
303.365650
303.580050
303.766200
303.957200
303.988350
304.110700
304.355550
304.643350
304.654750
305.080400
305.242850
305.528700
305.922300
306.104250
306.454850
307.216250
307.462700
307.467400
307.565150
307.704150
307.793550
307.950900
309.094000
309.801650
309.813850
309.998700
310.865550
311.135450
311.480400
311.854900
311.917600
312.089750
312.262550
312.763400
312.935300
313.437800
313.464900
313.792200
314.272650
315.617600
315.827050
315.863150
315.964400
316.183500
316.499000
316.658100
316.824800
317.026100
318.108400
318.537100
318.577050
318.780450
319.721900
320.087800
320.289300
320.580400
321.669250
321.812250
321.998450
322.319400
322.347500
322.658250
323.234950
323.243950
323.347800
323.948500
324.826650
324.841650
325.358150
325.940700
326.704400
326.752550
326.926150
327.127150
327.325400
327.748550
327.944400
328.799500
329.006850
329.260200
329.347600
329.930850
330.103600
330.177500
330.347850
330.741200
330.763750
331.351750
331.710900
331.841050
331.902000
332.236150
332.987400
333.698950
333.814100
334.236300
334.556050
334.941500
335.065450
335.391450
335.602400
335.844550
336.660600
336.901050
337.070450
337.164450
337.247800
337.276450
337.388550
337.786700
338.224550
338.348500
339.107250
339.322600
339.923400
340.156550
340.281050
340.856150
340.975400
341.279100
341.842850
342.093800
342.665850
342.671300
342.915200
343.087600
343.259050
343.317800
343.420050
343.709650
344.164700
344.369450
344.477500
344.792900
347.046250
347.179200
347.528350
347.774400
348.059050
348.199650
348.209100
349.323750
349.709550
349.927500
350.778950
352.394950
353.058700
353.383850
354.041100
354.452800
354.800800
354.813100
355.007550
355.192100
355.524600
356.391800
357.137400
357.267750
357.280550
357.481150
357.634800
357.789800
358.173800
358.187550
358.365100
359.104200
359.249350
359.525650
359.630650
359.683900
359.762300
360.522450
360.525650
360.648150
360.659250
360.744400
360.753300
361.754250
362.795350
362.965050
363.004500
363.860050
364.031650
364.496300
364.761800
365.481700
365.837350
365.842650
366.087050
367.192150
367.408150
368.058150
368.423050
369.590350
369.838350
370.536700
371.668450
371.835800
372.410650
372.781450
373.799550
374.099650
374.109400
374.141750
374.984350
375.166700
375.808150
375.821700
377.494150
377.927000
378.156600
378.574400
379.041650
379.844000
380.098700
380.687700
380.698400
380.996750
381.337100
381.657750
381.848900
382.978750
383.559000
383.964050
384.674950
384.693450
384.825300
385.068450
385.358450
385.876450
386.108400
386.183900
386.617000
387.144800
388.893050
389.418250
389.635350
389.692000
389.797800
390.328450
390.562700
390.702750
391.027100
391.201050
391.765300
392.225000
393.185000
394.049300
394.133350
396.631550
397.958450
398.882500
399.526150
399.906850
400.512650
400.520100
400.544100
400.743000
400.949400
402.418300
402.426000
402.527050
402.992700
403.991900
404.230850
404.244650
404.859500
404.900350
405.139800
405.907300
407.884800
408.127500
408.581650
408.696700
409.104600
409.209000
410.590600
410.789250
410.804200
411.176500
412.815700
413.127850
413.136950
413.876750
414.500400
414.740300
415.069850
415.574300
416.219850
416.675250
417.014500
417.550900
417.937450
417.986650
418.461800
418.763000
418.941200
419.332500
420.155950
420.182550
420.191750
420.848400
421.254650
421.831700
422.018400
422.325100
422.627050
423.028900
424.223900
424.333150
425.657850
426.697400
427.271500
427.673950
427.937350
427.979150
428.822100
429.114850
429.672450
430.773000
431.172850
431.981900
432.435700
432.441650
433.025100
433.261150
433.458900
433.544550
433.914750
434.208700
434.340050
434.453750
435.053200
435.127400
435.365500
435.829900
436.948050
438.108900
438.213300
438.876650
439.243450
439.663500
439.863800
440.542050
441.011350
441.220950
441.245600
441.509000
441.533350
441.978750
442.345350
442.683800
442.785550
442.842900
443.580950
444.321750
444.331950
444.597200
445.558050
445.820500
446.026550
446.254900
446.528800
446.841350
446.850850
448.663200
449.059300
449.281700
449.539850
449.568400
451.098700
451.523700
452.111450
452.113750
452.321850
455.111250
456.674450
458.309450
458.622600
458.813100
458.821000
459.086400
459.487450
459.835250
459.876950
459.888700
460.590900
461.528450
462.004450
462.314000
462.420800
462.646250
463.599400
463.892200
464.770400
464.827300
464.997600
465.035350
465.137100
465.156550
465.314900
465.682600
466.467850
466.592600
466.639100
466.693850
466.799300
467.018400
467.641200
467.800400
468.294250
468.308400
468.970250
470.579300
471.317900
471.489500
472.239350
473.042850
473.504450
473.615450
474.491950
475.251300
475.349050
476.173650
476.231500
476.244600
476.727050
477.127700
477.182450
477.268700
478.055600
478.120800
478.306350
478.335650
478.347350
478.368900
478.624200
478.751750
479.095250
479.683450
479.692300
480.055250
480.325350
481.723650
481.744350
482.353600
482.874300
483.113000
483.488000
485.052450
485.076300
485.087200
485.558500
486.105300
487.264850
488.069550
489.603300
489.996400
490.189150
491.979050
492.154050
492.442150
492.457600
493.285550
493.809100
494.759100
495.270350
495.513800
495.859800
496.016750
496.057050
496.133100
496.463950
496.999950
498.690700
499.071900
499.848450
500.503400
501.067600
501.189350
501.901900
502.201850
502.411450
502.937100
502.963200
504.055350
504.538500
504.969350
505.521250
505.526550
506.297850
506.523950
506.680950
506.833550
507.257050
507.444750
507.695300
507.709100
508.335200
508.908000
509.127750
509.240400
509.288300
509.563050
509.616850
509.790650
509.841850
509.848050
510.623150
510.767300
511.254550
511.601900
511.686750
512.555100
512.789350
513.274700
513.732300
514.192750
514.288050
514.957350
514.979850
515.026900
515.658600
516.048100
516.804050
516.911000
517.418000
518.200850
518.360400
519.094700
519.541750
519.862000
520.173500
520.181550
520.268300
521.394650
521.701000
521.719450
521.755500
522.348800
522.572050
523.272500
523.549100
523.869450
524.546650
524.651650
525.781600
526.121450
526.125400
527.179250
527.921750
528.418500
528.550600
529.495350
530.007500
530.163700
530.403300
530.432000
530.613250
530.851750
530.887550
531.211050
531.270600
531.598050
531.736950
531.859850
531.937850
532.200000
532.998750
533.020700
534.501200
534.512850
534.605050
535.962400
536.262700
536.626850
537.228800
537.382250
537.728350
538.039700
538.162750
538.188300
539.031250
539.498900
539.796350
541.075250
541.353100
541.570050
541.723300
541.838700
541.867500
542.308950
542.751000
543.595650
543.720250
544.355300
544.675650
545.204200
545.366850
545.415350
545.527900
545.816900
546.097250
546.384700
546.549500
546.650200
547.752400
548.580550
548.848450
548.979000
550.212100
550.353250
550.682500
550.904700
551.375900
552.230450
552.476000
552.668850
552.919550
552.993400
553.338650
553.449250
553.516750
554.671200
554.695250
555.701150
555.771950
556.126000
556.177150
557.389200
557.447450
557.923300
558.402600
558.759200
559.314100
559.342450
559.527750
560.322000
560.866550
560.922000
561.258000
563.110650
564.149250
564.421350
564.425050
565.593550
566.239550
566.561150
566.604700
566.678300
566.718000
566.935850
566.951350
567.135700
567.381950
567.502750
567.721750
568.528250
568.759350
568.999100
569.970650
571.507750
572.718100
572.985650
573.475750
573.793900
575.157150
575.829650
575.845900
576.530650
576.599400
577.915100
578.366900
578.413800
578.589200
578.933350
580.375600
580.807050
580.813150
582.057650
582.145550
606.237750
612.491150
612.521350
612.639700
612.868750
612.872300
613.190450
613.204550
613.410950
614.068250
614.175900
614.514950
614.743800
614.751450
614.930650
615.059650
615.395950
615.564000
615.695700
615.711800
615.978300
615.991800
616.004600
616.460250
616.847000
616.885550
616.897000
616.924400
617.431750
618.093050
618.361900
618.406700
618.417950
618.868100
618.962250
619.099300
622.800650
623.573150
624.395550
625.183050
625.551400
626.016500
626.132700
626.619600
626.625200
626.644650
626.772900
626.824900
627.133300
627.359150
627.390550
627.878050
627.964400
628.813350
629.011750
629.132200
629.157600
629.179950
629.372200
629.809150
630.509350
630.657900
630.960550
631.734800
632.210400
633.123950
633.253450
633.574500
634.477500
634.672600
635.124750
635.229100
635.629300
636.852700
637.485200
637.901400
638.302050
638.515250
638.625100
638.635750
638.728350
639.018000
639.122600
639.292200
639.504300
639.543900
639.974650
640.575250
641.576550
641.755900
641.782450
641.969400
642.769600
643.067650
643.099850
643.142600
643.343250
643.421200
643.428050
643.887950
643.948850
644.123900
644.299750
644.403100
644.976300
646.231900
647.269500
647.458000
648.030100
648.291100
648.441750
648.569550
650.482250
650.793000
650.817550
651.396900
651.424150
651.657800
651.691150
652.018550
652.290750
652.318600
653.144750
653.890350
653.937000
654.411300
654.636550
654.837750
654.997900
655.044350
655.203500
655.256050
655.424250
655.571450
655.910050
656.255950
656.466600
656.509350
656.583800
656.703450
656.883550
657.187550
657.449850
657.570400
657.639050
657.936900
658.084400
658.513700
658.593450
658.599750
659.132400
659.516800
659.541100
659.845650
660.039800
660.703700
661.120300
661.185300
664.207500
664.580600
664.960800
665.089600
666.048000
666.061550
666.261450
667.059800
667.475550
668.162150
668.406900
668.707900
668.722750
668.763300
669.366150
669.439000
669.455250
669.607300
669.767450
669.990550
670.300200
670.431500
670.454850
670.686350
670.819550
671.531450
671.818350
671.979200
672.062150
672.373750
672.434300
672.657950
672.720700
673.061550
673.186300
673.498400
673.999000
676.129350
676.371700
676.382750
677.144050
677.558800
677.578150
678.089750
678.094600
679.057900
679.653650
680.009850
680.034700
680.155500
680.215450
680.300900
680.429400
680.601350
680.830200
681.121550
681.353500
681.376600
681.685550
681.837300
682.173300
682.308550
682.754900
682.767850
683.156150
683.261900
683.332400
683.573850
683.919950
684.273450
684.515250
684.983300
685.595750
685.612100
685.818500
685.933150
686.154300
686.167850
686.227050
686.392600
686.413600
686.636150
686.754950
686.992850
687.527550
688.319750
690.315350
690.946700
692.303450
692.419550
692.687850
693.485100
694.572600
695.493000
696.057150
696.327050
696.358900
696.645550
696.845400
697.119550
697.142300
697.232200
697.333750
697.349100
697.768000
697.930100
697.946400
697.971400
698.216350
698.297150
698.429350
698.454500
698.718000
698.853800
699.003600
699.042950
699.237550
699.265900
699.271350
699.280000
699.358150
699.422000
699.794750
700.255100
700.280750
700.350950
700.394700
700.408050
700.567400
700.894050
701.095250
701.143000
701.229200
701.258200
701.299450
701.408650
701.436800
701.685100
701.921450
701.936400
702.402850
702.445900
702.989550
703.339550
703.366250
703.550800
703.765250
703.950650
704.099000
704.270650
704.406650
707.401000
708.044000
708.937800
710.605650
711.000550
712.354800
712.605700
712.822600
712.923750
713.034550
713.163300
713.176700
713.360150
713.549850
714.102000
714.202150
715.037500
715.051950
715.172200
715.217050
715.309450
715.687550
715.986400
716.477450
716.508700
716.684100
716.927700
717.307000
717.453800
717.534900
717.753600
717.774350
718.041300
718.340350
718.587550
718.852350
718.879500
718.991950
719.082050
719.089250
719.922600
720.115100
720.505900
721.233400
722.388050
722.573250
722.640300
722.876150
723.136750
725.107800
725.468150
725.800900
726.117500
726.198700
726.633350
726.817600
728.029400
728.589250
728.833550
728.981700
729.020200
729.053250
730.045600
731.468350
732.700350
733.057800
734.138250
734.749350
734.938700
734.994450
735.405050
735.679550
736.116950
737.253350
737.562500
739.068200
739.193350
739.199050
739.315850
739.707000
740.025850
740.989450
741.122500
741.600100
741.960150
742.082550
742.835050
743.099000
744.076700
744.093350
744.387400
744.522300
745.507950
745.572000
746.976000
747.050150
747.296600
747.356650
747.696750
748.276600
749.482100
749.633950
749.754250
749.859800
749.870100
749.979100
750.235450
750.310400
750.318500
750.439850
750.561450
750.563600
750.650400
750.665150
750.734600
750.848900
750.959200
750.962600
751.018700
751.048950
751.136050
751.415700
751.508700
752.168350
752.465350
752.835950
752.849650
752.941200
752.948650
753.031250
753.130750
753.405350
753.455400
753.536650
753.677600
753.906250
753.933750
753.962350
754.124250
754.309250
754.510100
754.566300
754.753550
754.877000
755.113450
755.273600
755.354550
755.413350
755.610000
755.937550
755.973800
756.231400
756.615150
756.843750
757.414800
757.575950
757.777300
758.585150
758.892050
758.991900
759.445100
759.746000
760.075250
760.165550
760.331450
760.352300
760.856700
761.423250
761.967800
762.412850
762.557400
762.748000
763.083350
763.095600
763.418000
763.462500
763.493300
764.150750
764.357050
764.476050
765.110750
765.744900
766.473250
767.586850
767.911750
768.437250
768.504350
770.233500
770.849500
771.675600
772.078850
772.588600
773.073850
773.225250
773.665100
774.196200
774.618950
774.742050
775.814100
775.978650
776.559200
777.255550
778.553150
779.232350
780.450950
780.939450
781.013650
781.244150
781.868950
782.651450
783.719050
783.841450
783.971500
784.210750
784.819350
785.416850
785.562700
786.294750
786.615750
786.628750
787.350500
787.534150
787.568050
788.331050
788.729950
788.964200
790.152750
790.646450
790.649850
790.910900
791.550200
791.632200
791.929450
792.577500
792.946900
793.313000
794.281650
796.207100
796.754800
797.287250
797.659900
798.360300
798.583000
799.132700
799.440300
800.435850
802.225900
804.363150
804.837550
805.321550
806.005000
806.429200
807.010500
807.301550
807.868000
807.918950
808.652800
808.742000
810.331750
810.350150
810.587050
810.590050
811.392150
811.618050
812.469150
812.591700
813.280550
814.811750
815.686850
815.755300
815.781300
815.860450
815.986000
816.001100
816.019700
816.067350
816.366400
816.447550
816.513850
816.567550
816.593650
816.660950
816.882200
817.013100
817.309550
817.341600
817.458400
817.830500
817.987300
818.036000
818.114400
818.344100
818.404400
818.422350
818.475750
818.513450
818.613100
818.758250
819.097100
819.117250
819.135600
819.246350
819.274950
819.511200
819.524700
819.534250
819.543400
819.859250
820.101650
820.113100
820.180500
820.637300
820.776350
820.859350
820.874600
820.993500
821.194100
821.322750
821.390500
821.657550
821.674100
821.975450
822.237000
823.037650
823.040500
823.225600
823.440750
823.603000
823.659450
823.971500
824.223700
824.592750
824.711450
824.879400
824.903950
824.932200
825.478400
825.542100
825.574900
825.617200
825.814600
825.962150
825.984700
826.013350
826.193250
826.555350
826.699500
826.804600
827.187250
827.396200
827.438300
827.470800
827.620550
828.255550
828.609450
828.707550
829.298000
829.723650
830.756800
830.944700
831.182550
831.215300
831.238400
831.324800
831.709750
831.800450
831.823500
831.838850
831.905500
832.142400
832.198850
832.231250
832.458350
832.573300
833.896950
834.502700
835.230500
835.290250
835.485900
836.131500
836.574950
836.877400
837.351100
837.783950
838.807950
838.816050
838.845250
839.125450
839.205050
839.377800
839.958550
840.311350
840.749200
840.918650
841.144800
842.411100
842.608050
842.895050
843.063250
843.216000
843.693200
844.016500
844.179450
844.185850
844.442350
844.782100
845.345100
845.414050
845.425050
845.847350
846.677400
846.964200
847.216950
847.290250
847.822850
848.098350
848.113900
848.469600
848.577250
848.775100
849.570000
849.933750
850.377050
850.878100
850.993500
851.425100
852.384950
852.862700
853.168350
853.526500
853.580750
854.306600
854.335150
854.347600
854.574700
854.760650
854.792000
855.013200
855.368650
855.802400
857.680600
857.837650
858.438600
858.464000
858.585250
858.742300
858.906900
859.408250
859.887650
859.929450
860.494950
860.779050
860.883650
860.901700
861.170300
861.377150
861.792750
862.309700
863.494150
863.771800
864.184700
864.987800
865.071900
865.300100
866.231200
866.789650
867.098900
867.279100
868.068950
868.144100
868.471100
868.678100
869.635250
869.761450
870.121750
870.249400
870.372600
870.408850
870.781700
870.796700
870.836000
871.195950
871.358500
871.628400
871.702600
871.705800
871.777650
871.928500
872.319950
872.376200
872.751000
872.963400
873.445500
873.571100
873.666050
873.955000
874.159900
874.275900
874.940500
874.968250
875.700300
876.072900
876.267300
877.196750
877.216800
877.256800
877.580100
879.227550
880.490850
880.828500
880.855650
881.334250
882.047350
882.086700
882.236150
883.096800
884.050950
884.078900
884.236850
884.565200
884.595900
884.920850
885.512600
885.669500
886.074050
886.538000
886.587750
887.581400
887.944750
888.728600
888.921450
888.980600
889.067200
889.631950
889.951900
889.965050
890.000400
890.507500
890.526600
890.671950
891.500400
891.775200
892.160350
892.297300
892.443300
892.743100
893.615550
894.064700
895.060050
896.310200
896.652150
898.616150
899.069050
899.368300
899.383850
899.545750
899.917850
899.932900
900.007300
900.127050
901.613300
903.267000
903.480650
906.548600
908.087350
908.188250
909.042700
909.612600
909.868750
909.951650
909.977250
909.983100
910.268650
910.437450
910.584600
910.624800
910.648150
910.691150
911.158150
913.165550
913.765550
915.924700
916.222150
916.262150
916.480750
916.978300
917.040000
917.043000
917.237650
917.249150
917.692900
917.978800
918.381350
918.764450
920.013400
920.273450
921.004150
921.018700
921.510050
921.619000
921.693600
921.832700
922.758300
923.421300
923.545650
925.203350
925.549000
926.104600
927.292050
928.219650
928.331250
928.750750
928.868250
929.139950
929.618800
930.041950
930.048400
930.260800
930.309900
930.494950
931.169300
931.671300
932.050150
932.655950
933.092550
933.391950
935.879800
935.960000
936.976700
937.627550
937.674400
938.252450
938.457800
938.616650
939.163850
939.755400
939.928200
940.116500
940.343800
940.410500
940.524800
940.548250
940.572650
940.642500
941.005200
941.068350
941.324900
941.521650
941.665900
942.298250
942.567650
943.186600
943.973050
944.377150
944.937400
950.636550
950.948400
951.241350
951.564350
951.574650
951.603350
951.670350
952.034750
952.116500
952.205150
952.445950
952.984500
953.100150
953.167400
953.417600
953.431850
953.973300
954.161300
954.814500
954.830250
955.126200
955.277300
955.351750
955.958050
956.308050
956.372500
957.800300
957.863500
958.791550
958.810400
959.190500
959.499950
961.794250
963.777850
963.960200
964.167900
964.349450
964.508150
965.045950
965.050250
965.116150
965.141100
965.237550
965.273400
965.309250
965.893650
966.126700
966.280450
966.326100
966.350250
966.532100
966.649900
966.656500
966.669100
967.062900
967.270550
967.315400
967.420350
967.427500
967.717650
968.045150
968.056850
968.089650
968.098000
968.261650
968.272050
968.634000
968.694200
968.973700
969.079300
969.381600
969.646850
969.734300
969.834400
970.531250
970.851700
972.270050
972.333750
972.648400
973.150500
973.803500
975.225600
975.555400
975.608200
976.577150
977.015200
977.127550
977.155550
977.178250
977.301350
977.495600
977.547000
977.679850
977.781600
977.814600
977.909300
978.014200
978.024050
978.275950
978.302100
978.478250
978.703350
978.727200
978.732750
979.001450
979.038000
979.178800
979.380850
979.463750
979.841950
980.332950
980.343950
980.627550
980.679000
981.315000
981.474800
981.482450
981.618850
981.651850
981.675950
981.723300
982.413250
984.303400
984.433250
985.437400
986.212150
987.165750
987.660300
988.232200
989.045000
989.462650
989.583050
989.657100
989.692950
989.973050
989.989150
989.995950
990.309750
990.362750
990.388850
990.422450
990.496050
990.588100
990.609250
990.906600
990.936050
990.938200
991.259050
991.289150
991.551300
991.661850
991.716750
992.103250
992.344900
992.521950
993.064400
993.265950
993.567200
993.596500
993.828100
993.862000
993.877500
993.892000
994.180000
994.279250
994.364500
994.570000
994.908100
995.525750
997.148200
997.432650
997.554250
998.074500
998.504450
999.015500
1000.299100
1003.087750
1003.836900
1004.230550
1004.792000
1004.976350
1005.603900
1005.607900
1005.628300
1005.664500
1005.740000
1005.888150
1006.216650
1006.286800
1006.342250
1006.477900
1006.718100
1006.910500
1007.260250
1007.625900
1008.985850
1009.602750
1009.681450
1010.122650
1010.317000
1010.378800
1010.516300
1015.957100
1016.037950
1016.055750
1016.481250
1016.600550
1016.737650
1017.151450
1017.198450
1017.202550
1017.263650
1017.421850
1017.624900
1017.877400
1018.119850
1018.153600
1018.161650
1018.213200
1018.231450
1018.281450
1018.289450
1018.420600
1018.550000
1018.627850
1018.721500
1018.749400
1018.788550
1018.871800
1018.922700
1019.006750
1019.425550
1019.440350
1019.907700
1020.070450
1020.175300
1020.206350
1020.589550
1020.791650
1020.896250
1021.026700
1021.139450
1021.391100
1021.435300
1021.605750
1021.882150
1021.921250
1021.966500
1022.057000
1022.334350
1022.357600
1022.717050
1022.816950
1022.859300
1022.883500
1023.002700
1024.008750
1024.255500
1024.653250
1025.057100
1025.474350
1025.527850
1026.878200
1027.951450
1028.304050
1029.425050
1029.487600
1030.011000
1030.521550
