1.410100
5.459750
10.200150
10.208100
10.211750
10.512750
11.978100
12.926850
12.930400
12.935600
12.961300
12.966800
12.984800
15.957900
15.961650
15.966600
19.346850
19.350350
19.355050
19.369200
19.377400
19.401900
21.064200
21.067750
21.072600
21.077150
21.081450
21.086150
21.090200
21.093900
21.098250
21.102450
21.107350
21.109700
21.112500
21.119100
21.163400
22.176950
22.180500
22.186200
22.241250
22.246550
22.252450
23.896300
23.899700
23.904600
23.909600
23.914100
23.919850
23.929650
25.152150
25.155850
25.165500
25.196700
25.261900
25.268050
27.240150
27.556650
27.560100
27.565150
27.576850
27.599150
27.606100
28.210850
28.214750
28.220450
28.226800
29.256550
29.260500
29.266000
29.278250
29.292750
30.470850
30.474850
30.480100
30.488250
30.532600
36.751050
36.754700
36.760350
37.369550
37.373450
37.381150
38.753350
38.756900
38.762050
42.681250
42.685100
42.690350
42.700750
43.032400
43.036350
43.041150
43.046750
43.052700
43.059500
43.062600
43.067000
43.599250
43.604800
44.253450
44.257750
45.113400
45.257600
45.263200
45.268050
45.274450
45.281650
47.683950
47.687400
47.692200
49.001800
49.014700
49.018800
49.020950
49.026050
49.042950
49.053300
50.419550
50.423550
51.269600
51.280600
51.284650
51.290600
51.299300
51.310850
51.410550
53.321450
53.327950
53.333650
53.338400
53.344100
53.352150
53.365800
55.036350
55.039800
55.045150
55.614950
55.619200
56.557100
56.579000
56.586900
57.031050
57.037150
57.040800
57.045750
57.050500
57.055200
57.064250
57.073450
57.081050
57.087450
57.092650
57.098000
57.449550
57.452900
57.457550
57.462300
57.467400
57.473650
57.480450
58.994200
58.997950
59.789650
60.247200
60.251300
60.265950
61.406700
61.410300
61.414750
61.418450
61.423300
61.425450
61.428300
61.432150
61.437400
61.444150
61.449950
62.508100
63.306350
63.345900
63.375900
63.379550
63.413000
63.426950
65.096400
65.100100
65.105800
66.293400
66.526750
66.530800
67.629850
68.015500
68.019200
68.024600
68.534300
68.539300
68.544450
68.549900
68.558850
68.572000
68.607500
68.613500
69.598400
69.603000
69.837750
70.184800
71.074350
74.121650
75.304800
75.682900
76.897000
79.316250
80.278950
83.953800
83.973900
86.628450
86.641150
88.071100
88.075700
88.087200
88.093200
88.098800
88.101200
88.103500
88.109750
88.158300
88.166750
88.175300
88.185150
88.191800
88.218900
89.306000
89.309600
89.316450
90.016350
90.059050
90.063100
91.451100
91.454800
91.458500
91.463350
91.468900
91.478700
91.496950
91.517600
92.888100
93.281450
93.506700
94.736500
94.743900
94.747850
94.754050
94.761350
96.428000
97.278550
97.282200
97.804900
97.808550
97.812850
97.817450
97.821650
97.826500
97.833250
98.516150
99.840400
99.866050
99.869500
99.874550
99.879800
99.884250
99.889900
101.354850
101.358300
101.364050
101.370400
101.376200
101.386100
101.456800
101.463150
101.473250
102.823650
102.827550
103.959050
104.995600
104.999400
105.005100
105.716350
106.904850
106.908850
106.916900
106.923450
106.927800
106.934600
106.941050
108.511950
108.518200
108.523400
108.532650
108.538400
108.543200
108.547950
108.561000
109.128500
110.601200
110.605200
110.610850
110.777850
110.783100
110.785250
110.913650
111.257750
111.262600
111.267700
111.272050
111.279700
111.285650
111.290300
111.302750
111.309200
111.316550
111.324550
111.330200
111.338600
111.347300
112.401000
112.405850
112.411100
112.417350
112.425750
112.432650
112.945750
113.162950
113.166450
113.171350
113.176250
113.181850
113.189250
113.198850
113.227000
113.302200
114.401400
114.405600
114.410700
114.416650
114.433150
114.438800
114.446550
114.556050
114.561500
114.565750
114.576150
114.582450
114.588650
114.597900
115.237900
115.242450
115.249150
115.261450
115.263650
115.265900
115.594850
115.717150
115.822150
116.339750
116.343550
116.350900
117.746450
117.751400
117.758050
117.763400
117.767750
118.302800
118.317150
118.322450
118.329500
119.436600
120.151450
120.155000
120.159800
120.165250
120.171150
120.176000
120.184750
120.192750
120.203650
121.226300
121.925000
122.094250
122.098500
122.102800
122.106650
122.111050
122.115000
122.119800
122.125700
122.131300
122.145550
122.195900
123.489750
123.494050
124.829650
124.835850
124.843900
124.849600
124.851900
125.211350
125.216800
125.228350
125.397600
125.409550
125.441000
125.448200
125.453400
125.466350
125.471650
125.477500
125.483000
125.488100
125.496000
125.502200
127.084500
127.088450
127.688500
127.692250
127.697200
127.701650
127.706150
127.711550
127.716950
127.722150
127.738600
127.754700
127.769400
128.355500
128.359450
128.364850
128.544500
129.540700
129.544450
129.549300
129.558400
129.564550
129.571550
130.451800
130.455450
130.461000
130.464800
130.471250
130.480800
131.582750
132.085800
132.088800
132.093050
132.827850
132.831700
132.835850
132.843250
133.717500
134.196500
134.201100
135.012700
135.016900
135.022400
135.026850
135.033400
135.550550
135.561500
135.566150
135.573900
136.037100
136.040600
136.045800
136.050800
136.059950
136.132400
136.756400
137.898500
137.902300
137.908250
138.408900
138.413550
138.921450
139.536850
139.540900
139.543950
139.900550
140.001000
140.013050
140.017850
140.030100
141.108850
141.112400
141.116700
141.121900
141.128900
141.135200
141.140250
141.147150
141.151750
141.157700
141.163650
141.174050
141.709900
141.716300
143.176350
143.180750
143.827400
143.831150
143.835650
144.244450
144.248850
144.253850
144.261250
144.265850
144.270700
144.276100
144.294350
144.738250
144.894900
144.899100
144.904050
144.908900
144.913700
144.918650
144.929650
144.935450
144.941500
144.945950
144.953750
144.959450
144.964350
144.969150
145.632450
145.636400
145.642050
145.653150
146.170700
146.178050
147.353700
147.359500
147.365550
147.370300
147.374800
147.380100
147.385550
147.391400
147.400000
148.329350
148.333100
148.339050
149.019050
149.969450
149.984150
149.989250
149.998250
150.169600
151.024750
151.029700
151.076950
151.082150
151.090250
151.095100
151.100650
151.126150
151.133150
151.138400
151.143800
151.156000
151.373200
151.382200
151.390100
151.672700
152.430150
152.434200
152.440200
152.516400
152.715950
152.728550
152.741100
152.915850
152.920900
152.926200
152.928350
152.931650
152.939100
153.507050
153.511100
153.516050
153.525000
153.533900
155.577200
155.581200
155.583450
155.586550
155.590900
155.595900
155.601950
155.613800
155.627300
156.337400
156.342600
157.050200
157.054300
157.978350
157.982400
157.995800
158.004600
159.773950
159.777450
159.782300
159.787050
159.793250
159.797450
159.802600
159.809050
159.823350
159.843850
159.890650
160.788350
160.792050
160.796450
160.801450
160.809250
161.761350
161.764800
161.769550
161.774650
161.779000
161.783700
163.185150
163.194450
163.199450
163.568400
163.579500
164.377450
164.381400
164.631300
165.220100
165.223950
165.228700
165.236050
165.668550
165.682300
166.383700
166.388000
166.407050
166.413950
166.424700
166.935900
166.939950
166.944400
168.047850
168.277100
168.281050
168.285900
168.290100
168.295100
168.301100
168.308250
168.314650
169.819300
169.823300
169.828600
169.832200
170.572100
170.941900
171.027900
171.781300
171.784950
171.790250
172.588500
172.592250
172.613850
173.650600
173.654500
173.715350
173.720050
173.731650
173.893500
174.206700
174.211150
175.352000
175.355650
175.360700
175.365800
176.094750
176.099450
176.105550
176.111400
176.118200
176.124150
176.130000
176.142250
177.773700
177.777850
177.782650
178.202250
178.206400
178.211250
178.216050
178.220700
178.226950
180.180850
180.184300
180.188400
180.193000
180.197150
180.201250
180.206000
180.208250
180.212650
180.217200
180.234800
180.244050
180.577900
181.252800
181.261950
181.265900
181.270800
181.276200
181.576700
181.848250
181.854950
181.863800
181.868400
181.873550
181.889700
183.723200
183.727400
183.732250
183.745300
184.904100
185.155800
185.159500
185.165150
185.173250
185.182450
185.188450
185.194000
185.218050
185.238200
185.624000
186.487000
186.495100
186.499850
186.504700
186.509850
186.512550
186.519900
186.831950
186.835950
186.844400
187.647450
187.651550
187.656250
188.250250
189.210700
189.214300
189.222400
189.372700
189.385950
189.393200
189.406750
189.466100
189.470850
189.476300
189.962000
189.966500
189.976800
189.982600
191.459700
191.469150
191.479700
191.484650
191.489350
191.496650
191.502900
191.511850
191.517800
192.379750
192.469200
192.473450
193.138650
193.143550
193.150650
193.367600
194.110900
194.416200
194.419800
194.426950
194.429100
194.433900
194.440750
194.447250
195.043650
195.047500
195.052250
195.057450
195.064150
195.069400
195.076050
195.081950
195.086800
195.091650
195.096800
195.103600
195.111650
195.139400
196.346350
196.553400
196.557550
196.562850
196.569350
197.477800
197.481400
197.486300
197.491450
197.499800
197.508600
197.514100
197.519100
197.525000
197.531200
197.537000
197.543700
197.551150
197.557350
197.566350
197.639550
198.485100
198.489950
199.855350
199.859300
199.864750
199.875600
202.217950
202.221500
202.226550
203.033950
203.549800
203.553850
203.558200
203.564100
203.569250
203.756850
203.762900
203.769650
203.777050
204.094050
204.103000
204.108400
204.319400
204.785800
204.791350
205.126950
205.138000
205.142700
205.148450
205.150600
205.159300
205.184450
205.190200
205.210150
205.215000
205.224400
206.325400
206.330200
206.336100
206.342100
206.348250
206.353500
206.360600
206.367050
206.378700
206.868050
206.872350
206.876900
206.889750
206.897100
206.904600
206.917750
206.927750
207.019050
207.879400
207.883800
207.890800
207.897500
207.915950
207.924050
208.224650
208.231450
208.244050
208.672150
208.678200
208.921650
209.369350
209.380800
209.386600
209.395350
210.500850
211.220050
211.228750
211.235950
211.245750
211.432700
211.438600
211.445450
212.261700
212.327800
212.354500
212.357250
212.362400
212.368600
213.105100
213.109450
214.020650
214.025400
214.788000
214.805700
215.525500
215.530050
216.111950
216.116750
217.133300
217.140050
217.145600
217.151600
217.156900
217.162750
217.177150
217.194750
217.537650
217.542550
217.547300
217.555900
217.570350
217.576350
217.582000
217.588750
217.601750
219.178050
219.182050
219.184850
219.187650
219.195450
219.209450
219.915500
219.920150
219.925200
219.930100
219.935050
219.940500
219.946750
221.755900
221.760500
221.766950
222.248900
222.253500
222.298900
222.305100
222.309350
222.316650
222.851900
223.337650
223.341750
223.348100
224.465000
224.469100
224.518100
224.532450
225.678900
226.525650
226.542650
226.547150
226.556750
226.566250
226.638800
227.153950
227.158350
227.164850
227.169550
227.176100
227.181100
227.908800
227.913150
227.918750
227.924300
227.931200
228.903350
228.907950
228.913350
230.276150
230.280000
230.285400
230.291250
230.518700
230.528900
230.534250
230.543600
231.136150
231.140450
231.160150
231.164950
231.169400
231.174600
231.180400
231.185550
231.195750
231.201500
231.217400
231.450600
233.189300
233.193050
233.195900
233.198000
233.204200
233.217400
233.245750
233.691900
234.371450
234.375350
234.379850
234.578150
235.150550
235.154600
235.160650
235.165750
235.626100
235.631050
235.641250
235.646350
235.651650
235.656300
235.661950
235.668600
236.146350
236.151600
237.031800
237.036000
237.053900
237.255100
237.259700
237.265300
237.270650
237.278900
238.656250
238.660600
240.159500
240.959950
240.964450
240.969900
240.975350
242.276350
242.280250
242.289550
242.296750
243.224300
243.234800
243.238900
243.243750
243.256000
243.333150
243.337400
243.342250
243.347150
243.350250
243.362350
243.366900
243.372400
243.377550
243.383200
243.389500
243.392050
243.395250
243.404500
245.085800
245.089250
245.096750
245.104700
245.114400
245.126250
245.166550
245.192850
245.771400
245.777750
245.784300
245.790000
245.796650
245.848550
245.874150
246.072100
246.076500
246.082150
246.088550
246.096500
247.004000
247.008550
247.029250
247.036500
247.045000
247.059900
247.064400
247.081450
247.106200
247.533050
247.538950
247.545000
247.552200
248.531200
248.535350
248.547650
248.556050
248.567850
248.573100
248.578700
249.457900
250.187900
250.191900
250.417850
250.423150
250.429600
250.435600
251.263050
251.281400
251.286250
251.321000
251.326800
252.883000
252.890050
252.904600
252.909300
252.916000
252.918350
252.920550
252.925750
252.931950
253.227450
254.274150
254.277650
254.282350
254.286950
254.298800
254.328700
254.334850
254.346150
255.180800
255.185050
255.190100
256.085500
256.089350
256.093850
256.098100
256.101750
256.106650
256.112200
256.116850
256.123600
256.156100
256.165050
257.140700
257.145700
257.154150
257.173950
257.180150
258.328900
258.634150
258.637950
258.643650
258.669350
258.675050
258.678650
258.684550
258.692050
258.695950
258.700600
259.337250
259.374050
259.378050
259.383150
259.385200
259.408950
259.414750
259.889400
259.894850
259.907850
259.941000
259.945750
261.197250
261.201350
261.205850
261.215800
261.476600
261.490850
261.506850
261.512400
261.519350
261.524350
261.530750
261.558800
261.565950
263.534500
263.598100
263.602250
263.608750
263.614700
263.619900
263.630600
264.157900
264.353500
264.363750
264.369300
264.378450
264.383600
264.390700
264.396550
264.403450
264.409600
264.414600
264.420050
264.425250
264.430450
264.435150
264.437300
264.440800
264.450300
264.462950
264.477950
264.534150
265.316200
265.324100
265.330100
265.338700
265.351150
265.808600
265.816950
265.822450
265.829150
265.860050
265.950400
265.953100
266.515200
266.604300
266.609500
266.614550
266.621400
266.626500
266.628700
266.633800
266.640650
266.643250
267.218250
267.221500
267.233050
267.244200
267.938450
267.943550
267.949900
267.955150
267.959700
267.965150
267.970550
267.977650
267.997150
268.141500
268.680200
269.130550
270.200950
270.209800
270.214050
270.229250
271.069600
271.077450
271.081050
271.086950
271.092650
273.325600
273.338000
273.374050
273.396350
273.398500
273.401750
274.140650
274.144650
274.149800
275.508100
275.512150
275.525700
275.800250
275.807850
275.812800
275.818400
275.831550
276.103150
276.109200
276.113900
276.119250
276.123700
276.129850
276.137800
276.147750
276.171000
276.378800
276.457000
276.463300
276.480450
276.997550
277.003100
277.499150
277.506250
277.523400
277.532200
278.119800
278.124900
278.182350
278.185950
278.190600
278.194550
278.196850
278.209850
278.661900
278.666550
278.671450
278.683200
279.349650
279.355000
279.490650
279.504900
279.519700
279.528850
280.103750
280.111600
280.116800
280.127500
280.153400
280.159200
281.205100
281.209100
281.214100
281.240500
281.244950
281.249150
281.253150
281.259150
281.264650
281.300450
281.816250
281.821950
281.830400
281.842100
282.169450
282.173800
282.179500
282.186350
283.090950
283.095000
283.100400
283.106150
283.112650
283.118150
283.126950
284.368850
284.387000
285.681100
285.687650
285.834900
285.841850
286.667550
286.672650
286.679600
286.782750
286.787150
286.794400
286.827850
287.529800
287.536700
287.546950
287.552850
287.563450
287.569550
287.579500
287.711150
287.892600
287.937600
288.480700
288.500100
289.113150
289.117600
289.125400
289.130250
289.136400
289.148900
289.194000
289.201750
289.213750
289.221450
289.762000
289.768300
289.771800
290.015900
290.020750
290.026500
290.031050
290.039200
290.245350
290.267100
290.282750
291.844350
291.848800
292.197150
292.462000
292.466400
292.958900
292.963600
292.979100
293.622500
293.624700
293.634750
293.654100
293.867450
293.880700
293.886000
293.896500
294.242200
294.570250
294.574450
294.582300
294.589400
295.379150
295.386450
295.391650
296.224400
296.229250
296.235650
296.241250
296.646750
296.656300
296.668350
296.981400
297.095550
297.100150
297.106750
297.112500
297.119150
297.139150
297.141800
297.792400
298.059550
298.063650
298.066950
298.070300
298.528150
298.533600
298.542800
298.821350
298.828750
298.837550
299.724150
299.727850
299.734700
299.742900
299.750600
300.036400
300.259350
300.266800
300.903000
300.910500
301.786500
302.246400
302.270800
302.275600
302.280300
302.286400
302.291100
302.300850
302.315200
302.324850
303.563850
303.568000
303.573150
303.645450
303.650150
303.655350
303.660400
303.663850
303.668150
303.675000
303.683850
303.691000
303.703500
304.733250
304.737100
304.741750
304.747400
304.752500
304.763550
304.785300
304.790800
304.803450
304.810650
305.068950
305.480100
305.591150
305.881750
306.224550
306.228600
306.547950
307.373700
307.378550
307.391450
307.398300
308.150300
308.154500
308.164850
308.170950
308.174350
308.196600
308.202950
308.377700
308.538350
308.546850
309.120400
309.124400
309.129450
309.135150
309.142050
309.465050
309.469750
309.477000
309.485400
310.227650
310.232050
310.243200
310.248700
310.261750
310.267900
310.275200
310.837000
311.063550
312.014150
312.018850
312.024050
312.631900
313.477100
313.481050
313.486250
313.490550
313.495300
314.302200
314.312250
314.321050
314.329050
316.128850
316.133500
316.139100
316.145700
316.150600
316.171150
316.180000
316.669100
316.962450
316.966600
316.970600
316.975250
317.050150
318.684050
318.687350
318.692450
318.810250
318.815800
318.822550
318.861650
318.869800
319.456150
319.460650
320.510950
320.516750
320.521750
320.670500
320.675700
320.680400
320.687150
320.691750
320.696750
320.701950
320.720250
320.731950
321.005500
321.010150
321.547200
322.921000
322.926150
322.931700
322.933950
323.361300
323.365650
323.370100
324.073350
324.077550
324.082300
324.087200
324.092850
324.104600
324.342150
324.345600
324.347850
324.353100
324.359950
324.372550
324.427200
324.432050
325.159350
325.163450
325.173150
325.180850
325.186950
325.619200
325.629750
325.637300
325.642700
325.651600
326.130950
326.136000
326.788600
326.792700
326.802050
326.895850
326.900200
326.953650
328.326900
328.331350
328.333500
328.337800
328.343600
328.363850
328.808100
328.818650
328.825400
330.573200
330.577850
330.665600
330.669600
330.675350
330.683250
331.385600
331.391250
331.576200
331.580300
331.583050
331.590300
331.595600
331.604500
331.734250
331.739300
331.746200
331.968150
331.977900
332.859200
332.868800
332.951600
332.956550
333.278750
333.856000
333.865850
334.071550
335.107550
335.112400
335.365350
335.546100
335.557000
335.570850
336.053300
336.058800
336.063750
336.841400
336.845400
337.073100
337.090900
337.096200
337.109300
337.208300
337.214750
337.219550
337.226000
337.233000
337.264300
338.117750
338.122650
338.127200
338.131500
338.133600
339.346850
339.352500
339.359750
339.368700
339.564900
339.599400
340.673900
340.678600
340.687000
340.975350
341.162500
341.226750
341.939250
341.943100
341.954300
342.045300
342.116700
342.122200
342.130950
342.137550
342.142850
343.449350
343.453050
344.868300
344.872850
344.879650
344.886450
345.021800
345.071700
345.112000
345.333800
345.400750
345.405250
345.621300
345.695350
346.241550
346.245750
346.254600
346.261800
346.722950
346.726500
346.731100
346.736050
346.741000
346.746400
346.751750
346.757650
346.764000
346.775150
347.638050
348.210700
348.221150
348.431850
348.436800
348.442000
348.446200
348.451150
348.464250
348.476750
348.478950
348.560000
349.202650
349.760100
350.358900
350.362950
350.371600
350.402050
350.562450
350.567350
350.573550
351.112500
351.126900
351.656300
351.661550
353.155700
353.159950
354.329700
354.345150
354.351150
354.356600
354.362400
354.367500
354.372850
354.379550
355.060750
355.072900
355.297500
355.312650
355.394450
355.876800
356.206000
356.214300
356.225800
357.274500
357.278400
357.283400
357.288100
357.292300
357.298100
357.697150
358.482150
358.485900
358.491450
358.494750
358.497600
359.567500
359.571150
359.576950
359.584950
359.668200
360.158450
360.388500
360.787950
360.792050
360.799000
360.907250
360.952600
360.956950
360.962400
360.967150
360.972450
360.984500
361.040350
361.213600
361.962450
361.974300
361.980050
361.986250
361.992700
362.000700
362.007400
362.153650
362.872150
362.880200
362.884950
362.890450
362.896400
364.011350
364.016350
364.027200
364.472350
364.485900
364.495450
364.501900
364.885250
364.898800
366.212050
366.215850
366.221700
366.226850
366.234100
366.955600
366.959400
366.963900
366.968650
366.974350
366.981700
366.986700
366.999300
367.005150
367.790250
367.796950
367.800300
367.805950
367.811150
367.817050
367.823500
367.830750
367.836450
367.865950
367.871450
367.878050
367.886700
367.892750
367.899700
367.912550
367.918950
367.931800
367.944000
368.019350
368.341650
370.284400
370.288000
370.292650
370.789700
372.161550
372.165350
372.170400
372.175200
372.179650
372.183900
372.188800
372.194300
372.200200
372.205950
372.211900
372.222500
372.248800
373.372500
373.397250
373.990700
373.994950
374.000350
374.005550
374.855550
374.859650
374.864500
374.867700
374.871250
374.879250
374.887050
374.900200
374.905700
374.913550
374.920400
376.536850
376.541100
376.922950
377.902950
377.906900
377.911700
377.916550
377.923300
377.929800
377.937100
377.939750
377.947850
380.488450
380.496400
380.502250
380.513250
380.521050
380.527500
380.709200
381.077050
381.081750
382.359350
382.581000
383.036000
383.041500
383.731950
383.735800
383.740200
383.745550
383.762300
383.764400
383.883900
383.888850
383.909750
384.848300
385.756850
385.760400
385.765650
385.771950
386.137250
386.152700
386.155750
386.385300
386.887650
387.438250
387.446700
387.498400
387.502850
387.508250
387.976250
387.981350
387.994850
388.226600
388.236050
388.240200
388.245800
388.250950
388.256150
388.260650
388.283550
388.293000
389.837200
390.446750
390.451150
390.461400
390.569350
390.574300
391.068100
391.076650
391.083950
391.088950
391.272850
393.140700
393.145550
393.159150
393.434650
393.586900
393.592150
394.025700
394.278550
394.283800
394.292300
395.428700
395.433000
395.437450
396.055100
398.077450
398.081100
398.088100
398.452450
400.101750
400.105450
400.110550
402.210550
402.214650
402.346700
403.197000
403.250400
403.837950
403.842100
404.089850
404.644900
404.651850
404.656800
404.669400
406.251000
406.255650
406.266350
406.272950
407.022850
407.816450
407.820000
407.824350
407.829200
407.833350
407.838300
407.843750
407.851500
407.885400
407.892700
407.899350
408.125700
408.129800
408.135200
408.141800
409.885750
409.892050
409.901500
410.382650
410.387850
410.392650
410.436600
411.855300
411.860200
411.867650
411.873300
411.878200
411.884950
411.890000
411.905600
411.943000
411.949100
412.585400
413.034650
413.042250
413.048400
413.053400
413.058700
413.065550
413.670800
414.922550
414.926750
414.934700
414.947750
415.089000
415.237100
415.347200
415.960000
415.963900
417.612950
417.780150
417.784750
417.791500
417.807850
417.813350
419.156850
419.161050
419.175250
419.181250
419.185950
419.189500
419.192000
419.194950
419.201300
419.210500
420.279750
420.288650
420.556200
420.563550
420.568650
421.268250
421.271450
421.282500
421.287350
421.290950
421.298050
422.249700
422.254250
422.263200
422.274800
422.683900
422.687650
422.690850
422.699400
422.706200
422.713950
423.329950
423.984400
423.988250
424.638600
424.642900
426.444300
426.449200
426.460450
427.085500
427.552950
427.556850
427.562950
427.569650
427.578100
427.583400
427.595000
429.178050
430.552750
430.556700
430.562800
430.568400
430.574650
430.579200
430.617850
430.622850
430.627450
431.125000
431.220350
431.318800
431.323050
431.698050
432.858650
432.863650
432.876550
432.882600
432.888000
432.892550
433.331350
433.535000
433.539350
433.544650
433.550650
433.556700
435.154400
435.158400
435.844700
435.852650
435.860250
435.867900
435.873200
435.884150
436.778900
436.781350
436.784950
436.789550
436.898650
437.120800
437.130450
437.135650
438.414850
438.422500
439.324650
439.328400
439.333350
439.346350
439.353000
440.166150
440.175500
440.182500
441.032700
441.037350
441.040650
441.750450
441.754600
442.379700
442.383950
442.388650
442.395200
442.401550
443.620950
443.629750
443.642100
444.998850
445.005750
445.010100
445.501100
445.506050
445.813450
445.817750
445.828000
445.835850
445.894750
445.953000
445.957150
445.978450
446.387950
447.269150
447.272900
447.289550
447.302350
447.609100
447.920350
447.929750
447.934600
447.939250
447.945550
447.951800
447.957450
447.964150
447.972650
449.142450
449.148050
449.153800
449.159700
449.164500
449.170650
449.179000
449.187850
451.358550
451.813850
451.823300
451.825550
451.830100
451.840700
451.847750
452.422000
452.425700
452.431800
452.478400
453.171200
453.175600
453.182100
453.187650
453.193200
454.160850
454.164850
454.170350
454.178000
454.186350
454.894200
455.289600
455.294000
456.517950
456.999600
457.098500
457.102750
458.731250
458.735200
458.739650
458.745050
458.751100
459.658100
461.285450
462.342400
462.345550
462.349900
462.355100
462.363600
462.369400
462.376950
462.398600
462.410150
462.667650
463.587600
464.364700
464.368400
464.373150
464.377900
464.384050
464.394650
464.405500
464.413100
464.861000
464.865450
464.871400
464.877050
464.882500
464.892650
464.900650
465.143600
465.155250
466.079800
466.085050
466.089850
466.104650
467.889700
467.896550
467.920300
467.925300
467.932750
468.274100
469.913850
469.917950
469.925050
470.596900
472.282900
472.286100
472.292250
472.299850
472.311200
472.972500
472.976450
472.981150
472.987400
474.201200
474.205000
474.214300
474.626400
474.874900
474.886500
474.892800
474.898250
474.905500
474.918000
474.933150
475.508150
476.968100
476.971700
476.975850
476.980150
476.985050
476.990000
477.074600
477.081250
477.573100
477.577450
477.589150
478.028850
478.785750
478.790700
479.290400
479.295450
479.300850
479.306400
479.311250
479.318350
479.327950
479.679750
480.056650
482.214450
482.248000
482.251950
482.259100
482.267000
482.343450
482.434500
482.825050
482.829150
482.835550
482.843450
482.849000
482.855850
483.222100
484.115050
484.119850
484.138150
484.243900
484.248400
485.582500
485.586550
485.601650
485.607450
487.644450
487.648700
487.655650
487.670100
487.684450
488.508450
488.512950
489.104850
489.109700
489.117700
489.129800
490.636600
490.640500
490.694650
490.699050
490.704300
490.709550
490.714650
490.719850
490.725050
490.730200
490.736950
490.744250
490.750550
490.758900
491.040800
491.048500
491.055050
491.062400
491.440200
491.452200
491.474050
491.482850
491.621950
491.628200
493.051300
493.055700
493.062400
493.083650
493.090550
493.097550
493.104750
493.112850
493.135650
493.660100
493.830050
495.248900
495.256400
495.268600
495.497950
495.503250
495.508800
495.510950
495.514700
495.523750
495.532100
497.004000
497.010250
497.015700
497.568900
497.574950
497.820200
498.188000
499.034250
499.917250
499.920950
499.930150
500.357450
500.363150
500.368700
500.373500
500.383500
501.206550
502.204150
502.209450
502.214450
502.224300
502.230500
502.244000
502.674950
503.609200
503.614400
506.613650
506.617050
506.621350
506.626100
506.630900
506.635700
506.643300
506.649150
506.656500
506.666450
506.669500
506.672150
506.678100
506.684150
507.428350
507.739550
507.751250
507.757000
508.271400
508.767750
508.923650
508.931850
508.936050
508.953100
508.970200
508.977300
509.452900
509.548200
510.475150
510.487750
510.496350
510.509900
511.460550
513.067450
513.085300
513.089200
514.456500
515.691950
515.730800
515.735350
515.865800
515.871900
515.888500
515.893650
515.898950
515.903950
516.010650
520.327550
520.669100
520.672850
520.676100
520.755750
520.762850
521.169950
521.174150
521.180250
521.184750
521.196800
521.295000
521.299850
521.306500
521.312150
522.728650
523.116400
523.120250
523.475150
523.484600
523.489550
523.494450
523.499150
523.505050
523.509600
523.516000
523.525100
523.532450
523.540900
524.871900
524.875600
524.881550
524.887700
524.893050
524.896250
525.167050
526.496850
527.040150
527.044400
527.054750
529.159450
529.164950
529.170250
529.176700
529.608850
529.631800
529.637600
530.137050
530.142550
530.149800
530.158100
530.617850
530.864500
530.911900
530.915700
530.920450
530.925200
530.929950
530.935550
530.941150
530.946100
530.951000
530.963250
531.441550
532.783800
532.795000
533.190900
533.255300
533.600350
534.454550
535.851500
536.112700
536.117000
536.122800
536.127800
536.134100
536.138600
536.149600
536.155900
536.161900
536.167850
536.175300
536.178500
536.189100
536.265300
536.287500
536.293850
537.928550
537.933300
537.947250
537.953350
538.591250
538.598550
539.503600
540.099000
540.105200
540.116750
540.553650
540.564100
540.575100
540.580100
542.053800
542.067950
542.073400
543.021350
543.294800
543.299200
543.303700
543.312300
543.489050
543.495700
543.501800
543.507350
543.514650
544.414500
544.419050
545.527800
545.533650
545.721900
547.247700
547.254200
547.261700
547.267900
547.273650
547.280800
547.287350
547.298750
547.342800
547.358500
547.675900
548.946750
548.955750
548.971700
549.031950
549.035800
549.040600
549.050150
549.896150
550.038000
550.216400
552.565800
552.584300
554.155500
554.159200
554.162950
554.168850
554.174450
554.179300
554.185700
554.462450
557.296300
557.300800
557.382850
557.816600
558.652600
559.432050
559.472150
560.108100
560.112250
560.121950
560.127300
560.763500
560.767600
560.769650
560.779450
561.839450
561.848550
562.480350
563.625800
564.436600
564.440450
564.445100
564.458200
565.776250
565.779950
565.791100
565.795900
565.802350
565.808100
566.342300
566.350900
566.927300
566.931300
566.938300
566.944550
567.621050
567.633000
568.507300
568.597550
568.602950
569.159900
569.163950
569.169300
569.174050
569.186300
569.202800
569.207800
569.212450
569.219850
569.227900
569.590450
569.606950
569.619350
569.625400
571.785100
571.788950
571.798050
571.803450
571.810400
571.818400
575.105750
575.450300
575.453900
575.459600
576.055400
576.061300
576.065100
576.310000
576.318050
576.322900
576.329650
576.430950
576.511400
577.255300
577.264550
577.306700
577.325250
577.479000
578.435200
578.439400
578.446000
578.451950
578.460200
578.508150
578.513250
578.518050
578.524750
579.119000
579.328100
579.620600
579.738850
579.746900
579.751700
579.756800
579.759950
579.765750
580.320100
580.325350
580.331600
580.338200
581.206150
581.209750
581.212950
581.215200
581.238200
581.243700
581.249650
581.255000
581.280150
581.925950
582.000550
583.147000
583.192200
583.195150
583.201600
585.406850
586.841200
586.846250
591.328700
591.771250
591.786750
594.919050
597.172500
599.032300
600.892500
600.984650
603.584050
608.508250
608.986450
608.998400
611.224350
612.363300
612.538250
612.983400
613.933650
614.902950
614.907650
614.913550
614.918550
614.924350
614.930650
614.936800
615.058050
615.431050
616.611950
616.923100
616.936650
617.060800
617.218100
617.239700
617.246800
617.253850
617.755200
617.759650
617.771500
617.778250
617.942950
618.059500
618.571400
618.575100
618.585300
618.590100
618.682700
619.423600
619.428200
619.433550
619.441100
620.597250
620.602100
621.031550
621.038100
621.048850
622.106200
622.112500
622.118850
622.127850
622.136950
622.146300
622.156550
622.162850
623.542350
623.595800
623.599400
623.604750
625.168950
625.172850
625.836150
625.842000
626.023950
626.040100
627.937800
629.023500
629.029900
629.035900
629.044100
629.852200
630.958700
630.965250
631.251850
631.430750
631.439200
631.457250
631.464550
631.471800
631.480000
632.040900
632.317000
632.320750
632.328800
633.000250
633.005200
633.012600
633.490500
633.495750
633.504300
633.520450
637.024350
637.028650
637.037950
637.045550
637.053200
637.069300
637.091900
638.530050
638.535400
638.592350
638.708550
639.049200
639.519450
639.525650
639.531600
639.566350
639.570900
639.579150
641.423800
641.427400
641.432200
641.438150
641.443000
641.448700
641.455000
642.050800
642.123200
642.129600
642.175150
642.754900
644.001000
645.362550
647.087600
647.091250
647.098450
647.677250
647.683950
649.778450
651.026400
651.030000
651.035800
651.042250
651.048750
652.103300
652.108600
652.117050
652.123950
652.133100
652.142450
652.162150
652.167100
652.181350
653.806500
653.811050
654.265050
654.277800
654.696750
654.716100
655.090600
655.095500
655.101850
655.107250
655.115050
655.120200
655.133700
655.139800
655.145450
655.150950
656.183600
656.444800
656.449700
656.509450
656.514700
656.525750
657.373900
657.377600
657.381950
657.387100
657.393150
657.835200
658.381800
659.101250
659.384550
659.388750
659.395000
660.152050
660.264200
661.148050
661.152050
661.160100
661.164650
661.431500
661.973200
661.977900
661.985900
662.850950
662.857000
662.866950
663.349450
663.357200
663.362850
663.369350
663.972400
663.976350
664.233800
665.735750
666.363450
666.404000
666.407550
666.413800
666.424300
666.520500
666.548750
667.747250
667.896150
668.709250
668.713000
668.718150
668.724150
668.729700
668.736400
669.161200
669.309050
669.640200
669.843650
669.847600
670.418250
670.422700
670.429500
671.638250
671.648400
671.652600
671.663700
671.672600
671.676300
671.681850
671.691250
671.698100
671.773800
672.001100
672.008700
673.924800
674.046900
674.051250
674.055250
674.884250
675.332350
675.452050
676.291150
676.406250
676.410550
676.475900
676.493750
677.196500
677.286500
677.333900
678.178150
678.186700
679.037650
680.260500
680.534600
680.556650
680.562600
680.569300
681.038300
681.045550
681.177100
681.428500
681.436100
681.590000
681.593950
681.598550
681.860550
682.012850
682.054900
682.494200
682.500950
682.503100
682.506050
682.511100
682.528500
682.537700
682.712050
682.767000
683.702150
683.767350
684.112350
684.507100
685.493100
686.235950
686.238950
686.244200
686.266100
686.272350
686.275550
686.278000
686.286950
686.295650
686.780400
686.786300
686.791700
686.796650
686.802350
686.812100
687.682550
687.692350
688.272350
688.277200
688.282950
688.288600
688.295050
688.301100
688.304950
688.314600
688.327650
688.473150
688.866900
689.549350
689.554950
689.562100
689.763350
691.926250
691.935250
692.165950
692.186700
692.193250
692.198750
692.204800
692.846050
692.852300
692.860400
692.915650
692.927400
692.934600
693.528650
693.642250
693.644900
695.025750
695.031250
695.036650
695.046400
696.845950
697.193500
697.201450
697.208550
698.020300
698.024350
698.030500
699.121200
699.125900
699.135000
699.248800
701.642900
701.646900
701.668800
703.099000
703.102750
703.112300
703.126250
703.132700
703.403150
703.409450
703.923650
704.627250
704.632050
704.636950
704.643700
705.643750
705.856900
705.862600
706.272450
707.569500
707.574800
707.581450
707.590350
707.597350
707.606000
707.611450
707.626150
708.968300
708.973950
708.983750
708.987900
708.999850
709.011700
709.017950
711.633950
711.647500
712.811400
712.820800
712.826050
712.833900
712.842800
713.553750
713.557650
713.563000
713.569750
713.575600
713.579950
715.081350
715.085800
715.478250
715.483900
715.489350
715.494650
716.088000
716.092450
716.104900
716.225300
716.620300
716.626850
716.630850
716.636150
716.640800
716.646050
718.463350
721.181850
721.198550
721.209200
721.444350
721.452300
722.614850
724.260600
724.264100
724.270400
724.277300
724.286750
724.291900
724.297500
724.299550
724.302550
724.307850
724.314450
724.319950
725.367150
726.013750
727.235250
727.238650
727.242950
727.247900
727.255650
727.313150
727.320050
727.329950
727.356300
728.169600
728.174000
728.615450
728.621950
730.165750
730.169400
730.175450
730.187050
730.208250
731.264100
731.268500
731.278250
731.293950
731.305600
731.318950
731.326050
732.679600
734.171500
734.178250
735.812250
735.816100
735.821350
735.827750
736.064450
736.995550
737.000400
737.006150
737.018750
737.029850
737.042000
739.327700
739.331800
739.386500
741.310900
741.366750
741.371450
741.811550
741.817400
741.826600
741.833300
741.840000
741.848050
741.853150
741.866700
741.987700
741.993950
743.002550
743.013200
743.020900
744.069400
744.073850
744.609300
744.702750
744.707900
745.655350
747.598250
747.602100
747.608050
747.614200
748.277550
748.282850
748.294450
749.468750
749.823900
750.453750
750.458600
750.462550
750.467300
750.472600
750.659450
750.665800
750.668850
752.291000
752.294550
752.300250
752.302800
752.317200
752.320850
752.326200
752.334100
752.353550
752.446350
752.450700
753.767450
753.796050
754.361000
754.364750
754.371100
754.376150
754.382750
754.390500
754.426050
754.435700
754.446050
754.452650
754.455600
754.463450
754.481400
754.487550
754.496150
754.505300
756.520450
756.524500
756.959800
756.964800
757.857750
757.863350
757.872150
757.877200
757.883600
757.888550
758.383850
758.389650
758.685600
758.689850
758.697600
759.216400
759.220000
759.226100
759.232450
759.240750
761.443000
761.446850
761.470500
761.473900
761.487300
761.491100
762.310050
762.468250
762.473450
762.499150
762.503150
763.469700
764.081100
764.089300
765.347750
765.352750
765.508350
765.525250
766.010150
766.167000
766.174500
768.297750
768.302150
768.310000
768.316100
768.325700
768.350300
768.357150
768.381500
769.161700
769.903100
769.907100
769.916500
769.973700
769.979450
771.154400
771.166250
771.723600
771.728350
771.733250
771.743500
773.898000
775.805250
775.809150
775.813200
775.817800
775.831800
775.837200
775.842500
775.849150
775.856200
777.203050
777.207950
777.213000
778.390100
780.540750
780.544900
780.551250
780.559250
781.123450
782.815400
782.998400
783.002700
783.008500
783.014000
783.380050
783.383900
783.390050
783.396250
783.531400
783.984250
783.988300
783.994950
784.380550
784.384600
784.396700
785.980800
785.985150
785.990950
786.115150
786.686800
787.272100
787.282550
787.288850
787.298650
787.587100
788.426150
788.431400
789.321050
789.333300
789.522200
789.526800
789.534000
791.311300
791.315650
792.322500
793.344850
795.290250
795.301250
795.666350
795.671800
795.676150
795.684150
795.690250
795.696150
795.702950
795.710800
795.717100
795.724300
795.733200
795.740200
797.613250
797.617300
797.639800
797.644500
797.650050
797.657250
798.945200
798.949000
798.954700
799.480750
799.487400
801.613550
801.620100
801.626500
802.268850
802.564450
802.576400
803.221950
803.558350
803.562150
803.568100
803.576850
803.927050
803.930850
803.937900
803.947850
804.068800
804.972100
804.976150
804.989650
804.996900
805.179750
807.496000
807.499950
807.846650
807.863850
807.867350
807.872700
807.882200
808.686000
808.691300
808.698500
810.077950
810.087450
810.094600
810.121950
810.125600
810.131500
810.137700
810.142350
810.148400
810.153900
810.193400
810.571100
810.576100
810.583650
812.029850
812.033500
812.659350
812.664400
812.671400
813.995400
814.018050
814.023250
814.033800
814.450000
814.580650
814.586050
814.597500
814.951550
814.956600
814.963100
814.967200
814.971800
814.977450
815.007000
816.261650
816.425200
816.429100
816.434350
816.442550
816.710600
816.724650
816.731150
816.736500
816.747350
819.885900
819.889500
820.031900
820.037250
820.043150
820.048950
820.107050
820.111350
820.116950
820.124050
820.137000
820.668750
820.673000
821.005650
821.011650
821.846650
821.851650
821.858200
821.861450
821.863950
821.883050
822.283600
823.254750
823.258700
824.101950
824.106350
824.117200
824.122800
824.128550
824.134800
824.143850
824.164050
825.043100
825.898200
825.905750
825.917600
826.233000
826.425650
826.440100
827.863150
827.867200
829.716650
829.725750
830.397200
830.401300
830.406800
830.412900
831.405300
831.410250
832.047550
832.052300
832.695800
832.702200
833.543350
833.547350
833.551500
833.556700
833.562100
833.570200
833.877750
833.977200
833.982950
833.988300
833.999100
834.009150
834.016500
834.025350
835.832700
835.836750
835.842500
835.847150
835.857850
835.863400
835.878200
835.890250
835.898650
835.932500
836.504450
836.509750
837.948700
837.952650
837.994950
837.999800
841.416600
841.420400
841.426950
841.435900
842.786350
842.790400
842.794950
842.800600
842.807150
842.813250
842.823200
842.829650
842.838550
843.208250
844.303550
844.414400
844.431450
844.437050
844.450300
844.463700
844.470800
844.795400
847.506750
847.595700
847.600950
847.605800
848.397350
848.401850
848.894650
848.904950
848.909600
851.002450
851.395300
851.400450
852.632000
852.636300
852.642300
852.652900
854.090450
854.096150
857.490900
857.493250
857.590750
857.598300
857.602950
857.607250
857.612800
857.619250
857.625300
857.856250
858.869550
858.874900
858.880500
858.885650
858.891300
858.903600
859.046350
859.999450
860.002500
860.006300
860.011500
860.016150
860.021150
860.030550
860.183850
861.928350
861.932900
861.940450
863.839200
863.850400
863.855450
864.483650
864.487700
864.494050
864.500900
864.510700
866.252650
866.847200
866.851300
866.906400
866.911450
866.920200
867.222150
867.226400
867.231700
867.718250
867.722950
867.731800
867.740800
867.773350
868.104900
868.837850
869.618700
869.627000
869.631400
869.637500
869.641300
869.643650
870.019950
871.699550
871.703300
871.712050
871.732500
871.737500
871.783150
872.291850
872.296300
872.301350
872.307150
872.312350
872.429550
872.433950
872.440100
872.447950
872.678550
873.900150
873.905550
873.913450
873.918350
873.925000
873.930100
873.936800
875.178550
875.588850
876.818450
876.822650
876.827450
876.838950
878.620100
878.623900
878.627850
878.630600
878.632950
878.638800
878.646100
878.653450
879.800250
879.818900
879.840650
879.845900
881.296750
882.247500
882.251150
882.256250
882.269700
883.759900
884.340300
884.344950
884.356900
884.363600
884.369900
884.377250
884.408650
884.413450
884.424350
885.541250
885.545450
885.556450
885.563600
885.572450
885.589000
885.604000
885.614650
885.616700
885.623400
885.637300
886.533850
886.538150
886.866250
887.718000
887.969300
887.973800
888.228200
888.232500
888.261800
889.983650
890.135850
890.412650
890.746850
890.752600
891.677950
891.682050
891.689550
892.387650
892.632600
893.197000
893.202700
893.224750
894.923000
896.805900
896.816800
897.874650
897.925850
897.930550
900.672150
900.688900
900.692800
900.698850
900.752050
902.693150
903.392150
903.397200
903.403250
903.408700
903.420850
903.427950
903.434400
903.546050
903.552350
903.559150
904.067400
904.072250
904.079600
904.085450
905.374000
906.164750
906.579600
906.583450
906.588500
906.594100
906.602550
906.609600
907.594850
907.604700
909.514950
909.519600
909.525200
909.530200
910.542750
910.936950
910.944950
910.949500
910.955850
910.960600
910.965550
910.974250
910.981000
910.989950
911.645450
911.650450
911.656950
913.765900
913.769650
913.774750
913.786300
913.793100
913.799600
915.437300
915.532600
915.541150
915.545700
916.552950
917.196950
917.201350
917.206300
918.272600
918.284350
918.290900
918.373200
918.378750
918.386350
919.472400
920.335000
920.490750
920.495000
920.506900
920.511750
922.547450
922.552950
922.561950
922.566850
922.573000
922.579100
922.593350
923.254950
923.259650
923.265200
923.270750
923.277900
923.283850
923.289300
923.298500
924.212250
924.217550
924.221800
924.288750
924.295500
926.472400
926.477750
926.486150
926.490450
926.495650
926.505800
926.512500
926.518200
926.527150
926.534100
926.557650
926.570600
927.182200
927.187700
927.274050
928.335700
928.342150
929.299850
929.927500
930.622000
930.625500
930.632150
931.261050
931.268800
931.274000
931.278500
931.283600
931.299150
931.816850
931.821800
931.828550
931.852050
931.859350
934.414800
934.418550
934.428300
934.433450
937.667100
937.671950
940.494500
940.829000
940.832700
940.837550
941.595400
941.599550
943.982550
944.001600
944.023850
944.028950
944.538100
944.900350
944.905950
944.922200
944.927450
944.932700
944.936750
944.942250
944.949700
946.031750
946.035950
946.041700
946.047950
946.056900
946.123400
946.125800
946.129400
949.478650
949.482600
949.492500
949.498700
949.509450
949.514050
949.520200
950.277050
950.286150
950.292400
950.301100
951.013800
951.019850
951.479100
951.486850
951.492550
951.510600
954.275050
954.278550
954.283750
954.290500
954.960900
954.963450
954.970650
954.977500
954.984700
955.159500
955.864700
956.530750
956.535750
956.949350
956.963100
956.966800
956.971050
956.976450
959.104100
959.771050
959.775400
959.780600
959.787150
959.794050
960.312900
960.317100
960.322850
960.490400
960.496950
960.513500
961.873000
962.136650
962.140750
962.145200
962.151150
963.262800
963.268150
963.614200
963.807650
964.415700
965.002400
965.008800
965.014300
965.096850
966.122250
966.367750
966.372350
969.297600
972.303750
972.307200
972.311000
972.317200
972.328650
972.371350
972.376050
972.383350
972.407850
972.413750
973.015000
973.353200
976.485650
976.771950
976.776100
976.781500
978.184550
978.189100
978.572550
978.587400
979.401300
979.424200
980.742750
980.790350
981.840150
981.843850
981.850550
981.856550
981.863000
981.868800
981.874550
981.884250
981.893800
981.965550
983.141850
983.150600
983.155250
983.163050
983.175650
983.179950
983.186000
983.193100
983.205850
985.274700
987.992300
987.995850
988.407000
988.412350
988.418400
988.426650
988.433100
989.322250
989.334400
989.340000
989.352250
989.363150
989.560500
989.957100
990.268350
990.483250
990.553650
990.803750
991.956250
991.959600
992.419200
992.732450
992.736500
992.738600
992.742550
993.520500
993.524850
993.529850
993.858850
993.864750
993.872500
994.724350
994.728700
994.745900
994.754150
995.857250
995.862150
996.393300
996.405950
996.410600
996.418900
996.424900
996.447350
996.455750
996.477550
996.509100
996.601650
998.301050
998.306550
999.737600
999.742950
1002.343400
1002.347200
1002.418000
1002.423100
1002.428400
1002.440850
1002.446850
1003.892700
1003.896700
1004.296700
1004.388450
1004.392500
1004.396850
1004.411800
1004.420100
1004.427600
1005.915550
1006.434350
1006.438100
1007.115450
1007.150400
1007.155700
1007.662400
1007.666800
1010.233900
1010.587550
1010.590550
1010.593350
1010.604000
1010.609050
1011.208300
1011.212450
1011.220000
1011.227750
1011.295950
1011.311800
1012.143200
1012.147000
1013.561400
1013.566250
1014.512500
1014.521500
1016.582450
1016.586250
1016.591550
1016.834050
1016.838950
1016.949500
1017.199350
1017.204300
1018.633950
1018.638300
1018.657250
1018.663600
1020.080150
1020.571000
1020.635750
1021.507650
1021.511600
1022.890150
1022.894650
1022.900400
1024.890150
1024.893650
1024.902750
1024.909200
1024.916150
1026.107150
1026.111900
1027.709750
1027.713250
1027.720400
1028.916700
1028.920650
1028.927750
1029.934400
1029.947000
1029.951900
1029.956400
1029.962450
1029.974800
1031.070850
1031.080700
1031.086100
1031.448950
1031.453550
1031.462300
