6.555750
9.014900
10.224150
10.235650
15.958850
19.408150
21.080550
24.603750
25.133800
25.154950
27.598200
28.293850
31.566350
35.379800
44.209350
44.249650
45.253250
45.267300
47.019000
50.953750
51.251050
57.448300
57.463350
57.468800
59.510250
61.663900
62.674450
65.060400
65.105850
67.184800
74.861050
76.259100
77.777750
84.435650
86.582200
89.239300
94.109200
94.122050
97.044200
104.385950
105.844650
107.409400
110.783200
111.323000
111.359650
113.682400
114.573250
120.311600
122.134500
122.999050
125.697350
127.704350
127.763550
135.009850
135.019100
135.608050
138.806250
138.921450
144.938750
144.954800
144.989750
146.251850
147.369750
147.411100
148.901750
149.959100
151.392950
153.104750
153.107950
153.119900
153.324600
153.856200
155.489250
156.268250
159.744800
161.616300
161.778950
163.017000
165.667300
165.682450
165.689900
165.694850
166.070500
166.928150
166.934700
166.953300
167.091050
168.968400
170.090350
170.753450
170.817750
170.998800
174.378000
174.840150
177.709900
178.582350
180.208500
183.129100
185.221050
185.371600
185.656600
185.776100
186.503400
186.515900
186.742850
186.817150
187.813200
189.151000
189.159200
189.930750
189.949550
189.987000
190.992350
191.020650
191.141300
191.630900
191.646250
191.650450
192.211350
193.873400
194.519450
194.938050
196.562900
197.510600
197.521400
197.542150
201.887400
201.899050
202.059600
202.062450
202.083900
203.847650
204.110400
204.484200
205.194100
206.687050
206.706950
206.952500
208.103450
209.351350
212.598250
213.149800
214.776800
215.760500
217.129650
217.520550
220.800000
222.839950
226.560500
226.566600
231.185300
231.208150
231.225850
233.167650
233.828950
233.840550
234.379700
235.542350
236.963050
238.474200
238.612150
238.614350
239.969600
240.959650
242.955900
243.349100
243.352450
243.365850
243.385800
243.412750
244.080400
244.097000
244.428500
244.692800
245.147700
246.090350
246.265800
246.455750
246.470550
246.970700
247.355900
247.369000
247.575500
248.786100
249.482650
251.079400
251.110100
251.170200
251.255100
253.112600
254.100600
254.309100
257.517200
257.548000
258.305850
258.689250
258.707750
258.737150
259.482450
259.896050
260.096700
260.961750
261.508450
262.292400
262.304300
262.496700
263.106100
263.552050
264.372650
264.399100
264.428950
264.445850
264.815950
265.803850
267.101350
267.110600
267.134100
267.140350
267.257850
267.378150
267.451400
267.467300
267.485000
267.953350
269.684200
270.728450
270.730950
272.714050
272.721050
273.020700
274.448200
274.636350
276.173250
276.226500
276.252000
276.482550
277.033250
277.143400
277.490300
277.511100
278.208900
278.538050
279.641200
280.109450
281.283750
282.582350
282.610750
283.145050
283.873000
284.384050
288.159200
289.124850
289.146000
290.629550
290.637300
290.650000
294.552450
294.843050
296.645300
300.060850
300.667400
301.892150
302.306700
302.412000
302.428750
303.586450
306.695750
306.720050
307.244500
307.249150
307.280650
307.476450
307.984200
308.219900
309.120150
310.380900
310.832400
310.935500
312.780000
313.253450
313.341300
313.463250
313.508400
313.960150
314.018150
314.021300
314.149550
314.684450
317.412800
317.422650
317.478550
317.485250
317.493450
318.879450
318.905150
320.333750
320.424650
320.430950
322.042400
323.734900
324.088500
325.174950
325.881100
325.941000
329.666950
330.186600
330.213600
331.216250
332.355450
332.374550
333.177300
334.580650
335.546650
336.043100
337.228400
337.238750
337.272650
337.283750
337.312950
338.221400
338.744650
338.789850
338.996650
342.311800
342.967600
343.205200
344.749950
344.757100
344.763150
344.998200
345.005250
345.680000
346.902800
346.956650
348.455750
348.579650
348.663600
349.593000
350.186500
350.198550
351.324150
353.969750
355.613550
356.805650
357.259650
357.279800
359.288450
359.672100
359.794100
360.815100
360.850300
360.981850
361.076500
361.593300
362.493650
362.879550
364.183250
364.185950
364.454750
364.482800
365.744600
366.239700
366.285550
366.360150
366.371300
366.378900
366.544500
367.276100
367.586600
367.823500
367.894950
367.904400
367.914150
367.933800
368.002050
368.469000
369.714450
372.162650
372.192450
372.203600
372.241350
372.246800
373.703350
373.752750
374.777750
374.881150
374.921850
377.916250
380.488500
382.397950
386.644000
386.654800
386.680700
386.862500
386.885350
387.099850
387.128050
387.399300
387.583900
387.598150
390.572150
390.919000
392.224600
392.227250
392.236100
392.249900
394.282850
395.338000
395.698550
396.525650
398.559800
399.428800
399.760500
399.762700
399.778900
400.177300
400.181950
402.340800
404.071400
404.336000
407.174900
407.899000
408.509500
410.007000
410.041400
413.170450
414.904400
416.491200
418.978750
419.890000
421.308350
422.711400
422.722350
423.979950
425.168700
425.396800
425.402200
425.564450
430.680500
432.898800
433.626600
434.709900
435.537950
436.459550
438.270700
438.412750
438.417000
440.180700
440.192950
441.013150
443.617200
444.319750
444.332200
444.342350
444.360200
445.973150
447.267900
447.935100
447.961050
447.995650
448.014050
448.525200
452.161300
456.244600
459.408900
460.054100
461.219050
461.858400
462.385050
462.429450
463.007000
464.043000
464.393300
464.411600
464.848150
464.920050
465.898750
466.074950
466.093750
466.301850
466.688250
469.895250
471.351150
472.723400
474.908650
474.924950
474.940500
475.141150
477.695050
478.033100
480.726800
480.734250
480.742350
484.237800
487.816500
488.058200
488.064700
490.717050
490.732400
490.761950
490.924200
493.385500
493.401400
494.637050
495.353700
496.064150
498.685600
498.706600
498.789200
499.087150
499.094100
502.866850
503.358450
503.373150
503.603850
504.282550
504.518300
504.550250
504.711650
506.197250
506.492400
506.660800
506.673300
506.690450
506.894400
507.716600
508.762200
509.455500
513.074400
513.729600
514.194150
515.898700
515.903550
519.730900
520.647900
520.817850
521.316550
523.509150
523.524200
527.416950
527.728900
529.204950
529.244100
529.332500
529.771000
530.954400
531.215100
534.855950
535.860700
536.130700
536.163750
536.167950
536.182850
538.083450
539.743300
541.399350
543.055800
543.941300
548.156250
548.322050
550.275550
552.465600
552.492750
554.175950
554.184800
555.044250
555.466000
555.470950
555.484250
557.969050
559.203200
561.199250
565.822650
565.997500
566.074350
569.227900
569.623200
569.988200
570.553650
571.045100
572.165000
572.170800
572.187450
572.737350
574.183250
576.318050
576.333600
576.540100
577.276350
580.819350
580.988350
581.409900
581.476000
581.513450
583.593350
585.643200
590.069300
592.333000
602.154450
611.101200
612.518450
612.538100
612.796650
614.911050
614.936050
614.948150
615.046700
619.313950
623.475500
623.580850
624.300500
624.855700
625.957200
626.159350
628.149550
628.221950
628.673050
629.106750
629.490200
629.612350
630.972000
637.424250
637.769900
638.217150
638.230800
638.261150
639.839600
639.883850
641.075400
641.243900
641.671300
641.686150
641.742100
641.744500
641.765400
642.050700
642.781250
644.876950
646.976600
648.063750
648.870050
648.877100
649.464750
649.470100
649.687950
649.731900
650.260150
650.717550
652.413500
654.691400
655.146650
655.162050
655.513650
656.237000
657.156800
657.502250
657.516000
657.835250
659.161000
660.173200
662.557400
663.706500
663.720900
663.726400
666.363600
667.119600
667.888300
668.734950
669.376000
669.430800
670.428300
670.434950
670.833300
671.943700
671.947550
673.044950
677.551150
678.690450
679.030600
679.315550
680.534700
681.944200
682.507850
682.816200
682.823550
683.267650
683.827500
684.887900
685.008000
685.893400
686.298500
686.315050
686.808100
687.682800
687.688000
687.705650
687.758550
688.255200
688.327050
688.836050
689.875000
690.360500
690.547900
692.214050
694.667300
694.685450
697.636950
699.383100
700.167800
700.683400
700.690050
703.101000
703.107900
703.118950
703.356450
703.361550
703.782000
707.630550
708.094600
709.029450
709.411600
710.859800
713.060850
713.590650
715.099600
716.225400
719.230900
719.400650
721.657850
721.832600
721.835800
721.857550
722.617600
722.637850
723.526550
723.720100
723.955450
724.306300
724.320400
727.538100
727.978850
728.603700
730.300650
731.304400
731.325150
732.866050
733.788550
734.107050
734.779750
735.723750
740.904150
743.258650
743.760400
744.054950
745.964500
746.334300
746.744750
746.886600
748.295400
748.485600
749.348400
750.646950
750.678900
751.206700
752.332500
752.459300
752.489400
754.453800
754.496000
754.527450
755.362350
755.941600
755.956700
756.253650
757.277350
757.279750
757.876050
758.294600
758.990200
759.260250
759.520600
761.785450
762.145700
762.513300
762.521200
762.526550
762.810050
767.000950
767.691400
767.768650
768.363900
769.345450
770.812100
771.149350
772.423400
772.452800
774.537700
775.733000
778.786450
782.146800
782.319050
782.857400
783.395850
786.131100
787.306750
787.549400
787.674450
788.590450
789.537450
791.071500
791.311250
792.058700
793.341650
793.987900
794.002300
795.600750
795.698950
795.733950
795.878250
795.907350
795.930700
797.319700
797.338850
797.345800
800.540550
800.945650
800.957550
802.019200
803.406550
805.011700
805.171500
805.780650
806.680850
806.884750
809.088950
809.746750
809.912650
810.149650
811.703250
812.240650
812.463350
814.740600
815.009500
815.724150
815.756250
818.636900
819.826600
820.139450
823.537450
824.135300
824.155500
828.155500
828.222050
828.339350
828.942100
829.540600
830.188750
830.780800
831.812250
832.683900
832.708200
833.580150
834.017100
835.879550
837.904200
839.770000
841.246700
842.853350
843.214250
843.874200
844.477650
844.608250
845.771350
846.242450
847.250500
848.263700
852.532950
856.301500
856.319650
857.603900
858.920100
859.692750
859.936550
860.553700
860.566850
862.477300
864.325350
864.527450
868.575500
869.303250
869.475300
869.650950
869.679600
872.428050
872.440150
872.737050
873.956700
874.916000
876.171950
876.665100
878.835750
880.813250
880.818750
880.826100
880.836650
880.841400
881.761250
881.939050
882.591600
882.597050
884.425850
885.626800
888.896350
889.621250
889.649000
891.677550
891.709000
891.749850
893.781950
899.537750
901.423150
903.359550
903.433900
903.660450
904.712850
904.733500
904.755500
906.537500
907.768850
909.181900
909.193750
910.901550
910.916400
911.625200
915.431450
915.441900
920.486600
921.150650
921.173700
921.666550
922.594150
923.290850
924.237300
924.607000
925.599300
926.130550
926.356500
926.511900
926.561550
926.732750
929.065350
929.656650
931.630300
934.705150
935.249500
935.459500
935.486350
939.796900
939.801250
940.462950
940.474200
941.827150
941.845900
941.854900
941.890150
942.246250
944.474650
946.118350
946.832550
949.520200
949.615950
949.752650
950.988650
951.500600
951.518200
953.446650
954.670900
960.527200
967.174650
967.361350
968.065050
968.084800
968.626100
969.108100
969.796200
969.811200
969.828750
970.794850
972.309000
972.323200
972.400850
972.419050
973.541650
973.786250
978.505600
978.777750
981.356700
981.975850
982.161500
983.183750
983.197600
983.618450
983.643950
985.121500
985.145100
988.358600
988.531700
988.568500
989.354050
989.383000
990.249050
990.505750
990.519750
992.413250
994.272400
995.848700
1000.415750
1001.913750
1002.540650
1003.083700
1003.568350
1004.054750
1004.085450
1004.425450
1004.477850
1009.005650
1009.009450
1010.309050
1010.349000
1012.878050
1012.889400
1013.703250
1014.400800
1015.091700
1015.163600
1018.769300
1018.783250
1018.944050
1019.040650
1021.800700
1021.805300
1021.815500
1022.710550
1022.715200
1024.912250
1026.480000
1026.485150
1026.496600
1026.582750
1029.755050
1030.163150
1030.603050
1031.102200
1031.139050
1031.158950
1031.453400
