2.642850
4.576400
5.157300
5.160350
5.186250
5.211850
5.225300
5.241300
5.283900
5.293350
5.301350
5.318300
5.325650
5.397350
5.412550
5.435700
5.445700
5.621650
5.745150
6.848250
8.561950
10.196850
10.209350
10.282400
10.291200
10.327700
10.337550
10.341100
10.422500
10.434700
10.450950
10.522150
10.650100
10.688100
10.730600
10.781400
10.806150
10.928050
10.943450
10.959700
11.013450
11.026050
11.030250
11.047800
11.159700
11.294800
11.423100
11.435850
11.508350
12.767150
22.272900
22.277150
23.668200
23.677450
23.699300
24.093250
28.560850
30.487350
30.837250
31.595050
31.598750
31.601700
31.616850
31.642450
31.669750
32.384300
33.598250
36.858500
36.958250
37.065400
37.067800
37.561900
38.842950
39.704650
39.891450
40.474350
41.891800
42.226800
42.298950
42.605750
43.039050
43.090800
43.381850
43.599150
43.762050
43.960900
44.214750
44.221800
44.289300
44.293150
44.299200
44.539350
44.712950
46.125300
46.465250
48.042300
50.832500
51.793850
52.365000
52.909450
53.344950
54.856900
54.931000
54.934850
54.940150
54.945750
54.953950
55.444650
55.707950
56.456200
57.986450
58.651450
59.304650
59.527250
60.141500
61.743400
61.955750
62.335200
62.643500
63.417000
63.427400
63.691250
63.730300
64.525700
64.541300
65.654000
67.207200
67.211100
67.221700
67.787250
67.827550
68.629500
68.634800
69.016950
70.005050
70.329500
70.424550
71.463500
73.341950
73.821450
73.945850
74.180950
74.280550
74.420750
75.219850
75.304250
75.320500
75.659350
75.919300
77.278200
77.797050
77.977100
78.676750
78.721400
78.876250
79.336950
79.397000
80.116350
80.119950
80.215950
81.014850
81.335100
81.435750
81.634900
82.115550
82.414850
82.559750
82.635650
82.935350
82.974900
83.075800
83.094850
84.035200
84.355350
84.695700
84.955650
85.017000
85.416750
85.496350
85.516150
85.560950
86.177600
86.197450
86.441550
87.230100
87.277400
88.769750
89.152850
89.215450
89.543400
89.547600
89.823750
89.922350
89.987250
90.401300
91.312900
92.848200
92.852000
92.868450
92.878800
92.904000
93.048550
93.069800
93.369600
93.374700
95.273450
97.638100
97.647500
99.140350
101.343050
101.421000
101.474000
101.631650
101.635550
101.646650
101.957300
102.043850
102.058050
102.473000
102.665100
102.669200
102.930700
103.318600
103.321150
103.868000
105.284350
105.353750
105.381200
106.131750
106.142050
107.401600
109.088100
109.852100
110.296000
111.168050
111.626700
111.654300
112.319000
112.492500
113.214500
114.812750
114.822450
115.444000
115.537800
115.566200
116.205000
116.208800
117.723750
118.107450
118.128800
119.165350
119.182450
119.186100
119.210700
119.213500
119.227300
119.246150
119.673900
119.739700
120.383400
121.160800
121.710750
121.898750
122.990800
122.994450
123.007350
123.396750
123.509350
124.778700
124.786200
124.796550
124.805050
124.808550
125.105550
125.554850
125.715150
126.168600
126.177250
126.179300
126.181800
126.193350
126.526550
126.630900
127.831650
127.938300
129.547200
129.659550
130.114650
131.650400
135.019300
135.563250
135.600700
135.639800
136.274150
136.813050
138.101100
138.120350
138.133050
139.286600
139.296700
139.467250
140.056400
140.060250
140.065300
140.409900
140.587550
140.686900
141.100250
141.966850
143.325350
143.764200
143.948250
143.976900
144.865050
145.133550
145.234450
145.362600
146.145800
146.246050
146.252250
146.278150
146.282000
146.317550
146.988550
147.291500
148.241100
148.250200
149.059450
149.233150
149.249700
149.559400
149.768850
150.317000
150.667300
150.868550
150.880250
151.410750
151.414400
151.907400
152.010950
152.771800
154.116000
154.146750
154.606550
154.824550
155.041350
155.283100
155.500550
156.161950
156.651000
156.664950
157.208850
157.997000
158.145850
158.946300
159.274650
159.278300
159.286700
159.297350
159.305000
159.495900
160.669050
161.151250
161.569850
161.581450
161.779200
161.884600
161.892700
163.301350
163.649800
164.048000
165.186400
165.199750
166.251750
167.187250
167.772200
168.027700
169.333850
170.672600
172.102550
172.115900
172.151700
172.415900
172.419600
172.693600
173.065150
173.452750
173.794500
173.798200
174.206050
174.255600
174.322450
175.574000
175.964250
175.983750
176.044700
177.058200
177.677650
177.683100
177.816550
177.818850
177.824200
177.901800
178.006150
178.009400
178.017650
178.793150
179.462950
179.527550
180.110650
180.369700
180.373050
180.388550
180.395450
180.589050
180.691400
181.357900
181.360650
181.363150
181.389300
181.609300
182.366550
182.757400
182.788850
182.991950
183.135450
183.148850
184.230200
184.336250
184.687700
184.701450
184.721000
184.883550
185.252300
185.332300
185.339600
185.358800
185.371700
186.564700
187.334650
187.338450
187.343500
187.352650
187.556600
187.673600
187.695750
189.189700
189.195300
189.350200
189.518650
190.470850
191.117300
192.848450
192.879650
193.041900
193.775050
193.803400
194.603900
194.607700
194.613750
195.921800
195.924250
196.068700
196.661200
196.910200
197.115950
197.898050
198.112100
198.121200
198.371450
198.954050
199.302400
199.315100
199.488250
200.062200
200.556150
200.559900
201.367700
201.745300
201.884250
201.902400
202.176450
202.306750
202.344300
202.652850
202.657700
202.661750
202.911800
203.342100
203.566550
203.761750
204.486750
205.222000
205.735900
206.640050
206.688950
206.706350
206.719750
206.723300
206.733950
206.740800
206.746250
206.749200
206.799850
206.909200
207.011900
207.065850
207.621850
207.711550
208.948200
209.348300
210.157200
210.349950
210.571550
210.844050
212.307950
213.240350
214.115400
214.139600
214.521550
215.543150
216.381100
217.622150
217.646050
217.714900
218.504800
218.654550
218.766800
218.934450
219.183250
219.385800
219.622350
220.587850
220.704050
220.707700
220.776950
220.787300
221.318800
221.345350
222.391000
223.162500
223.281800
223.975100
223.990350
223.998350
224.011150
224.024050
224.075350
224.091500
224.734100
225.074450
225.210800
225.646650
225.657250
225.885650
225.895700
226.227550
226.464050
226.523500
227.427950
227.439200
227.895900
227.936200
228.761350
228.764300
228.768250
230.153250
230.365600
231.031900
231.155200
231.159000
231.688950
232.057550
232.134550
232.309950
232.358550
232.593000
232.626250
234.857400
234.862700
234.866500
235.288700
235.711100
235.857250
235.884900
237.018800
237.258750
237.264100
237.676850
237.894850
237.908500
237.974600
238.211100
238.490350
238.774500
239.195350
239.618550
239.622450
239.773300
239.941100
239.949650
240.963100
241.235950
241.900750
241.906900
241.915750
242.787700
242.881800
243.009400
243.236950
243.355750
244.068200
244.083600
244.087400
244.093550
244.099650
244.455050
244.501500
244.697950
244.872750
245.450950
245.733950
246.221850
247.068600
247.077550
247.351100
247.379750
247.985900
248.358100
248.386400
248.554450
248.593600
248.596900
249.261850
249.269450
249.865300
250.439450
251.031550
251.034700
251.444650
251.703850
251.738900
251.969300
251.993650
252.414350
252.742600
254.551950
254.836100
254.845250
254.867650
255.710950
256.019850
256.322000
257.014600
257.894100
257.947000
258.385750
258.412450
258.468700
258.741850
258.947450
259.123200
259.149200
259.153500
259.166150
259.298050
259.391200
259.397500
259.501850
259.788350
259.796900
259.892100
260.046950
260.835900
260.913450
261.266950
261.279950
261.309950
261.625650
262.488800
263.029450
263.390350
263.394550
263.398400
263.869950
263.897700
264.475400
265.003850
265.170200
265.254450
265.258000
265.441450
265.508650
265.513850
265.534800
266.329200
266.597700
266.619800
266.680300
267.419600
267.435250
267.534800
267.547050
267.972550
269.004250
269.286600
269.313950
270.673750
270.772650
270.776650
271.410500
271.816050
272.550150
272.614200
272.618000
272.867800
273.010300
273.348600
274.567650
274.621700
274.625850
274.650200
275.027250
275.133100
275.377150
275.494800
275.505100
275.520900
275.554550
275.581100
276.698150
276.925350
276.948250
276.952500
277.029000
277.039050
277.232950
277.378500
277.382250
277.446100
277.464250
277.479750
277.497750
278.200450
279.378450
279.411150
280.374900
282.092900
282.098000
282.105850
282.558700
282.606950
282.794750
282.880500
282.885100
282.899800
283.106750
284.180900
284.192850
284.207900
284.508100
284.999950
285.014000
285.405400
285.647350
285.651850
285.862150
285.903000
286.251350
286.334000
286.339400
286.341850
286.484000
286.515400
287.283200
287.331800
287.659050
287.695750
287.833200
287.835250
288.137400
288.143200
288.165250
288.688450
288.798100
289.110550
289.115900
289.149850
289.606400
289.649200
289.902600
289.912050
290.075800
290.442850
290.596650
290.615300
291.517500
291.895900
292.485050
292.884150
292.940800
293.281350
293.434700
293.610300
293.738650
293.744050
293.940700
294.056950
294.083700
294.195400
294.198350
294.463900
295.006900
295.489450
295.977500
295.980100
296.034200
296.630050
296.765400
296.988250
296.992000
298.070000
298.073500
298.081500
298.269350
298.311250
298.464000
298.671450
298.808450
298.992950
299.234050
299.497750
299.696050
299.882400
300.693700
300.813550
301.489200
301.994750
302.091900
302.483750
302.952100
303.382800
304.127400
305.104850
305.122350
305.381000
305.409750
306.195600
306.215050
306.261900
306.665750
306.699050
306.724900
307.421450
307.449950
307.458650
307.565250
307.712650
307.728650
307.789100
307.797100
308.129250
308.230500
308.263250
309.049850
309.445900
309.452850
309.785000
309.814250
310.054450
310.266050
310.406750
310.664000
310.907050
310.918150
310.926800
311.654150
313.016800
313.316250
313.825800
314.323400
314.553900
314.744800
315.049600
315.058000
315.160300
315.166400
315.286050
315.353750
316.295300
316.517200
317.366150
318.113250
318.124050
318.133750
318.877900
318.903750
319.179950
320.226500
320.765150
321.574900
322.094350
323.185000
323.257750
323.524850
323.527600
323.725850
323.985000
324.090400
324.369650
324.988800
326.353650
326.476600
327.105450
327.111550
327.117100
327.127550
327.153650
327.437850
327.667200
328.012250
328.435800
328.983250
329.007050
329.068950
329.183700
329.632850
329.998100
330.092200
330.361750
330.819050
331.314300
331.902400
332.228500
332.243800
332.453000
332.556300
332.790850
333.172550
333.186050
333.330300
333.486450
333.515900
333.868750
334.527850
334.646000
334.655700
334.980750
335.007850
335.033150
335.522400
335.535600
335.541600
335.544400
335.555300
335.560750
335.901800
335.904800
336.060400
336.076800
336.125300
336.132550
336.249250
337.935750
338.136850
338.160650
338.164400
338.909700
338.943800
339.317600
339.704750
340.687950
341.514050
341.539800
341.546950
341.722350
342.174650
342.302200
342.343250
342.587750
342.598150
342.612800
342.645600
342.975300
344.399300
344.743100
344.750250
345.105450
345.230850
346.466850
346.499550
346.509700
346.630350
346.643650
347.411000
347.844400
347.984600
348.770050
349.484100
349.717450
349.856000
349.858600
350.162000
350.186350
350.310300
350.518100
350.526300
350.536050
350.569450
350.811700
352.397150
352.420200
353.554300
354.010600
354.014450
354.041400
354.461450
354.478900
355.430100
355.933100
356.201700
356.708500
356.716300
356.782500
357.286450
357.368050
357.378650
357.768550
357.789850
357.869200
357.893600
359.284650
359.626450
360.278800
360.550650
360.560400
361.076800
361.299050
362.129300
362.194250
362.381350
362.656650
362.659350
362.790000
362.826300
362.996400
363.676850
364.317100
365.294650
365.311800
365.846150
365.885750
366.938050
366.946700
367.133600
368.034600
368.043700
368.049950
368.097100
368.222300
368.693800
368.752950
368.899450
369.184250
369.440900
369.537500
369.689750
369.716350
370.052150
370.960350
370.969150
371.490700
372.236400
372.255750
372.655400
372.776150
372.780100
373.121800
374.178900
374.944650
375.230900
375.478700
375.500550
376.146650
376.515200
376.518950
377.193750
377.203700
377.333950
377.387850
377.391300
377.393800
377.459000
377.888800
378.235750
380.687950
380.693850
380.708150
380.910500
381.586500
381.733600
382.105350
382.419550
382.430350
382.778600
382.893550
383.049450
383.052000
383.145900
383.299150
383.391750
383.664100
383.709400
384.073050
384.730300
386.025000
386.050500
386.086200
386.291000
386.295050
386.859300
386.870800
387.063300
388.673850
388.677750
389.196200
389.238700
389.599100
389.729650
389.760750
390.280400
390.528600
390.700700
390.960500
391.100450
391.105100
391.549850
391.994700
392.027950
392.349500
392.452150
392.711250
392.784650
393.510250
393.711550
393.976400
394.331050
396.413950
396.464000
396.525800
397.060300
397.065100
397.541100
397.546850
398.679100
399.824050
400.097400
400.099900
400.246250
400.257850
400.403500
400.609700
400.706300
400.792250
400.795150
400.989500
401.370700
402.423650
402.757650
403.391250
403.412500
403.668950
404.464750
404.590800
404.619850
404.662300
405.071150
405.255750
405.955900
406.477000
407.306000
408.308800
408.337050
408.350650
409.955350
412.777900
413.128200
413.902000
414.788800
414.799400
414.908850
416.021350
416.024400
416.403550
416.490700
416.495450
416.588150
416.697850
416.847100
417.091850
417.250500
417.284400
417.289250
417.637500
418.273550
418.887100
419.327700
419.363500
419.554200
419.660000
420.451950
421.088400
421.169550
421.267050
421.317500
423.384200
423.617800
424.287300
424.291250
424.299350
424.424900
424.447100
425.178200
425.183750
425.355400
425.434450
425.573800
425.782000
426.266900
426.278800
426.452750
427.981900
428.221200
428.559900
428.562300
428.596150
428.913850
429.301950
429.315300
429.738300
430.718450
431.072500
431.089150
431.413000
432.904850
432.969750
433.064350
433.076000
433.124950
433.328050
433.334500
433.547550
433.555200
434.403650
434.407500
434.448650
436.204750
436.825850
438.032200
439.956850
439.975150
440.156650
440.318500
440.439850
440.663200
441.302550
441.442400
442.008300
442.014450
442.025200
442.303750
442.317850
442.329000
442.342200
442.382000
443.809750
444.614650
444.742200
445.008850
445.412800
445.582250
445.860400
446.900050
446.996850
447.418400
447.916000
447.986850
448.003000
450.412200
451.894800
452.349450
452.393800
453.688450
453.696800
453.709300
453.732850
453.867350
453.900250
453.903550
454.044100
454.327000
454.433050
455.619100
455.625200
455.865750
456.377200
457.961050
458.375300
458.422350
458.590650
460.107650
460.112250
460.684750
461.877700
461.910900
462.080200
462.099450
462.360150
462.444450
462.960950
462.972100
463.419000
463.519450
463.750950
464.154000
464.998650
465.644600
466.778050
467.367450
467.375600
467.413900
467.594350
467.969500
468.685850
468.690200
468.748100
469.130000
469.180900
469.831500
469.871700
470.008800
470.013300
470.021850
470.601650
470.923250
471.315200
471.491950
472.304650
472.443700
473.215650
474.443850
474.919550
474.990550
475.376250
475.528050
475.964500
476.118650
476.231100
476.315350
476.364850
476.545750
476.583800
476.795650
478.356300
478.826000
478.879700
479.086100
480.253050
480.444150
480.630050
480.962850
481.535700
481.797900
482.699850
483.220850
483.646550
483.999350
484.591600
485.098100
485.204450
485.226400
485.228850
485.312850
486.009750
486.066000
486.191000
487.026200
487.030650
487.756800
487.766500
488.283750
488.323150
488.545300
488.620000
489.689200
489.730350
490.055800
490.749000
490.988800
491.376350
491.615600
491.881350
491.977900
492.196300
492.293250
492.857650
493.203650
493.247300
493.322550
493.325400
493.337350
494.626950
494.637650
494.644050
494.866850
495.583450
495.702400
495.711850
496.086250
496.172700
496.586200
497.353050
497.479800
497.615950
497.625400
497.992350
498.000850
498.985700
498.988300
499.082050
499.658550
499.672000
499.867200
499.870450
499.873450
499.921500
499.954350
500.103250
500.810100
500.961550
501.602300
501.953950
502.040300
502.623100
503.102950
503.610800
503.640650
503.643800
504.958900
504.969600
505.377150
505.521250
506.322300
506.876950
507.095000
507.103900
507.121500
507.359050
507.704800
507.872100
508.217100
508.423900
508.596600
508.990350
509.008900
509.015800
509.130450
509.409250
509.617000
509.794950
510.082000
510.248350
511.470100
511.768500
512.110400
512.241250
512.529200
512.788150
512.826250
513.254250
513.258950
513.361950
513.365000
513.773400
513.965300
514.490650
514.899800
514.924250
515.563800
515.670150
515.906250
515.910950
515.913550
516.171850
517.069950
517.511600
519.503650
519.696700
521.116950
521.692700
522.570250
522.682200
522.731600
523.171650
523.539400
523.617300
523.630500
524.212350
524.877800
525.874800
526.257050
526.324600
526.946050
526.948450
527.337450
527.405900
528.089550
528.100450
528.836450
529.194750
529.205550
529.490900
529.771150
529.803150
530.292150
531.646500
531.999950
532.008500
532.011750
532.328750
532.348700
532.527150
532.734050
533.734750
533.814400
533.961100
534.026050
534.273550
534.282950
534.509600
534.514050
534.605050
534.753300
535.082800
536.536200
536.568200
536.570900
536.622600
536.635950
536.722850
536.730450
537.036650
537.062850
537.703700
538.035800
538.042450
538.669000
539.001350
539.536350
539.703150
539.850050
540.074800
540.097150
540.379350
540.391100
541.855300
542.197150
542.340950
542.745450
542.783650
542.892300
542.899700
542.911400
543.204950
543.945100
544.151700
544.673550
544.676450
545.030200
545.270350
545.520000
545.703500
545.706150
545.830750
546.079200
546.083300
546.101750
546.276400
546.311050
546.672500
547.262700
547.411450
547.916800
547.924650
547.943800
547.951050
548.575800
549.507850
549.962400
550.109750
550.168050
550.546050
550.725200
551.039650
551.222900
551.413600
551.622900
552.068250
552.079750
552.084550
552.152450
552.163450
552.304300
552.330800
552.390700
552.394150
552.785900
553.180100
553.524100
554.524550
554.736150
555.098450
555.627350
555.799300
556.304000
557.157650
557.160600
557.186950
557.269200
557.522300
557.682600
557.721700
557.931350
558.387700
558.657950
559.012600
559.889900
560.107900
560.308750
560.546250
560.823900
561.026350
561.533950
562.700550
564.109200
564.370550
564.581700
564.781700
564.899900
565.538700
566.517650
566.533400
566.907650
566.930750
566.951350
567.539150
567.993700
568.012500
568.280100
568.328300
568.833550
568.840500
569.164850
569.390750
569.421850
570.519050
570.594450
570.598150
571.587100
572.004550
572.678550
573.429050
573.739500
574.202350
574.908950
574.927300
575.677100
576.312750
576.809300
576.826450
576.830600
577.035750
577.918750
577.934700
578.001250
578.325250
580.011600
580.014050
580.046950
580.187550
581.385300
582.244050
582.876600
583.677600
583.784800
584.297050
585.230900
585.251500
585.691400
586.051200
586.215600
586.671000
586.790500
586.850000
587.153600
587.189900
587.869950
588.129400
588.185400
588.190050
588.642150
588.689350
589.928500
590.266950
590.307550
590.533500
591.112950
591.388350
591.532500
591.708200
591.888300
591.908650
592.048300
592.061000
592.208350
592.257450
593.008400
593.226400
593.333100
593.368100
593.928500
594.028500
595.168350
595.228750
595.428400
595.548700
595.888600
596.146700
596.512050
596.692400
596.713650
596.748750
596.933550
596.973650
597.748900
598.008950
598.148800
598.209600
598.232600
598.249250
598.424400
598.533800
598.673850
599.149550
599.350100
600.287250
600.334050
600.369600
601.028950
601.114050
601.953850
602.069100
602.374150
602.634500
602.852250
603.519100
603.653300
603.908750
604.009200
604.226850
604.328500
604.360650
604.428550
604.847900
605.587250
605.627700
605.647150
605.687150
605.986900
606.006900
606.067050
606.106950
606.386400
606.606100
606.766050
606.946050
607.165800
607.390900
607.665000
609.289050
609.463700
609.607400
609.780200
609.926800
610.002550
610.022450
610.726050
611.880100
611.890600
612.119750
612.400000
612.458700
612.618400
613.418300
615.034800
615.056850
615.473600
615.579200
615.599100
616.049600
616.254450
616.699800
616.721100
617.153150
618.118600
618.374450
619.299450
619.309150
619.313250
619.429400
619.455600
619.500450
620.910600
621.399250
622.292250
622.866950
623.312000
623.321450
623.861850
623.872050
624.127050
624.149100
624.475550
624.712900
624.855400
624.961600
625.223750
625.230100
625.490200
625.708950
626.123600
626.127850
626.132750
626.135200
626.141500
626.145850
626.450400
626.625400
626.628200
627.109750
627.972150
628.028850
629.522450
629.525450
629.544450
629.749650
629.805150
630.122950
630.125000
630.145250
630.157650
630.869700
630.880500
630.884300
630.896750
630.917450
631.025500
631.776100
631.824750
632.364850
632.369000
632.405200
633.136500
635.564450
637.083450
638.796650
639.083150
639.411450
639.574600
639.608150
639.788200
639.795450
639.834300
640.015650
640.203950
640.210250
640.232500
640.500550
640.548050
640.846150
640.848600
641.007450
641.663550
641.683600
641.924050
641.975450
642.295550
642.315550
643.276850
644.123950
644.157000
644.512900
644.997050
645.287450
645.292000
645.429450
645.710300
646.375800
646.383900
647.372250
648.036200
648.361300
648.569600
648.751050
649.472750
649.662250
649.948250
650.031550
650.041450
650.280850
650.324950
650.783250
651.061600
651.241850
651.761700
652.018800
652.278150
653.464500
653.913500
653.996650
654.018250
654.406100
655.043800
655.263350
655.337700
656.109350
656.111950
656.509200
656.891050
657.148850
657.331350
657.474900
657.487100
657.493850
657.819450
657.932050
658.066400
658.075600
658.396450
658.401600
658.423100
658.821300
659.238650
659.249650
659.517300
659.521000
659.550350
659.809750
660.125550
662.278200
663.676300
663.736700
664.485050
664.699200
664.702400
664.756200
665.022150
665.087200
665.341400
665.735450
666.865400
666.966200
667.086650
667.125950
667.178700
667.187650
667.541000
667.580750
667.589500
667.609250
668.485650
668.550650
668.790650
668.794850
668.799550
668.826750
668.948100
668.953850
669.399100
669.694200
669.720150
669.830750
669.895000
670.354850
670.364050
670.367050
670.706950
670.832550
670.937650
671.054250
671.058450
671.537300
672.021800
672.317650
672.506800
672.513050
673.005150
675.052100
675.980300
676.424150
677.178300
677.251350
677.502600
677.693450
678.733650
679.329200
679.531150
679.553950
679.609300
679.673500
679.712950
679.772900
679.853200
680.173500
680.177500
680.207650
680.228600
680.233950
680.621850
680.699500
680.828350
680.995950
681.016400
681.176600
681.214800
681.605300
681.688350
681.973300
682.053800
683.068550
683.134950
683.235400
683.239000
683.271850
683.300750
683.540500
683.580850
683.620650
683.772250
683.847500
684.147100
684.546650
684.679400
684.915000
684.932700
685.320300
685.459900
685.791900
685.814450
685.827600
685.860850
686.167900
686.186250
686.448050
686.478700
686.495200
686.817650
686.820450
686.823800
687.447800
687.754350
688.089950
688.096100
689.267900
689.273000
689.507550
689.628100
690.003750
692.499300
692.801050
692.805950
693.039650
694.656650
695.151300
695.154050
696.385300
696.394500
697.174000
697.184850
697.192450
697.219300
697.930150
698.072950
698.217750
698.238050
698.423850
698.462100
698.584550
698.638150
698.856150
699.031650
699.499650
699.539100
699.684900
700.045350
700.054400
700.679200
700.690150
701.168500
701.589200
701.593000
701.882900
702.096750
702.176800
702.183050
702.349300
702.397100
702.427100
702.443200
702.586450
702.835850
703.323800
703.446200
703.643550
703.958100
703.962150
704.096900
704.128150
704.147200
704.544000
704.747650
704.920150
707.744850
708.064100
708.079100
708.089050
710.218350
710.221150
710.228850
710.247300
711.841000
711.976100
712.324900
712.434100
712.618800
712.782750
713.002650
713.053050
713.059500
713.062600
713.280400
713.295850
713.341800
713.356600
713.491850
713.699150
713.839200
714.038200
714.284350
714.286900
714.471200
714.512550
714.530100
715.200350
715.202900
715.225450
715.397550
717.040250
717.225850
717.265100
717.273350
717.276900
717.361950
717.505450
717.571000
717.576100
717.597050
717.760650
717.764650
717.784000
718.015250
718.352900
718.370600
718.375100
718.860850
718.900500
719.403000
719.772950
720.208850
720.487450
720.490100
720.492900
720.499350
720.503300
720.850300
722.616000
722.619050
722.634400
722.647400
723.072150
723.427600
724.321850
725.815800
727.384100
727.407250
728.860500
731.024500
731.841750
732.367200
733.422850
733.446800
733.782400
733.785400
735.392250
735.396100
735.405350
737.747000
738.145700
739.203350
740.167550
741.982150
742.341000
742.691800
742.976950
744.050300
744.054950
744.437850
745.084450
745.294900
746.177900
746.184200
746.231750
749.553350
749.556150
749.878100
749.894000
750.343600
750.482350
750.617450
750.661000
751.309300
751.405000
751.717050
751.740050
752.168450
752.310150
752.360250
752.392550
753.388750
753.580500
753.733250
753.764700
753.778550
754.150850
754.162300
754.397100
754.401650
754.430900
754.705900
754.721850
755.081500
755.190150
755.294850
755.439500
755.918100
755.927600
755.930400
755.948850
755.952450
756.162450
756.568400
756.659800
757.437500
757.472850
757.832350
757.864150
757.988750
758.003450
758.492250
758.615100
758.655950
759.033250
759.103200
759.224500
760.482150
760.678100
760.900750
761.021550
761.157900
761.192100
761.247300
761.568100
762.406250
762.408600
762.422850
762.640050
762.782900
762.844650
762.930350
762.975450
763.618900
763.861600
763.998850
764.063450
764.510150
766.053150
766.357900
767.392600
769.545850
772.983150
774.109000
774.125500
774.270200
775.089050
776.996900
777.034250
777.549100
778.990300
779.483750
779.495300
779.649650
779.951500
780.163750
780.939700
781.189100
781.821050
782.397500
783.444500
783.804750
784.240450
784.250400
784.855950
785.129000
785.312250
785.435000
785.662450
788.103450
790.200650
790.343750
790.574600
791.081800
791.679050
791.929500
791.944800
793.527050
793.980800
794.580400
795.393600
795.424400
795.619800
795.622500
795.625500
795.634950
796.724550
796.727050
796.736250
796.747750
796.757100
796.767250
796.777400
796.876150
798.534750
799.723450
803.069850
803.288200
803.301050
804.367950
804.379700
804.837800
805.006350
805.751800
805.768550
805.873800
805.881800
806.138700
806.382650
806.387200
807.737050
807.744800
808.033800
808.036200
808.043700
808.179050
808.220300
809.181550
809.808850
810.031750
810.034000
810.104450
810.142150
811.072950
811.636850
812.441250
812.647900
812.670750
813.425550
813.486450
813.498150
814.006350
814.009400
814.019950
814.819400
815.256400
815.536050
815.548050
815.713700
815.768650
815.811650
815.894650
815.905800
815.909850
816.348800
816.360350
816.378850
817.184500
817.195500
817.199350
817.640300
817.667350
817.685450
817.724100
817.757900
819.342400
819.358800
819.535800
819.557550
819.744450
819.983350
820.041950
820.061600
820.901300
820.955300
821.031400
821.033950
821.119050
821.356250
821.444150
821.452700
821.874900
822.062800
822.382800
822.476000
822.618250
823.854000
823.865900
823.930650
824.055000
824.227750
824.236050
824.267050
824.875800
824.883950
824.886650
825.118950
825.143800
825.617400
825.956200
826.035350
826.176050
826.718200
826.779550
827.053300
827.615450
827.736000
827.882900
828.429250
828.442100
828.490400
829.292400
829.530250
829.533900
829.548700
829.617250
829.690150
829.911600
830.217400
830.223050
830.776650
830.842250
831.333900
831.547800
832.145400
832.174350
832.177150
832.190900
832.494200
832.553000
832.578900
832.584500
832.668400
832.758200
833.536700
833.722700
833.732250
833.776700
834.147100
834.257800
834.262750
834.286500
835.072300
835.102350
835.106100
835.424450
836.062500
836.143000
836.504900
836.743400
836.911800
836.950800
837.063200
837.087500
837.096650
837.335550
837.355850
837.403450
837.413350
837.426700
837.433450
837.448000
837.575850
838.617350
838.845450
838.864600
839.016300
839.093000
839.758550
839.849450
841.167950
841.585750
841.715600
841.905400
842.350450
842.466250
842.482600
842.936200
843.078150
843.107400
843.483900
844.603300
845.166550
845.169400
845.171750
845.178100
845.404200
845.740900
845.756300
845.767450
845.853650
845.882900
845.902800
845.906050
845.916550
845.949550
847.209650
847.215350
847.391250
847.482050
848.114000
848.225500
848.263050
848.804400
848.828250
848.871400
849.202050
849.914600
850.863150
850.879150
852.411550
852.715200
852.718600
853.223900
854.027600
854.031100
854.200750
854.302550
854.318900
854.350000
854.782550
855.263700
855.269350
855.611950
855.636550
855.966350
856.403100
856.422200
856.580050
856.590550
856.775500
856.821800
857.242400
857.889350
858.237650
858.253600
858.257150
858.783500
859.157450
859.214000
859.565900
860.268400
860.286950
860.294950
860.378400
860.387250
860.417450
860.427950
861.176050
861.510350
861.715100
862.473450
862.597450
863.519800
863.608750
864.332050
864.376750
864.416850
864.439000
864.465400
864.488050
864.999050
865.629350
865.884150
866.470150
866.870000
866.878400
866.889450
866.951250
866.978900
867.036200
867.106500
867.543450
867.762050
868.278200
868.790700
868.957200
869.253200
869.302700
869.875400
869.927500
870.022600
870.032400
870.109350
870.302650
871.331850
871.363750
871.689800
871.693100
871.786550
871.892000
872.209850
872.223450
873.901000
874.046350
874.067150
874.954750
875.315700
875.320300
876.265350
876.292950
876.295550
876.808900
876.869100
877.193150
877.198550
877.741350
877.750300
878.045650
878.066250
878.092300
878.501750
878.937350
879.230850
879.469600
879.526050
879.751950
879.910700
880.179300
880.540600
880.665200
881.409950
881.538550
881.581050
881.735400
881.745650
881.751950
881.782050
881.805600
882.588850
882.690300
883.841350
884.054000
884.265250
884.807400
884.882350
885.781000
886.339700
886.642500
886.646400
886.655200
887.094200
887.179100
887.221100
887.401850
887.407450
887.422550
887.475100
887.692850
887.725500
887.943050
887.961800
888.885650
889.067450
889.082000
889.086150
889.399600
889.727600
889.738000
890.128200
890.425250
890.514100
890.517050
891.006400
891.446050
892.004000
892.116000
892.151250
892.237200
892.285550
893.148750
893.369050
893.829650
894.510000
894.899450
895.222350
895.534300
896.062850
896.967150
897.032250
897.063050
897.587100
897.677450
897.691350
897.782350
898.057350
898.082450
898.602050
898.619850
898.637600
899.577700
900.029100
900.074900
900.112500
901.284000
901.286950
901.722800
901.848000
902.461400
902.508650
902.523950
902.968550
903.434200
903.552450
903.727550
903.879200
903.896450
904.162150
904.778650
905.018100
905.024200
905.604450
905.674150
906.336550
906.977700
906.993600
907.495900
907.527700
907.546300
908.066050
908.084250
908.088500
908.263450
908.463600
908.547900
909.633550
909.915800
909.925100
909.944750
909.946850
909.955850
909.961850
909.976650
910.062050
910.066600
910.077100
910.240900
910.279400
910.437600
910.566000
911.673600
911.962950
911.984850
912.083850
912.541700
913.841850
914.425400
914.736600
915.311700
915.628750
916.155200
916.189850
916.193950
917.202400
917.222700
917.240300
917.446650
917.981750
918.046400
918.158100
918.227400
918.348500
918.488500
918.599400
920.307750
921.645550
921.771950
923.037700
923.788600
924.513950
924.518750
926.104800
926.375700
926.378300
926.611900
926.635550
926.865650
927.039250
927.087000
927.247100
927.259450
927.278750
927.424900
927.685650
928.179100
928.486600
928.848300
928.859450
928.892200
928.898300
929.196400
929.408800
929.413400
929.432150
929.523600
929.641400
930.036450
930.333350
930.502900
930.509250
930.671050
930.746100
930.964500
932.044750
932.220150
932.544600
932.590700
932.925550
932.955450
933.459200
934.222950
935.441550
935.486450
935.669450
935.873800
935.882400
936.669650
936.883950
937.413100
937.607400
937.682450
937.956100
938.197950
938.779700
939.240200
939.244200
939.316400
939.347700
939.398050
939.776200
939.790850
939.792950
939.803000
939.809500
939.822200
940.883250
941.277700
941.285950
941.310550
941.546150
941.567250
942.171550
943.069750
943.184100
943.247400
943.699450
944.550350
944.723350
944.838250
944.840850
947.026000
948.454100
948.504250
949.098450
949.258050
950.216800
950.350250
950.436300
950.801550
950.840000
951.620050
951.806550
951.939950
951.986000
952.235500
953.578350
953.692300
953.698850
954.215500
954.228200
954.489800
954.557800
954.942500
955.149750
955.152250
955.385000
955.744000
955.750300
956.173450
956.235600
956.279950
956.486200
956.669150
957.678550
957.872750
957.876750
957.908400
958.777600
959.136650
959.763400
961.010300
961.309550
962.815300
963.042000
963.056850
963.122500
963.414450
963.508050
964.387300
964.398850
964.416800
964.508350
964.882150
965.049750
965.065100
965.101800
965.103900
965.111050
965.732350
965.744600
965.811500
965.816150
966.188900
966.540550
967.691800
968.081100
968.089700
968.280850
968.409950
968.644500
968.674100
968.686450
968.689550
968.859850
971.202000
971.535450
973.144200
974.125550
974.652300
974.684600
974.698750
975.108800
975.608900
975.810300
976.222900
976.773350
976.961000
977.008700
977.018750
977.027950
977.302600
978.218650
978.295800
978.424150
978.608750
978.613750
978.620550
978.653250
978.700600
979.001000
979.641150
979.689850
979.841100
980.334600
980.406900
981.568200
981.613400
982.178200
982.184050
982.204600
982.359450
982.821400
982.925950
985.702500
986.471900
987.159850
987.375050
987.956300
987.958900
988.532950
988.704750
988.943300
989.046500
989.689400
990.422650
990.617150
990.642150
990.658250
990.754400
991.216800
991.260150
992.056000
992.093100
992.456500
992.508350
993.096500
993.100350
993.147550
993.351200
993.620650
993.680800
993.945500
994.033650
994.270100
994.550750
994.566300
994.594200
994.613150
995.002900
995.008400
996.735500
996.749600
996.765000
996.770000
996.967800
996.992900
997.526950
997.866250
999.015550
1000.346050
1000.351300
1001.910950
1001.933650
1001.999250
1002.439750
1002.444300
1002.464650
1002.480250
1002.746500
1002.806700
1002.886550
1003.087700
1003.481150
1004.053000
1004.065200
1004.101050
1004.249700
1004.521700
1004.560850
1004.806950
1004.820000
1004.845650
1005.020600
1005.120300
1005.582750
1005.640450
1005.663700
1006.649600
1007.196550
1007.377250
1007.824950
1008.397650
1008.660000
1011.610650
1011.739450
1012.086550
1012.825050
1013.702900
1014.061350
1014.549950
1015.027400
1015.050650
1015.081400
1015.087050
1015.319050
1016.260300
1016.274850
1016.310450
1016.316100
1016.407050
1016.437850
1016.897500
1016.923950
1017.221700
1017.424750
1017.468500
1017.471300
1017.770150
1018.520750
1018.531700
1018.568100
1018.990700
1019.201750
1019.309250
1019.427550
1019.924250
1019.945400
1020.082200
1020.117250
1020.132700
1020.304950
1020.344700
1020.538400
1020.550550
1020.617050
1020.733900
1020.772750
1021.524750
1021.763150
1022.596500
1022.685250
1022.692100
1022.697300
1022.703650
1023.376100
1023.485750
1023.499900
1023.546100
1023.548450
1023.552200
1023.654050
1024.066000
1024.374000
1025.250750
1025.886350
1026.290750
1027.388600
1028.486450
1028.523050
1030.093950
1030.105000
1030.150500
1030.198300
1030.471750
