0.499650
3.621100
4.000750
10.194550
10.206350
10.215650
10.224350
10.227050
10.231750
10.243150
10.255400
10.273500
10.282600
10.339850
10.527250
12.369450
12.540800
12.556550
13.044600
13.128200
14.422750
16.786250
16.796000
17.332750
17.866200
18.078500
19.358600
19.363650
19.366750
20.828100
20.831550
21.085750
21.097700
21.112700
22.199450
23.436200
24.477900
24.481900
25.134200
29.276850
30.339850
31.537650
31.545550
31.547950
31.550800
31.554550
31.576400
31.604000
31.618450
34.894800
34.902250
36.028250
37.072750
37.077650
37.102200
37.357350
37.473800
38.573700
40.132350
40.147550
41.534700
41.537400
41.618700
42.628250
43.581050
43.591400
43.595050
44.209600
44.655450
45.547000
45.697550
46.890550
47.709050
48.646550
48.649650
48.700550
48.726800
48.925600
49.003300
50.554500
52.703450
53.372900
53.574150
53.577500
53.684050
53.845050
54.257750
55.589800
55.723250
56.561000
57.442850
57.453450
57.469200
58.941550
58.944650
58.948100
59.522850
59.600250
60.597750
60.888950
60.897800
61.436600
61.447250
61.449950
61.745250
62.674750
63.327650
64.074900
64.858200
65.052600
65.060850
65.117050
65.120600
67.131200
67.185250
67.501300
67.510750
67.521050
68.270200
68.546650
68.622200
69.618650
69.903200
70.904250
76.314300
77.977200
85.496600
87.238100
89.242150
89.244800
89.307650
89.518800
90.035600
90.371700
91.462250
92.849150
92.859000
92.863000
92.866450
93.271850
93.286450
93.368250
93.940300
94.066350
94.099300
94.366750
94.369350
94.726450
95.384400
96.221450
96.649400
100.288400
100.683150
101.255800
101.474200
101.488100
103.440850
104.388200
104.454650
104.485050
104.488400
106.127250
107.192850
107.662700
108.683300
108.898750
110.054800
110.583650
110.594500
111.645700
111.667950
113.002500
113.233050
113.662400
113.881700
115.591750
115.615700
115.922100
116.713850
119.221250
119.241000
119.243800
119.250300
119.266600
120.255350
121.569100
121.653350
121.900150
122.995950
123.001850
123.064550
124.699900
124.791950
124.798150
124.802450
124.809000
125.225050
125.341400
125.490500
125.675200
127.683250
128.386750
130.441650
130.444700
130.668200
130.804800
131.067200
131.503450
131.534150
131.572950
131.578450
131.587850
131.719600
134.174600
134.183000
134.188900
135.608150
135.616300
135.634050
136.016900
136.716550
136.772150
137.855800
138.124400
138.129650
138.779600
139.310100
139.808450
139.815350
139.819000
139.997150
140.000450
140.060000
140.065450
140.072300
140.078000
140.196000
140.203050
140.651000
140.716550
140.923600
141.156150
141.958650
141.976900
142.636900
143.327650
144.190700
144.199950
144.319450
144.322000
144.328300
144.362800
146.238300
146.272400
147.365750
147.373500
148.278900
149.917300
151.934150
152.057400
152.078550
152.771650
152.907700
153.305150
153.419950
153.508400
153.649900
154.621850
154.864650
156.176000
156.507850
156.539150
157.742450
157.870100
159.740850
159.761150
161.164950
161.779250
163.439950
164.013150
164.608650
165.393900
166.276950
167.074350
167.117950
167.764900
167.859750
169.730450
170.032750
170.996550
170.999150
172.483450
172.797300
172.808050
172.815000
173.715850
173.802050
174.452800
174.558550
175.122350
175.129750
175.330600
175.643550
175.959800
175.967650
175.972100
176.062400
176.090450
176.492550
176.892200
177.672300
177.686100
177.699950
177.757000
178.798650
178.804450
178.879350
179.042400
179.489050
179.535550
179.897450
180.179300
181.361200
182.027200
182.575250
182.637250
182.754850
182.795600
183.676650
184.057550
184.230250
184.721050
184.729300
184.739200
186.437150
186.719150
186.813850
187.232550
187.238750
187.305750
187.636600
188.505200
189.202750
189.208950
189.917600
189.920600
190.718500
191.251000
191.423900
191.907400
192.009100
192.585750
193.147050
193.156300
193.176850
193.250050
193.873800
194.133950
194.152500
194.525850
194.594000
194.598650
195.000100
195.405300
195.532400
195.647950
195.936450
196.026750
196.270550
196.445100
196.451750
196.454400
196.469750
197.528150
197.640100
197.903750
197.916200
198.100100
199.314650
199.668050
200.209800
200.418000
200.429450
201.112850
201.137800
202.203050
202.207800
203.184550
204.774700
204.916150
205.329550
205.408100
206.310400
206.320500
206.688850
206.823450
207.108600
207.488250
207.875800
207.930400
208.712050
208.900100
209.009100
209.283050
209.516350
210.345450
210.585450
210.589950
210.786000
211.154450
211.801350
214.110150
214.221900
214.777150
215.367700
215.470200
216.295700
217.534300
217.548050
217.576300
217.634400
217.717800
217.726350
217.754600
217.823000
218.571850
218.759000
219.152450
219.389500
219.393900
219.685500
220.783350
220.791700
221.379800
221.626400
221.916050
221.943200
221.945750
222.105950
222.117900
223.306950
223.725300
224.027500
225.054700
225.660800
225.666250
226.230300
226.493100
227.073000
227.165800
227.285250
227.693550
228.035000
228.052750
228.078100
228.199550
228.741600
228.770700
228.780550
228.928050
229.886500
230.023550
231.224100
231.672100
232.315150
232.422600
232.517650
232.628200
235.263750
236.121850
236.875350
236.998950
237.878650
237.980850
237.991600
237.997100
238.511050
238.625300
239.495250
240.438300
241.398650
241.401700
241.427150
241.907900
242.219300
242.652800
242.860100
243.236600
244.033150
244.078150
244.882150
245.785050
246.205200
246.947900
247.068750
247.074400
247.483750
249.103800
249.397650
249.876150
250.655700
250.668400
251.206750
251.400950
251.758900
251.951600
251.957950
253.103950
253.119250
253.537900
254.096900
254.551250
255.097900
255.275150
256.089750
256.180050
256.407550
256.844750
257.119550
257.916850
257.937450
258.203750
258.562200
259.151350
259.794000
259.890250
260.881600
260.971550
261.094850
261.640250
261.880950
262.694400
262.943400
262.968650
263.907200
264.527300
264.976600
265.023400
265.179350
265.383800
265.392500
265.441350
266.001900
266.004950
266.329150
267.079150
267.445550
269.030900
271.085700
271.953050
272.060450
272.525550
272.594950
272.598550
272.623250
274.134300
274.218350
274.314950
274.667400
274.873150
275.338850
275.650300
275.653600
276.468000
277.097650
277.142950
277.479350
278.149000
278.420650
278.519650
278.558850
278.637950
280.100800
281.126650
281.172950
281.176900
281.201100
281.392150
281.437800
281.562250
281.565350
281.568050
281.688500
283.280450
283.441600
283.545250
283.740950
283.943250
284.597000
285.001950
285.006450
285.687750
286.327600
286.341950
286.409800
287.418850
287.837900
287.841250
288.149200
288.835000
288.899600
289.133500
289.314750
289.688750
290.435100
290.505700
290.523400
290.589400
290.867550
292.101550
293.757000
293.767050
293.949650
294.815200
295.150050
295.164550
295.231750
295.379150
295.685500
295.881950
296.085700
296.090400
296.104500
296.238700
296.399200
296.646050
296.814750
297.020400
298.069400
298.180450
298.184300
298.486500
298.671550
298.826700
299.415200
299.495950
299.880600
300.309300
300.848400
301.588000
301.727800
302.274400
302.876400
302.891000
302.938500
302.951450
302.956050
303.370800
303.441100
303.497250
303.811750
303.957300
304.185800
304.533200
305.242800
305.454000
305.466150
305.753700
306.323500
306.332700
306.857950
307.347550
307.354350
307.795000
307.819750
307.986050
307.989850
308.007200
308.088550
308.132200
309.117700
309.464650
309.623000
309.798500
309.815500
309.956200
310.255950
310.300000
310.305600
310.327150
310.402150
310.828950
311.135650
311.874750
312.474300
312.642800
312.721000
312.763550
313.613700
313.623400
313.866450
314.026250
314.135450
314.144300
314.251700
314.360450
314.367550
314.608500
314.744700
315.085250
316.013000
316.564350
316.824950
317.334650
317.594600
317.840850
318.113350
318.118900
318.137100
318.794550
318.879550
318.975700
319.594200
320.726150
320.745650
320.832800
321.077300
321.155600
321.511600
321.813750
322.106700
322.114000
322.991250
323.008600
323.482500
323.535450
323.964600
323.968200
324.233200
324.841800
324.941550
324.954000
325.873000
325.937850
325.940200
325.984600
326.158500
326.494250
328.144150
328.436250
328.448850
328.606000
328.632650
330.763900
331.388600
331.754350
331.756850
331.910000
332.228350
332.236150
332.644200
332.765750
332.782800
332.809950
333.524450
335.210300
335.547100
335.552900
335.858650
336.042550
336.467300
336.961250
336.973650
337.153100
337.232650
337.830500
338.064900
338.138800
339.134600
339.159500
339.319800
339.322750
339.520750
339.708350
340.109400
340.146850
340.688250
341.050750
342.571950
342.970700
342.973800
343.019500
344.610150
344.826100
344.848100
345.013200
345.153300
347.021400
347.025000
349.698700
350.120100
350.308950
350.324550
350.331150
350.900750
350.909650
351.602600
351.675150
351.866400
351.919350
352.381200
352.508050
352.512250
352.917450
353.058850
353.898650
354.011800
354.317800
354.480900
354.531350
354.810800
354.817950
355.293550
355.547750
355.617350
355.636650
357.111700
357.137500
357.160250
357.272350
357.345950
357.351650
357.359550
358.161150
358.188700
358.376500
359.104400
359.236300
359.580750
359.678700
359.860700
359.867500
360.057050
360.251550
360.511600
360.750450
360.801350
361.776050
361.945400
362.874300
363.092450
363.097100
364.183550
364.191400
365.004100
365.886050
366.064600
366.068550
367.075200
367.750550
368.026000
368.031300
368.066150
368.072250
368.167550
368.536000
369.059350
369.184100
369.215200
370.071900
370.300500
370.307000
370.894050
370.945750
371.235650
372.233850
372.238900
372.315900
372.498200
372.541300
372.779900
373.680550
373.682750
376.065000
376.436600
376.503350
376.520800
377.343900
377.399650
377.597100
377.911300
377.938200
377.946300
379.304300
380.450650
381.634500
382.885950
383.192650
383.917900
384.043700
385.493950
385.497400
385.763200
385.767750
386.165050
386.793150
387.525350
387.534250
387.740200
388.206150
388.289000
388.547750
388.669400
388.697100
389.681250
389.750700
389.761750
389.794900
390.507250
390.579950
390.734550
390.928650
391.007950
391.837650
391.970450
392.123400
392.223950
392.404750
392.409400
392.643300
393.482000
393.575100
393.577800
393.611600
394.127850
395.408800
395.481000
396.039800
396.360500
396.451100
396.906150
397.551500
397.588800
397.713650
397.721100
398.469000
400.082600
400.085600
400.588800
400.591100
400.603050
400.855400
401.319300
401.323700
401.332100
401.714900
401.906150
403.558550
403.986650
404.073600
404.185950
404.293750
404.330850
404.816600
404.847950
405.067500
405.079900
405.420000
405.557400
406.598650
406.653000
407.139150
407.840250
408.127700
408.131500
408.543000
409.131900
409.565850
409.569450
409.910650
410.034500
411.612650
411.626200
413.057600
413.130800
414.898900
414.919800
414.924200
414.939950
415.232350
415.602850
415.608000
415.953750
416.033050
416.350050
416.414900
416.588300
416.870700
417.014700
417.250850
418.126550
418.273450
418.668100
418.673800
418.759950
419.580950
420.037050
421.177000
421.535550
422.341700
423.359650
423.730100
423.733600
424.778050
425.143400
425.212250
425.234250
425.938400
425.950250
426.084150
426.464750
426.475900
427.526100
427.528450
427.685150
428.562000
428.649100
428.889100
429.469100
429.672650
431.004900
431.244200
431.277500
431.845450
432.310250
433.334150
433.726650
433.914850
434.340250
435.538250
435.699700
436.304200
437.121500
437.303800
437.306950
437.311500
437.843050
438.032350
438.824150
438.828950
438.842550
439.014200
439.859600
439.957700
440.371150
441.304250
441.738850
442.008450
442.385200
442.387850
442.694900
442.716750
443.190600
443.623900
444.319400
444.335600
445.517350
445.565800
445.948850
447.247450
447.249950
449.029650
450.061800
450.198500
451.035650
451.356850
451.840100
451.881750
452.743500
452.805400
453.592050
453.884900
453.888650
453.894850
454.052850
455.436900
455.645000
456.081900
456.088150
456.384750
456.409250
457.238850
457.416950
458.227450
458.744050
458.899250
459.583400
459.595000
459.894800
460.112400
460.151850
461.211350
461.393250
461.844800
461.852600
462.022150
462.041850
462.640500
462.646400
462.671900
462.979750
462.994650
463.412750
463.933650
463.938150
465.140300
465.152850
465.322850
465.882150
465.885850
466.087750
466.623050
467.599250
467.621450
468.089000
470.303350
471.331150
472.368600
472.542500
472.936050
473.215800
473.371250
473.794150
473.797000
474.004550
474.048300
475.882650
476.237900
476.244850
476.563100
476.902350
477.594000
477.695350
477.803700
477.928200
478.345150
478.687750
480.465300
480.537300
480.893450
482.375250
482.718350
483.660300
485.188750
485.222300
485.226550
485.866350
485.871000
485.904150
486.409700
486.470150
486.550400
487.002600
487.736550
487.988650
487.996400
488.326300
488.754050
490.408250
490.429350
490.730750
491.007600
491.940850
491.976300
492.842750
493.642250
493.963600
495.243450
495.350700
495.452050
495.704450
496.605400
496.619550
497.019900
497.248200
497.353150
497.544450
497.995000
498.232350
498.292750
498.432350
498.991250
499.974150
500.881100
500.955100
500.989200
501.001700
501.946150
501.953850
502.186900
502.807450
503.428400
504.055500
504.416450
504.876550
504.963400
504.973900
504.990050
505.385550
505.743950
506.203650
506.209400
506.664200
507.130950
507.162900
507.177000
507.403800
507.713150
507.716850
507.742500
508.421050
508.424000
508.427400
508.602550
508.759400
508.896300
508.899100
508.908150
508.911900
508.915850
508.972100
509.127900
510.115400
510.241350
511.771250
511.793700
511.824750
512.501450
513.259200
513.944700
513.969400
513.973300
514.534700
514.979350
515.651600
515.723250
515.906450
515.912800
516.022000
516.063100
516.078200
517.064450
517.084050
517.173300
517.303600
517.634650
518.196950
518.401850
519.132050
520.620300
520.960050
521.689300
521.716100
521.867400
522.076450
522.191550
522.300850
523.062300
523.189150
523.502100
523.510200
523.617500
523.621450
523.630050
523.921950
524.284700
524.402150
524.860100
525.057800
525.616650
525.788850
526.490100
526.950250
526.955000
527.017150
527.030050
527.036700
527.324650
527.743700
527.749600
528.657500
528.735300
528.743050
528.791500
528.841750
529.199150
529.771300
530.163900
530.487700
530.905450
530.999150
531.185000
531.445650
531.546850
532.200200
532.749300
532.763400
532.785150
532.958900
533.180500
533.280400
533.433600
533.755050
533.930300
536.160300
536.550200
536.639900
536.646050
537.128250
537.232150
537.388650
537.395450
537.402150
537.688400
537.911350
538.643600
538.831150
538.836100
538.842950
539.408850
539.872150
540.083500
540.092050
541.251600
541.878500
542.036350
542.102800
542.537200
542.829600
542.895350
543.233850
543.528500
543.976950
544.512900
544.822800
545.524200
546.109800
546.289350
547.371000
547.552000
547.667000
547.964100
548.062900
549.565450
549.916600
550.216000
551.672550
551.893350
552.079900
552.709000
552.821150
553.030450
553.352600
553.869250
554.164850
554.538200
554.743850
554.752050
555.044650
555.144250
555.464200
555.831500
555.850600
557.264500
557.455700
558.401450
559.549100
559.822350
560.097100
560.127350
560.347350
560.529850
561.533850
561.638450
562.440400
562.564850
562.872200
563.504500
563.611700
564.905450
564.936650
565.247500
565.494850
566.083700
566.400650
566.543500
566.951550
566.953850
567.077500
568.839250
569.061050
569.083200
569.484950
570.307250
570.310450
570.542150
570.853650
571.225050
571.932150
572.482100
572.737700
572.842350
574.204550
574.497800
574.522050
575.256850
575.365100
576.098250
576.323650
576.330650
576.826200
577.195150
577.218850
577.521600
577.934450
577.949550
578.413950
578.454550
578.473150
578.933550
580.086750
580.270000
580.558600
580.819800
581.371250
581.374200
581.394400
581.403000
581.812300
581.933050
581.938450
581.943850
582.866150
582.869150
582.882450
582.884650
583.696750
583.974800
586.880300
587.090050
590.269250
591.051800
591.113050
592.613300
594.308000
595.538700
596.026900
596.969150
597.209300
599.652300
600.532550
602.612350
604.882800
606.237950
607.443850
608.839300
610.402050
611.420650
612.955900
612.977000
613.453800
613.459600
614.751600
614.928250
614.930800
615.711950
615.811400
616.279700
616.457550
616.672550
616.677850
617.064950
617.077650
617.360600
617.720550
617.901950
618.241850
619.869100
619.943800
620.247550
620.870600
620.961650
622.111550
622.123950
622.245750
622.292650
622.481100
622.485500
622.613400
622.832750
623.309250
623.331850
623.466850
623.606350
623.622050
623.861350
623.872050
624.030000
624.282050
624.959400
625.022850
625.117100
625.336000
625.350450
625.812700
625.830400
626.145750
626.150900
626.623150
626.810300
627.293800
628.517000
629.011900
629.097200
629.224350
629.744900
629.790400
630.430650
630.661100
631.781650
632.214450
633.132850
633.205300
633.250650
633.265200
633.609050
635.016350
636.074550
636.097800
636.997400
637.049350
637.415600
637.611050
638.221200
638.227050
638.415650
638.422400
638.724250
639.571450
639.574450
640.196400
640.237000
640.442500
640.494850
641.009950
641.024250
641.161400
641.183250
641.190500
641.319400
641.404100
641.407050
641.756050
641.759500
641.923800
642.335150
643.237850
643.271600
643.428250
643.695150
643.988400
644.722750
645.435650
646.976950
646.983900
647.637400
648.144100
648.148250
648.564250
648.651350
648.752400
649.016200
649.484750
649.658050
650.471000
650.482400
650.695700
650.889750
651.384850
651.514150
652.546300
652.551350
652.985200
653.144900
653.604950
654.269850
655.263200
655.446800
656.072200
656.703550
656.823300
656.887700
656.923250
657.122900
657.282800
657.336150
657.367100
657.402850
657.508250
657.882150
658.062700
658.082200
658.425800
658.742650
659.154450
659.365350
659.541250
660.025500
660.039900
660.166000
660.985050
661.144250
661.365200
661.375300
662.378100
662.682500
663.641300
663.676200
663.736750
665.008750
665.029500
665.628250
665.737850
665.955650
667.119850
667.122350
667.183250
667.188200
667.315150
667.828400
667.894600
668.263350
668.714650
668.734750
668.953800
669.360000
669.711750
669.719950
669.819200
669.834400
669.838300
670.418450
670.833650
670.838750
670.842550
671.873700
671.979350
672.506850
672.513150
672.519050
672.526500
672.673400
673.645000
674.032600
674.319850
674.852250
677.042450
677.079500
677.490200
677.543150
677.578250
678.253800
678.326000
678.330300
678.335450
679.886000
680.203800
680.209850
680.289350
680.301100
680.535400
680.833900
680.920650
681.041050
681.508300
681.567700
681.814700
682.027650
682.215500
682.308650
682.768000
683.058800
683.251700
683.291900
683.456050
683.687800
683.827800
683.835300
684.888200
685.371700
685.673550
686.020500
686.227250
686.230450
686.233150
686.239350
687.653300
687.674100
688.053150
688.255650
688.258950
688.319900
688.387400
689.566350
690.291900
690.334250
690.952900
692.413300
692.428050
692.526400
692.803050
694.652850
695.068250
695.571750
695.813650
695.834700
695.859400
696.519450
698.197700
698.367450
698.370500
698.374400
699.376200
699.451450
699.508150
699.563000
700.024800
700.050050
700.802200
700.820750
702.169650
702.209100
702.573100
703.074200
703.097600
703.483450
703.495850
703.765400
704.099200
704.620550
704.853250
705.161400
705.174950
705.656550
705.968250
705.988400
706.209800
706.223350
706.226600
707.724950
708.204300
708.565900
708.637300
710.240500
711.145950
711.193800
712.776500
713.020400
713.076600
713.543400
714.777650
714.783150
715.091000
715.210650
715.281600
716.083450
716.126000
716.767950
717.362050
717.775500
718.859450
718.979650
719.244200
719.252600
720.359600
720.399050
720.404750
720.503600
720.531150
721.130000
721.237050
722.616050
722.618650
722.631550
722.634550
722.649900
722.653450
722.680700
722.814000
723.137500
723.906550
724.292950
724.693300
725.107900
725.549600
725.976500
726.532200
728.200300
728.217000
728.240600
728.256900
728.877550
729.999400
730.319950
731.869450
732.121200
732.507100
732.619650
733.440350
733.640950
734.022000
734.975400
734.993300
735.490700
735.494750
735.718950
735.999750
739.190500
741.956450
741.962350
742.187800
742.737350
742.889700
744.050400
744.063000
745.086050
745.308450
745.313800
746.203050
746.915400
747.347650
748.647700
749.545500
749.795600
749.850850
750.380450
750.440050
750.645550
750.665250
750.673100
750.962850
751.385500
752.592200
752.606700
752.836100
752.924750
753.593650
754.157600
754.372250
755.445350
755.461350
755.547250
755.574500
755.823350
755.954150
756.257050
756.313200
757.340500
757.672150
757.841000
758.014150
758.042900
758.318200
758.681100
759.258800
759.903050
760.204450
761.026850
761.162550
762.115100
762.516500
762.812200
762.816650
763.029300
764.066750
764.074750
764.148000
764.734900
764.740750
764.748150
765.177550
765.192400
765.619300
765.643700
766.788550
767.768800
768.357900
768.647350
769.709150
770.801150
770.809800
771.074300
771.082100
771.090600
771.676450
771.681400
772.286500
772.612800
772.834900
772.854500
773.870600
774.229450
774.783950
776.190650
776.367550
777.934500
777.956600
779.283250
779.315850
779.896800
780.964200
781.189000
781.193000
782.512850
782.924650
783.778350
784.247000
785.435150
785.441500
787.296300
787.431750
787.467800
787.580600
788.772400
789.359000
790.019700
790.144350
790.158600
790.180400
790.188150
790.613200
790.647800
792.853000
793.057300
793.230500
793.854550
793.989750
795.405100
795.628450
795.672800
796.258800
796.559850
796.851300
796.878900
796.882050
797.290100
800.163550
801.568250
801.958050
802.557600
802.980800
803.076700
803.384400
803.386700
803.660850
805.002150
805.013450
805.567300
806.241750
806.522250
806.984400
807.304750
807.506150
807.742600
807.747900
807.835800
807.868150
809.754050
810.803950
810.806550
810.929950
811.303950
813.452400
813.992550
815.358950
815.537550
815.882850
816.088900
816.992600
817.150850
817.180750
817.244850
817.875050
818.039000
818.938700
819.524850
819.540650
819.559550
819.614300
819.960600
820.178050
820.196950
820.402550
820.872400
820.903400
821.563400
821.639600
821.825050
822.313800
822.618650
822.891200
823.231150
823.237800
823.412700
823.557700
823.908500
824.013850
824.019750
824.043750
824.982500
826.232000
826.708950
826.812300
827.022400
827.211600
828.352950
829.090700
829.250350
829.523650
829.944850
830.225650
830.239800
830.886550
831.530450
832.690750
832.916500
833.528050
833.664200
833.727000
835.135350
835.417850
835.787700
836.119500
836.255100
836.422200
836.737850
836.877600
837.136900
838.271750
839.594000
839.767600
840.977650
841.111650
841.299350
841.894850
841.898750
841.918950
842.312450
842.704900
842.894650
843.249200
843.264500
843.706950
843.727550
844.670100
845.169100
845.577850
845.791400
847.217050
848.368100
848.704300
848.922450
849.803600
850.018900
850.587650
850.882100
851.213100
851.843400
851.956200
852.008000
852.405100
852.415900
853.880400
854.322450
854.326450
854.342950
854.349950
854.593050
855.013350
855.026500
855.029550
855.268600
856.588750
857.893950
858.582950
858.585450
860.264450
860.883850
862.855000
862.958950
862.962750
864.480900
864.752600
865.200200
865.497650
865.512400
866.464800
866.867850
866.872050
868.780000
869.256450
870.121950
870.492400
870.514550
871.370650
872.226900
873.012600
873.019600
873.571200
873.888000
873.898800
873.932550
874.115100
874.267250
874.943400
874.966500
876.295650
876.818300
877.152950
877.223000
877.266750
877.739400
877.741450
877.775950
877.790800
878.797500
878.801000
878.851250
879.192600
879.233200
879.581000
879.802650
880.637200
880.641150
881.535950
882.058800
882.171450
882.186300
882.232600
882.579450
882.767950
883.123250
883.131000
883.394100
884.259900
884.274600
884.325150
884.738100
884.807850
885.608850
886.268350
886.579500
886.695500
887.060350
887.333100
888.730500
888.737750
889.113800
889.138950
891.706250
892.302450
892.485300
892.792100
892.958950
892.961750
893.862100
894.110500
894.173050
896.444300
896.649500
897.994850
898.082550
898.591000
899.525750
899.540700
899.545900
899.548900
899.563800
899.954100
900.772700
901.283950
901.799400
902.094700
902.526850
903.272200
903.359800
903.967300
904.364750
904.853100
905.020450
905.490450
905.495200
906.374750
906.386750
906.541200
908.084350
908.087500
908.823700
909.616050
909.620050
909.636900
910.495050
910.571500
910.881700
911.576250
911.630450
911.656550
911.667350
911.672200
912.090300
912.217700
913.340400
914.915200
914.929600
915.088450
915.452600
917.235650
917.246600
917.360700
917.447100
918.384300
919.639650
919.685600
920.276550
920.477950
920.486950
920.492850
920.496100
920.724850
921.832850
922.004750
922.520400
922.908250
923.710900
924.308550
924.355900
925.467750
926.071900
926.130850
926.213150
926.549850
926.644350
926.788850
927.115350
927.131500
928.796200
928.869750
928.993100
929.789550
930.040750
930.495100
931.094100
931.652050
932.052850
932.645000
932.656100
933.471450
933.484100
934.249450
934.833450
935.451750
935.456200
935.868500
936.452900
936.876200
936.884050
936.963150
937.582950
937.627750
937.654300
938.937200
938.972750
939.948150
940.457150
940.614150
941.577950
941.582450
942.594950
942.597400
943.595750
943.769550
944.272750
946.119350
946.137600
946.281700
946.359700
946.701400
947.619800
947.821250
948.441350
948.445900
948.466650
948.469950
949.264250
949.711800
949.755350
950.246350
950.261700
950.682450
950.995350
952.570050
952.800400
952.967500
952.977200
954.499450
954.658950
955.684450
956.150950
956.385400
956.391700
956.417000
956.881600
956.888150
956.951550
956.973650
957.785200
958.783100
959.749500
959.787150
959.890950
959.969100
960.390250
960.524250
962.030000
962.809800
962.943450
963.456300
964.236900
964.405600
964.408450
965.098450
965.424250
965.589700
965.592650
965.604100
965.742900
966.203900
966.702150
967.209250
968.270600
968.521300
968.836000
969.075200
969.127800
970.540750
970.548250
970.551000
971.140850
971.485700
972.069050
973.938950
973.987500
974.418300
974.448250
975.357400
977.008250
977.018950
977.315350
978.197000
978.563250
978.607950
978.611350
978.614850
978.778150
979.101750
979.630150
979.958950
980.074350
980.359250
981.371450
982.351950
983.454950
984.433400
985.999350
986.010950
986.212250
987.330200
987.660050
988.918100
989.343700
990.422550
990.634100
991.695800
992.459300
993.145000
993.221900
993.854250
993.858800
993.943900
994.030050
994.032250
994.676900
995.558050
995.643300
995.838300
995.848900
996.388050
996.393600
996.972100
997.047600
997.050650
997.695650
998.720200
998.978250
999.767150
1001.077650
1002.457650
1003.003150
1003.005600
1003.084100
1003.087200
1003.604350
1003.977600
1005.123600
1005.574700
1005.586350
1005.780700
1006.260650
1006.718300
1006.737000
1006.820000
1007.419300
1007.832400
1008.381250
1008.795550
1010.015950
1010.506250
1010.992900
1011.174700
1011.286950
1011.645200
1011.755400
1012.827350
1012.873250
1012.875600
1013.552450
1013.817900
1016.557400
1017.179950
1017.198600
1017.202650
1018.133750
1018.151450
1018.276300
1018.335800
1018.341350
1018.345350
1018.388400
1018.420750
1018.849350
1019.646950
1019.655750
1019.761950
1021.652450
1023.359700
1023.694250
1024.600000
1025.989700
1028.523100
1029.760950
1030.286450
