24.087750
24.090150
24.093100
24.096900
37.062750
37.065200
37.067600
55.444400
55.446750
55.449600
68.595600
68.597900
68.600500
68.615950
72.143350
76.179800
76.245450
79.376900
80.116450
80.975950
81.435900
82.635600
82.655550
82.695850
84.256500
84.275800
85.416800
85.420550
85.518950
86.177500
86.197800
88.767250
88.769550
88.772250
88.775550
89.512900
89.823550
89.825700
89.828950
96.457650
96.460100
102.619150
102.621450
102.624600
103.316050
103.318300
103.320900
103.324900
104.444200
104.446400
104.449150
104.464850
104.469850
104.474200
106.106400
106.109000
106.111750
108.774800
108.777050
108.779750
108.794500
108.798600
111.167850
111.173100
111.176500
111.190300
111.192700
113.205500
113.207850
113.210600
113.214200
116.727350
116.729700
116.732650
116.736000
119.208150
119.210400
119.213150
119.224000
119.227100
119.236500
119.256100
119.258250
120.380700
120.383350
121.858300
121.860550
121.863150
121.869850
121.880450
123.023850
123.026050
123.028600
123.031800
123.396500
123.399100
123.402000
124.773750
124.776100
124.778600
124.782100
126.179050
126.181550
126.184400
126.202850
135.613800
135.618650
135.622050
135.831550
135.834200
135.837200
136.005100
136.007750
136.011000
136.415750
141.033700
143.309050
143.311450
143.325100
144.311200
144.313650
144.316650
145.130900
145.133350
145.136800
146.245850
146.248100
146.256550
148.023350
148.025750
148.028950
148.256650
148.259050
148.264750
148.268400
148.289050
149.233800
149.236200
149.251000
149.254550
149.765700
149.768600
150.880100
150.882900
152.010650
152.013000
152.015700
152.022000
152.028400
154.115800
154.118350
154.121300
154.606350
154.609050
154.612150
154.827150
154.830450
156.159350
156.161750
156.164650
157.290950
157.293400
157.296500
157.634500
157.636850
157.639800
158.940800
158.943100
158.946050
159.248800
159.251500
159.269450
161.569600
161.572150
164.042950
164.045350
164.047800
164.055500
164.061550
165.558350
165.564350
165.576950
166.245850
166.248550
166.251400
166.270850
166.274300
166.290750
167.697800
167.700300
167.703000
167.717450
169.122950
169.125250
169.128150
169.131500
169.134450
169.143400
169.715300
169.718050
169.721100
171.248050
171.250350
171.253250
171.256500
172.166900
172.169300
172.172350
172.176150
172.191300
172.527200
172.529750
172.533400
172.537000
172.544300
172.555700
172.805250
174.322200
174.325050
175.407350
175.409700
175.412550
176.044450
176.047250
176.050600
176.064650
176.825550
176.827850
176.831100
177.505550
177.508050
177.510700
177.517750
177.678450
177.742550
177.745350
177.753100
177.763650
178.792900
178.795350
179.527300
179.529750
179.532800
179.902950
179.905500
180.094150
180.366900
180.369500
180.372850
180.388400
180.422550
180.684700
180.687350
180.691100
181.179950
181.182800
181.346000
181.349250
181.357700
182.989250
182.991650
182.994800
184.065300
184.067700
185.249450
185.252050
185.639450
185.642250
185.645250
186.564450
186.567050
186.570350
186.613300
186.616900
187.319700
187.508600
187.511950
189.189550
189.192000
189.195050
190.212600
190.215200
190.218000
190.231750
190.470650
190.473450
190.926000
190.928600
192.843000
192.845350
192.848300
192.851350
193.138550
193.153000
194.127000
194.129850
194.458900
194.461900
194.591850
195.560600
195.761800
195.764250
196.042850
196.045600
196.130650
196.133350
196.440200
196.443000
196.761800
196.903800
196.906550
196.909950
196.913300
196.920000
197.103100
197.105750
197.115700
197.168300
197.892500
197.894750
197.897800
198.086150
198.089200
199.488000
199.490400
199.662900
199.665550
199.682300
200.553050
200.555800
200.559650
200.563500
200.576550
201.322000
201.324450
201.327400
201.332950
201.336900
201.884000
201.886700
201.890800
201.902250
201.911350
201.994700
201.997750
202.693550
202.696400
202.974550
202.977000
202.980350
203.339150
203.341800
203.759050
203.761550
203.764400
204.730400
204.732950
205.428950
205.431300
205.435500
205.733250
205.735650
205.738850
206.637150
206.743150
206.746200
207.062650
207.098450
207.101150
208.208200
208.215550
208.218800
208.727450
208.730000
209.494900
209.497450
209.500950
209.624900
209.631200
209.995950
209.998500
210.001800
210.564650
210.567250
210.571400
211.528200
211.531350
211.546350
212.255000
212.258050
212.261000
212.298850
212.307800
212.719450
212.722350
212.726350
213.240050
213.242500
213.672450
213.674850
213.677700
213.681350
214.158750
214.161200
214.164500
214.215650
214.802150
214.804900
215.007250
215.010500
215.542900
215.545150
215.548600
215.563000
215.738650
215.741350
215.744100
216.929200
216.931500
216.946050
217.711700
217.714600
217.739600
218.654400
218.657400
218.661000
219.373850
219.376400
219.379450
219.391800
220.587650
221.686350
221.689350
221.696100
222.303900
222.306350
223.154400
223.156950
223.281600
223.284100
224.075150
224.077650
224.124650
224.127450
224.483350
224.485800
224.488850
225.039800
225.042200
225.056800
225.060250
225.074200
225.077750
225.388400
225.391350
225.640050
225.642800
225.649450
225.680300
225.695000
226.520700
226.523550
226.526750
226.543900
227.159750
227.162200
227.175800
227.179000
227.190050
228.014800
228.018250
228.732000
228.734800
228.737850
228.753550
228.756700
228.764950
229.683550
229.686100
230.184350
230.186800
230.189950
230.201700
230.623200
230.625500
230.628500
231.644550
231.647600
231.685700
231.688700
231.699000
231.708400
232.592750
232.598950
232.610700
232.614500
232.626050
232.639750
234.854700
234.857100
235.261500
235.266600
236.274100
236.276650
236.280250
236.855150
236.860250
236.863650
237.256050
237.258450
237.261900
237.974400
237.976950
237.985150
238.208150
238.210900
238.487700
238.490150
238.496650
238.771550
238.774150
239.192650
239.195000
239.197700
239.473550
239.476200
239.490200
239.622200
239.769700
239.773000
239.776350
240.441000
240.443750
240.447050
240.488750
240.491850
240.502650
241.784550
241.787350
242.347050
243.608800
243.611250
243.614500
244.872550
244.875250
245.437750
245.440050
245.445600
245.450650
245.466750
245.733700
245.737050
246.382200
246.385050
246.891250
246.893950
247.377000
247.379550
247.382900
247.943350
247.946000
247.949150
247.962350
247.966200
248.300450
248.303600
248.381850
248.386100
249.390850
249.393300
249.404600
249.424850
249.845200
249.847900
249.854500
250.411900
250.415150
250.646450
250.658700
251.697550
251.699950
251.703600
251.741250
251.955450
251.969100
251.993350
251.996750
252.739700
252.742250
252.746050
252.755950
253.532750
253.535200
253.547250
253.819350
253.822100
254.543400
254.546650
254.867400
254.870050
254.873100
255.704850
255.707400
255.710650
255.818150
255.821950
256.025050
256.028550
256.661900
256.674050
257.841500
258.215600
258.218800
258.578900
258.583100
258.602100
259.119900
259.123000
259.501700
259.504050
259.507000
259.785650
259.788000
259.790950
259.796700
259.804750
260.001600
261.279700
261.282150
261.293750
261.574500
261.577250
261.588600
262.474500
262.477100
262.488500
263.897500
263.900250
264.456250
264.458750
264.475200
264.478500
265.000950
265.003550
265.014800
265.860250
265.862550
265.865100
266.326300
266.340600
266.344350
267.723900
267.726750
267.913600
267.916200
267.919800
267.932850
268.489050
269.004000
269.026950
269.506200
269.508600
269.686400
269.689100
269.961100
270.958350
270.961300
271.074450
271.080950
271.410300
271.413150
271.853150
271.855700
271.858950
272.343600
272.345950
272.349050
272.534800
272.537550
272.540600
272.549900
272.941150
272.954600
273.057150
273.060100
274.075000
274.077500
274.091950
274.623300
274.625700
274.628750
274.632000
274.636500
274.640400
275.548200
275.554450
276.660450
276.663250
276.925200
276.927850
277.208750
277.211250
277.214150
277.224050
277.375750
277.381950
278.450350
278.456000
278.483200
278.934500
278.937200
279.378200
279.390350
279.410950
279.414100
279.425550
279.723300
279.725700
280.113900
280.116300
280.374700
280.377700
280.998450
281.001300
281.068300
281.071600
282.092650
282.095000
282.097950
282.105600
282.556000
282.558550
283.449350
283.452000
283.455500
283.885700
283.888250
284.484650
284.486900
284.507850
284.607200
286.322750
286.324900
286.330300
286.333650
287.360700
287.363150
287.656000
287.658850
287.843350
288.058200
288.061200
288.804150
288.806550
288.810700
288.892800
288.895600
288.911350
289.292150
289.294400
289.301550
289.646400
289.649050
289.691550
289.899550
289.902200
289.911750
289.928850
289.931850
290.075500
290.518550
290.521200
290.525700
290.603400
290.606500
291.239150
291.241850
291.771850
293.053600
293.056200
293.063100
293.753300
294.195200
294.198050
294.461150
294.463650
294.466800
294.476500
295.073550
295.076050
295.079350
295.115500
295.657250
295.659950
295.977200
296.036500
296.044650
296.048200
296.215750
296.218250
296.236150
296.483850
296.487350
298.063950
298.066400
298.078800
298.083450
298.091200
298.342550
298.345550
298.808300
298.811150
298.815150
299.168150
299.170700
299.175200
299.478250
299.480600
299.484700
299.877600
300.337150
300.339700
300.343150
300.728150
300.730650
300.810500
300.813250
300.816200
300.824300
301.577650
301.591000
301.718000
302.851100
302.853450
302.873650
303.106450
303.109400
303.118650
303.453600
303.456800
303.460250
303.947450
304.700750
304.703250
305.048200
305.050750
306.259100
306.261700
306.270100
306.277950
306.287550
306.310850
306.698800
307.147700
307.150200
307.153200
307.782200
307.784650
307.788800
308.002200
308.005000
309.049550
309.052450
309.325950
309.343350
309.346300
309.779850
309.782000
309.784800
309.788350
309.795750
309.805750
310.212800
310.216500
310.263150
310.265750
310.406550
310.660950
310.663700
311.065250
311.068150
311.321150
311.323550
311.326700
311.651050
311.653950
312.424950
312.427350
312.917350
312.919900
312.924300
313.608700
313.620150
314.020950
314.023350
314.323150
314.325750
314.336000
314.339650
314.351950
314.550800
314.553600
314.954100
314.957850
315.172450
316.837000
316.839600
316.880850
317.112600
317.115300
317.329300
317.332350
317.592100
317.597450
318.428100
318.430450
318.446200
318.449200
318.665200
319.079450
319.082150
320.764900
320.767250
321.174800
321.178050
321.574750
321.577550
322.091450
322.094000
322.097450
322.111600
323.524750
323.527400
323.530350
323.542800
323.587600
323.958000
323.960850
324.227700
324.230200
324.695200
324.705900
324.787700
324.790500
325.911700
325.914700
326.146000
326.148450
326.198350
326.201400
326.213750
326.661050
326.663700
327.138300
327.301800
327.304550
327.558650
327.561400
327.666900
327.669750
328.340900
328.343700
328.439900
328.451300
328.453750
328.983100
328.985550
329.004850
329.007900
329.347650
329.632550
329.636150
329.639600
330.347850
330.350350
330.361500
330.816400
330.818800
330.822600
331.689450
331.694750
331.902100
331.904450
332.225800
332.244750
332.449850
332.452650
332.798850
333.002350
333.005150
333.483100
333.512600
333.515650
333.522300
333.695150
333.698600
334.525000
334.527550
334.630000
334.632900
334.645800
335.157450
335.549150
335.898950
335.901500
335.904450
336.249000
336.252050
336.289050
336.983050
336.985800
336.989000
337.149650
338.127550
338.130050
338.150750
338.940750
338.943500
339.327500
339.340250
340.003150
340.005950
340.505850
340.508550
340.517950
341.513850
341.516450
341.520600
341.897200
341.900350
342.574350
342.587600
342.667150
342.669800
342.978200
343.306200
343.309150
343.313050
345.693500
345.695800
345.699950
346.490450
346.493150
346.496300
346.509500
346.513150
347.018050
348.369050
349.261000
349.263550
349.853400
349.855650
349.858450
349.867450
350.183450
350.185850
350.190750
350.312800
350.340300
351.373500
351.406000
351.409200
351.668150
351.671050
351.912850
351.915600
352.215450
352.396900
352.400200
352.517500
353.410850
353.554100
353.557000
354.038500
354.041100
354.351600
354.354150
354.368500
354.496800
354.808000
354.813900
356.702900
356.705250
356.712150
356.782250
357.362300
357.367850
358.154900
358.157350
358.173900
358.358550
358.361050
358.365200
360.519950
360.522450
360.525300
360.550450
360.574200
360.577500
361.296200
361.298850
361.302150
361.927250
361.929850
361.942500
361.969100
362.149900
362.152400
362.404150
363.071900
363.074600
363.085050
363.946750
363.949600
365.600250
365.603100
365.829700
365.832400
365.835400
365.839250
366.471950
366.474850
366.543950
366.814350
366.931550
366.934250
366.938000
367.126550
367.129300
367.133350
367.145350
367.590050
367.593100
367.755850
367.759000
367.790600
368.058650
368.075200
368.091500
369.283900
369.286950
369.943800
369.946200
371.850500
371.852850
371.856500
372.298800
372.304600
373.519000
373.522450
374.944450
374.946900
375.666200
375.669050
377.371700
377.374050
377.376900
377.379800
377.391200
377.576250
377.579450
377.901950
377.907250
377.917700
377.925050
377.927400
377.935700
379.401000
379.403400
379.406250
379.792300
379.794850
380.498800
380.687700
380.690800
380.741050
380.744050
383.042600
383.044950
383.048050
383.051850
383.142800
383.156850
383.173300
383.189400
383.414150
383.823300
383.825500
383.828250
384.072800
384.075250
384.091700
385.488900
386.083600
386.125150
386.128750
386.757450
386.763050
386.855950
386.859050
386.870600
387.144850
387.147550
387.157300
387.313100
387.315800
387.719250
387.722200
388.659200
388.661700
388.890300
389.656400
389.658850
389.661550
389.758050
390.700500
390.702800
390.707150
390.737100
392.349250
392.351950
392.509800
392.512600
392.865750
392.868200
392.871850
394.107400
394.109700
394.112750
394.120100
394.123850
395.789050
395.791650
396.171200
396.173750
396.519600
396.522350
396.683550
396.686050
397.541000
397.543250
397.546600
397.715900
397.718400
397.725150
398.676500
398.699250
399.797000
399.799550
399.802650
400.097150
400.099700
400.581600
400.584250
400.599800
400.609350
400.792100
400.794750
401.336100
402.421150
402.423500
403.235150
403.237550
404.172400
404.324900
404.327600
404.333550
404.341800
404.351600
404.780800
405.088600
405.955600
405.958000
405.965150
406.476750
406.479400
406.677150
406.679600
408.596100
408.598550
408.601900
410.804250
410.807150
411.577400
411.579850
413.116400
413.123850
413.127950
413.136900
414.305500
414.308050
414.312050
414.315950
414.796750
414.799250
416.021550
416.024150
416.027100
416.030900
416.052350
416.219900
416.223100
416.403550
416.406350
416.410150
416.864900
416.867450
417.408500
418.267450
418.270050
418.284350
418.301700
419.327550
419.333000
420.449200
420.451650
421.085650
421.091150
421.169950
421.172900
421.839750
421.842500
422.627050
422.629550
424.232800
424.581650
424.587600
425.180950
425.183600
425.434250
425.436700
426.452500
426.454700
426.457550
426.461200
426.960700
426.963300
427.981700
427.984600
427.993700
428.894100
428.896500
429.595800
430.718350
430.720750
430.723600
431.046950
431.049500
431.072300
431.075300
431.476250
431.478850
433.317650
433.321200
433.327800
433.547300
434.065050
434.067550
436.238800
436.241250
436.244950
436.249200
437.731150
437.733650
438.660150
438.662550
438.665800
439.637950
439.640700
439.644500
440.357200
440.359550
440.362600
440.381600
441.287200
442.014350
442.017000
442.020500
442.297100
442.303500
443.044800
443.047350
444.060300
444.062700
445.269300
445.271500
445.274350
445.579550
445.582000
445.585150
445.588850
446.514150
446.996650
446.999550
447.010050
447.023350
447.132250
447.791350
447.794450
448.685250
448.687750
449.216100
449.218700
449.221900
449.800100
449.802750
449.806600
450.355900
450.986000
450.988350
452.802900
452.808100
453.338700
453.341150
453.344250
453.867200
453.869500
453.872800
453.876800
454.043800
454.046450
454.060600
454.064800
454.068850
456.050550
456.053000
456.377050
456.382200
456.895400
456.898100
456.902250
457.725850
459.879500
459.881800
459.884800
460.107450
460.110150
460.115300
460.684500
460.686950
460.690100
461.444700
461.447200
461.450650
461.877400
461.879850
461.891500
462.007650
462.019150
463.422450
463.924850
463.927450
463.930950
463.946100
465.644300
465.647000
465.658500
465.684400
466.594100
466.596800
466.599800
466.610100
467.594050
468.747850
468.750250
468.753350
471.292100
471.297150
471.300800
471.491750
471.494150
471.497400
471.704150
472.340400
472.443550
472.446300
473.850150
473.852950
474.034950
474.037550
474.040700
474.044650
474.651950
474.660750
474.675050
474.702300
474.970900
474.973400
474.980150
474.988600
475.525200
475.527850
478.340350
478.342950
478.365200
478.373800
480.333700
480.336250
480.339450
480.443850
480.447250
481.533000
481.535400
481.538500
481.982700
481.988250
482.697150
482.699650
483.646400
483.648750
483.651700
483.654950
483.673750
485.184050
485.186650
485.228600
485.232050
485.846550
485.849350
485.852550
486.171700
486.174250
486.178350
486.992950
486.995650
488.323000
489.689000
489.691650
489.695350
489.708450
490.728200
490.733700
490.745500
490.971550
490.974000
490.976850
490.988550
491.002900
491.609600
492.154150
492.156650
492.160150
493.003350
493.005850
493.009350
493.322300
493.325050
494.208250
494.210750
494.869300
494.995600
495.905050
496.691100
496.694050
497.619700
497.622050
497.625150
497.757950
497.760450
497.992150
498.000500
498.985700
498.988050
499.428500
499.856650
499.859050
499.861800
500.794050
500.796700
500.809950
500.950000
500.952500
500.961350
501.937500
501.939600
501.942300
502.622900
502.625600
502.629100
503.610600
503.613100
503.616150
503.640350
503.643450
504.958650
504.966600
504.969350
504.982550
505.376950
505.379450
505.382400
505.521200
505.912950
505.927050
505.929850
507.707000
507.709900
507.769850
508.652400
508.654850
509.123350
509.616850
509.619550
509.623400
509.791150
509.794800
511.840050
512.505700
512.508900
512.518550
513.361750
513.364800
513.447750
513.450400
513.925700
513.928100
513.937650
513.947000
513.958150
513.962600
515.667600
515.669950
515.672950
515.841300
516.932400
516.937700
516.979650
516.982900
518.834150
518.836400
518.839550
519.135300
519.138650
519.670200
519.672850
519.676700
519.692950
520.173600
520.181650
521.683100
521.693900
522.986850
522.989650
523.401900
523.404650
523.463550
525.055400
525.065500
525.405750
525.408450
526.282850
526.945850
526.948200
527.334450
527.337250
527.747000
527.758050
528.836250
528.838600
528.992100
528.994900
529.003700
529.641550
529.644150
529.647500
529.673250
530.200700
530.203250
531.035900
531.049050
531.052100
531.189050
531.597300
531.599900
532.005850
532.008250
532.011550
532.015800
532.721000
532.733650
532.736800
533.599900
533.619200
533.933900
533.936450
533.952800
535.196350
535.198650
535.201800
535.205200
535.209900
535.237200
536.622400
536.625100
536.628150
537.112350
537.114750
537.117650
537.123500
537.701050
537.703400
537.710450
538.035300
538.039600
538.042000
538.549800
538.552350
538.853350
538.855800
538.858550
539.847350
539.849700
539.853050
540.072050
540.089550
541.850000
541.852950
541.864750
541.886450
541.888950
542.160100
542.162600
542.194000
542.196850
542.528350
542.531350
542.534750
542.779850
542.783450
543.532200
543.721200
543.724150
543.766250
544.151500
544.154350
544.158250
544.673300
544.676100
546.101600
546.104150
546.107200
546.118200
546.669550
546.672250
547.941050
548.874600
548.877050
549.510000
549.529250
550.081900
550.084300
550.164800
550.167800
551.220350
551.222550
552.097150
552.393900
552.396550
553.338600
553.515150
553.517500
553.523850
553.528050
553.856650
553.859350
553.862500
553.865800
554.514450
554.516900
554.524650
555.844000
557.160250
557.183550
557.186750
558.387450
558.389950
558.393100
558.403600
558.657700
558.660400
558.926950
558.929200
558.938400
558.943050
558.959000
559.641350
559.644100
560.305900
560.308500
561.020550
561.022900
561.026050
561.029500
562.763100
562.765600
562.866050
563.180350
563.214500
563.217550
563.827250
563.832850
563.838800
564.581500
564.584100
564.587250
564.892200
564.894800
566.297750
566.300000
566.302700
566.965250
568.096500
568.099050
568.816150
568.818650
568.821750
568.832350
569.164600
569.167150
569.170850
569.581400
569.584000
571.177950
571.180450
571.183550
571.199850
571.207800
571.222900
571.586900
571.589500
571.592400
571.595700
571.599650
573.428700
573.732900
573.735400
574.199250
574.202100
574.492250
574.495000
575.073500
575.075950
576.145800
576.806700
576.809050
577.185250
577.188200
578.154750
578.157200
580.189850
580.192900
580.844550
581.366100
581.368700
581.385000
582.243850
582.876400
583.397050
583.399900
584.792500
591.069400
593.228750
595.541250
598.232400
598.234750
598.604550
599.654850
602.669800
603.968650
603.988750
604.388500
605.507450
605.547500
605.607350
606.047100
606.106900
606.227050
606.466650
606.809550
606.812000
606.886150
606.906000
606.926050
606.946000
606.966050
607.006050
607.085750
607.125800
607.145750
607.305450
607.325450
607.391000
607.665000
608.484350
608.504100
609.303450
609.456550
612.618250
612.621000
612.624800
613.116550
613.119100
614.743800
614.747200
615.468300
615.470650
615.609400
616.480550
616.483400
617.152900
617.159100
618.185550
618.188150
618.340650
618.343200
618.346450
618.359000
619.369400
619.372150
619.847950
619.850300
619.875450
619.889200
619.894950
620.910400
620.913000
620.996600
620.999100
621.002150
621.023650
621.951000
622.606500
623.777950
623.780850
625.229850
625.232300
625.235650
625.487550
625.490000
626.132550
626.135050
626.627900
627.107250
627.109750
627.113150
627.794300
627.796900
627.972900
627.975400
628.024600
628.028550
629.493500
629.519500
629.522100
629.539750
630.169200
630.866950
630.869400
630.872800
631.441000
631.456600
631.778300
633.833050
633.835400
636.064850
636.070300
636.095000
636.107550
637.256100
637.258550
637.262150
638.728200
638.731100
639.577000
640.012950
640.015400
640.030750
640.657400
640.660100
640.664550
641.004750
641.007350
641.014300
642.885300
642.887600
642.890500
642.904600
643.648900
643.652850
643.670150
645.429250
645.886700
645.889350
646.255850
646.258500
646.268800
647.365500
647.368050
647.371900
648.030200
648.032650
648.049950
648.767600
649.010150
649.472450
649.476000
649.661900
650.319400
650.324750
650.340950
650.899600
650.902250
650.905700
651.238800
651.241650
651.684300
651.686850
651.690400
652.015950
652.018550
652.021900
652.562800
653.482000
653.484300
653.487500
653.994550
653.996900
653.999750
654.008750
654.012750
654.284650
654.287350
654.479700
654.482100
654.485200
654.496300
655.257850
655.260700
656.109100
656.111700
656.115350
656.688000
656.690450
656.693650
657.327050
657.329200
657.332650
657.431350
657.434100
657.931850
657.934300
657.938450
658.079600
658.422900
658.673250
658.675900
658.821250
658.824100
659.511600
659.514350
659.517450
660.125450
660.128050
660.689300
660.692150
660.704600
660.708350
663.415800
663.418400
663.421600
663.669950
663.672550
664.481350
664.484750
664.507250
664.702150
665.087000
665.735200
666.451850
666.454250
666.457650
666.461350
666.469000
666.965950
666.968950
668.945500
668.947850
668.950700
669.694100
669.696650
669.699900
669.709000
669.725950
669.741500
670.706700
670.709200
671.024200
671.027350
671.537000
671.539600
671.877100
671.879400
672.194250
672.199600
672.585750
672.588650
673.919450
674.107400
674.110200
675.977750
675.980050
675.983150
676.423950
676.426700
677.178100
677.184400
677.191200
677.468000
677.755750
677.758700
678.068800
679.551150
679.553700
679.670750
679.673150
679.677350
680.228400
680.230900
680.233950
680.990350
680.992750
680.995700
682.229500
683.055950
683.061500
684.509000
684.511550
684.514750
684.546450
684.549750
685.786100
685.788550
685.791600
685.801200
685.814150
686.166100
686.169250
686.183400
686.496050
686.817350
686.820150
686.823550
688.079300
688.081500
688.085100
688.095950
689.267700
689.269950
689.273050
689.621950
689.624400
689.919500
689.922550
690.316450
690.318950
691.809500
691.812000
692.492650
692.499150
692.501750
692.505100
692.511500
692.521050
692.704650
692.812650
693.124750
693.127450
693.548650
693.551150
693.554400
693.593300
694.246500
694.248900
695.153850
695.156800
695.159800
695.172850
696.387450
696.394350
696.819300
696.822100
697.219100
697.221550
697.224350
697.930000
697.932750
698.248550
698.707800
698.710350
698.714600
699.073250
699.076000
699.535800
699.538850
700.021950
700.679050
700.682050
701.432600
701.988200
701.990800
701.993900
702.424100
702.426900
702.439600
702.442900
702.785350
702.788500
703.129250
703.469000
703.471400
703.474650
703.955400
703.957900
703.962000
703.982400
704.805250
704.807700
704.916750
704.919900
705.530200
705.532800
705.536400
707.742250
707.744600
708.037700
708.040100
708.042950
708.629050
708.631350
708.634150
709.098050
709.100500
710.215550
710.218050
710.220950
710.244100
710.247000
710.255400
711.079300
711.081950
712.433850
712.436350
712.614300
712.616850
712.977250
712.979700
712.987850
713.049200
713.052800
713.407100
713.409700
714.284150
714.286700
714.820150
714.822600
714.825700
715.200100
715.202750
716.763300
716.765800
717.040000
717.042350
717.045250
717.505350
717.508050
717.573350
717.575850
717.764250
718.067800
718.070450
718.352650
718.355450
719.272850
719.276050
720.208550
720.210950
720.213850
720.487200
720.489850
722.672650
722.676900
722.707050
722.710400
723.048050
723.054500
723.427350
723.429800
725.030500
725.032850
725.035750
725.797000
725.802200
725.811200
725.815550
725.966400
725.969100
727.253650
727.256200
727.407900
728.149200
728.157300
728.161300
728.171850
728.178650
729.636650
729.639100
731.838150
731.841550
733.422650
733.425150
733.428200
733.446550
733.782150
733.785250
735.402500
735.405100
735.408150
735.607250
735.609700
735.613550
736.014050
736.016500
736.019600
736.450250
736.452700
737.746700
737.749100
737.751950
737.755350
737.763700
738.145450
739.954350
739.956900
740.906950
740.909650
742.340750
742.343300
742.346550
742.689300
742.691450
742.694300
742.703950
742.714300
742.976700
744.054750
744.057150
744.077950
745.881100
745.883800
745.887000
745.920350
746.177700
746.180300
747.726500
747.728900
747.732100
748.944600
748.947400
749.550600
749.553050
749.555800
749.572850
749.633950
750.614600
750.617300
750.620650
751.294150
751.296750
751.309000
754.145200
754.154200
754.396950
754.399650
754.402950
754.414350
755.294700
755.297150
756.659550
756.662250
756.665750
757.281300
757.283750
757.286900
757.437200
757.439700
757.832150
757.834850
757.838100
758.545550
758.548050
758.568750
759.295650
760.420300
760.422800
760.900600
761.247050
761.249600
761.253600
761.269850
761.634650
761.637250
761.640550
761.658100
761.983700
761.989750
764.049200
764.051600
764.054700
764.063150
764.729950
764.732650
765.174800
765.182250
765.588000
765.590650
766.025500
766.028200
766.357600
766.360300
766.616850
766.619500
767.275150
767.277600
767.280850
767.284800
767.289050
768.435600
768.438450
769.400750
769.403400
769.407300
770.457300
770.459500
770.462750
771.068550
771.071000
771.615350
771.618350
772.852050
773.778100
773.780600
773.784050
774.996050
775.088950
775.092000
775.424750
775.427450
775.430750
776.093900
776.096400
776.111150
776.362250
776.364650
778.315400
778.317850
778.990050
778.992300
778.995050
779.005500
779.240250
779.242750
779.246000
779.277800
779.290750
779.649650
779.910350
779.912850
779.916250
779.929100
780.331800
780.346450
780.939500
780.942200
780.945650
781.820900
781.823400
781.827250
782.394900
782.397300
782.401150
783.318550
783.321200
783.324300
783.338200
783.784500
783.787850
783.790500
784.240300
784.243200
784.855750
784.858550
786.624850
786.627350
786.639050
786.894650
786.897200
786.900550
787.458150
787.463850
787.815600
787.818050
790.017050
790.023150
790.035750
790.039400
790.577100
790.580500
791.562850
791.565300
791.678850
791.681300
791.936300
791.938950
792.221750
792.224350
793.521000
793.523600
793.526850
793.535950
793.539000
794.093700
794.096250
794.323050
794.325400
794.331500
794.580150
794.582850
794.585850
794.593000
795.619600
795.622200
795.625200
796.226000
796.228600
796.231800
796.556850
796.861150
796.863750
798.494650
798.497050
798.499900
799.720850
799.723250
800.044850
800.047400
800.543200
800.545850
800.679050
800.681800
801.842300
801.879550
803.285300
803.288050
803.300850
803.309050
803.316300
803.336150
803.341200
804.837600
804.840050
805.006150
805.009250
805.015650
805.018850
805.026500
805.937400
805.939750
806.007250
806.296200
806.298800
807.736800
807.739600
807.816800
807.819500
807.822750
807.897800
807.900750
808.220050
808.222850
808.528000
809.194550
809.196900
809.200100
812.438700
812.441050
812.444300
813.422900
813.425300
813.428350
813.483150
813.497900
813.840050
813.842500
813.895300
814.341100
814.343750
815.256150
815.258650
815.262950
815.755350
815.757800
815.811500
815.814350
816.139750
816.142650
817.184450
817.187700
818.208850
818.211050
818.214250
818.218450
819.535600
819.538300
819.550900
819.557300
819.597200
819.610100
820.175100
820.181000
820.766000
820.768600
820.901050
821.028250
821.031100
822.062600
822.065450
822.069100
822.721900
822.724400
822.727800
824.041300
824.511400
824.513850
824.516900
824.883600
825.617300
825.619600
825.622300
825.626000
825.638750
826.302450
826.305300
826.805400
826.808250
828.543250
828.545850
828.548950
829.292200
829.294650
829.617050
829.620300
830.217100
830.219550
830.222900
831.057300
832.174150
832.176850
832.204550
832.207800
832.758000
832.760550
834.257600
834.262600
834.286350
835.072050
835.074950
835.979350
835.981750
835.985050
836.062250
836.064750
836.501750
836.504600
836.726350
836.728950
836.731900
836.743200
837.084450
837.087250
837.945700
837.948950
838.845300
838.847800
838.851800
838.864400
839.092750
839.095450
839.588500
839.590950
840.630300
840.632900
841.254650
841.257250
841.260700
842.466000
842.468750
843.243500
843.245950
843.261650
843.555600
844.121150
844.603150
845.157250
845.159600
845.162500
845.171500
845.345100
845.347700
846.106150
846.108650
846.111750
847.431150
847.433800
847.436900
848.095750
848.098200
848.101500
848.469550
848.472250
848.480950
848.501400
849.911900
849.914350
849.974500
849.978100
850.889650
851.480850
851.486650
851.828400
851.831150
851.836350
851.846650
852.411350
852.728150
852.730750
852.734150
853.264900
853.267850
853.424600
853.427700
853.837950
853.840450
855.263400
855.265900
855.615500
855.618050
855.640900
855.644050
855.951700
855.966100
856.577050
856.579900
856.592450
857.231850
857.242150
857.252400
857.256700
857.885100
857.887550
858.253800
858.256800
858.777450
858.780150
859.562800
859.565700
859.569150
859.752150
859.754600
859.757900
861.175900
861.178300
861.189750
862.312900
862.315500
863.249300
863.251750
864.203850
864.917600
864.920650
865.883900
865.886450
865.889250
866.519200
866.521700
866.875600
866.878150
866.881500
867.033300
867.036050
867.041450
867.364050
867.366700
867.379250
867.695100
867.697650
868.956950
868.959500
868.970650
869.875200
869.881900
870.117500
870.474200
870.476550
870.508650
870.511950
870.901600
870.903950
870.906950
871.349450
871.358550
871.365100
871.367150
871.375600
871.900800
871.903600
872.209600
872.213050
872.899450
872.901800
872.904900
874.088900
874.092050
874.917950
875.315450
876.265150
876.268800
877.150300
877.156500
877.195250
877.198750
878.501550
878.504650
878.508450
879.238200
879.690200
879.692500
879.695800
881.409600
881.412250
881.415650
883.121150
883.127600
883.440100
883.442500
883.454350
883.897800
883.900250
884.048550
884.051050
884.063300
884.067050
884.245600
884.248150
884.251000
884.263150
886.271950
886.636300
886.638950
886.642150
886.646200
886.654850
887.321550
887.324050
887.327150
888.467800
888.470650
889.064600
889.067200
889.070450
889.399250
889.727350
889.733450
889.874500
890.075800
890.078450
892.282650
892.285250
892.288900
892.472750
892.475350
892.785600
892.953500
894.155200
894.157750
894.160950
894.491800
894.494350
894.833500
894.837100
895.531450
895.534000
896.062650
896.065550
897.779550
897.782050
898.595050
898.598400
898.618200
898.637300
899.090250
899.093300
899.577500
899.580300
899.583600
901.277300
901.279850
901.297200
901.317350
901.645800
901.648300
901.658750
902.490750
902.493000
902.496200
902.523700
903.266950
903.269400
903.552350
903.554800
903.558050
905.017850
905.023900
905.604200
905.606900
905.610500
906.977600
906.980150
906.993350
907.004700
908.065800
908.068350
908.071950
908.226400
908.749750
908.752750
909.612850
910.437400
910.440050
910.734250
910.736750
910.741850
911.659900
911.665300
911.676500
911.960150
911.962650
911.965800
911.969300
912.080000
912.083600
912.541450
912.544500
913.457250
914.425100
914.427800
914.760250
914.762750
915.918500
915.920850
915.923650
915.926950
916.155050
916.158250
916.497650
916.502850
917.037350
917.039850
917.049400
917.065500
917.240250
918.345450
918.348200
920.307500
920.310200
920.314100
921.464250
921.466900
924.512600
924.515000
924.518450
924.819600
924.822000
924.825050
926.104600
926.106900
926.110000
926.133450
926.137000
926.375500
926.378100
926.621400
926.624100
927.036300
927.039050
928.638900
928.641600
928.982450
928.985200
929.007000
929.196100
929.198700
930.034000
930.036250
930.038650
930.048350
930.053450
930.488850
930.502700
932.042050
932.044450
932.219850
932.222700
934.220300
934.222750
934.228500
934.236600
935.392800
935.396050
935.666800
935.669200
935.672450
936.667100
936.669500
936.672500
937.607100
937.609550
937.612750
938.779550
938.782150
939.395500
939.397900
939.401450
939.776000
939.778500
939.790550
940.184350
940.543200
940.546050
942.287400
942.289900
944.837950
944.840750
945.458750
945.461350
945.738400
945.740850
946.114050
946.116500
946.272750
946.275550
946.643500
946.645950
947.410150
947.413000
948.425650
948.428150
948.431600
948.775400
948.777950
948.788600
949.080100
949.093750
949.098200
949.105750
949.135700
950.448400
950.450900
950.454250
950.633850
950.636550
950.640300
950.647800
952.928700
952.931150
952.934150
953.575500
953.578050
953.581300
954.209150
954.211750
954.215300
954.227950
954.492300
954.495450
955.382250
955.384700
955.387650
955.958000
955.960550
956.097350
956.099950
956.442550
956.445250
956.892000
956.894600
957.678300
957.681050
957.905800
957.908250
958.777500
958.780050
958.786750
958.794850
958.799100
958.807650
958.829050
959.136350
959.139200
959.310250
959.760700
959.763250
959.779700
959.784150
960.309950
960.312400
960.315700
961.312550
961.689600
961.692150
963.502350
963.504900
963.507700
965.421500
965.428100
965.772550
965.775250
965.778850
965.791750
965.794350
966.188700
966.191350
967.662700
967.665200
968.505950
968.508700
969.602400
969.605400
969.615750
969.629300
970.526600
970.528950
970.532150
970.554400
970.876350
970.879100
971.535200
971.537750
972.647100
972.650100
973.355100
973.357800
973.984700
973.990800
974.061150
975.072900
975.075450
975.105750
975.108550
976.222700
976.225000
976.314800
976.317700
976.354200
976.960850
976.963550
976.971600
976.976000
977.003000
978.603200
978.605600
978.620250
978.634550
978.658100
979.084350
979.086750
979.707600
979.820700
979.823150
979.840900
980.334350
980.337400
982.177950
982.180650
982.183800
982.821150
982.823550
982.843600
983.452650
983.929200
983.931750
983.934750
984.094050
984.096900
985.702200
985.704550
986.469200
986.471600
986.475100
986.483800
987.159650
987.162150
987.165800
987.956150
987.962050
988.356050
988.358550
988.943000
988.945600
988.948550
989.030400
989.046200
989.689100
989.691500
989.694400
990.412450
990.415150
991.347150
991.350500
991.714250
991.716750
991.720400
992.508150
992.510850
993.348050
993.350950
993.671350
993.673900
993.677000
993.680650
993.691100
993.938900
993.941650
994.206000
994.208950
994.234450
994.594000
994.596550
996.108450
996.110950
996.113900
996.117650
996.735300
996.737900
996.764800
997.145700
997.148250
997.526700
997.530700
997.863300
997.866000
1000.340500
1000.342850
1000.345700
1002.441600
1002.444000
1002.447050
1002.464450
1003.749000
1003.751400
1003.754850
1005.020350
1005.022700
1005.025850
1005.652200
1005.698300
1005.744100
1005.746450
1005.765400
1005.777550
1006.649350
1006.651800
1006.654700
1006.667700
1006.837750
1007.968900
1007.971400
1007.974800
1008.662550
1008.780000
1008.782750
1009.080500
1009.083150
1009.130900
1009.133600
1009.137250
1009.995200
1009.998200
1010.001250
1010.012450
1010.500800
1010.503500
1010.987300
1010.990100
1011.594200
1011.596600
1011.610500
1011.653450
1011.656300
1012.824800
1014.055800
1014.061000
1014.549800
1014.552250
1015.175350
1015.177750
1015.180250
1015.183800
1016.304900
1016.307400
1016.310350
1016.323000
1016.867850
1016.870600
1016.894150
1016.897300
1016.912000
1016.923750
1017.468300
1017.471050
1017.474450
1019.381600
1019.384300
1020.116950
1020.119250
1020.122100
1020.132400
1020.570350
1020.573100
1021.636500
1021.638950
1022.385900
1022.410400
1022.593650
1022.596200
1022.969950
1022.972700
1023.545800
1023.548150
1023.552050
1025.247850
1025.250500
1026.252550
1026.255050
1026.258600
1026.290550
1027.382050
1027.384650
1027.388250
1028.480650
1028.483150
1028.486100
1028.497350
1030.091200
1030.093750
1030.101350
1030.104750
1030.135350
1030.471450
1030.476900
