0.232150
0.357900
0.446550
0.843250
1.115750
1.177550
2.205550
2.277000
2.389850
2.901300
4.201600
5.052800
5.139700
5.187850
5.241950
5.379350
5.827600
6.222250
6.278900
6.435700
6.500350
6.912250
7.116750
7.304550
7.417000
7.989050
8.525800
8.940900
9.063300
9.266950
10.203200
10.211750
10.214600
10.224600
10.232100
10.340100
10.400350
10.493300
10.527450
10.681950
10.795650
10.895650
10.974500
11.022400
11.241550
11.291550
11.336350
11.396050
11.657550
11.988050
12.000800
12.182300
12.556800
12.739900
12.908850
12.917400
13.128400
13.507850
13.806050
14.139700
14.357000
14.377150
14.425600
14.782850
16.624850
16.789100
16.792600
16.800950
16.859400
16.924350
17.294000
18.078700
18.368300
18.389700
18.947200
19.358950
19.408700
20.454350
21.085950
21.091700
21.113000
22.199750
22.752000
23.001350
23.436400
23.662200
24.621650
25.134450
25.710650
26.430700
26.516900
27.218050
27.225650
28.270300
28.457750
29.018550
29.293050
29.757300
29.829200
30.090700
30.216350
30.239100
30.719300
30.771650
31.466650
31.469900
31.551050
31.576550
31.604200
31.624750
32.245300
33.161800
33.324950
35.593450
35.797150
35.889950
36.168950
36.692150
37.480900
38.595050
38.671750
38.677750
38.775000
39.665800
40.049000
40.144700
40.400600
40.418700
41.541050
41.714250
42.228850
42.443850
42.596000
42.609200
42.622450
43.601950
43.627400
44.209850
44.233800
44.246000
44.700900
44.898150
45.243400
45.253750
45.284150
45.405750
46.828250
47.019400
47.715550
48.646850
48.654000
48.724250
48.727100
48.988850
48.994000
49.000200
49.147150
49.793600
50.000850
50.554750
51.248800
52.410950
53.559100
53.602200
53.848950
53.857100
54.941500
55.919900
56.236100
56.268500
56.558800
56.561250
56.564150
56.992700
57.443100
57.451100
57.453700
57.463400
57.469400
58.938950
58.944900
58.956750
58.991650
59.656200
59.783750
60.184450
60.360850
60.598000
61.394900
61.431350
61.436850
61.444900
61.450250
61.566550
61.581550
61.754500
61.823500
62.555700
62.675000
62.842400
63.330450
63.350950
63.601950
64.308200
64.940450
65.052850
65.061200
65.117300
65.270200
65.792200
66.248850
66.935900
67.185450
67.196300
67.498650
67.511000
67.518100
67.525400
68.236000
68.529850
68.596000
68.625200
69.570550
69.917600
70.021900
70.049850
70.136500
88.214750
88.218500
89.309050
89.739500
89.756600
90.035850
90.058200
90.984650
91.265650
91.477600
91.579900
92.841650
92.849450
92.852400
93.787200
93.918750
94.086850
94.112550
94.521000
94.726700
95.387100
96.126250
96.225950
96.467850
96.890750
97.163700
97.764750
98.027650
98.228950
98.251450
98.267050
98.487250
98.666700
98.812100
98.819400
100.144600
100.288650
100.474650
100.680800
100.683500
101.460050
101.472300
101.488300
102.828500
102.832800
102.879400
102.967600
103.828200
104.343600
104.583200
104.608600
104.919050
104.921650
105.726500
105.849850
107.410000
107.899000
108.129100
108.673150
109.128250
109.551100
110.001600
110.052500
110.058350
110.207650
110.294950
110.594750
110.762650
110.969400
111.388100
111.655600
112.127150
112.277200
112.279700
112.487050
112.911450
113.292900
113.306650
113.881950
114.031500
114.164200
115.264950
115.349800
116.714100
116.813850
117.260100
117.316650
117.487650
117.980850
118.399800
118.648450
119.238400
119.250600
119.817700
119.840800
120.126400
120.766750
121.540400
121.900400
122.119800
122.193200
122.555650
122.992750
123.002100
123.382500
123.461700
123.851250
124.049350
124.523450
124.716100
124.809300
125.186550
125.341700
125.345100
125.734500
126.439650
127.685900
127.941700
128.437900
128.499150
128.530800
128.681000
129.157400
129.174600
129.547550
129.579550
129.965550
130.205200
130.441850
130.567850
130.725650
130.948800
131.204250
131.503700
131.528900
131.537200
131.557150
131.562550
131.578700
131.596700
131.762150
131.923850
131.926800
133.207600
133.378050
133.724850
133.728200
133.734500
133.992250
134.174900
134.186200
134.189150
134.623200
134.633000
134.956800
135.014300
135.019650
135.604450
135.608400
135.620050
135.623600
135.641250
137.544950
138.118200
138.124650
138.538500
138.678750
139.650500
139.808700
139.815650
139.819200
139.997400
140.107500
140.193800
140.196250
141.084700
141.100700
141.371650
141.699150
142.514200
142.847850
143.981550
144.190900
144.325300
144.328550
144.456050
144.544600
144.547900
144.842950
145.598700
146.004200
146.261500
146.891750
146.911900
146.924250
147.358050
147.365900
147.380950
147.711050
147.713750
147.992050
148.771800
148.774550
148.778050
148.798700
148.828450
148.831950
149.054900
149.232800
149.948400
151.296250
151.503900
152.898350
152.930050
153.049800
153.116900
153.236950
153.506000
153.508650
153.778400
153.859400
154.109700
154.125050
154.128850
154.147150
154.260200
154.303700
155.224800
155.564750
155.576800
155.786550
156.060000
156.093400
156.178850
156.473450
157.160600
157.680400
157.742700
158.800000
159.022200
159.279100
160.019000
160.505100
160.665000
160.694850
161.232900
161.612000
161.773800
161.776350
161.818550
161.823450
161.911850
162.129800
162.163600
162.990450
163.222250
163.538200
164.618150
165.397450
165.407600
165.661900
165.784900
166.041450
166.076350
166.126950
166.188200
166.277150
166.309600
166.504450
166.759050
166.908300
167.074600
167.078200
167.398500
167.860000
167.862650
168.282000
168.601400
168.608150
169.221350
169.658800
170.033050
170.673500
170.817050
171.376300
171.414950
171.767450
171.921750
173.110250
173.486350
173.709900
173.713400
173.903150
174.184400
174.558800
175.111100
175.120100
175.125650
175.591250
176.056550
176.094450
176.333550
176.894750
177.174950
177.683650
177.716150
177.819300
178.025500
178.357700
178.637750
178.645150
179.081800
179.225100
179.467400
179.961450
180.179550
180.402200
180.435550
180.854200
181.078750
181.255700
181.853650
182.024550
182.277900
182.280800
182.284200
182.419700
182.688800
182.898500
183.071200
183.580400
183.681350
183.701100
184.013750
184.167650
184.230450
184.568450
184.655900
184.659150
184.662600
184.698350
185.216750
185.402450
185.502000
185.595900
186.178400
186.295000
186.442100
186.598100
186.683150
186.729500
186.812600
187.192800
187.202000
187.311150
187.360950
187.702750
187.778950
188.147350
189.010350
189.149700
189.184850
189.196950
189.203100
189.213050
189.269750
189.379100
189.611250
189.665500
189.941050
189.944600
189.959700
190.068150
190.433000
190.817600
191.170750
191.251200
191.411450
191.610000
191.901250
192.114550
192.561550
192.568850
192.646800
192.748400
192.830500
193.141550
193.788400
193.856100
193.877250
193.879900
194.379200
195.000350
195.042250
195.405500
195.532700
195.957200
196.225400
196.273550
196.315350
196.554700
196.826750
197.487100
197.504450
197.508550
197.514500
197.644550
198.036100
198.391300
198.704800
200.429700
200.432650
200.535650
201.138050
201.533450
201.832000
202.499000
202.731300
202.804350
203.259550
203.263400
203.481300
203.526000
203.738500
203.875400
204.774900
205.329800
205.397600
205.402200
205.565050
206.003050
206.283350
206.286400
206.351800
206.754150
206.821250
206.823750
207.109500
207.270800
207.309600
207.479500
207.844600
208.393550
208.528850
209.180350
209.351900
209.356200
209.867900
209.966450
210.335800
210.345750
210.757200
210.780850
211.151500
211.403900
211.580550
211.801550
212.299250
212.557000
212.580050
213.572700
214.783650
214.937850
215.367950
215.415150
215.470400
215.833650
216.048850
216.404000
216.518700
217.041050
217.130350
217.524200
217.526650
217.534550
217.548250
217.834700
217.852050
217.856250
218.232900
218.755600
218.952500
219.386350
219.707800
219.967650
220.599850
220.782050
220.906000
221.290400
221.746600
221.763550
221.916300
221.937850
221.946000
222.306650
222.312300
222.318000
222.853650
222.856300
223.262400
223.286600
224.221700
224.546400
224.767900
225.156150
225.159300
225.666600
225.672300
226.304650
226.497200
226.523850
227.073250
227.076900
227.282650
228.055600
228.508400
228.590250
228.741900
228.899550
228.904000
229.627600
229.907050
230.469850
230.520250
230.523450
231.424850
231.821000
232.517950
232.646050
233.143700
233.231300
233.237000
233.239450
233.504700
234.366150
234.780450
235.111450
235.422100
235.508300
236.088500
236.118300
236.491650
236.833200
236.925400
237.410050
238.164300
238.469000
238.749850
238.888150
240.739300
240.772400
240.775550
240.938350
240.941800
241.470800
241.895850
241.898350
242.072400
242.219550
242.262800
243.214700
243.217800
243.220700
243.751500
243.809300
243.847900
244.027850
244.033450
244.434400
244.746100
244.804950
245.333200
245.534100
245.673400
245.725350
246.733500
246.981350
247.062400
247.068950
247.484000
248.183400
248.895000
249.107850
249.127450
249.160200
249.188000
249.246700
249.567250
249.687200
250.283900
250.411700
250.440800
250.620700
251.052200
251.088200
251.186650
251.401200
251.960200
252.198450
252.516800
252.793150
252.932850
253.520250
253.875800
253.985950
254.109700
255.092050
255.521550
256.089950
256.177450
256.845000
257.119750
257.790950
258.469100
258.562400
258.691600
258.714100
258.717600
259.328700
259.860150
260.140100
260.147500
260.548350
260.975600
261.156400
261.827600
261.878550
261.881200
261.890550
261.937150
262.868100
263.870350
263.998850
264.059600
264.204550
264.723100
265.179650
265.191450
265.384000
265.389300
265.392750
265.509000
265.797000
265.804300
266.420250
266.609200
266.613600
266.629750
267.079350
267.130000
267.234400
267.638150
267.651400
267.941200
267.991700
268.562000
268.566300
269.000600
270.206000
270.221450
270.515550
271.016250
271.412400
271.555750
271.755600
271.953350
272.057400
272.291900
272.445050
272.520450
272.525750
272.714650
272.725950
272.846550
273.280750
273.303250
273.327350
273.620550
273.681450
273.717850
273.727900
273.880100
274.048250
274.051400
274.108100
274.134550
274.246600
274.315200
274.468250
274.477400
274.667700
274.873450
274.876800
274.925700
274.934400
274.969850
274.993950
275.326600
275.584700
275.650550
275.653850
275.763700
275.808150
276.052000
276.134600
276.219600
276.223900
276.227500
276.244450
276.431900
276.468250
276.555900
276.559500
276.622800
276.731600
276.856950
277.013200
277.126700
277.136650
277.143200
277.503600
277.521450
277.695300
277.784650
278.346500
278.373450
278.420850
278.461300
278.525900
278.898300
278.905250
278.934150
279.018750
279.199150
279.384600
279.420450
279.568000
279.589100
279.612350
280.021200
280.063300
280.121250
280.220800
280.240750
280.405000
280.449950
280.509400
281.455150
281.696450
281.784200
281.993300
282.012000
282.099350
282.101850
282.133250
282.164700
282.326300
282.330500
282.609400
282.653050
282.963500
283.273750
283.778750
283.793400
283.841700
283.846800
283.950800
284.128900
284.692350
285.064000
285.609250
285.687950
285.832700
285.916000
286.335550
286.428700
286.488000
286.825400
286.841600
287.330500
287.383150
287.549250
287.719050
287.863900
288.568950
288.602400
288.834050
289.315050
289.603200
289.792450
289.990500
290.261650
290.755900
290.849100
291.331550
291.449150
291.717900
291.803400
291.884950
291.956550
292.703900
292.863300
293.412650
293.580100
293.740450
293.855900
293.858650
294.063100
294.528000
295.160300
295.341050
295.513550
296.023550
296.055950
296.085600
296.140600
296.353800
296.360850
296.615400
296.641450
296.644050
296.646250
296.653000
296.893450
297.020650
297.131450
297.369900
297.422300
297.776100
298.093000
298.184550
298.263900
298.398550
298.538850
298.658500
298.671900
298.823700
298.839400
298.846550
299.508000
299.532600
299.807700
299.856800
299.907350
299.966550
300.069000
300.213300
300.265000
300.289850
300.626200
300.764000
301.124200
301.334450
302.042600
302.951700
302.956300
302.961500
302.964600
303.149850
303.666150
303.733200
303.748800
303.782350
304.186050
304.595200
304.655100
304.677700
304.913250
305.138800
305.243200
305.668750
305.751400
305.889550
306.304800
307.076550
307.143900
307.333850
307.419700
307.440550
307.565600
307.991950
308.085200
308.129800
308.250900
308.980800
308.983750
309.117950
309.153400
309.398850
309.474150
310.170850
310.300200
310.732300
310.873650
311.019800
311.135900
311.316200
311.369500
311.480750
311.814950
311.912800
312.494100
312.503250
312.763800
313.445100
313.721050
313.863450
313.866650
314.245700
314.248950
314.588850
314.606100
314.645450
314.794300
314.893300
314.898600
315.053900
315.615350
315.691700
315.833200
315.971550
316.145800
316.595850
316.825150
316.831750
316.887400
316.921050
317.047700
317.797750
317.838150
317.993550
318.002200
318.452150
318.689900
318.693800
318.794900
318.856450
318.972700
319.048150
319.052550
319.190800
319.375750
319.664500
319.995550
320.433750
320.726450
320.836500
321.282850
321.502650
321.515850
321.556250
321.814000
321.942750
322.114750
322.167250
322.249150
322.271700
322.818150
323.164900
323.217550
323.488200
323.547100
323.622450
323.750550
324.090800
324.228150
324.233450
324.989200
325.161300
325.741400
325.881800
325.936750
325.978800
326.050450
326.577450
326.941550
327.245850
327.351650
327.744750
327.909600
327.962200
328.345900
328.799900
328.886500
329.623900
329.995400
329.997550
330.206800
330.246650
330.273500
330.629800
330.753250
330.764150
330.781550
331.244300
331.316850
331.511700
331.736850
331.754500
332.302800
332.614750
332.762600
332.987800
333.013200
333.424850
333.433400
334.217050
334.575150
334.581200
334.941900
335.065900
335.079350
335.540450
335.570700
335.709050
335.727400
335.858950
335.931950
336.286300
336.813250
336.955800
337.070800
337.205050
337.226000
337.460250
337.821250
338.025400
338.147800
338.454450
338.592000
338.885950
339.315350
339.318000
339.336550
339.355200
339.358300
339.685500
339.708600
340.067750
340.477000
340.486850
340.691000
340.715600
340.975800
340.985750
341.030050
341.722700
342.099500
342.122400
342.403350
342.671650
342.821950
342.972600
342.977050
343.588250
343.680450
343.848700
344.552100
344.588450
344.826300
344.982350
344.996900
345.489150
345.595850
346.223550
347.410100
347.854650
347.925600
347.939050
348.645350
348.992600
349.037800
349.297550
349.714200
350.122450
350.324800
350.388050
350.784800
350.978050
351.007950
351.094250
351.917150
351.998700
352.326550
353.054250
353.059050
353.193200
353.659500
353.782100
354.529000
355.293800
355.340400
356.000750
356.277650
356.287150
356.698550
357.088700
357.137750
357.140500
357.263400
357.271150
357.286900
357.292400
357.301700
357.310950
357.325800
357.333200
357.377750
357.596100
358.162000
358.242850
358.285450
358.594050
359.101850
359.153500
359.156250
359.236550
359.658350
359.681750
360.407900
360.801600
360.842800
360.930500
361.079800
361.085750
361.166350
361.274200
361.897800
362.062600
362.214200
362.620850
362.815450
363.433500
363.509400
364.001150
364.162100
364.170150
364.187950
364.416600
365.001250
365.144200
365.147350
365.154600
365.158350
365.339050
365.347200
365.395400
366.095100
366.134200
366.203300
367.102050
367.312400
367.326200
367.585050
367.629200
367.806400
367.859550
367.871250
368.064550
368.434100
368.536200
368.700700
368.821150
369.053400
369.057300
369.187450
369.352150
369.618150
369.641650
369.669300
370.708500
371.229050
371.843100
371.941550
372.037850
372.116500
372.182800
372.225750
372.785550
373.134000
373.297350
373.343450
373.709900
373.737300
374.174000
374.230250
374.338900
374.457200
374.607950
374.809450
375.033650
375.328950
375.452650
375.808550
375.957100
376.275550
376.494950
377.399850
377.911550
377.946600
377.965150
378.901700
378.960600
379.584200
379.841500
380.252550
380.263350
380.378600
380.751400
380.860500
381.019250
381.077050
381.129300
381.138850
381.436050
381.438700
381.634750
381.878500
382.356450
382.398550
383.311250
384.750800
385.307050
385.765050
385.769300
385.873450
385.885950
386.163550
386.258050
386.382100
387.338250
387.534500
388.206450
388.604850
388.826150
389.235300
389.681550
389.990300
389.993900
391.648700
391.970650
392.123600
392.157050
392.221350
392.224200
392.227900
392.231500
392.238600
392.907800
393.113950
393.131000
393.423600
393.575300
393.593800
394.182100
395.016150
395.469100
395.603700
396.040000
396.455300
396.526200
397.070250
397.380050
397.770900
398.087250
398.571450
398.679450
398.882800
399.462450
400.710600
400.809400
401.769550
403.294250
403.572850
403.772650
403.989600
404.387200
404.465250
404.816800
404.864500
405.067800
405.618500
406.422850
406.649750
406.667650
406.726350
406.732300
406.735750
407.085750
407.142500
407.153800
408.583550
409.314800
409.341350
409.563450
410.408600
411.474450
411.482350
411.595850
411.612950
412.489100
412.560950
412.854900
413.020450
413.022700
413.492000
413.809400
413.877100
413.985950
414.323350
414.465800
414.905000
414.920050
414.924500
414.931300
414.934600
415.070250
415.232700
415.529200
415.913350
415.953950
415.962350
416.364200
416.506000
417.200100
417.254700
417.777950
417.843400
417.941000
417.964000
417.977350
418.046150
418.449600
418.623750
418.680800
418.760250
418.881950
419.173300
419.328050
419.890600
420.285600
420.302300
420.896400
421.030150
421.035150
421.307450
421.310600
421.496000
421.535800
421.538950
421.668050
422.469100
422.500300
423.393300
423.412700
423.727450
423.730350
424.034250
424.117150
424.242500
424.282700
425.207500
425.210400
425.212500
425.226100
425.234450
425.565100
425.567600
425.810800
426.454950
426.461550
426.648250
426.931950
427.531450
427.858450
427.979500
428.218700
428.408750
428.414850
428.653150
428.889350
429.488950
429.534050
430.354150
430.488200
430.688850
430.952200
431.027750
431.314200
431.461350
431.699800
431.778450
431.828300
432.281550
432.310550
432.565400
432.886500
433.079050
433.086650
433.262950
435.114900
435.541100
435.825050
436.181950
436.778300
437.098200
437.117400
437.125250
437.275400
437.304100
437.315400
437.504700
437.579650
437.582650
438.032550
438.213750
438.405050
438.445100
438.949450
440.146550
440.150750
440.425400
440.458950
440.844850
441.016700
441.020700
441.043100
441.719200
442.008800
442.031900
442.094750
442.348650
442.379450
442.388100
442.684250
442.692800
442.695200
442.698300
442.912250
442.918400
443.291650
444.319600
444.402250
445.124850
445.523600
446.116600
446.248350
446.406950
447.098050
447.250200
447.261400
447.937500
447.940700
447.949150
448.313550
449.139550
449.145300
450.187500
450.212500
450.397400
450.401650
450.587100
451.352150
451.357100
451.884750
452.302500
452.315250
452.743800
453.375050
453.701450
454.205500
454.583450
454.856750
455.381600
456.124150
456.322550
456.475150
456.478400
457.504800
457.911050
457.917100
458.009000
458.227700
458.373250
458.668750
458.745850
458.748900
458.813550
458.906500
459.393500
459.626200
459.630250
459.671100
459.674050
459.806650
459.873150
459.884150
460.032750
460.105900
461.020300
461.211550
461.214800
461.716450
461.842250
461.852850
462.185950
462.318950
462.506700
462.586700
462.646600
462.779650
463.133250
463.413000
463.415950
463.632250
463.804300
464.774500
464.822150
464.878600
465.140450
465.153050
465.634250
465.882350
465.886050
465.899300
465.923550
466.078400
466.629250
467.800800
468.649600
468.828250
468.884100
468.887000
469.154550
469.495350
470.042500
470.620900
470.627150
470.890400
471.011450
471.055900
471.123150
471.331400
472.239800
472.250350
472.252950
472.302750
472.540400
472.620950
473.143200
473.213600
473.791400
473.977250
474.001950
474.445700
474.475750
474.523300
474.931750
475.349350
475.383550
475.678700
475.681950
475.835000
475.879350
476.017600
476.095100
476.115350
476.358400
476.417550
476.769150
477.695650
477.893350
479.386250
479.926950
479.973700
480.051950
480.425650
480.438200
480.468400
480.850200
480.895950
481.156950
481.169750
481.204100
481.348550
481.617700
481.628700
482.108700
482.441900
482.462300
482.791600
483.001100
483.300500
484.101900
484.808600
485.065000
485.269850
485.569100
486.105650
486.409950
486.457250
486.470350
487.736850
487.815200
487.821250
488.237650
488.287800
488.329250
489.049350
489.172350
489.477250
490.026800
490.388300
490.391250
490.395600
490.402100
490.408500
490.515850
490.534450
490.729150
490.828800
491.173800
491.549550
491.552650
491.569750
491.741250
491.759000
491.944000
491.970400
491.976550
492.119100
492.276750
492.293550
492.500800
492.856700
492.889400
492.929450
493.337500
493.957100
493.961700
493.963850
494.458100
495.039450
495.350900
495.452300
495.478650
495.631250
496.097350
496.303250
496.593450
496.846600
497.016150
497.045250
497.048250
497.345550
497.355650
497.544700
497.551050
498.238350
498.299300
498.302900
498.986000
499.152300
499.579300
499.584250
499.892850
499.908950
499.928300
499.970650
499.984450
500.341350
500.955350
501.026400
501.092250
501.262150
501.323150
501.393950
501.547050
501.681850
501.840350
501.902250
502.164950
502.292200
502.494900
502.855050
503.416400
503.762000
503.829050
504.043050
504.055750
504.448550
504.563050
504.712300
504.770500
504.969850
505.335900
505.342400
505.757650
505.788500
506.116500
506.198200
506.209700
506.636950
506.833900
506.986450
507.094300
507.108600
507.598050
507.736350
507.759550
508.096700
508.427650
508.908400
508.916100
508.936350
509.269100
509.367850
509.456400
509.848500
510.115650
510.495800
510.895350
510.935000
511.447400
511.781200
512.501650
512.615400
512.948650
512.969700
512.973200
513.066550
513.076150
513.408500
513.720850
513.945900
514.545500
514.571750
514.980200
515.024550
515.060200
515.698500
515.723600
515.746050
515.904150
515.911450
516.022300
516.195900
516.436400
516.637250
517.078050
517.258450
517.628950
517.634850
518.092550
518.200450
518.576350
518.781700
518.874450
519.697000
519.773750
520.662900
520.690350
520.701550
520.746900
520.960350
521.544100
522.008850
522.349150
522.584550
522.837950
523.189400
523.428500
523.481100
523.549500
523.639600
524.003300
524.036900
524.170450
524.282150
524.288600
524.522000
524.863000
525.481550
525.516950
525.742050
525.782050
526.016450
526.121850
526.125850
526.449850
526.595450
527.017400
527.030350
527.682950
527.724050
527.830400
527.922150
528.037200
528.262050
528.265600
528.285800
528.777950
529.339650
529.771550
529.775000
530.144650
530.167600
530.403700
530.808100
530.899200
530.939150
530.952050
531.257150
531.445900
531.718250
532.584750
532.785450
533.120750
533.426300
533.692500
533.754700
534.513450
534.602200
534.605450
534.863000
535.447300
536.109650
536.160550
536.289550
536.632100
536.810750
536.869600
536.930950
537.688700
538.137900
538.163100
538.610550
538.811700
538.836350
538.843150
538.958600
539.183550
539.872400
540.083750
540.102950
540.109050
540.586000
540.811100
540.867200
541.075550
542.036550
542.043600
542.309300
543.151850
543.311000
543.523600
543.528750
543.531400
543.544800
543.551300
544.216800
545.030550
545.033800
546.093600
546.116850
546.696050
546.817700
547.368250
547.409650
547.664150
547.961350
547.964350
548.156800
548.884300
549.862650
549.884250
549.938250
550.216200
550.353650
550.370600
550.644250
551.566250
551.584200
551.657400
551.672850
552.477700
552.639700
553.024250
553.030750
553.190700
554.171400
554.546100
554.956900
555.048100
555.111500
555.701550
555.831750
556.462500
556.736100
556.745750
556.848350
556.889400
557.002150
557.275700
557.642500
557.663200
557.882900
558.231250
558.267150
558.322600
558.527900
558.534450
558.547950
559.549350
559.735050
559.794600
560.003450
560.106850
560.110100
560.127650
560.134050
560.530250
560.533700
560.615000
560.762000
560.786650
561.527850
561.531000
562.466000
563.079600
563.345500
563.611900
563.983700
564.397850
564.596950
564.963150
565.579950
565.594000
565.812150
566.173400
566.331750
566.362250
566.372950
566.449200
566.452450
566.540600
566.728800
566.936300
567.476950
569.058700
569.229800
569.485200
569.988800
570.350700
570.813400
570.853900
571.232750
571.779500
572.005550
572.351050
572.441300
572.482350
572.503300
572.522800
572.737950
572.842550
573.328200
573.748550
573.767600
573.974750
574.766700
575.193000
575.863750
576.055550
576.184000
576.291400
576.311200
576.315100
576.883350
576.894200
576.909600
577.062750
577.383800
577.708550
577.949900
578.233700
578.281650
578.414200
578.933750
579.101500
579.334300
579.347900
579.812250
580.273100
580.491750
580.558900
580.719450
581.938200
581.942850
582.165100
582.254250
582.484850
582.869400
583.036900
584.063400
589.525900
609.062900
612.491550
612.519150
612.603500
612.643900
613.179550
613.311300
613.316600
613.350800
613.463950
613.470950
613.511100
613.717250
613.734650
614.257500
614.471300
614.744400
614.928500
614.931050
615.050050
615.200450
615.430950
615.831800
615.944200
616.279950
616.439050
616.843650
616.897400
616.916950
617.058700
617.132800
617.144650
617.225700
617.252300
617.659850
618.093400
618.232450
618.242100
618.307050
618.500950
618.820200
619.407950
620.247800
620.480600
620.993700
620.999500
621.058700
621.079450
622.092350
622.111750
622.187850
622.292900
622.484100
623.309550
624.014400
624.373200
624.395900
624.502700
625.090700
625.140150
625.142600
625.145300
625.813000
626.016950
626.024050
626.132950
626.223750
626.495100
626.623350
626.636250
626.645150
626.792400
626.813700
626.825250
627.664350
627.744500
627.944500
628.225700
628.650300
628.657100
628.905050
629.012100
629.177950
629.184850
629.477100
629.790650
630.698700
630.701650
630.853750
630.960900
630.995550
630.998250
631.385200
631.564600
632.872150
633.250850
635.016550
635.288250
636.100500
636.103400
637.000450
638.535850
638.676950
639.003750
639.076800
639.510600
639.540200
639.763200
640.043200
640.170400
640.221900
640.442750
640.449850
640.498750
641.183500
641.190450
641.319650
641.322300
641.407350
641.554750
641.644400
641.756300
642.148400
642.188850
642.444400
642.750950
642.775500
642.910000
642.935300
643.171700
643.191450
643.238050
643.256750
643.263350
643.268400
643.369150
643.371250
643.408900
643.428450
643.451200
643.649850
643.655600
643.684650
643.695450
643.880250
643.988600
644.035050
644.260200
644.563900
644.664050
644.987250
645.348800
646.396600
646.571250
646.889400
646.977250
646.990200
647.035250
648.109800
648.112750
648.302850
648.564500
649.002100
649.323500
649.364550
650.003350
650.482650
650.696000
650.718000
650.824850
650.943250
651.169800
651.497700
651.503750
651.790300
651.851400
652.076750
652.365150
652.445700
652.618000
652.690450
652.741300
652.966650
652.971900
653.303950
653.605200
654.144650
654.270100
654.409900
654.495350
654.506200
654.697650
654.889850
655.116150
655.317150
655.444550
655.516800
655.649250
656.051300
656.408100
656.436400
656.568400
656.703800
657.023700
657.123150
657.130650
657.136100
657.138950
657.283150
657.308900
657.354300
657.370150
657.403150
657.422800
657.437300
657.497100
657.602750
657.834350
657.842600
657.934700
657.942100
657.955300
658.393900
658.821650
659.093800
659.154700
659.166550
659.354300
659.677400
660.692600
661.343350
661.351850
661.365400
661.590350
662.273800
662.669800
663.641550
664.962250
665.193850
665.545250
665.741450
665.776500
665.949700
665.955950
666.933850
667.101400
667.120100
667.315500
667.339250
667.395050
667.415400
667.434950
667.699150
667.748000
667.894900
668.273750
668.359300
668.361350
668.367600
668.714900
668.730500
668.735000
668.814500
668.895900
668.914800
669.289250
669.502400
669.507400
669.598750
669.727800
669.819500
669.838550
669.858900
669.899150
670.067200
670.174550
670.182450
670.431850
670.455250
670.458900
670.573950
670.671250
670.807050
670.839000
670.994250
671.222350
671.442250
671.519150
671.678700
671.979650
672.032850
672.398750
672.434700
672.507100
672.513400
672.558300
672.614350
672.673650
672.947400
672.966750
673.045300
673.384850
673.511950
673.639900
674.032800
674.843800
674.852450
675.052550
675.784150
675.797000
676.276850
676.371150
676.830850
677.037450
677.043800
677.389150
677.470200
677.476050
677.503250
677.531050
677.543350
677.578500
678.326200
678.328850
678.669700
679.348950
679.593850
679.894300
680.248550
680.255250
680.528750
680.541650
680.547250
680.608600
681.194700
681.213000
681.508500
681.568000
681.814900
681.927850
682.027900
682.215300
682.288000
682.308900
682.487000
682.768150
683.006850
683.113050
683.121050
683.248350
683.552700
683.567350
683.588000
683.688100
683.828050
683.835600
683.967550
684.187100
684.347600
684.672950
684.695350
684.827650
684.894500
684.900350
684.906850
685.195400
685.292100
685.312950
685.612550
685.760200
685.892350
685.895200
685.933550
686.186900
686.228200
686.233300
686.239550
686.247750
686.254650
686.407100
686.434900
686.539400
686.808600
687.647850
687.953250
688.056450
688.259200
688.271750
688.320200
688.334550
688.346950
688.587600
689.312700
690.272000
690.334450
690.340350
690.498950
691.920050
691.934850
692.535000
692.929850
694.657150
695.021300
695.046900
695.292150
695.566400
695.828350
695.859700
696.798500
696.845850
697.071900
697.334100
697.615300
697.935000
698.059550
698.370750
698.457050
698.462550
698.553850
699.018600
699.023050
699.061750
699.238600
699.255950
699.380750
699.557000
699.620700
699.724400
699.736150
700.081600
700.243600
700.247700
700.375900
700.397950
700.612900
700.747000
700.937500
701.031500
701.087550
701.147850
701.316600
701.355850
701.598950
701.636650
701.871350
701.997600
702.214450
702.414500
702.458850
702.495050
703.062250
703.126050
703.213050
703.557300
703.678400
703.683000
703.765650
704.092250
704.331000
704.349750
704.375650
704.488250
704.620800
705.582100
705.585500
705.659350
705.962300
706.223650
706.226850
706.247050
706.249500
706.532050
707.424950
707.975850
708.104050
708.839300
710.058650
710.325550
711.061200
712.208550
712.212300
712.342950
712.614150
712.755500
712.807750
713.967000
714.097700
714.523500
714.526550
714.728250
714.865650
714.923950
715.118400
715.245850
715.481500
715.547750
715.792750
715.870200
715.910250
715.965000
716.045750
716.075750
716.202600
716.353550
716.674850
716.780700
716.815750
716.989150
717.184750
717.639800
717.667400
717.690200
718.365100
718.421250
718.494100
719.244450
719.290700
719.368900
719.441900
719.584700
720.044250
720.102350
720.404950
720.514150
721.268300
721.836700
722.613500
722.616300
722.630500
722.634750
722.664250
722.709150
723.531550
724.247450
724.252950
724.322350
725.755000
726.532350
727.356100
727.498850
728.198000
728.215900
728.438450
729.264750
729.277100
729.999700
730.954350
732.121550
732.363950
732.534900
732.595700
733.201800
733.204400
733.789050
733.794800
734.138650
735.719150
735.721500
736.047400
737.821100
738.113500
738.606100
739.190750
739.197850
739.482250
740.904650
740.931200
740.937250
741.503400
742.004000
743.182450
744.046750
744.050650
745.595900
745.652200
747.361500
747.839500
748.878050
749.382550
749.791100
749.811400
750.282450
750.437550
750.443350
750.475050
750.638150
750.647500
750.659350
750.664650
750.673350
750.815100
750.935950
751.049350
751.099200
751.460500
752.168700
752.240100
752.243600
752.389400
752.452800
752.799250
752.831150
752.836400
752.919500
753.058650
753.201650
753.273550
753.508750
753.677950
753.793700
753.906650
754.117050
754.406900
754.422150
754.467200
754.558100
754.920850
754.924200
755.162550
755.267400
755.439900
755.461550
755.823550
755.968600
756.254300
756.257300
756.310300
756.382550
756.489850
756.496050
756.596400
756.907550
756.914850
756.925100
757.283350
757.312300
757.391700
757.852300
757.863650
757.876650
757.900650
758.153650
758.204900
758.295150
758.321800
758.372250
758.691400
758.815800
758.892450
759.124650
759.215700
759.259100
759.269950
759.371450
759.445500
759.475100
759.652250
759.742200
759.903350
759.913300
759.951600
759.955600
760.307950
760.790400
761.027150
761.173400
761.177250
761.575400
761.656050
762.037000
762.093650
762.146200
762.312300
762.747450
762.815050
763.029600
763.046600
763.133500
764.098800
764.148200
764.302650
764.354800
764.357400
764.682200
764.737650
765.351050
765.716100
766.072750
767.276350
767.392900
767.770350
768.311400
768.429000
768.471500
769.316850
769.346400
769.709400
769.895400
769.899100
771.498100
772.930150
772.932750
772.936400
773.864800
773.867550
774.229750
774.787550
776.164200
776.873150
777.512700
778.453600
779.289350
779.897050
780.536000
780.548700
782.150200
782.183400
782.396750
782.602600
783.267600
783.270600
784.336750
784.535050
784.797850
786.711650
787.296500
787.428400
787.552600
787.559250
787.568450
788.250050
790.144650
790.188400
790.210900
790.945200
791.929900
791.933750
792.058400
792.419200
792.698850
792.848100
793.052250
793.057600
793.152650
794.101700
794.368300
795.788350
796.304000
796.879150
796.973200
797.459950
797.626800
799.717500
799.721200
799.997650
800.359400
800.361850
801.125900
801.958300
802.384950
802.405650
802.447550
803.284250
803.462200
803.878950
804.355600
804.977600
805.005650
806.280850
806.368550
807.014150
807.506400
807.865600
807.868400
808.014900
808.729700
809.679350
810.068500
810.079600
810.142550
810.145700
810.587450
810.728100
810.794600
810.804150
812.002150
812.005350
813.003350
813.488250
814.334250
815.211600
815.340250
815.396050
815.580550
815.733600
815.815750
815.881250
815.908150
815.910400
816.160550
816.220200
816.227900
816.266000
816.357800
816.681150
816.687650
817.354650
817.371000
817.415650
817.458700
817.543950
817.565000
817.587600
817.595500
817.629850
817.885550
818.093400
818.663300
819.160250
819.273300
819.314450
819.479600
819.517550
819.553600
819.664350
819.827050
819.890650
820.107500
820.136250
820.175500
820.237550
820.461050
820.484350
820.574650
820.589850
820.759050
820.761950
821.105700
821.254700
821.465900
821.538900
821.859900
821.975800
821.999450
822.076100
822.319450
822.633900
822.663550
822.810100
823.094800
823.234950
823.241750
823.265550
823.396400
823.481100
823.540550
823.572450
823.800100
823.978300
824.123750
824.155650
824.319450
824.349200
824.435750
824.644150
824.778650
824.784350
824.979050
825.054050
825.080000
825.403600
825.588200
825.617600
826.232250
826.235750
826.453950
826.497800
826.602150
826.727600
827.056550
827.211950
827.297450
827.515900
827.684150
827.733050
827.757050
828.353250
828.774300
829.158000
829.226700
829.233300
829.693400
829.913600
830.173250
830.768350
830.871600
830.886800
831.022100
831.182950
831.418900
831.945100
832.145750
832.247100
832.573650
832.680600
832.742350
832.919300
833.162700
833.219450
833.222450
833.224550
833.238450
833.528350
833.953650
833.987200
834.622100
834.716950
835.340650
835.415350
835.440500
835.545250
835.782600
835.788000
835.850350
836.319300
836.419750
836.422500
836.437250
836.644350
836.792350
836.877850
837.080500
837.083100
837.107800
837.424200
837.474300
837.899300
837.909900
838.272000
838.835150
839.549300
839.706400
839.761200
839.764600
839.810350
839.944350
840.028550
840.061350
840.167100
840.171300
840.258900
840.783250
841.282700
841.383200
841.520350
841.702900
841.919200
842.301250
842.862550
843.430950
843.570500
843.578850
844.547550
844.571000
844.586100
844.592850
844.607700
845.088300
845.421250
845.752600
845.820450
846.404900
846.674550
847.253650
847.257100
847.636800
848.121550
849.636500
849.884750
849.917800
849.956250
850.004050
850.030800
850.298650
850.651050
850.895400
850.897850
851.297450
851.543700
851.794300
851.956500
852.008200
852.031900
852.360300
852.522750
852.901200
853.514900
854.175450
855.024100
855.026700
855.509900
856.082100
856.169450
856.631550
857.005250
857.439800
857.596500
857.942600
858.583150
858.585700
858.746100
858.914550
859.443450
859.495700
859.603450
859.998500
860.015200
860.238100
860.259550
860.884100
860.886800
860.902100
861.194800
862.236250
862.290150
862.295100
862.477900
862.614750
862.895950
863.165000
863.489100
863.775050
864.074200
864.481150
864.697200
865.751150
866.465000
866.815750
867.037500
867.735800
867.779600
867.968950
868.429050
868.777700
868.780300
868.791150
868.937300
869.007600
869.153500
869.156150
869.256750
869.627150
869.813850
870.026850
870.150000
870.405850
870.499950
870.752550
870.927800
870.930500
871.703000
872.567700
873.571500
873.882100
873.888250
873.932750
873.954200
874.380300
874.861300
874.946600
874.954100
874.966750
875.360350
876.068500
876.818550
876.828600
877.013300
877.038400
877.741650
877.761350
877.778350
878.273000
878.366450
878.423800
878.461800
878.464800
878.635350
878.801200
879.252850
879.584150
879.793100
879.907700
880.188350
880.545650
881.032400
881.220800
881.521600
881.586450
881.600800
882.005000
882.072950
882.183850
882.212550
882.457250
882.566950
883.396950
883.400500
883.976500
884.565650
885.191350
886.031950
886.801500
887.640350
887.954550
887.957200
888.004750
888.130300
889.085100
889.105150
889.114000
889.135000
890.107800
890.407550
891.121450
891.140900
891.596700
891.855050
891.898550
892.139400
892.160700
893.058650
893.282200
893.285050
893.288650
893.294700
893.389450
893.408750
894.110750
894.336700
894.909950
894.953150
895.202900
896.030650
896.065950
896.280550
896.920950
896.935100
896.968950
896.971800
896.978900
897.312500
897.677850
897.848100
898.000400
898.057650
898.290850
898.614950
898.620200
898.950100
899.069450
899.371900
899.540950
899.543550
899.546100
899.951250
900.014450
900.126600
900.772950
900.791100
900.872450
901.009750
901.200000
901.206400
902.094950
902.196400
902.271700
903.360000
903.481000
903.483850
903.673250
903.967500
904.031150
905.180300
905.689600
905.891950
907.193550
907.426000
907.772500
908.037700
908.256350
908.354950
908.797150
909.018400
909.520750
909.637200
909.946700
910.391350
910.912200
910.976950
911.324300
911.569550
912.444150
914.322950
914.593350
914.596050
914.759000
915.017700
915.511450
915.514150
915.520350
915.581800
915.855800
917.979200
918.183200
918.185750
918.384500
919.637000
919.643100
919.694550
920.036750
920.276850
920.480650
920.487150
920.496400
920.503300
920.981100
921.153100
921.504500
921.509300
921.616400
921.667100
921.833100
921.876950
922.005000
922.209100
922.500800
922.520650
922.533150
922.751100
922.905950
924.216700
924.240700
924.801650
925.600550
925.636050
925.797450
926.127900
926.191750
926.213400
926.516950
926.523800
927.029700
927.752100
927.956200
928.993400
929.352750
929.475150
929.789800
930.141350
930.283000
930.472350
930.538050
930.543150
931.275050
931.764650
931.805600
931.809300
931.939050
932.053100
932.648350
934.984150
934.988450
935.252800
936.350250
936.353250
936.602100
936.963450
936.973150
936.976350
937.089400
937.628100
938.187600
938.204500
938.422900
938.622250
938.652450
938.714250
938.865350
939.654450
939.794600
940.116900
940.133400
940.235800
940.369450
940.642800
940.881550
941.078300
941.578200
941.580600
941.784050
942.198350
942.675550
942.688600
943.379100
944.272950
944.945550
945.521350
946.032450
946.704400
946.833100
947.626550
949.241100
950.028650
950.685300
950.991650
951.368900
951.402900
951.975050
952.277250
952.633350
952.705650
953.258100
953.322150
953.430450
953.825200
954.109700
954.656350
954.718450
955.146850
955.269850
955.475850
956.369400
956.388250
956.401300
956.420000
956.739500
956.954800
957.777350
957.899600
957.946450
958.169300
959.406850
959.763700
962.943700
963.460900
963.464700
963.503750
963.910450
963.960600
964.111850
964.163500
964.304550
964.979700
965.098750
965.134250
965.252800
965.708300
965.947150
965.991100
966.099300
966.607750
966.702350
966.852550
967.134950
967.159200
967.209500
967.221450
967.386900
968.255900
968.367000
968.831700
969.042350
969.459850
969.508600
969.834850
970.004550
970.143650
970.452450
970.455200
971.015100
971.161150
974.028650
974.415600
974.448500
975.350600
975.357700
976.597350
976.887550
976.977750
977.047200
977.131950
977.559000
977.840650
978.297800
978.519950
978.611550
978.765350
978.778400
978.883600
979.038400
979.078050
979.168550
979.182550
979.362800
979.393500
979.425300
979.480700
979.606650
979.719400
980.054450
980.321550
981.004700
981.116000
981.143750
981.306200
981.322450
981.596550
982.068500
983.032700
984.271200
984.433700
986.212500
986.490050
988.097850
988.359000
988.918400
989.118900
989.508600
990.819600
991.217850
991.289500
991.298500
991.440600
991.443250
991.448650
992.429450
992.459550
992.600300
992.733050
993.009600
993.592950
993.706350
993.796800
993.854450
993.876750
993.892350
993.938200
993.941300
993.944200
993.948600
993.951350
994.025600
994.052450
994.415800
994.500400
994.735700
995.626050
995.643550
995.834100
995.838550
995.841500
995.849150
995.862350
995.942500
996.388250
996.393850
997.695900
997.942350
997.945000
1000.343000
1000.822800
1000.899450
1002.101150
1002.597400
1003.003400
1003.090850
1003.098100
1003.124800
1003.221800
1003.610450
1003.790650
1003.997000
1004.230900
1004.244250
1004.401600
1004.755550
1004.840750
1005.114100
1006.145250
1006.228900
1006.445650
1006.476050
1006.478250
1006.788350
1007.127500
1007.419500
1007.445850
1007.463000
1007.586450
1008.072150
1010.585750
1010.696450
1011.171650
1011.273000
1011.627250
1011.775750
1012.097550
1012.370750
1012.398350
1012.873450
1012.875950
1014.919400
1015.174050
1016.038350
1016.528500
1016.563050
1016.601000
1016.632500
1016.687700
1016.751200
1017.164800
1017.194600
1017.198850
1017.218750
1017.517200
1018.204300
1018.270650
1018.281900
1018.381450
1018.459350
1019.287700
1019.317250
1019.553300
1019.647150
1019.761800
1019.825550
1019.992950
1020.082650
1020.130750
1020.169450
1020.589950
1020.638500
1020.792200
1020.968150
1021.031550
1021.270100
1021.435750
1021.519250
1021.751550
1021.921600
1022.334750
1022.358050
1022.568950
1022.704100
1022.883950
1023.292300
1023.616300
1024.370650
1024.374400
1024.600250
1024.615950
1024.896900
1027.727300
1027.730300
1027.920100
1028.512850
1028.523350
1028.551550
1028.556900
1028.560050
1028.931650
1030.521950
1030.697000
