1.343000
3.068200
3.144250
5.290200
6.912400
7.803600
8.379950
8.743500
8.928550
10.070800
10.211900
10.228650
10.316750
10.338800
10.352850
10.515100
10.986750
11.988150
12.161200
12.399400
13.044100
14.357100
14.783000
16.299350
18.329150
23.231800
24.090700
24.097400
29.785550
29.793200
35.131350
37.065650
37.068100
44.407400
45.304450
55.450050
55.864600
56.544400
60.612300
68.598400
68.623100
88.061250
88.193950
88.214850
88.523150
89.739600
89.824050
91.580100
92.498400
96.460550
96.961200
102.619550
102.622000
102.854650
103.302600
103.321450
103.325350
104.366250
104.446850
104.454900
104.486150
108.777600
108.799000
111.168300
111.170750
113.208350
113.214700
114.496200
115.195550
116.733200
116.736500
119.210900
119.227600
119.244150
120.766800
121.866550
123.024300
123.026550
123.029100
123.399500
123.402450
123.814450
124.776600
124.779200
124.782550
124.790050
124.794050
124.799950
125.350500
126.179500
126.182100
126.184900
128.499250
133.470950
135.614250
135.620250
136.008250
136.418700
136.421950
141.127250
143.314650
144.311650
145.133850
145.137300
146.246300
146.248700
146.625500
148.026250
148.268900
149.236800
149.255050
149.363450
149.766150
150.880500
152.016300
152.037750
154.612650
154.824800
154.827650
154.875050
156.162250
157.291450
157.293900
157.637400
157.640250
157.643800
158.943600
158.946550
159.252000
159.254950
160.692550
161.709000
164.043400
164.048300
164.055900
164.832950
165.558800
165.561400
166.246350
166.248950
166.255550
166.271300
166.287650
167.700750
167.703500
168.330050
169.125800
169.715750
170.033100
171.250900
172.169750
172.172800
172.527650
172.530300
172.537500
172.809100
174.325550
174.672300
175.410300
175.415950
176.051100
176.065150
176.825950
176.828400
177.508650
177.518150
177.678950
177.743000
178.075250
178.793350
178.798950
180.179650
180.294050
180.367300
180.423050
180.687750
181.183250
181.358100
181.985800
182.989700
182.995300
184.068250
185.642750
185.645750
186.569250
186.613800
186.617350
187.320100
187.509000
187.724800
188.883800
189.192550
189.943700
190.176500
190.213000
190.554100
190.926450
191.408250
192.843450
192.845900
192.848750
192.851850
193.141650
194.095100
194.459350
195.561100
196.440600
196.449900
196.458850
196.759500
196.907100
197.109400
197.116300
197.893050
197.907950
199.488450
199.663350
200.553500
200.577000
201.322450
201.887250
202.974950
203.339600
203.764900
206.746700
207.063150
208.208750
208.730500
209.501450
209.627950
211.526300
211.528700
212.188950
212.299350
212.745550
213.243000
213.672900
213.675350
213.815300
214.161750
214.182900
214.777550
214.805400
215.543350
216.465450
216.938700
217.712200
217.715150
218.654850
218.755750
218.952600
219.206350
219.376900
219.379950
219.383550
220.588100
220.713900
221.684150
221.686850
222.306850
223.154850
223.282050
224.075600
224.486300
225.060700
225.391800
225.429200
225.653050
226.521200
226.523950
226.955700
227.166050
227.804050
228.015350
228.735300
228.738400
228.757150
230.623650
230.633200
231.645000
231.683300
231.686200
231.699350
231.705600
231.968300
232.599450
232.640250
233.923100
233.930300
235.261950
235.267050
236.123800
236.866850
237.256450
237.262350
237.566000
237.974850
238.208600
238.211350
238.490600
238.772000
238.888300
239.318300
239.476800
239.619700
239.785150
240.447550
240.489250
240.652100
241.787850
243.609200
244.873000
245.440600
245.467150
245.490600
245.873550
246.382700
246.385550
247.539150
247.943800
247.946500
248.136800
248.292300
249.405050
250.415600
250.659100
251.698000
251.704100
251.952800
251.955900
251.966050
251.990100
252.742750
252.756400
253.547700
253.822550
254.844300
254.873500
255.094050
255.705300
255.818650
255.822400
255.835850
255.864100
256.025450
256.960650
257.847500
261.282650
262.488950
263.877300
263.897900
264.459300
264.479000
265.004100
265.035700
265.947250
266.326750
266.344750
266.934800
267.933300
268.682850
269.689600
269.914950
270.617550
270.958800
271.849750
271.856200
271.963100
272.344050
272.525900
272.541100
272.944250
273.269000
273.424000
273.686250
274.075450
274.078000
276.156150
276.172500
276.663750
276.925650
277.149550
277.214800
277.220050
277.224600
277.376250
277.378750
277.512600
278.421000
278.450750
278.456450
278.935000
278.937700
279.331850
279.426050
279.726250
279.729200
279.801000
280.116800
280.543550
280.557650
280.998950
281.068700
282.098350
282.106050
282.643250
283.449750
283.886150
284.114300
284.487400
284.509750
285.832900
286.323200
286.334200
286.346350
286.825600
287.395350
287.659300
287.843800
288.807100
288.896100
288.911850
289.302000
289.899900
289.912200
289.929250
290.519000
291.242350
292.848400
294.201550
294.461550
294.489900
294.797650
295.074000
295.076550
295.160400
295.796750
295.980300
296.218750
298.071050
298.217950
298.346000
298.398650
299.003500
299.166100
299.168600
299.171200
299.444450
299.878050
300.337600
300.811000
300.813700
300.816650
301.918350
302.056400
302.857050
303.083750
303.460800
306.262200
306.278400
306.281550
306.634100
307.148150
307.153750
307.782650
307.785200
308.003950
308.106100
309.050050
309.052950
309.343800
309.796250
310.173500
310.263550
310.266300
311.321550
311.651500
313.255900
314.023750
314.352500
314.745000
316.837500
316.881350
318.113950
318.434850
318.449950
319.784600
320.097500
320.765400
322.094600
322.112050
323.525200
323.530800
323.543200
324.228200
324.698600
325.912150
326.148950
326.198800
326.661450
327.138700
327.141750
327.305050
327.749200
328.436650
329.348100
329.640100
330.819350
331.692300
331.902600
332.453200
332.783900
333.486750
333.513100
333.526750
334.068850
334.525450
335.736750
335.902050
336.986250
337.155050
337.835950
338.669850
338.953850
339.325600
339.923850
340.003600
340.506300
341.308850
341.521150
345.087100
345.693900
346.513650
347.667950
348.200100
348.959850
349.867850
350.186350
350.313300
350.340800
352.400700
352.510050
353.411300
353.554550
353.557500
354.038950
354.041600
354.801400
354.811200
354.814350
354.929950
356.421150
356.439800
356.705750
357.790300
358.050150
358.285650
358.361600
360.577950
360.587000
361.412350
361.473950
361.930350
361.969550
362.150350
362.754550
363.072350
363.085500
363.384450
365.603550
365.832800
365.839700
366.032400
366.472450
366.938450
367.129800
367.133800
367.593600
367.756300
367.759450
367.791050
371.853400
372.137800
372.299250
374.100100
374.947350
375.454750
376.953850
377.372150
377.374600
377.576650
377.749900
377.752650
377.902350
377.911600
377.918100
377.941700
378.157050
379.403850
380.499300
380.707750
380.741500
381.752200
383.045450
383.048600
383.156300
383.823700
383.828700
386.763550
386.856450
387.145250
388.313500
389.662050
390.737650
390.989750
391.306150
391.515150
391.765800
392.349700
394.124300
394.988200
397.541400
397.719000
397.722300
398.679550
399.800000
400.413100
400.589100
400.792600
400.795250
401.908100
404.184100
404.328100
404.334000
404.495250
404.529300
405.431650
405.958500
405.975950
406.477200
406.670950
406.677600
408.599050
408.602500
410.804700
413.114350
413.116900
413.124300
414.308500
414.797200
416.031350
416.404050
417.408950
417.411400
417.414550
418.273750
419.328500
420.449700
420.452250
421.088700
421.091600
421.170400
421.842950
422.627500
425.434650
426.461650
427.982200
427.994250
428.431750
428.897050
430.604450
431.049950
433.321600
434.432200
436.241800
437.576350
437.734150
438.130450
438.663100
438.666300
439.641150
440.357600
441.287700
441.290450
442.021150
442.304050
442.918550
443.047850
444.063200
445.269700
445.582500
445.589250
446.512150
446.997150
447.010500
447.023750
447.791900
447.794950
448.685700
448.688200
449.036150
449.803250
450.356300
450.986450
452.439350
452.811650
453.341600
453.701550
453.877200
454.046800
456.377450
456.387200
457.726350
459.885350
459.895050
460.107850
460.110650
460.687550
461.447750
461.451150
461.892050
462.019600
463.133350
463.927950
463.931450
466.594550
466.610550
467.597050
471.497850
472.340850
473.256400
473.850600
474.038050
474.048600
474.354800
474.516350
474.652450
474.675550
474.976950
474.980550
475.525650
476.239550
477.893500
478.374300
481.211300
481.842750
481.988750
482.545550
483.652100
485.184500
485.187150
485.852950
486.993400
486.996150
489.689500
489.692100
489.695800
489.708900
492.157200
492.160650
493.129900
493.322750
494.211250
494.869800
497.620100
497.758350
498.986100
499.126400
500.797200
500.801700
500.810500
500.950400
500.953000
501.940150
501.946450
502.629600
503.237550
503.263250
505.379850
505.464300
505.519150
505.927500
507.229000
507.695750
507.712400
507.770400
508.655300
509.349600
509.787850
509.795250
510.767750
512.509350
513.365250
513.920400
513.926150
513.928600
513.935100
514.388100
515.006150
515.139500
515.638650
516.942100
518.800750
518.834550
519.135900
519.156800
520.174050
521.677650
522.349250
522.587450
522.987350
523.464000
525.058150
525.241950
525.481700
525.517100
526.283350
527.055600
527.089050
527.337800
527.750000
527.770150
528.263300
528.839100
529.644650
529.673700
529.771650
531.037650
531.052650
531.597750
531.600400
532.008800
532.734300
532.737300
533.745850
533.913750
533.934400
534.506350
535.199150
536.622800
536.627300
537.112750
537.115200
537.118150
537.123900
537.128500
537.814950
538.859000
539.847750
539.850350
540.075150
540.392050
541.121950
541.191650
541.570600
541.850500
541.868200
541.878850
542.528800
542.531750
542.780300
543.162700
543.702850
547.944000
548.083450
549.508050
549.510500
550.084800
550.165200
550.168200
552.394350
552.397050
553.515600
553.524350
553.528550
554.250250
554.431900
554.517450
554.520550
554.525050
555.315350
556.628950
557.160800
557.184000
557.187200
558.929750
558.943550
560.306350
560.322500
561.021050
561.023450
561.918900
562.572500
562.766100
562.866450
562.945950
563.180750
563.839300
563.927650
564.581900
565.197500
566.300550
568.819150
569.584500
569.631450
570.136150
571.200300
571.223350
571.589850
571.592900
572.058650
572.064100
572.190850
573.635450
575.073950
576.697150
577.693650
580.217850
581.046650
581.385450
582.869550
612.491650
614.744400
615.431050
615.471050
616.843750
617.159550
617.162250
617.332300
618.346850
619.850800
620.910800
621.002550
621.024100
622.606950
623.781400
623.872450
625.236100
625.490500
625.815850
626.133100
626.142950
627.764900
627.797450
627.975850
628.025050
628.029000
630.172200
630.358050
631.264850
631.444000
632.009850
632.352200
633.833600
633.838900
635.131550
636.070750
636.074850
637.259050
637.262600
638.728850
640.442900
640.660600
641.010800
641.014650
641.782900
641.983000
642.888150
642.891050
642.975350
643.267000
643.343650
643.428550
643.647000
643.649500
645.429750
646.269350
647.368550
648.030550
648.050500
649.016500
650.322250
650.899950
650.902650
651.519200
651.690850
651.785250
651.838150
652.022400
653.484800
654.000250
654.482550
654.495450
655.928300
656.112150
656.688600
657.327500
657.329900
657.333150
657.336350
657.434600
657.915500
658.425950
658.673700
658.821650
660.128550
663.422100
664.507700
664.699400
665.735650
666.461800
666.907100
666.920100
666.966400
668.454350
668.946000
668.948400
669.899300
670.210950
670.305850
670.347550
671.027800
671.373850
671.540100
671.890450
674.107850
674.872250
675.980550
675.983650
676.424400
679.554250
680.231350
680.234350
680.240600
680.547350
680.768050
680.828300
681.660900
681.928850
682.840900
684.012900
684.554900
685.786650
686.187000
686.755450
686.817850
687.865750
689.268150
689.270400
689.273550
689.624850
689.923150
693.549150
693.852250
694.246900
696.390700
696.394900
696.817250
696.819700
697.768500
697.930450
698.319450
698.718550
699.901500
700.679450
700.692100
701.994350
703.469400
703.765800
703.955850
703.962400
703.977100
704.328450
704.624600
705.533300
707.745150
708.040650
708.043450
710.244600
711.079750
711.082500
712.617350
712.728750
713.410200
715.203300
716.763750
716.823800
717.042850
717.764750
718.353150
719.116650
719.271000
720.214350
721.451950
722.710900
725.033300
725.036250
725.969600
727.256800
728.149700
728.161750
728.179100
731.838700
733.425650
733.447000
733.789150
735.408650
736.020100
737.749550
738.143200
739.957450
740.910150
742.694750
742.704350
744.055200
745.881550
745.887500
747.729400
747.732700
748.051900
749.553650
749.573250
750.282550
750.615050
750.673450
750.676550
751.141200
751.665800
752.058550
752.232900
752.452900
753.012900
753.841250
754.145650
754.397400
755.246450
755.300950
755.968700
756.104800
756.660000
757.284200
757.440250
757.835350
758.551550
758.892500
760.420700
760.895800
760.903850
761.289600
761.637700
764.049700
764.052100
764.730400
766.293400
766.358000
766.360750
768.436050
768.439000
769.407700
770.457750
771.069000
774.075050
774.996550
774.999100
775.431200
776.365200
778.315850
778.318400
778.990550
779.243250
779.246450
779.291250
779.647050
779.650200
779.916800
780.332250
781.824000
782.395300
782.397850
783.784950
784.243700
784.856200
786.639550
787.818550
790.039850
791.525000
791.565750
792.676550
793.521450
796.229100
799.723750
800.682300
803.288550
803.301350
803.348400
803.522550
804.838000
805.009750
805.019400
805.940300
806.296650
807.901250
810.227950
813.498400
814.344300
815.520450
815.755850
815.811900
815.814800
816.425500
817.185000
817.862000
818.209300
819.351150
819.949650
820.175600
820.181500
820.766450
820.776100
821.354700
822.063050
822.065950
822.069550
822.725000
823.800300
824.932650
825.453800
825.617700
825.909600
826.054300
826.302900
826.305800
826.497900
826.765500
826.805850
826.949950
827.976100
828.299900
829.226800
830.217550
830.220050
830.223400
831.057750
832.142850
832.177400
833.408300
833.892350
834.266950
834.432700
835.843000
835.985500
836.505150
836.729450
837.087750
838.848350
839.594350
840.906650
841.255100
843.246500
843.249500
844.124050
845.160150
845.163000
845.752700
846.112250
847.431600
847.434300
848.107650
848.472750
848.481350
851.425800
851.689350
851.831700
851.847150
852.008300
852.399950
852.411800
853.203000
853.265350
853.428200
854.203250
855.266450
855.952200
855.983300
857.257900
857.596650
858.780650
858.783700
861.176350
862.316000
863.075450
863.249750
863.494650
864.918150
865.314450
865.886850
866.522200
867.036550
867.367300
867.379700
867.695550
869.882350
870.477050
870.509100
870.902050
870.904550
871.359050
871.361850
871.901300
874.089400
875.303150
877.195750
878.501950
881.412700
883.124700
883.898300
884.051650
884.067450
885.582900
886.265950
886.646550
889.346850
889.399750
889.544200
890.085700
892.473200
892.953950
893.646600
895.531900
896.063100
896.066000
896.971950
897.782600
898.362750
899.577900
899.580750
901.277750
901.280300
901.659250
902.491150
902.493550
903.281500
905.018300
905.020800
905.024400
905.607450
905.679100
906.549050
906.946250
908.072350
908.224450
908.750150
909.613400
911.963150
911.975350
912.541950
914.760650
915.921400
916.158750
916.347950
916.500600
917.238100
918.345950
918.348750
919.997200
920.314600
921.402700
924.515550
924.518950
925.797600
926.013300
926.107450
926.378600
926.621800
926.652450
927.039550
927.566750
928.639400
928.642000
928.982950
928.985650
929.196550
930.034450
930.042400
930.048950
931.908050
932.045050
932.048250
934.220700
935.667200
935.669700
935.673000
937.111500
939.395950
940.714950
943.187050
943.973450
944.841300
945.738850
945.741350
946.276150
947.413400
948.428700
948.444550
949.080550
950.454700
950.637050
950.643250
952.343000
952.386250
952.459650
952.570350
952.914850
953.578600
953.581750
954.109800
954.488250
954.492800
954.499750
955.382750
955.961100
957.908800
958.777950
958.799500
958.808050
959.139650
959.761150
959.763800
959.780200
960.316200
961.690050
963.769650
963.812650
963.862100
963.955100
963.960700
964.025000
964.349950
965.164100
965.264300
965.422000
965.775300
966.189150
967.663150
968.367050
968.506400
969.602900
969.616200
969.629750
970.527000
970.554850
970.876800
971.552300
971.555550
972.647550
972.680500
973.987750
973.991300
975.075950
975.080250
975.106250
975.109100
976.223150
977.028550
977.132050
977.823950
978.606150
978.608950
978.651650
979.084750
979.090350
979.821150
979.823750
980.334850
981.460800
982.204850
982.821600
982.831800
985.705050
986.484250
987.166250
987.959100
987.962500
988.356500
988.359100
989.034250
989.043500
989.380850
989.446850
989.508700
989.689550
989.692050
990.496500
992.118450
992.514800
992.798800
993.307350
993.336050
993.348500
993.549550
993.674350
993.876850
994.209400
994.595550
994.908550
996.741450
996.759550
997.148850
997.866450
1002.442050
1002.444600
1003.603650
1004.773150
1005.026350
1006.478400
1007.096950
1007.419700
1007.821150
1007.969350
1009.080950
1009.083650
1009.137700
1009.995700
1010.501250
1010.987700
1011.610950
1011.656750
1014.552850
1015.180800
1015.195700
1016.305400
1016.323400
1016.802100
1016.871100
1016.894650
1016.897850
1017.239800
1017.717050
1019.789150
1020.117450
1020.132950
1020.570800
1021.496450
1021.639500
1021.897000
1022.358100
1022.596750
1022.704200
1022.973250
1023.546250
1024.978000
1026.255500
1028.497850
1030.094250
1030.105250
1030.474450
1030.477500
