5.221950
5.226400
5.286200
5.297650
5.483100
5.491400
5.547850
5.607600
10.196800
10.223900
10.252100
10.256850
10.273250
11.508950
13.369050
13.389550
13.509750
13.513000
13.517350
13.523900
19.374800
19.379650
19.385500
19.388550
19.391450
19.401850
19.614850
24.635000
25.001600
26.146750
26.150500
26.158000
27.251350
27.260950
31.576900
32.830250
35.394950
41.907450
41.915500
41.950500
42.362500
42.387350
42.391400
42.404350
42.914000
43.022450
44.206950
44.210650
44.215950
44.226500
45.893400
48.000500
48.820900
48.824650
48.837650
50.534100
51.008550
51.749450
52.019150
56.965550
58.968900
59.651300
59.655750
59.733700
60.146750
60.405850
61.707950
63.361800
63.367450
63.726050
63.743050
63.748750
66.430500
67.991650
67.995350
68.000000
68.011400
68.036800
68.057000
71.741700
82.178200
89.243000
89.246650
89.250750
89.255150
89.258550
89.266400
89.273600
89.922650
89.945850
90.020650
90.290600
91.380250
91.410400
92.817000
92.872650
92.877450
92.889850
95.275000
99.228650
99.372250
99.431250
101.480150
101.485750
101.503350
103.967950
103.971750
104.296700
104.592150
104.596100
104.600800
104.605900
104.611100
104.621150
105.533700
105.588400
105.647550
106.750500
106.755450
107.027300
107.096100
109.544150
109.981600
112.265550
112.272500
112.276400
112.279350
113.638550
113.643400
113.649450
113.656150
113.658800
113.661200
113.670400
113.677550
114.331700
114.367050
115.011250
115.626200
115.629350
115.633600
115.638500
115.643800
115.725950
115.799200
119.235850
119.251400
119.274850
119.508050
119.511800
119.516300
119.522000
119.534000
119.546050
119.822250
119.850950
119.997700
120.002300
120.027750
120.056900
120.748950
121.546050
121.569650
121.573350
121.577750
121.583750
121.590950
121.736350
124.753950
124.757750
124.765000
124.791150
124.805350
126.102200
126.106900
126.115950
126.802500
126.808200
127.642000
127.645700
127.853550
128.197650
128.214150
129.521650
129.537150
130.985750
130.990000
131.004950
131.604800
132.251950
132.257300
133.861750
134.555050
134.994850
136.081050
136.108300
136.745550
136.753800
136.779450
136.785100
136.854250
136.946200
137.024600
138.215400
140.185350
140.261350
140.265450
140.270850
140.324500
140.639900
140.667050
140.670050
140.675900
140.719450
140.744000
140.847750
141.059550
141.174600
141.179250
141.187550
142.198100
143.235600
143.869950
143.892600
144.129900
144.249150
144.253400
144.258200
144.262950
144.268450
144.271000
144.275900
144.285500
144.291450
144.610050
144.615500
144.622750
144.635000
145.005600
146.925200
146.929400
146.935400
147.392300
147.397750
148.282450
149.776300
149.790500
152.030250
152.723700
152.729350
152.755550
152.804500
153.141500
153.151000
154.235600
154.248050
154.435250
154.439750
154.445050
154.449300
154.454000
154.464500
155.030600
155.038650
156.068800
156.073900
156.563750
156.568550
156.629800
156.652550
156.863700
156.867100
156.871800
156.899550
156.989800
156.994450
157.582050
157.586450
157.591850
157.600800
157.811200
157.817150
158.391400
158.416700
159.273150
159.278250
160.434050
160.438300
160.662750
160.939350
161.007300
161.385400
161.388950
161.393050
161.398950
161.404900
161.415800
161.605100
161.934850
161.938550
161.943750
161.949550
161.967350
162.600850
162.640200
163.020600
163.167450
163.705050
163.709200
163.715550
164.036750
164.787800
165.875200
165.879450
166.039100
166.054300
166.063350
166.200750
166.247800
166.834950
167.153900
167.233650
167.249100
167.265800
167.271800
167.281700
167.289100
167.862500
167.866700
167.875200
167.903950
169.590850
169.594250
169.597700
169.602650
169.625600
169.632200
169.701850
170.306050
170.406350
170.534500
170.538450
170.542300
170.552800
170.558200
170.566450
170.908700
171.010550
171.229300
172.130150
172.135750
172.176900
172.469600
172.473650
172.479650
172.489350
173.494800
173.538500
173.790600
173.795250
174.234150
174.249700
174.578500
175.136200
175.150150
175.626950
175.635900
175.899250
176.088600
176.093850
176.099600
176.373700
176.403550
176.551600
176.555950
176.562250
176.598200
176.743000
176.748050
177.232300
177.378950
177.382300
177.386650
177.390550
177.395100
177.427850
177.662450
177.727650
177.731850
177.769600
178.044200
178.062100
178.312900
178.333900
178.337100
178.347400
178.352200
178.367450
178.653250
178.658550
179.192100
179.342950
179.357850
180.168350
180.172100
180.184400
180.191950
180.595050
180.634400
181.061350
181.065800
181.618700
182.041300
182.045300
182.319500
182.325250
183.485700
183.489800
183.693400
183.837700
183.843150
183.917000
183.930600
184.334950
184.340450
184.733350
184.769350
185.729350
185.734100
185.749600
185.755850
185.767550
185.790550
185.995700
186.000350
186.033450
186.060700
186.313600
186.319200
187.228150
187.242350
187.679600
188.272050
188.276250
188.866400
188.873750
189.090100
189.388150
189.391800
189.399500
190.131150
190.807350
190.819700
191.087850
191.884250
191.888100
191.898800
191.904450
192.547100
192.551550
192.559550
192.565650
192.572350
192.653850
193.184000
193.187100
193.196450
193.206200
193.220250
193.233050
193.559050
193.601050
193.671350
193.875650
193.879450
194.424750
194.440000
194.523700
194.530650
194.934350
194.937500
194.948650
195.133750
195.141550
195.170450
195.174350
195.208100
195.214600
195.232350
196.894700
196.899350
197.367600
197.387800
197.454700
197.460400
197.674650
197.681100
197.687350
197.907950
197.912100
197.929650
197.950800
197.955700
198.534700
198.789500
198.848050
198.924050
199.023450
199.318700
199.322950
199.328650
200.695000
200.698650
200.703600
200.712100
200.730900
200.749150
201.211550
201.519600
201.523100
201.541900
201.706800
202.315550
202.345000
202.635850
202.692150
202.696850
202.839550
202.842950
202.852750
202.892700
203.173950
203.277550
203.476800
203.739900
204.401200
204.405800
204.510950
204.686650
204.696250
204.700000
204.708500
204.720050
204.727850
204.972100
205.336150
205.807750
206.225350
206.430300
206.626150
206.633650
206.713800
206.718400
206.735800
206.741000
207.604650
207.685150
208.416350
208.440800
208.445900
208.456600
208.718250
208.733100
208.764050
208.938000
208.944350
209.334800
209.720450
209.723900
209.728600
209.733150
209.740750
209.755750
209.764700
209.781300
210.059750
210.099500
210.226450
210.769500
210.774150
210.778550
210.783250
210.789000
210.798550
210.808900
210.818550
211.535100
211.778450
211.796300
211.994500
212.101000
212.929600
212.935400
213.613550
214.122100
214.524000
214.591550
214.791300
214.857400
215.419900
215.423500
215.756550
215.761950
216.115050
216.119700
217.549350
217.553450
218.228200
218.249350
218.537450
218.541400
218.545100
218.555700
218.560700
218.573450
218.653700
219.346900
219.354400
219.363700
219.368900
220.267650
220.271300
220.279400
220.304200
220.900750
220.904600
221.181650
221.201250
221.605750
221.741400
221.745550
221.879300
221.883650
221.892950
221.950200
222.862800
222.916500
223.142750
223.147950
223.152500
223.160700
223.165050
223.769100
223.773700
224.024950
224.069550
224.293100
224.592700
225.064200
225.068200
225.084300
225.425500
226.208800
226.557450
226.645800
227.293800
227.298400
227.309200
227.399750
227.591950
228.058600
228.062850
228.073600
228.094250
228.099250
228.518950
228.524300
228.808950
228.873450
228.923500
228.936500
229.291500
229.887050
229.894750
229.938200
230.004250
230.205300
230.209500
230.289400
231.201100
231.209750
231.214850
231.217150
231.222950
231.229050
231.240150
231.264000
231.533450
231.597450
231.616200
231.621600
231.835700
231.841300
231.984000
232.005200
232.573350
232.577050
232.581550
232.589500
232.837450
232.844850
232.877300
233.169300
233.174400
233.199300
233.263900
233.312550
233.318250
233.324600
233.334550
233.339600
233.348300
233.397200
233.516450
233.584300
233.641450
233.848600
234.188950
234.193250
234.197450
234.548950
234.555800
235.027900
235.215550
235.219300
235.450100
235.455450
235.488050
235.492800
235.499600
235.506000
235.917100
236.033400
236.037750
236.043450
236.292200
236.296400
236.301450
237.000200
237.004550
237.025650
237.323850
237.327550
237.332000
237.337000
237.344600
237.568550
237.663900
237.936450
237.995300
238.000600
238.155600
238.455150
238.553600
238.557700
238.634700
238.639400
239.243150
239.246900
239.251900
239.262650
239.985000
240.003150
240.093900
240.098850
240.521600
240.541300
240.553750
240.953000
240.958000
240.963500
241.474300
241.489700
241.725500
241.795150
241.904450
241.906700
241.911600
241.982600
241.986400
241.990900
241.996150
242.003200
242.014500
242.017000
242.517400
242.540900
243.104050
243.117000
243.475700
243.479300
243.483900
244.437800
244.444000
244.451050
244.460700
244.480250
244.497900
244.502600
244.543150
244.705000
244.718800
244.742200
244.747200
244.975000
244.980250
245.122700
245.128150
245.138500
245.144150
245.151600
245.163650
246.478650
246.751850
246.762050
246.950450
246.954400
246.961700
246.975750
247.042750
247.048800
247.098150
247.113950
247.331850
247.336050
247.359800
248.338350
248.341950
248.351050
248.586000
248.591600
248.604250
248.610400
248.618000
248.628550
249.709750
249.717800
249.723500
250.741950
250.751650
250.811300
251.073350
251.161350
251.166200
251.168550
251.171700
251.201400
251.212250
251.217600
251.414300
251.484250
251.518500
251.629900
251.709300
251.714150
251.767550
252.387550
252.539150
252.543350
252.599150
252.988150
254.026500
254.031950
254.155300
254.159700
254.401800
254.480200
254.503600
255.058950
255.063100
255.082150
255.087200
255.098250
255.430850
255.628900
255.632350
256.032350
256.054900
256.079500
256.083950
256.098150
256.103050
256.109600
256.283900
256.291350
256.303900
256.354450
256.430200
256.435150
256.505200
256.557900
257.577250
257.583850
257.594750
258.183600
258.187750
258.198850
258.453250
258.500550
258.585800
258.590850
258.672350
258.681350
258.712950
258.718150
258.726100
259.116550
259.296950
259.691150
259.700850
260.328150
260.922000
260.926250
260.959750
261.574300
261.799550
261.805550
261.918850
261.927450
262.168050
262.505550
262.509750
262.652650
262.657400
262.662800
262.671950
262.679250
262.688250
262.755650
262.862800
262.885550
263.063900
263.298500
263.324650
263.357450
264.050950
264.055100
264.258550
265.436750
265.441900
265.451700
265.467650
265.476550
265.482500
265.792100
265.797300
265.810900
265.824200
265.830300
266.496650
266.525150
266.591450
266.602800
266.609050
266.612000
266.615850
266.642500
266.648200
267.476100
267.485350
267.965500
267.970600
267.989500
268.282500
268.302450
268.312250
268.665150
268.681950
268.696800
268.704850
268.711500
269.134950
269.151150
269.160000
269.167450
269.178900
269.326650
269.361400
269.490250
269.551550
269.951750
271.126400
271.130050
271.133800
271.138150
271.151750
271.158800
271.374700
272.317950
272.323150
272.346200
272.520100
272.664250
272.667950
272.703400
272.715250
273.225550
273.229850
273.235700
273.372200
273.377050
273.812200
273.964000
273.967900
273.991350
274.238550
274.943200
274.955350
275.225150
275.235050
275.240000
275.251500
275.550750
275.568350
275.737550
276.233050
276.241850
276.250350
276.622950
276.662550
276.686450
277.002750
277.117550
277.717550
277.959250
277.962700
277.977950
277.983350
278.646050
278.671700
280.009500
280.013100
280.027650
280.036350
280.237200
280.435650
281.023950
281.697750
282.534350
282.538750
282.543850
282.549050
282.554650
282.592900
282.702500
282.764300
282.774600
282.829000
282.888750
282.960350
282.963800
282.968200
283.161150
283.276550
283.348600
283.358000
283.540750
283.549100
283.564400
283.569500
283.839650
283.842850
283.856650
283.859050
283.864800
283.870200
284.144850
284.154000
284.519450
284.538850
284.555650
284.821150
285.142000
285.146250
285.232100
285.236700
285.394450
285.601950
285.618750
285.941150
285.980650
286.271600
286.301950
286.409150
286.904400
286.908700
286.972750
286.977000
286.986650
287.004450
287.336900
287.575450
287.581900
287.852150
287.861200
288.154800
288.162000
288.542500
289.095250
289.099750
289.112650
289.725950
289.731150
289.944750
289.949900
290.258900
290.269500
290.301000
290.309700
290.545800
290.732150
290.737200
290.756050
291.058700
291.180100
291.623950
291.628050
291.913150
292.208350
292.713050
292.717150
292.726700
292.949050
293.049850
293.056650
293.487200
293.693950
293.732950
294.075150
294.495250
294.497700
294.501950
294.788950
294.793700
295.178200
295.243300
295.248650
295.259950
295.345950
295.369700
295.373550
295.378450
295.383200
295.515450
295.529350
295.715350
295.738850
295.778900
295.941250
296.348100
296.352400
296.356750
296.362050
296.528700
296.535050
296.566050
296.649300
296.655250
296.895700
297.054650
297.060750
297.066850
297.624900
298.430350
298.439950
298.878900
298.883300
298.890900
299.152500
299.156950
299.164250
299.624950
299.694250
299.832250
299.836250
299.841050
299.846100
299.850950
299.860550
299.866700
299.877350
300.350500
300.379500
300.446400
300.450900
300.455550
300.639300
300.642050
300.646600
301.272250
301.303750
301.309650
301.324350
301.337900
301.487250
301.651800
301.656800
301.712850
301.717400
302.673800
302.801400
302.806200
303.201900
303.205900
303.210800
303.217500
303.411600
303.449950
303.669400
303.674600
304.272050
304.276750
304.289200
304.390700
304.395500
304.401950
304.419400
304.423650
304.687300
304.830550
304.835950
305.166650
305.230700
305.238050
305.242000
305.253950
305.268950
305.291150
305.679050
306.229050
306.233200
306.276350
306.712950
306.717950
307.147550
307.152000
307.223750
307.331900
307.335950
307.531000
307.534900
307.540400
307.546150
307.565200
308.343200
308.483200
308.488400
308.832650
308.845250
308.852900
309.003100
309.587300
309.591000
309.968100
309.973500
310.006000
310.583500
310.587050
310.591800
310.598450
310.741850
310.749350
310.778950
310.788450
310.795050
310.931250
310.939350
310.953600
311.114100
311.240150
311.244650
311.263550
311.274850
311.383950
311.460650
311.820550
311.824150
311.837050
312.107300
312.112150
312.115800
312.119800
312.125950
312.133100
312.471200
312.475550
312.490150
312.521300
313.765900
313.872700
313.960050
313.963400
314.091200
314.173100
314.519300
314.740100
315.119800
315.139650
315.473650
315.477150
315.482550
315.931650
315.935300
316.208950
316.212700
316.217800
316.628350
316.676150
316.707950
316.992100
317.052450
317.115100
317.118850
317.323100
317.328000
317.361750
317.537550
317.573850
317.740750
317.745900
317.978750
318.157500
318.163300
318.445100
318.475550
319.439450
319.520000
320.456700
320.470100
320.726800
320.739700
320.767750
320.789400
321.399900
321.404100
321.435450
321.441700
321.465000
321.720750
321.726000
321.848650
321.852800
322.685250
322.839950
322.843600
322.982000
322.987800
323.057150
323.061250
323.068750
323.247250
323.525100
323.742500
323.754050
324.094700
324.207350
324.214000
324.222150
324.234500
324.237750
324.423350
324.987000
325.007950
325.461250
325.467750
325.471000
325.494550
325.499250
325.518750
325.633000
325.668450
325.677900
325.774750
325.801000
325.896050
325.901700
325.946000
325.949550
326.152650
326.156200
327.050450
327.056650
328.522350
328.762600
328.766450
328.776750
328.818050
328.823700
328.933300
329.300600
329.315950
329.417600
329.553350
329.558700
329.596600
329.752600
329.791200
329.801300
329.885500
329.889800
330.005200
330.012700
330.030000
330.035500
330.273450
330.282250
330.288200
330.321800
330.613500
330.634300
330.638850
330.870900
331.307000
331.311050
331.654500
331.658950
331.679550
331.755400
332.366500
332.472700
332.495150
332.613850
332.617350
332.630950
333.002400
333.006000
333.030350
333.758950
333.762450
333.767100
334.088350
334.092150
334.360600
334.399800
334.404000
334.429150
334.445250
334.451900
334.714350
334.794850
334.799300
335.212850
335.221900
335.228650
335.560000
335.566250
335.580900
335.631200
335.636800
335.849700
335.853200
335.856750
335.858950
335.864950
335.873250
336.069050
336.074200
336.078350
336.097600
336.167700
336.201450
336.206650
336.488000
336.495800
336.704700
336.714150
336.920750
336.924250
336.935300
337.333550
337.337800
337.358200
337.366450
337.375950
337.785500
337.808600
338.423750
338.480900
338.627800
338.714100
338.718750
338.725050
339.110850
339.316100
339.322700
339.625050
340.124250
340.127750
340.135300
340.141050
340.155300
340.163550
340.466950
340.478600
340.485600
340.504700
340.631550
340.677800
340.682600
340.690400
340.890650
340.913400
341.082050
341.095400
341.568250
341.675500
341.787000
341.794900
342.427000
342.431450
342.436600
342.442850
342.469050
342.637350
342.654600
342.701150
343.078400
343.085800
343.577900
344.371250
344.374450
344.544850
344.549200
344.858450
344.863600
344.873600
344.995950
345.000950
345.695400
345.701200
345.710150
346.174500
346.364150
346.378000
346.391750
346.497900
346.525900
346.546150
347.399350
347.537750
347.541400
347.747500
347.901800
347.938050
348.084350
348.087600
348.103350
348.471550
348.476350
348.923250
349.161750
349.221600
349.236050
350.309250
350.313050
350.317350
350.345250
350.348850
350.558500
350.573350
350.773250
350.777150
350.791300
350.802000
350.860900
350.869050
350.892200
351.084000
351.103650
351.500300
351.504800
352.672950
353.189200
353.194500
353.550150
353.694250
353.698050
353.702300
353.707100
354.570850
354.574700
354.579450
354.735250
354.742250
354.907100
354.911400
354.987150
355.285750
355.647400
355.651900
356.277900
356.583050
356.589950
356.592200
356.664150
356.779000
356.783300
356.789350
356.992950
357.011200
357.069850
357.283000
357.374200
357.465650
357.470150
357.725900
357.758200
357.781600
358.038600
358.156300
358.179550
358.190000
358.207850
358.254650
358.261850
358.374500
358.380550
358.391600
358.403000
358.698200
358.702700
358.806300
359.052250
359.150600
359.751100
359.926400
359.945200
360.513000
360.537950
360.543050
361.051700
361.055950
361.069200
361.073700
361.078200
361.289300
361.293800
361.336700
361.342100
361.463400
361.474300
361.847750
361.912900
361.916950
361.923550
361.932100
362.131650
362.221450
362.541200
362.545150
362.553200
362.578900
362.805500
362.871250
363.123750
363.128800
363.148250
363.412650
363.442300
363.492600
364.008650
364.221700
364.227600
364.236100
364.425750
365.009900
365.145800
365.151100
365.155000
365.162500
365.196600
365.327450
365.727650
365.731750
365.738850
365.748350
366.118000
366.142450
366.559700
366.605550
366.611150
366.851800
367.151500
367.155150
367.160500
367.368200
367.372450
367.380400
367.600200
367.712350
367.724250
367.879400
369.008900
369.013100
369.020450
369.236150
369.249000
369.261700
369.402950
369.408900
369.567450
369.571650
369.577500
370.231600
370.236050
370.296600
370.301200
370.305750
370.312500
370.842050
370.846850
371.319800
371.327650
371.517700
371.748800
371.752600
371.821350
371.834450
372.211050
372.230750
372.235450
372.248850
372.366100
372.370450
372.610750
372.635600
372.735300
372.740750
372.993400
373.746550
373.901050
373.921050
373.926900
373.949300
374.597150
374.611350
374.614600
374.629750
374.669150
374.683350
374.777100
374.785350
374.838800
375.003750
375.114250
375.645750
375.650050
375.662400
376.061750
376.066500
376.224900
376.229650
376.255500
376.506350
376.513050
376.674050
377.322250
377.460050
378.215800
378.220500
378.362450
378.376050
378.962000
378.967850
379.312700
379.317750
379.329400
380.237250
380.241600
380.248550
380.261050
380.652700
380.691300
380.697350
380.705500
381.738350
381.757850
382.526100
382.609450
382.666750
382.679000
383.461850
383.592950
383.596950
383.603850
383.794000
384.398550
384.494900
384.499800
384.781050
384.789700
385.523150
385.528750
385.536400
385.543700
385.757950
385.772450
385.786400
386.546550
387.059350
387.063350
387.068100
387.074350
388.027550
388.031850
388.166900
388.175950
388.188100
388.327700
388.523300
388.543550
388.818350
388.822550
388.827200
389.081750
389.144850
389.663150
389.671400
390.276050
390.281800
390.309200
390.353250
390.357450
390.938400
390.956850
390.982950
391.687400
391.692100
391.923650
392.442500
392.766450
393.139050
393.144950
393.154950
393.159800
394.303750
394.309350
394.842900
394.847900
394.854450
395.180000
395.190000
395.194650
395.209600
395.456200
395.492250
396.082500
396.094700
396.355000
396.359450
397.206600
397.210250
397.221250
397.243050
397.530700
397.534750
397.546000
397.560000
397.565900
397.751000
398.640850
398.659800
398.997250
399.001500
399.392050
399.396050
400.118900
400.128900
400.221900
400.227000
400.239900
400.244900
400.380850
400.384900
400.634600
400.794750
401.330250
401.665400
401.673150
401.677950
401.690800
401.712300
402.583200
403.769750
403.822400
403.985600
403.990650
403.996100
404.023550
404.028100
404.387300
404.392000
404.865400
404.870850
404.878500
404.897800
404.902250
405.390850
405.395150
405.499350
405.722450
405.736850
405.826200
405.987550
406.293200
406.298250
406.426750
406.437000
406.602700
406.609600
407.072900
407.135900
407.386400
407.394200
407.790600
407.975600
408.670150
408.674450
408.684050
408.906350
409.528500
409.533500
409.553050
409.776900
409.781700
410.204750
410.208900
411.029650
411.037900
411.044300
411.055600
411.589200
411.592900
411.610050
412.238450
412.244000
412.278200
412.317450
412.515250
412.520800
413.008600
413.081400
413.890300
413.895050
413.903600
413.925800
413.931650
413.943300
413.947900
414.523800
414.908000
415.078000
415.082200
415.088100
415.098450
415.161200
415.313700
415.455100
415.459500
415.495550
415.500450
415.506500
415.512600
415.911000
415.961050
415.965950
416.491100
416.495350
416.505050
417.028650
417.251550
417.256750
417.390800
417.634050
417.645200
417.691150
417.709250
417.722200
418.327200
418.732250
418.996000
419.000750
419.025150
419.302400
419.307950
420.151600
420.155750
420.240050
420.280750
420.856200
421.021800
421.026800
421.030800
421.035850
421.056350
421.533400
421.538000
421.733450
421.874650
421.931350
422.894900
422.898750
422.904900
423.074150
423.287850
423.592150
423.603500
423.620550
423.627550
423.977850
424.390900
424.397000
424.787850
425.197400
426.469550
427.099950
427.113050
427.435350
427.475350
427.528250
427.531950
427.537850
427.546950
427.574150
427.717450
427.721550
428.187950
428.888850
428.913950
429.320900
429.378750
429.480900
429.537350
429.751600
429.755750
430.559100
430.574350
430.927950
430.941900
430.947500
430.968200
431.495750
431.502850
431.692600
432.528250
432.535800
432.553500
432.714250
432.941300
432.954400
432.959750
433.008700
433.117250
433.123450
433.129350
433.175800
433.184100
433.191850
433.206900
433.674750
433.726600
433.822800
434.456550
434.460800
434.470900
435.103000
435.107450
435.150700
435.156100
435.165000
435.183100
435.694700
435.699600
436.179100
436.184000
436.319950
436.504050
436.507900
436.538300
436.635250
436.640000
436.825450
438.108750
438.112800
438.117950
438.146150
438.164400
438.341100
438.388150
438.402200
438.901500
439.102950
439.106800
439.445250
439.449800
439.455850
439.868350
439.885850
439.944500
439.951050
439.976350
439.981450
440.367100
440.734200
440.827950
441.515400
442.164050
442.167150
442.176750
442.182750
442.591850
442.596900
442.887850
442.893600
442.970350
442.996750
443.475000
443.478000
443.967250
444.013800
444.469100
444.477450
444.486050
444.741000
444.772900
445.077350
445.522100
445.527400
445.541600
445.569950
446.078250
446.713350
446.717250
446.722500
446.727900
447.327800
447.333100
447.744850
447.749150
448.012450
448.018650
448.214550
448.219050
448.661400
448.706500
448.754600
448.846550
448.850600
448.856650
449.845600
449.850050
449.857000
451.496600
451.500450
451.512900
451.522700
451.864250
451.897100
451.917400
452.300750
452.320650
452.523100
453.978200
453.982900
454.167550
454.171900
454.224600
454.244950
454.253500
454.274450
454.280100
454.467500
454.501900
454.741750
454.749400
454.753800
455.223450
455.227100
455.231200
455.236300
455.408900
456.533100
456.537400
456.610700
456.616150
457.353000
457.356900
457.369100
457.379150
457.670600
457.871900
457.875550
457.904550
457.939600
457.954150
457.967550
457.973250
458.567900
458.575050
459.116950
459.121400
459.342000
459.390850
459.398850
459.791250
459.796550
459.802100
459.841050
461.200000
461.203550
461.219600
461.224250
461.522550
461.526850
461.541800
461.550100
461.914500
461.930350
462.134000
462.138250
462.332650
462.351050
464.069000
464.073150
464.265800
464.415350
464.443850
466.631950
466.648150
466.912400
466.933650
467.170650
467.175300
467.203850
467.398200
467.403400
467.574000
467.585400
467.589750
467.597850
467.881200
467.885550
468.110300
468.332700
469.086050
469.089650
469.415300
469.545900
469.553050
469.584150
469.587950
469.601550
469.607700
469.618700
469.645300
470.040550
470.043950
470.049750
470.055700
471.304850
471.347500
471.351400
471.355450
471.679600
471.695250
472.574250
472.580100
472.599350
473.215850
473.219600
473.719150
473.991000
474.000100
474.260550
474.284450
474.290550
474.682650
475.287600
475.292800
475.700300
475.729150
475.798150
475.802650
475.810150
476.311300
476.324950
477.730150
477.735150
478.146400
478.150150
478.643100
478.649100
478.651650
478.657700
479.082400
479.094000
479.104450
479.405350
479.409950
479.821500
479.853000
479.886350
479.951300
479.955800
479.977350
481.654750
481.855950
481.859800
482.908150
482.912100
482.932250
482.970350
483.254000
483.307100
483.514700
483.538850
484.252450
484.358250
484.485900
484.507000
484.510600
485.259250
485.262650
485.267200
485.272250
485.283700
485.309350
485.316400
486.033600
486.037500
486.263200
486.277200
486.464100
486.467300
486.477100
487.452500
488.030300
488.034000
488.041050
488.283150
488.286950
488.292400
488.310000
489.041350
489.161200
489.164450
489.169150
489.176000
489.181600
489.583000
490.156650
490.213150
490.353400
490.448650
490.740600
490.745250
490.751000
490.753800
490.827900
490.832150
490.844200
491.084500
491.369250
491.728300
492.335900
492.530350
492.534100
492.540150
492.581300
492.586450
492.785300
492.791350
492.806900
492.858150
493.271700
494.718050
494.782250
495.633650
495.638250
495.648650
495.650950
495.662900
495.667150
495.879650
495.884950
495.916300
496.142650
496.148450
496.155600
496.169250
496.970750
496.996450
497.030650
497.116150
497.204500
497.217900
497.230850
497.239500
497.267550
497.465000
497.487200
497.543900
497.576350
498.043950
498.218750
498.335550
499.976200
499.980850
500.021050
500.038900
500.261050
500.626350
500.942550
500.946400
500.958200
500.965150
501.814050
501.960050
502.311050
502.314900
502.321050
502.335350
502.490400
502.591350
502.794300
502.825450
503.410150
503.421500
503.426600
503.748650
503.805900
503.863450
504.044550
504.048950
504.055100
504.075300
504.080200
504.094800
504.238600
504.244350
504.251100
504.255850
504.717050
504.721350
504.736800
504.868350
504.872500
504.877800
504.893700
505.367800
505.403650
505.421750
505.427550
505.657500
505.817950
505.822150
505.903600
506.005950
506.688800
506.695450
506.831450
506.837050
506.842900
507.075150
507.080450
507.344150
507.348450
507.356250
507.969850
507.974000
508.757950
508.762050
508.769500
508.773200
508.808600
509.168450
509.174050
509.247000
509.252050
509.257700
509.263800
509.613050
509.653900
510.135100
510.335750
510.340100
510.493850
510.503050
510.847650
510.855600
511.106450
511.131150
511.328700
511.334350
511.454150
511.460350
511.761200
511.770350
512.155850
512.290700
512.299750
512.309750
513.080500
513.094150
513.217900
513.221650
513.743000
513.815450
514.484500
514.506850
514.549700
514.554350
514.562600
514.574850
514.581000
514.940300
515.612700
515.616350
515.634950
515.947000
516.121050
516.155100
516.161150
516.196250
516.369750
516.828550
516.837500
517.170000
517.183450
518.035850
518.039950
518.045250
518.052350
518.441050
518.449600
518.912100
519.163400
519.239200
519.296950
519.348600
519.568800
519.576850
519.870750
520.167950
520.416850
520.420600
522.008700
522.013550
522.137400
522.142750
522.156750
522.170150
522.179200
522.185300
522.426900
522.720250
522.746300
522.919550
523.232100
523.236350
523.421250
523.428200
523.525300
523.531500
524.259250
524.262950
524.277150
524.290100
524.296000
524.341550
524.383700
524.805700
524.818750
524.852100
524.857250
524.869300
525.260700
525.983300
525.989750
526.487950
526.613150
526.665200
526.690300
526.695750
526.870400
526.873750
527.494550
527.525800
527.719500
527.724350
528.029900
528.132950
528.284350
528.291150
528.596300
528.750900
528.756250
528.977850
528.981500
528.986600
529.209550
529.215850
529.278750
529.665850
529.670400
529.884400
530.308500
530.329850
530.691800
530.892700
530.899950
531.051700
531.228700
531.235300
531.245400
531.251050
531.267500
531.271900
531.329300
531.681700
531.755800
531.761050
532.994000
533.340050
533.356050
533.475750
533.479800
533.729900
533.769950
533.773500
533.784400
533.786900
533.967000
535.030450
535.033550
535.043150
535.049450
535.444750
535.450850
535.523550
535.529800
536.166650
536.171200
536.233050
536.246450
536.316100
536.563150
536.815050
536.820150
537.095850
537.115850
537.144700
537.169250
538.090950
538.110150
538.127000
538.315950
538.860400
539.396850
539.617300
539.635050
539.853000
540.069850
540.073550
540.079700
540.088450
540.091100
540.094100
540.756800
540.794650
540.836800
541.332300
541.336100
541.341100
541.354500
541.977500
541.981750
541.988100
541.993400
542.003450
542.014850
542.783550
542.841800
542.910850
543.220000
543.406400
543.410450
543.416400
543.729400
543.734200
543.816600
544.213500
544.218250
544.236450
544.386150
544.431000
544.441450
544.927900
544.932850
544.940450
545.056500
545.077300
545.946850
545.950700
546.154800
546.243650
546.274300
546.311800
546.315700
546.320300
546.376650
546.403200
546.426500
546.856150
546.861050
546.963400
547.055200
547.171750
547.188950
547.197900
547.744350
548.148600
548.162950
548.596550
548.602250
548.606800
548.971700
548.997250
549.869050
549.872050
550.259850
550.495450
550.508850
550.548400
550.784700
551.373350
551.377200
551.388750
551.401800
552.089800
552.094600
552.187750
552.736600
552.740500
552.812050
553.401550
553.417600
553.982550
553.986850
553.993500
554.537050
554.931300
554.936250
554.946700
555.045650
555.050750
555.084000
555.086950
555.090400
555.150600
555.819050
556.441300
556.445850
556.507200
556.535450
556.737200
556.779150
556.803950
556.854200
556.912600
557.117150
557.122400
557.125900
557.707850
557.755050
557.936700
559.257000
559.260350
559.266500
559.526150
559.539900
559.542850
559.554700
559.629600
559.828850
559.874550
559.974850
559.980850
559.985050
560.534050
560.541250
560.806900
560.823550
561.245950
561.249950
561.255700
561.274350
561.526950
561.535250
561.992850
562.460200
562.464550
562.540700
563.106800
563.111650
563.743350
564.299950
564.303550
564.313650
564.325050
564.520050
564.524000
564.773450
564.788300
564.843150
564.907800
565.101050
565.106200
565.223350
565.299950
565.559100
565.586450
565.846400
566.072900
566.078000
566.103300
566.152700
566.156900
566.362350
566.373650
566.591500
566.637400
566.650950
567.969300
567.977350
568.590800
568.595850
569.423350
569.428050
569.433750
569.440600
569.718000
569.737650
569.922650
569.934500
569.938500
569.943850
570.150550
570.528500
570.562600
570.567100
570.642050
570.646050
570.652000
571.081300
571.172050
571.175950
571.181750
571.188400
571.309900
571.812500
571.834350
571.843750
571.878350
571.883550
572.243850
572.325900
572.330800
572.738600
573.241950
573.689400
574.015750
574.020550
574.068450
574.128000
574.143450
574.159000
574.484150
576.344700
576.490850
576.875250
576.883600
576.895250
576.900500
576.915200
576.937350
576.947900
577.496600
577.532800
577.536500
577.542050
577.550350
577.576100
577.587100
577.603850
577.845100
577.850650
578.203550
578.515550
578.520750
579.075650
579.091400
579.097300
579.194800
579.296350
579.306550
579.313700
579.766000
579.771300
579.804900
580.010300
580.013650
580.625650
580.630350
580.641400
580.811450
580.814600
581.283450
581.289400
581.373400
581.612200
581.616500
581.623950
581.653300
582.247550
582.272450
582.416750
582.421000
582.427600
582.607050
582.836950
582.879550
582.933300
583.011200
583.015150
583.146600
583.151000
583.160400
583.386600
583.604200
583.633300
583.959450
583.963400
583.968800
589.524100
591.532500
592.807950
602.849450
605.410100
609.456600
612.119000
612.757150
613.470500
614.361250
614.364800
614.369100
614.411950
614.575700
614.876250
615.296450
615.553400
615.610050
615.772800
615.776650
615.781350
615.796800
615.802550
616.329800
616.339600
616.612100
616.622300
616.677500
617.508200
617.511950
617.516950
617.522100
617.539700
617.549550
617.816950
617.844400
617.882750
618.827350
619.253300
619.258650
619.269650
619.347500
619.375100
619.415800
619.454800
619.488300
619.559250
619.563550
619.887400
619.892300
620.468100
620.471500
620.483250
620.624200
621.050300
621.054100
621.059150
621.076300
622.245000
622.249500
622.398900
622.707700
622.712250
623.324000
623.335350
623.583400
623.587000
623.615250
624.030900
624.548950
625.128200
625.134700
625.141350
625.381400
625.950200
625.954800
626.177200
626.182700
627.090150
627.094150
627.102550
627.289950
627.297150
627.303300
627.384150
627.397100
627.477050
627.486350
627.998950
628.005400
628.212500
628.240600
628.862450
628.985200
629.393550
630.232300
630.248100
630.986000
631.028550
631.033850
631.040300
631.092600
631.098000
631.986150
632.023150
632.035500
632.044550
632.306950
632.757250
632.816950
632.846550
632.852100
633.147650
633.152200
633.502500
633.805450
633.812100
634.111000
634.115950
634.142050
634.152050
635.541900
635.550800
635.560450
636.834350
637.486800
637.491550
637.818600
637.823050
638.091850
638.097000
638.291650
638.470950
638.474400
638.502650
638.967750
639.471500
639.475250
639.745250
639.834700
639.840350
639.843050
640.274550
640.280950
640.435900
640.910450
641.172150
641.175650
641.181500
641.247700
641.470650
641.588400
641.592550
641.597500
641.603300
641.610850
641.615550
642.026750
642.031400
642.065100
642.071200
642.179250
642.184550
642.862050
642.865200
642.869650
643.445400
643.450400
643.592000
643.600250
644.175150
644.179550
644.367650
644.648350
644.743500
644.802250
644.807100
644.812800
645.655950
645.669250
645.675350
645.717050
646.984150
646.988700
647.216800
647.222300
647.488450
647.503550
648.025850
648.029950
648.048800
648.071400
649.460250
649.463700
649.471550
649.785750
649.791650
650.249850
650.254700
650.259300
650.265550
650.272950
650.692900
650.698300
650.722650
650.724850
651.288050
651.293850
651.638700
651.866350
652.074200
652.078550
652.083750
652.225300
652.417750
652.423750
652.605900
652.610850
652.622500
652.633050
652.848600
652.878050
653.652050
653.922700
654.099150
654.117300
654.172400
654.489150
654.493700
654.499400
654.644950
654.762850
654.767150
655.156400
655.164550
655.343500
655.347450
655.364450
655.376600
655.384300
656.230050
656.235800
656.486000
656.490950
656.642050
656.724300
657.415800
657.425650
657.447000
657.467000
657.469600
657.508350
658.122200
658.139350
658.579450
658.608600
659.327800
659.332350
659.352300
660.183750
660.261550
660.266400
660.997450
661.351050
661.356000
661.426750
662.086300
662.091150
662.129500
662.561950
663.045850
663.051700
663.243700
663.668250
663.988750
663.994000
664.313800
664.318150
664.326100
664.769200
665.078350
665.089250
665.191600
665.195650
665.880650
665.890100
665.896450
665.932050
665.948850
666.626650
666.630800
666.640500
667.058800
667.071900
667.813750
667.818100
667.823250
667.828350
667.863250
668.497250
668.555400
668.590850
668.767000
669.159950
669.378800
669.385950
669.505250
669.508600
669.511650
669.515900
669.523150
669.939400
669.943150
670.369750
670.431100
670.435900
670.440200
670.827850
670.833800
670.873500
670.880600
671.254000
672.030650
672.034600
672.043250
672.598050
673.001700
673.129950
673.180900
673.191750
673.206750
673.212500
673.225200
673.719450
673.817000
673.825800
673.842500
673.946050
674.217500
674.865750
674.869850
674.882950
674.891700
675.795900
675.801100
677.099500
677.123500
677.135650
677.561350
677.759050
677.793050
677.827850
678.159250
678.955000
679.218250
679.222500
680.004950
680.008800
680.014250
680.252900
680.278750
680.296800
680.307600
680.347650
680.561550
680.566100
680.578050
681.309000
681.347350
681.353550
681.643400
681.647800
681.659400
681.664100
681.689150
681.992150
682.238350
682.497000
682.501250
682.580750
682.891850
683.274350
683.278750
683.296750
683.305400
683.311350
683.382800
683.407400
683.752600
683.775600
683.823950
683.828150
684.107950
684.200600
684.353550
684.890800
684.894350
684.899350
684.905900
684.913500
684.941600
684.954050
685.655100
685.659200
685.835500
686.441250
686.446900
686.464400
686.491250
686.496300
687.760450
687.764850
687.987200
688.027200
688.032500
688.059250
688.310600
688.323500
688.380600
688.385650
688.689500
688.938100
689.333200
689.340150
690.440400
690.445200
690.510600
691.035200
691.061600
691.073700
691.249500
691.255250
692.364950
692.369300
692.379800
692.391050
692.401600
692.678900
692.856900
693.990250
693.994500
694.000100
694.005450
694.011400
694.320050
694.410500
694.886000
695.565900
695.570200
695.644700
695.965350
695.974300
696.285550
696.621000
696.624800
697.151450
697.908950
698.031450
698.036750
698.044500
698.073050
698.088650
698.110300
698.117800
698.553650
698.557500
698.899600
699.070450
699.075300
699.082800
699.151850
699.374600
699.382400
699.959550
699.963550
700.174150
700.179000
700.274550
700.279800
700.297400
700.731450
700.763050
701.225650
701.346600
701.380550
701.386000
701.391000
701.806750
701.812100
701.990350
702.005850
702.342100
702.350500
702.409650
702.412750
702.416350
702.421450
702.423750
702.630200
702.780500
702.785850
703.093350
703.297200
703.302350
703.336650
703.344750
703.420350
703.424650
703.873950
703.878550
703.889200
704.150350
704.165700
704.195050
704.374900
704.449650
704.472450
704.823900
704.915600
705.257700
705.766900
705.771400
705.788000
706.009700
706.013700
706.019700
706.026850
706.224200
706.478300
706.523600
706.527850
706.622700
706.724400
706.737250
707.238550
707.243200
707.759250
708.273100
708.277300
708.656950
709.552250
709.555800
709.561050
709.888900
709.893050
709.898600
710.246450
710.261600
710.508850
710.513550
711.429350
711.433900
711.568700
711.586950
711.925700
712.440000
712.444750
712.451900
712.469500
712.502850
712.585350
712.591250
712.597300
712.611000
713.878350
714.769650
714.782300
714.788850
714.824650
715.157700
715.163300
715.745550
715.750300
715.763300
716.011850
716.020400
716.034100
716.056150
716.242150
716.250650
716.876700
717.522350
717.535850
717.606300
718.364050
718.727700
718.737500
719.237700
719.242350
719.253050
720.254850
720.259300
720.285550
720.294650
720.531600
720.536050
720.545450
720.631500
721.126950
721.854700
721.858900
721.863700
722.603050
722.815950
722.820100
722.826750
722.833650
723.519700
723.523350
723.531350
723.536700
723.546000
723.667000
723.674700
723.698250
724.302800
724.307450
724.316550
724.330950
724.485200
724.489800
725.403550
725.407550
725.412450
725.420100
725.954450
725.959700
725.965350
726.270750
726.865200
726.870100
727.529300
727.533350
727.537400
727.544200
728.257300
728.261650
728.267550
728.302850
728.523300
728.535800
728.957050
728.974300
729.254550
729.259200
729.268600
729.342900
729.348850
730.714250
730.786700
730.806100
731.375000
731.386950
731.760600
732.919050
732.922700
732.930550
732.944100
733.793450
733.800600
733.810950
734.719400
734.970400
734.974300
734.984850
735.111150
735.305050
735.316900
736.015100
736.020400
736.057450
736.064750
736.117700
736.692800
736.699350
736.840100
736.846300
738.401950
739.321200
739.328250
739.654650
739.867500
739.871550
739.878700
740.903050
740.912500
740.925250
740.931550
742.137750
742.142150
742.453550
742.460000
743.708750
744.255300
744.548350
745.468850
745.473400
745.478550
745.485450
745.509500
746.047450
746.051450
746.056700
746.066800
746.179700
746.200650
746.690300
746.695200
746.700400
746.703000
746.706050
746.718200
746.986150
746.993750
747.824700
747.829650
747.837100
747.858550
748.063800
748.286250
748.678950
748.684200
748.834150
748.839350
749.211100
749.965800
749.970300
750.048950
750.392600
750.396650
750.616400
750.623100
750.638600
750.747300
751.177900
751.205400
751.621400
751.760400
751.770950
751.800200
752.346850
752.354150
752.356950
752.361450
752.371850
752.398200
752.462100
752.466550
752.786800
752.956750
752.962050
752.964250
753.842300
753.909600
753.990500
753.997350
754.008200
754.636850
755.129650
755.402850
755.407600
755.687950
755.693300
756.256900
756.278000
756.283200
756.323350
756.586350
756.839950
757.297650
757.309100
757.315700
757.319550
757.728450
757.761000
757.996950
758.027800
758.108950
758.116450
758.123550
758.293900
758.298200
758.303050
758.334550
758.458450
758.996850
759.005550
759.304200
759.307750
759.519850
759.760100
760.132400
760.136050
760.272650
760.277400
760.288100
760.309300
760.542400
760.680300
760.749150
760.753650
762.022900
762.026850
762.031200
762.036000
762.040950
762.251050
762.256550
762.263900
762.843250
762.849150
762.970250
762.975200
762.983750
763.259350
763.270750
763.285900
763.302850
763.307450
764.423150
764.427650
764.598400
764.603450
764.733600
764.738050
765.131450
765.627100
765.641850
765.648600
765.811600
765.815400
765.827450
765.844150
767.648250
767.685650
767.703500
769.168500
769.186750
769.316050
769.321300
769.330800
769.353200
769.365850
769.369400
769.383000
770.284750
771.052100
771.056650
771.116250
771.186350
771.475250
771.478900
771.494600
772.402450
772.421100
772.458750
772.467950
773.667550
773.672500
774.255350
774.272100
774.714450
774.721600
774.727650
775.209700
775.665550
775.670200
775.675900
776.311800
777.509400
777.513800
777.813250
778.013650
778.018600
778.028300
778.510600
778.519250
779.325300
779.329200
779.397200
780.049750
780.056950
780.645950
780.651650
780.909750
780.913350
780.917350
780.930850
780.940200
781.477550
781.482600
781.489350
783.263700
783.267700
783.280850
783.288900
783.622200
783.659400
784.803150
784.806700
784.810900
784.818950
785.127350
785.131400
785.136850
788.800100
789.007800
789.013450
789.025050
789.782350
789.786350
789.796500
789.805400
789.828000
790.297750
790.300050
790.937000
791.332950
791.337350
791.345250
791.358300
791.671150
791.676450
791.694450
792.706750
792.711100
792.958250
792.961900
792.967650
792.994550
793.369150
793.373950
794.370550
794.381750
794.659800
794.663600
794.673000
794.717300
795.159400
795.165700
796.205700
796.209350
796.214200
796.226200
796.419550
796.423650
796.432800
796.516600
796.534650
796.542750
796.723650
796.727650
796.776700
796.786500
796.846600
796.859850
798.578600
798.582150
799.331550
799.697100
799.702850
799.710750
799.717100
799.724250
799.897050
799.901700
799.922000
800.577500
800.664600
800.669750
800.677600
801.235850
801.240150
801.249750
801.490900
801.677300
801.684550
802.309150
802.926750
802.930950
803.075150
803.079300
803.576750
803.582750
803.850250
803.854850
803.898100
804.486500
804.808000
805.963000
805.968150
806.182050
806.187900
807.178400
807.254550
807.271000
807.295850
807.523400
807.528600
807.846250
807.872300
807.883850
808.470950
808.476850
808.486950
808.602750
809.336550
809.340850
809.348200
809.443250
809.453000
810.692050
810.695850
810.706700
810.713100
810.719000
810.724250
810.730500
810.842100
811.470800
811.475150
812.100700
812.104850
812.140700
812.663100
812.667000
812.679800
813.005550
813.009900
813.020900
813.026600
813.042250
813.436100
814.080150
814.084600
814.320450
815.038700
815.187750
815.190900
815.193350
815.355500
815.363000
815.387300
815.400200
816.886500
816.894300
816.919350
817.449750
817.455350
817.467750
817.696200
817.719300
817.819450
817.826150
819.583550
819.587150
819.851750
819.857300
819.897900
819.903450
820.195800
820.199900
820.208500
821.281750
821.864550
821.868500
821.874700
822.077600
823.312450
823.316850
823.321900
823.344000
824.426500
824.946850
824.950600
824.957300
824.963150
825.118200
825.809500
825.813300
825.818900
826.347500
826.351700
826.366600
827.040500
827.051050
827.083800
827.088650
827.094800
827.697750
827.702600
827.709200
828.085400
828.090850
828.459900
828.464900
828.485200
828.557650
829.161150
829.201150
829.205850
829.789600
829.978100
829.982200
830.582700
830.884250
830.887800
830.893100
831.578200
832.162550
832.166100
832.585750
832.685550
832.689900
832.765750
833.003050
833.161650
833.219500
833.225400
833.366300
833.418300
833.456650
833.976200
834.045600
834.066200
834.094550
834.233850
834.238200
835.478050
835.483750
835.489000
835.787000
835.791500
835.808600
836.044800
836.048900
836.057750
837.084950
837.089300
837.130900
837.138250
837.909400
837.915150
838.047900
838.056250
838.061750
838.067350
838.073250
838.621300
838.626150
838.633800
839.197900
839.577450
840.926500
840.935200
840.941350
840.947850
841.246300
841.459550
841.904900
841.910550
841.983050
842.319400
842.325100
842.377250
842.589150
842.592700
842.597750
842.839850
842.845900
842.849750
842.861000
842.879650
843.051850
843.055300
843.057850
843.494250
843.507450
844.225650
844.230700
844.647550
844.651650
844.989300
844.993050
844.999550
845.033150
845.039150
845.406600
845.916700
846.031050
846.628050
846.633200
847.024250
847.029750
847.090000
847.405650
847.857950
848.112000
848.117250
848.866900
848.890650
849.097000
849.146900
849.153700
849.204800
849.787500
849.801450
849.807450
849.813300
849.823450
850.686650
850.698600
850.944500
850.948250
850.954450
850.992450
850.997300
851.291850
851.542250
852.144200
852.149200
852.738800
852.743150
853.255700
853.292950
853.949200
853.953000
854.040750
854.573800
854.589000
854.652300
854.665400
854.899600
854.977650
855.027200
855.054100
855.059000
855.088150
855.094900
855.107750
855.251200
855.257900
855.284800
855.470200
856.878250
856.882300
857.608950
857.614650
857.971100
857.975050
857.981100
859.069200
859.082150
859.464800
859.468900
859.567900
859.601100
860.038250
860.043150
860.063600
860.408600
860.421600
860.702550
860.706700
860.966300
860.982050
860.987350
860.997850
861.166600
861.170900
861.657650
861.661850
861.669300
862.462400
862.484950
862.489200
864.543600
864.548000
864.956800
864.965350
865.372950
865.824300
865.829150
865.967950
866.320300
866.324250
866.337050
866.593550
866.936000
866.946650
866.982150
867.008750
867.386350
867.400550
867.524350
867.528250
867.539300
867.543450
867.550900
867.557750
868.115700
868.759750
869.772400
869.777300
869.790350
869.842150
869.854550
869.863250
870.389350
870.477700
870.494650
870.499000
871.196300
871.211600
871.410200
871.787350
871.792700
871.929100
871.932800
871.937600
871.942300
871.947600
871.957450
871.965700
871.975150
871.995650
872.270200
872.305100
872.309600
872.590050
872.595300
872.769250
872.791000
872.815850
872.844050
873.504550
873.508000
873.881800
873.896350
874.218150
874.503750
874.508050
874.623200
874.967500
874.971400
875.582350
875.587450
875.660050
875.663600
875.667850
875.673850
875.680700
876.614700
876.618800
877.339450
877.694500
877.744650
878.172700
878.255200
878.582250
878.594200
878.677500
878.682650
878.885300
878.889250
878.894100
878.906800
879.906750
879.943400
880.464350
880.467300
881.784300
881.795950
881.800200
881.861700
882.212200
882.222450
882.229350
882.283950
882.494900
882.528100
882.835200
882.840100
883.222250
883.928550
883.931800
883.936800
883.946150
884.292000
884.297850
884.925450
884.929350
885.195850
885.200050
886.014400
886.019900
886.087100
887.193000
887.196800
887.201900
887.495350
887.500000
887.506800
887.624750
887.631450
888.038150
888.115100
888.203550
888.254700
888.980450
888.985350
889.144500
889.784600
889.788850
889.800950
889.809850
889.818750
890.398000
890.402250
890.409550
890.581150
890.587250
890.607700
891.708150
891.712200
892.373050
892.383000
892.388850
892.403450
893.286450
893.305800
893.451350
894.103950
894.107900
894.113000
894.122200
894.144600
894.582500
894.591550
894.612350
894.701050
895.732900
895.748350
895.755850
895.803950
896.035050
896.040100
896.047750
896.598850
896.613350
896.745700
898.218250
898.598950
898.614550
898.626500
898.929250
899.559000
899.563350
899.575600
900.812400
901.199200
901.201450
901.206500
901.724050
901.942100
901.946550
902.244750
902.248200
902.253050
902.622500
903.529200
903.533950
903.546800
903.842100
903.846550
903.856650
904.299350
904.304250
904.907150
905.279050
905.666050
905.731850
906.364350
906.388900
906.577950
906.612250
906.635400
906.999350
907.358700
907.362700
907.607350
907.613100
907.698300
907.704450
907.767800
908.027750
908.033700
908.066750
908.609700
908.912400
908.922700
908.928250
908.938300
909.857500
909.863400
909.893000
909.896750
909.901850
910.445000
910.714900
910.720300
911.195350
911.200500
911.358550
911.858300
911.862300
912.774000
913.191200
913.195450
913.200950
913.565850
913.570600
913.576900
914.915800
914.933050
915.631150
915.634950
915.641900
915.647100
915.656400
916.468850
916.472650
916.483300
917.313350
917.317900
917.336650
917.371500
917.548800
918.374650
918.379350
918.388200
918.722300
918.728250
918.973000
918.977650
919.026850
919.049100
919.243950
919.545550
919.574600
919.816750
919.820300
919.825300
919.842250
921.471650
921.476200
921.674050
921.995700
921.999400
922.003750
922.008500
922.015100
922.019900
922.022100
922.029750
922.994400
922.997850
923.002550
923.349000
923.362100
923.692050
924.487800
925.603700
925.608400
925.623650
926.689950
926.693750
926.702900
926.831450
926.836000
926.844700
926.869750
926.966000
926.970950
927.310400
927.743200
927.955650
927.960050
927.973300
928.015150
928.020650
928.266250
928.271250
928.281550
928.666300
928.670850
928.674800
928.681950
928.698850
929.088100
929.093450
929.794200
929.801850
929.806550
929.812950
929.823150
929.834750
929.865800
930.537700
930.543950
930.553550
931.348350
931.358250
931.708750
931.713300
931.722950
931.725500
931.732150
931.753600
931.796800
931.801850
932.633400
932.637750
932.643450
933.572500
933.814900
934.112250
934.118900
934.132350
934.974800
934.979550
935.000800
935.136650
935.161600
936.329450
936.334600
936.346150
936.354100
936.367700
936.874700
936.878950
936.883250
936.888950
936.894050
936.896250
936.898750
936.934000
937.044700
937.137850
937.796000
937.811300
938.081500
938.086500
938.499900
938.503100
938.515300
938.529600
938.531800
938.781600
938.857150
938.867650
938.907050
939.606800
939.632150
940.039750
940.510300
940.515500
940.598950
940.604700
941.260150
941.264700
941.297750
941.819550
941.824450
941.883900
942.350550
942.353950
942.594200
942.598300
942.611050
942.621600
943.859250
943.882050
944.031300
944.044600
944.689300
944.864250
945.672550
945.677000
946.031750
946.047450
946.771650
946.775750
946.817700
946.824250
946.829750
946.876100
947.587500
947.591150
947.603700
947.618450
948.116950
948.121350
948.132250
948.926850
948.932000
948.940300
949.376350
949.381100
949.397200
949.445800
951.507900
951.523450
951.700300
951.704500
951.713500
951.761600
951.777700
952.553850
952.794950
952.798950
952.804550
953.412800
953.416150
953.425500
953.430800
953.441700
953.443850
953.449150
954.652400
954.657400
955.123000
955.156350
955.531650
955.564300
955.677550
955.691300
955.698600
955.846350
955.853050
956.183000
956.200700
956.285250
956.414600
956.418200
957.050100
957.053850
957.514300
957.519400
958.156750
958.161500
960.293050
960.361750
960.461100
960.465150
960.473450
960.780000
960.784200
962.406900
962.410850
962.913400
962.917400
962.923250
962.929200
962.941200
963.600900
963.610450
963.908150
963.912100
963.918100
963.923950
963.938900
963.947200
964.304600
964.309700
964.484900
964.539500
965.197400
965.200550
965.205150
965.772250
965.776350
965.789000
965.793500
966.908650
966.918250
966.926600
966.934550
966.949850
967.328000
967.333750
967.337200
967.839050
967.842200
967.850600
967.956400
968.471600
969.387900
969.979450
969.984500
969.990350
970.031750
970.758850
970.865750
971.126400
971.502150
971.506400
972.645550
972.651900
973.235350
973.239700
973.248700
973.260750
973.801150
974.251050
974.255850
974.433200
974.444900
974.477800
975.647450
975.656900
976.337950
976.523250
976.721300
976.726700
977.151450
977.159650
977.498300
978.465200
978.469000
978.476200
978.478450
978.769100
978.773400
978.779200
978.785850
978.791500
978.798050
979.242650
979.248500
979.256550
979.261050
979.265450
979.665350
979.671100
979.967400
979.972350
980.105650
980.579700
980.582900
980.692050
981.034650
981.040500
981.054800
981.303900
981.312350
981.529450
981.533850
981.734850
981.739100
981.743750
981.750900
981.833900
982.693800
982.700200
983.028100
983.659150
983.683100
984.241850
985.231850
985.235600
985.250300
985.335150
985.341000
985.799850
985.805250
985.959000
987.917450
987.925350
988.346300
989.616750
989.621350
989.676300
989.680750
989.687300
990.276600
990.672600
990.678800
991.441150
991.444950
991.476900
991.481950
991.762350
991.768050
991.779300
991.806000
991.965400
991.981900
992.360750
992.430200
992.438150
993.390350
993.396650
993.715700
993.719400
993.731900
993.746650
993.753600
994.310500
994.315250
994.636500
994.653000
994.671000
994.675150
994.680050
994.689700
994.700650
994.786250
995.098850
995.617400
995.620750
995.625650
995.633000
996.789400
996.798300
997.059350
997.533850
998.328850
998.333050
998.350150
998.376550
998.630600
999.614200
999.618700
999.626050
999.628850
1000.890250
1000.893700
1000.897650
1002.194100
1003.009800
1003.014050
1003.020050
1003.054100
1003.060200
1003.084750
1003.088950
1003.098550
1003.193400
1003.393300
1003.415200
1003.420650
1003.781500
1003.786600
1003.796750
1004.440850
1004.446250
1004.504600
1004.522450
1004.836850
1005.258400
1005.497100
1005.501650
1005.893800
1005.912250
1005.928950
1006.534300
1006.543350
1007.091050
1007.095500
1007.465200
1007.469100
1007.475000
1007.982750
1007.987750
1008.374950
1008.432650
1008.444300
1008.480850
1009.061650
1009.065800
1009.072100
1009.215500
1009.219750
1009.234000
1010.928750
1010.932150
1010.939600
1010.958500
1011.136550
1011.174600
1011.880550
1011.884550
1011.948900
1011.958200
1011.967550
1012.903300
1012.908000
1013.718800
1013.723600
1015.813450
1015.816950
1015.844050
1015.855700
1015.997200
1016.428300
1016.509450
1016.756500
1016.760700
1018.361850
1018.411300
1018.420650
1018.527000
1018.531600
1018.538350
1018.640250
1018.642900
1018.647750
1018.653250
1018.755100
1018.765100
1018.772850
1018.776150
1018.849250
1018.870300
1018.982000
1019.408100
1019.489900
1019.589650
1020.387550
1020.564150
1020.581600
1020.609300
1021.345550
1021.734950
1021.746200
1021.783700
1021.817700
1021.848800
1021.852950
1021.858350
1021.868650
1023.356100
1023.359800
1023.364450
1023.369250
1023.375900
1023.817950
1023.828350
1023.836300
1024.713700
1025.386050
1025.929850
1025.934700
1025.942800
1025.948450
1026.706900
1026.725250
1026.774650
1027.519550
1027.997200
1028.001200
1028.007800
1028.113450
1028.202400
1028.899500
1028.902950
1028.908000
1028.912450
1028.924650
1029.199900
1029.448100
1029.452250
1029.459600
1029.773100
1029.804950
1029.810850
1030.689700
1030.695200
1030.702050
1030.712350
1031.150600
1031.163650
1031.200350
1031.469950
