1.914700
3.498700
10.197000
10.199300
10.519450
10.618900
10.863850
16.479550
16.587400
22.184000
24.612500
27.250050
39.201700
39.238000
41.213850
42.244350
47.722050
47.739300
48.143350
51.757800
54.890700
55.458300
55.462800
55.486550
55.802450
58.452050
67.571800
68.386050
70.304700
71.704500
72.722900
74.961050
75.320600
76.639400
79.017750
79.396850
79.796650
80.196250
82.695800
82.755800
85.016800
85.416800
85.697000
86.177500
88.219650
88.223450
88.256800
89.667200
90.024300
91.844950
93.941150
98.607150
98.654350
104.554100
105.630000
106.703400
109.323900
109.347300
109.417800
111.616600
113.013700
113.374850
113.748550
114.744900
115.258100
115.721900
115.730600
115.921900
117.836400
119.682650
119.686500
120.171050
120.182050
123.529250
124.418950
125.483450
125.543350
127.899850
128.137200
128.254900
128.690500
129.084600
129.404850
129.702450
129.967100
131.044050
131.554500
131.709100
133.287550
134.116000
135.001350
135.030350
136.206300
136.576050
137.098350
137.421150
138.322450
138.389350
139.289750
139.299150
139.302400
139.305700
140.206950
140.655700
140.670100
140.689300
142.555200
142.985050
144.273800
145.119500
148.086250
149.002600
152.768850
152.776450
153.261700
157.219150
157.849500
158.541050
158.675600
160.676950
160.733950
160.759800
161.231800
163.070700
163.451500
164.056700
164.171550
164.268300
166.104250
166.130500
166.309000
167.481750
168.038800
168.041450
168.350800
169.756350
169.861300
169.864050
170.424000
170.991450
172.106700
174.334200
174.536050
178.905550
180.571350
180.574100
181.022900
181.630600
182.267200
182.288800
182.633600
183.820950
183.874900
184.063150
184.065900
184.816450
184.829800
185.417800
186.253950
186.703450
187.239350
187.751550
187.768750
188.292900
188.709400
188.757150
190.105050
190.379250
190.881450
191.526450
192.331900
192.556000
193.047200
193.633250
194.787750
195.171950
195.200000
196.363100
197.614000
197.978000
199.332700
199.789700
199.819150
200.455000
201.097000
201.211600
202.039150
202.251750
203.922800
204.031950
204.210550
204.617000
204.696550
205.390900
206.034150
206.042850
206.496300
206.509950
206.900150
208.002650
208.755250
208.779700
209.775700
209.782450
209.810100
209.908100
209.910900
210.351350
210.493250
210.496050
210.735700
211.030400
211.379550
211.415500
211.703300
212.773400
212.855400
213.338500
213.748950
213.769000
213.922100
214.320550
214.737800
215.435450
215.635400
215.679550
215.830250
216.565250
216.980350
217.574350
217.658000
217.908150
218.026850
218.046600
218.454200
218.512000
218.903400
218.928300
219.161900
219.757350
220.897800
221.290300
221.392600
221.945500
223.513950
224.031950
224.707300
224.762500
225.300300
225.817700
226.200700
226.211050
226.535900
227.717850
227.817100
228.303250
228.605650
229.964500
230.485300
231.078300
231.636350
231.673350
232.153800
232.192900
233.181600
233.399250
233.434350
233.776350
234.330500
235.855600
236.383000
237.022200
237.828900
237.969650
238.308350
238.373600
238.650150
240.214400
241.449450
242.087800
242.303200
244.058100
244.587900
244.887200
244.941000
245.552650
245.682350
245.684850
245.688500
246.295500
246.673200
246.781050
248.180750
249.025500
249.593900
251.253850
251.399100
252.883750
253.242500
254.028400
254.303400
254.626950
255.131750
256.189100
256.258100
256.260650
256.449850
256.523850
256.848100
257.289250
258.153050
258.566550
258.883250
259.389000
259.669350
260.241950
260.317250
260.393900
260.973500
261.118350
261.473550
261.496600
261.934000
262.544450
263.200600
264.254500
264.602350
265.072800
265.562650
265.870000
266.020950
266.802100
266.820300
266.835850
267.368750
267.947500
268.691850
273.004400
274.187800
274.457300
274.840500
275.396250
276.142950
277.532750
278.135050
278.156950
278.170950
278.876050
279.718350
280.873000
280.971800
281.200950
281.284900
282.520700
282.557950
282.623950
282.995050
283.502900
283.749000
284.386250
284.896400
285.090700
285.956400
286.476850
287.001800
287.360100
287.534000
287.542050
287.861000
288.551650
289.209650
289.463950
289.753000
290.044750
290.064000
290.114800
290.612950
290.632200
290.784850
291.158650
291.963500
292.328900
292.950800
292.983450
293.617950
294.368100
294.611600
295.550800
295.553650
296.139400
296.148400
296.489950
296.641650
297.009850
297.029750
297.263250
297.434400
298.117050
298.839750
299.565750
299.782800
299.891400
300.442050
300.797000
301.130200
301.363900
302.333000
302.531100
302.573450
302.610550
302.801350
302.852600
303.417200
303.699200
303.865850
304.841250
305.352900
305.410550
305.815900
305.837950
305.843500
306.290200
306.590600
307.641750
307.976850
308.595700
309.490600
309.657250
310.388700
310.804550
311.187400
312.077600
312.364850
312.367850
312.573900
313.449900
314.375150
315.968100
316.822800
316.833850
317.591150
319.502550
320.541700
321.172000
321.590000
322.341150
323.007700
323.037750
323.611400
323.797750
324.388950
325.165000
325.190650
326.045400
326.632900
329.318700
329.648300
330.691650
331.044400
331.493850
331.781700
331.854050
331.914000
332.075850
332.078450
333.030450
333.778200
334.464100
334.885950
335.090150
335.339000
336.063950
336.493950
336.746200
337.281400
338.142400
338.184950
338.792250
339.699300
340.702850
341.068850
341.739600
343.952400
344.161850
344.607450
345.899600
346.563050
347.446850
347.927800
349.117800
350.532350
350.543250
350.867450
350.870950
351.170000
351.426200
351.642500
352.295800
352.334750
352.868450
353.226500
353.252700
353.596200
353.957950
354.291950
354.334700
354.856100
355.364700
355.889150
355.891650
355.948050
356.584000
356.842900
356.969800
357.002650
357.324650
357.429950
357.978950
358.494250
358.590350
358.783950
358.919700
359.107450
359.577450
360.155950
360.566150
361.034200
361.516550
362.262950
362.279350
362.819050
363.401200
363.601300
363.941700
364.322900
365.154900
365.344200
365.346700
365.349650
365.372100
365.782950
365.785450
366.021300
366.082050
366.195950
366.977700
367.321050
367.800400
369.085650
369.134950
369.904150
370.225400
370.249600
370.815400
370.976750
371.961700
372.277000
374.288550
374.474750
376.223050
376.523700
377.411150
377.815200
378.585250
378.967700
379.329300
379.781650
380.100450
380.260450
380.521850
380.915900
382.022150
382.529950
383.447200
383.607250
383.911550
384.356350
386.204050
387.951700
388.339950
388.646850
389.521450
391.025750
391.846300
391.945150
392.863800
393.294450
393.938700
394.519600
395.040700
395.192950
396.816900
397.297800
398.084450
398.757800
400.339900
400.933350
401.712500
402.111400
403.456900
403.715450
404.027550
404.035400
405.192650
406.117800
406.357500
407.577100
408.147900
408.339100
408.932350
409.393800
410.202250
410.533300
413.630550
413.717150
413.940800
413.966350
414.821400
415.411250
415.790500
417.123950
417.438150
417.480950
417.787800
418.845250
419.363400
419.406050
419.646550
419.704100
419.936400
420.737350
421.130850
421.600450
422.486700
422.977000
424.518400
424.695000
425.212650
426.344600
427.123800
427.435100
429.004600
429.569600
430.970450
431.563300
431.780300
431.797050
433.761650
435.407250
436.464150
438.292300
439.170150
439.804650
439.989300
441.253100
443.328750
444.509400
444.841200
445.598950
445.635500
446.150800
446.564850
447.402050
449.680150
450.568450
452.690900
454.033950
455.187400
455.452000
457.954850
460.568800
460.826250
462.134050
462.793000
463.426550
463.922600
465.510500
466.130350
467.276650
467.723300
469.158400
471.051450
471.304500
471.537450
472.309750
472.440300
473.301400
474.069050
475.156400
476.652350
477.145650
477.878750
478.535150
479.719550
479.888400
480.054700
480.273350
480.759500
483.377950
483.548400
483.774500
484.112200
484.970250
485.342750
486.066750
486.509400
487.561650
489.253800
489.657250
489.717550
490.814750
491.193650
491.936850
492.044850
492.949000
494.892100
494.900850
495.510800
497.401800
497.431350
497.469550
498.431500
498.781550
501.522900
502.020000
502.242700
503.803850
504.397000
504.824000
504.854100
504.897800
505.366900
505.925250
506.525550
507.099000
509.124650
510.332750
510.965000
511.798600
511.816750
511.825700
512.295100
512.714800
513.438100
514.563350
515.296350
516.042300
516.285650
516.847200
517.477350
517.492600
518.074700
518.503600
518.526500
518.868800
519.558350
519.872050
520.713900
521.342750
521.842800
522.204400
523.181650
523.426500
523.646200
523.648900
524.179050
524.341700
524.676150
524.907000
525.674700
525.988850
526.099200
526.152700
526.518050
526.792700
526.897400
528.075550
528.732750
529.240100
529.359500
529.891550
530.731550
530.852600
530.962700
532.053300
532.784300
533.504150
533.782550
533.803200
533.979650
534.662800
535.486050
536.167000
537.010100
537.082750
537.410000
538.403700
540.980200
541.276800
542.144500
542.840800
543.311600
543.668650
543.969800
545.305450
545.309400
545.572000
546.251100
546.275650
546.385300
546.451450
546.744150
546.751750
547.362500
548.709900
548.743150
549.259100
551.001750
551.527350
552.127000
552.516500
552.577000
552.838550
554.597250
554.941150
554.970800
556.076700
556.605850
556.912400
557.120550
557.936550
558.581050
558.734750
559.099150
559.461100
559.476450
559.610000
560.183500
560.429250
561.169550
561.334800
561.379300
561.442150
562.074750
562.497750
563.251900
563.324850
564.984200
565.281450
565.289300
565.727100
566.120300
566.388300
566.993600
567.192550
567.750600
568.535250
568.632300
570.360850
570.720050
571.094850
571.245700
572.378900
572.786650
578.476300
579.790750
580.151500
581.298300
582.048200
582.473500
582.826900
583.643300
584.732500
586.255750
587.411000
588.777850
591.109650
594.269150
602.670000
603.908900
604.308800
604.368600
605.627500
605.707550
606.147000
606.226700
606.467050
606.746800
606.886050
607.265650
607.285550
607.605200
609.258850
611.568850
612.890000
613.379900
613.525050
614.085450
614.430350
615.601500
616.032350
616.373900
617.274300
617.583600
617.917550
618.611500
619.403450
619.648950
621.622150
623.213450
624.295200
624.538400
625.184850
625.762000
625.783650
625.811750
627.546950
627.840100
628.243950
629.736600
630.561400
631.638900
632.022050
632.423050
632.804200
633.986550
635.850100
636.980150
638.138900
638.554100
639.085000
639.807950
640.391450
641.604450
642.204500
642.207150
643.864600
644.017850
644.786700
644.817400
645.488650
647.554350
649.095300
649.602150
650.430500
650.781750
651.054800
651.776350
652.178800
652.347350
652.654550
652.685450
653.072350
653.867450
653.978350
654.105600
654.824550
655.776550
656.474700
656.792300
657.270050
657.465700
657.694900
658.150650
658.409950
658.435200
659.045200
659.285800
659.850150
660.172800
661.433000
661.762350
663.093150
663.570500
664.136100
664.333450
664.534150
664.957900
665.254700
665.848450
666.310450
666.977900
667.264200
667.705900
667.767600
668.124650
668.151300
668.889350
669.603800
669.986150
670.489250
671.618700
671.819450
672.091350
673.116450
673.659900
673.719800
673.787950
675.813100
676.080600
677.217250
677.243300
677.280350
677.282700
677.544450
678.869900
679.574600
679.856300
680.341600
680.345950
680.601900
681.169050
681.361050
681.915900
682.538950
682.986850
683.849450
683.994800
684.900150
685.761800
685.808750
686.061750
686.087650
686.662800
686.676200
686.973500
687.248150
687.448900
687.525850
688.054800
688.341950
688.676400
688.840200
692.035100
692.786050
693.197900
693.637800
693.640400
694.036050
694.483100
694.704400
694.996350
695.047900
695.321450
695.599850
695.767800
696.101400
696.584000
697.067200
697.721850
698.244500
698.281050
698.728650
698.744000
698.768550
699.327950
699.559850
699.562850
699.616000
700.033200
700.354450
700.440450
701.398650
701.453450
702.027450
702.362900
702.738600
702.871250
702.935700
703.659250
703.901000
703.907550
704.383100
705.029700
706.243600
706.335200
707.374300
708.665200
708.889700
710.720750
711.153250
711.343450
712.074550
712.103500
712.327650
712.622400
713.304950
714.805000
715.094050
715.221150
715.378750
715.537950
715.561150
715.794950
718.300350
718.442850
718.664750
718.687800
719.602950
720.416250
722.332350
724.122850
724.748150
727.218500
727.620000
727.860250
727.864350
727.905150
728.273700
729.011650
730.478350
731.513100
732.116900
732.318150
732.610650
732.615800
733.723450
734.018050
734.109100
734.602150
735.808000
735.839700
736.228000
736.854750
736.875150
737.102250
737.326850
738.382250
739.821200
740.431750
742.073000
743.089600
743.626550
744.011700
744.607950
747.141700
747.427300
747.565150
747.567650
747.577250
747.603600
748.337150
749.139750
749.258900
749.831800
750.518100
750.802700
750.829750
751.117800
751.729450
752.103450
752.197150
752.216950
752.626450
752.952200
753.396950
753.986600
754.011600
754.371450
754.402250
754.638300
754.978050
755.011850
756.208300
756.254900
756.907250
757.309250
757.417750
758.224400
758.785500
758.896150
759.571050
759.798200
760.256050
760.310750
760.783000
761.543500
762.462400
762.995550
763.600850
764.048300
764.918050
768.410750
769.291750
769.361050
771.166950
772.368750
773.726450
774.771050
775.049250
775.537950
776.895450
777.433300
777.906500
778.484300
779.563450
780.662400
780.955850
781.418800
782.142300
782.456650
783.117250
783.443800
783.972400
784.450400
786.122850
786.594200
786.980850
787.337600
789.523000
790.361350
791.961050
792.329550
793.383850
794.343600
795.207100
795.833200
796.556900
796.810300
796.825900
797.324950
797.349450
797.792250
797.841400
798.983050
799.225850
799.562450
800.045200
800.924100
801.469550
801.685900
802.833800
803.008450
803.241050
803.249350
804.091300
804.410500
804.731350
805.617650
805.632150
805.653300
807.004850
807.023700
807.447700
808.026050
808.028700
808.162800
808.629850
809.491000
809.760500
810.169700
811.522700
811.920100
812.060850
812.580400
813.224000
813.359500
815.304750
815.391100
815.844550
816.232600
816.949900
817.012650
817.267450
817.435550
818.940600
819.314100
819.706900
820.517900
821.107800
821.541900
821.624750
821.890350
822.606950
822.937800
823.577200
824.201550
824.847400
825.348050
825.500400
825.603800
826.241500
826.745200
828.056300
828.903650
829.270950
829.680600
830.592050
830.674650
831.057000
831.513950
831.962750
832.120500
832.732450
833.375850
833.584600
835.497400
836.726600
836.803600
837.419850
837.807200
837.817150
838.813150
839.140600
840.150950
840.452350
840.818150
840.859300
840.943700
841.093150
841.707300
841.862100
842.147100
842.403200
843.375400
843.737450
844.278950
844.304650
844.915400
846.042050
846.811950
847.104050
849.902150
849.909550
851.019650
851.118800
852.831300
854.653850
856.356100
856.541300
856.724950
857.367050
857.939200
858.305750
858.612000
859.165550
859.603500
859.803450
860.049500
860.156700
861.239050
861.304300
861.566900
862.657550
863.350650
864.054800
864.630450
865.019150
865.733350
866.240650
866.500150
867.059300
867.177900
867.672350
867.689950
868.830900
869.146050
869.840050
869.856700
870.762850
871.216600
871.222850
871.264000
871.666900
871.675000
871.989800
872.421950
873.196100
874.018400
874.341600
874.812350
876.053400
876.324550
876.932500
878.450950
879.644150
879.790950
879.860750
880.044400
880.094500
880.558800
880.841850
880.971200
880.989600
881.625250
881.750800
882.000850
882.780850
883.025050
883.305800
883.330500
883.776650
884.268150
884.368800
885.007050
885.959350
885.970750
886.344350
886.865050
886.990750
887.736300
888.205550
888.282650
888.815250
888.964700
888.968450
889.437900
890.176700
891.425300
891.719650
891.945450
892.281200
892.792150
894.028950
895.041150
895.335900
895.991100
896.452650
897.316700
897.502850
897.714900
898.359800
898.667400
898.871850
899.344150
899.381950
899.690500
900.124100
900.175800
900.931950
901.278600
902.168050
902.972600
903.511950
903.752650
904.185750
904.817050
905.344150
906.432200
907.817250
908.276650
908.783750
909.464200
909.988800
910.028200
910.088850
911.824200
913.360100
913.844200
913.887850
915.288750
915.310150
916.415750
916.622550
916.915450
917.312450
917.538850
917.874800
918.015950
918.910650
918.940550
919.109550
920.051150
920.790300
921.092550
923.019500
925.867300
926.130050
926.561400
926.622900
927.435750
927.876700
928.532400
928.552550
929.089700
929.520700
929.810750
929.997150
930.842100
930.917000
931.431700
931.506100
931.649400
932.724400
933.791550
935.172500
936.399700
936.885600
936.921750
937.357300
937.923300
938.214000
938.592650
939.061000
939.398450
939.904250
940.315250
940.599350
940.712200
940.738900
941.040700
941.332950
941.546850
942.054800
942.728850
942.918500
943.296150
943.971250
944.396900
945.134800
945.876100
946.401350
946.886300
947.200900
947.936950
948.219000
948.480300
949.064200
949.311550
949.375500
949.950850
950.032050
950.207800
950.553100
950.712750
950.938200
951.148100
951.331100
952.084850
952.473850
952.509150
952.724900
953.998350
954.236200
954.672650
954.893000
955.408800
955.572550
955.768150
955.993500
956.463850
956.492700
957.560800
958.011350
959.392850
959.495600
959.549200
960.262150
960.994250
961.592650
962.436000
963.110700
963.853750
964.350300
964.834050
965.295500
966.098150
966.731450
968.384500
968.842750
971.237900
971.306300
973.828600
975.189250
976.179250
976.187850
976.701900
977.240450
977.871050
978.354750
978.445150
978.731050
978.750100
979.958000
980.289800
980.305300
981.312550
981.533550
982.139500
983.507050
984.115700
986.252100
987.292800
987.329300
987.661200
988.070450
988.369100
988.676400
989.149250
989.390350
989.748300
989.825250
990.040550
990.339850
990.853050
991.412650
991.966950
992.327150
992.424100
992.857450
993.166350
993.423350
993.795600
994.483250
994.872650
996.009700
996.694150
998.331650
998.359300
998.601850
999.732100
1000.429250
1000.450550
1000.927300
1001.746500
1002.062900
1002.599200
1002.991500
1003.044950
1003.100400
1003.874250
1003.943300
1004.162150
1004.280250
1004.594100
1005.073900
1005.333000
1005.764500
1005.947100
1006.070550
1006.108950
1006.407550
1006.453300
1007.082800
1007.101550
1007.449650
1008.082850
1008.935400
1010.073600
1010.077250
1010.126250
1010.280850
1011.016100
1011.233550
1011.583250
1011.999350
1012.642600
1012.737200
1013.638700
1013.659550
1013.855050
1013.871600
1014.368100
1014.944900
1015.366300
1015.784150
1015.812050
1015.892550
1016.312150
1017.181400
1017.779200
1018.390950
1018.512050
1019.017800
1019.286800
1019.343500
1019.733500
1020.187650
1020.783700
1022.107200
1022.179400
1022.977850
1023.253450
1025.477500
1026.005750
1026.800600
1026.816800
1027.643450
1028.157250
1028.230550
1028.268550
1029.765000
1030.343850
1030.740350
1031.519150
