70.085600
70.524200
71.736700
71.803500
71.903700
72.982300
73.122150
74.181350
75.078200
75.679650
76.219950
76.245500
76.518450
77.275950
77.956750
78.256450
78.576200
79.196100
79.796000
80.116400
80.603800
80.988400
81.395250
81.435900
82.179750
82.600550
83.075750
85.336550
85.836750
85.856750
86.177550
86.197450
86.377000
86.537600
86.637350
87.242800
186.403650
367.923450
383.453750
583.051850
584.199200
584.212000
584.671500
584.732150
584.772400
585.192150
586.395450
586.450500
586.471050
586.608750
586.811100
587.010050
587.130100
587.370750
587.970400
589.327400
589.368750
589.448800
589.946950
591.529050
591.728550
592.767900
592.848550
593.068300
593.528250
594.613200
594.888600
595.273150
595.368850
595.507300
595.528600
596.448550
596.767150
596.869050
597.889250
598.694000
598.993900
599.188900
600.294200
602.673500
603.249150
603.893850
603.908850
603.949100
604.008700
604.328450
604.428550
604.448500
604.827700
604.987700
605.227150
605.387100
605.566800
605.647400
605.687400
605.807200
605.826650
605.858500
606.026950
606.066700
606.086650
606.106550
606.126900
606.166700
606.186500
606.226850
606.366050
606.526500
606.546850
606.566250
606.665850
606.731350
606.745700
606.786050
606.806300
606.866200
606.926250
606.986100
607.066150
607.105900
607.225700
607.245250
607.265700
607.285600
607.325600
607.345300
607.525000
607.585150
607.605050
607.645300
607.665100
607.676450
608.024350
608.084400
608.184400
608.222500
608.324150
608.364650
608.423950
608.464350
608.723700
608.743900
609.442600
609.483250
609.503300
609.567400
610.002450
610.042300
610.062500
610.082650
610.102350
610.521550
610.861000
611.844950
612.025250
612.060500
612.124950
612.284750
645.123950
665.716350
665.856050
682.328250
685.247600
