0.843900
2.362300
2.622800
2.901850
3.077400
5.130250
5.137750
5.140350
5.157250
5.187550
5.497000
6.344500
7.804050
10.191850
10.194450
10.197150
10.233100
10.294200
10.682600
11.340350
12.550200
12.554400
12.975450
13.729050
14.882800
15.865300
15.868450
15.873000
15.888200
16.106800
16.299850
17.099550
19.705700
22.393950
26.443400
28.337100
35.452100
43.346650
44.657500
47.233800
50.555300
54.091300
54.575650
59.505150
60.638750
63.602750
64.354150
64.828600
67.546100
68.197750
68.459200
68.470150
68.489950
69.804900
70.045550
70.204300
87.283100
87.484150
89.740100
92.505250
93.586150
95.474000
96.002650
97.004750
97.596100
97.708650
99.049250
102.629200
105.830200
106.807400
118.646000
121.661400
121.664000
121.682950
122.143800
127.074700
127.501650
128.200700
131.853650
132.145450
138.775450
143.555250
149.015400
149.717450
154.304250
154.420150
154.689200
155.869050
157.887800
157.957700
158.219050
158.936350
159.275550
160.563700
160.955700
161.628650
161.635950
161.641750
161.645800
161.651250
164.833400
165.064150
166.080850
166.188750
166.504950
167.164850
170.016250
173.156400
176.610300
177.916600
179.356850
180.495250
180.499400
182.061550
182.064350
182.977600
185.543750
189.150300
189.271150
189.736050
189.864700
191.049600
191.054100
191.245650
191.252000
195.208400
195.721350
195.780100
195.785700
196.310750
199.374000
204.884600
209.199450
213.008950
214.680600
214.698350
217.535100
217.846900
221.382850
222.176650
222.180500
223.344850
224.696200
224.707050
224.876800
228.739950
229.237950
229.430150
232.320250
234.527300
236.553850
237.076050
238.186750
241.545150
241.552650
241.645850
242.795000
244.024500
244.027150
244.031100
245.443550
246.511600
246.526450
246.528850
246.566500
247.130550
249.857850
249.972900
250.149000
252.345900
252.876000
255.952950
256.020850
256.731050
256.735750
256.856000
257.922700
260.058500
261.681800
261.782550
263.061100
264.004650
265.947700
266.168500
267.701450
267.705350
267.806050
267.808800
267.981700
269.042500
269.103600
270.953950
271.000050
272.445700
272.537100
272.620550
272.715250
273.303850
273.728350
274.125150
274.469750
274.669750
277.303850
277.502000
277.684100
277.882150
279.801450
280.071650
280.337900
280.344650
280.713400
281.393050
282.124650
284.329950
284.334100
285.546350
285.646350
286.933400
288.033850
288.043750
288.052300
288.335650
289.031750
289.923550
289.958900
290.291850
290.295000
292.229650
293.553900
293.580650
293.828700
293.928850
294.226600
294.363400
295.276300
295.733050
297.395150
298.993950
299.006350
299.423750
300.636650
301.087350
301.314600
305.827450
305.839000
305.857000
307.784000
307.987150
308.385400
308.389800
308.517750
309.142350
309.572200
310.846000
311.062950
311.097100
311.113600
312.939250
313.793200
314.566650
314.612700
316.602500
316.787000
319.210800
320.996050
323.508100
325.165450
325.674600
327.160200
329.098000
329.104250
329.108250
332.610850
333.606850
339.743750
339.759600
340.556600
340.560600
340.976300
341.233050
342.112100
342.680350
343.463750
344.589050
345.677100
345.681150
346.173000
348.470400
349.236750
349.241100
349.952950
350.269400
350.963900
352.044450
353.134250
353.746000
353.896450
354.264500
355.956100
356.626450
357.424100
357.790850
357.806000
359.587950
363.334650
366.369550
366.798200
367.039300
367.312900
369.352800
369.772250
374.100550
375.261550
378.936250
384.256550
385.009400
385.979600
389.636250
391.971250
392.464350
394.664250
395.979450
395.994850
396.024700
399.981150
400.350900
405.068350
406.319100
409.377950
411.972000
412.462150
413.019450
413.836550
413.992100
420.893750
422.933550
422.944600
423.501800
424.917700
425.034600
430.542500
434.865300
434.869100
440.699500
440.742000
441.562900
441.567400
443.446150
443.533950
444.598150
447.171150
449.701500
450.399000
452.119550
455.341650
456.295700
458.228250
458.578600
458.708400
458.931750
459.978250
462.621000
462.665500
468.652950
469.602450
469.981250
470.616550
474.814950
476.418200
476.570150
476.778300
477.961050
479.526300
481.105150
481.111750
482.127300
484.698950
485.179150
490.147800
491.056650
491.193000
491.312050
491.315900
492.842350
493.918150
493.941550
493.948250
495.312300
498.025250
499.225300
499.901200
500.313350
500.701150
500.712850
502.202800
502.390600
504.056700
504.063400
505.245800
505.463550
507.203850
508.899900
509.131400
509.223150
509.687350
509.794850
509.935550
510.289450
511.602800
512.445650
513.518850
513.701900
513.920800
514.270100
514.274200
515.227350
515.622750
518.518950
519.009050
519.012350
521.141000
521.326300
521.328550
521.330650
522.349700
523.933800
524.096200
525.720950
525.724750
525.729700
525.734950
525.785500
526.598800
528.157350
529.274500
529.471650
530.733700
530.898400
531.211950
531.271600
531.809600
531.912750
532.692050
534.124250
534.128050
534.589050
534.606050
537.343250
538.163650
540.103450
540.239800
540.243550
540.630600
540.656500
540.659950
540.703650
541.044550
543.130050
544.663800
548.244150
548.501350
552.802350
554.716400
556.887800
559.321700
559.635700
559.640150
559.756050
559.942550
560.323000
563.439050
564.486750
564.489600
564.622550
564.918450
571.365050
571.417600
573.748400
575.851800
576.071500
577.454600
580.139050
589.524150
591.253400
598.289400
598.369700
599.689600
600.609350
601.149700
601.509400
607.809100
611.881100
613.329150
613.471500
613.791300
614.770000
616.163550
616.176000
616.445050
616.844250
618.053000
618.093950
621.627400
621.631900
621.635000
621.644100
622.952900
622.965200
622.970250
625.815600
625.823450
626.575750
626.690500
626.984100
627.820250
628.905600
629.477800
629.496050
629.772350
630.645350
631.664750
637.074350
637.309650
637.723950
637.735800
638.043550
638.607200
638.615700
638.620700
639.403700
639.763750
639.874650
640.208600
640.443300
640.788250
641.636650
641.935100
642.289050
643.296750
643.336350
643.479500
643.484000
643.496400
643.888900
643.949800
644.175200
646.355950
646.984750
647.223050
650.539200
650.548850
650.553100
650.784850
652.005600
652.472650
652.484850
652.489150
654.005100
654.692000
654.711150
654.749350
655.949350
656.256750
656.376850
656.503850
657.540000
657.762350
657.935550
658.042450
658.594350
658.638450
659.200250
659.204950
660.133000
664.208600
666.188450
667.032900
667.055250
667.593850
667.748600
667.754850
667.975100
668.015050
668.435300
668.675750
669.778000
669.841750
670.033700
670.037800
671.840100
671.973500
672.513950
672.952800
672.973650
673.173200
676.163400
677.511100
677.579050
678.010200
679.022500
679.896150
680.628450
680.734150
681.173500
681.253800
681.307950
681.441550
681.721000
681.793550
682.833150
683.008150
685.292700
688.847450
688.920450
689.156100
697.648100
698.060150
698.154900
698.656800
699.043900
699.343300
699.359100
699.506650
699.514200
699.613350
699.918750
700.291100
700.512550
700.611800
700.614700
702.120950
702.415200
702.529900
703.234300
703.848900
703.928950
704.228900
704.625000
704.919700
712.543250
712.722750
712.729200
712.808350
713.125300
713.243050
716.482300
718.241700
720.707950
722.635300
731.832800
735.360800
737.879350
738.619900
739.184950
742.793100
742.811250
744.389900
748.056250
748.758800
750.283000
750.670100
750.691150
750.911400
751.141650
751.267050
751.461050
751.586100
751.624700
751.632950
751.727300
753.131650
753.638250
753.907150
754.315550
754.708250
754.745800
757.226700
758.892950
759.931050
759.941400
760.332400
760.701850
761.731300
762.842800
765.135800
767.026450
769.109450
771.011300
771.016000
778.194450
779.900700
784.569350
787.343500
787.886300
789.452650
803.282100
809.889900
813.677950
813.697350
815.992800
816.082550
816.129050
816.161150
816.253500
816.256750
816.526150
816.540550
816.568600
816.602950
817.008250
817.102600
817.397100
817.588200
818.527700
818.673100
819.118150
819.378400
819.460100
819.673700
819.847100
820.875550
820.910250
820.918150
821.241950
821.399300
823.298900
825.454250
825.679350
826.651100
831.238850
831.543550
832.681200
835.046850
835.883700
837.087700
837.146900
837.292100
837.341200
837.789400
841.919750
845.500000
846.965100
847.000150
847.217850
847.984250
847.991050
852.008800
852.385900
857.601850
859.015650
860.495950
860.887400
861.284050
861.296650
866.842750
867.035350
868.715750
869.630450
869.681450
870.237150
872.370800
873.572050
874.330150
874.551550
874.555750
875.967600
877.747950
878.374450
880.978700
882.252150
883.841500
884.566150
884.719400
886.364450
889.219000
890.035900
890.038400
890.644400
891.003750
891.495200
892.211400
892.257800
895.447000
898.674250
898.678300
899.541500
901.899450
903.283500
903.299250
903.304100
903.348700
904.463150
905.422150
908.326250
908.339800
908.967300
909.709050
910.055800
910.254700
911.336850
911.343550
913.413250
916.241250
917.154450
919.708200
920.706100
920.716400
923.015750
923.020800
923.489350
927.292950
927.920750
932.914300
935.011250
938.255150
941.145750
941.884550
941.989850
942.437600
943.138800
943.146000
944.448500
944.788250
947.864550
948.025200
953.509550
953.722950
954.110300
955.726250
956.150350
956.190350
958.359750
959.109650
962.760600
962.983000
963.516000
963.518300
963.955600
963.961200
965.100950
965.819150
965.832900
965.845700
965.852250
967.271450
967.395450
967.458500
968.364200
968.582000
969.973700
970.102400
971.424950
976.725300
976.749550
977.162700
979.122050
979.179650
979.399750
979.490100
979.782050
983.053000
989.996850
990.496950
990.502500
991.272850
991.773400
991.982250
992.277800
994.180900
994.280250
994.741050
994.909050
995.156050
995.910200
1008.042000
1008.046700
1008.158750
1012.194200
1017.440250
1018.302950
1018.724250
1019.165250
1019.969100
1020.690100
1020.735800
1021.596650
