5.140700
5.167100
5.204850
5.210900
5.278500
10.192800
10.197300
10.217750
10.227650
10.249800
10.307550
10.339000
10.488450
10.528250
15.418400
17.867100
27.904600
28.344200
30.340750
38.454550
38.678450
41.191200
42.629650
47.037100
50.702700
53.599100
55.603700
57.029600
57.450350
58.939650
64.659400
67.226300
67.518750
68.629350
70.204400
71.004150
73.441700
75.599750
75.719550
78.017250
85.105900
85.108450
86.777250
86.962450
90.656350
91.142050
91.152650
93.346550
98.108500
99.055000
99.228500
100.289350
101.473100
103.303150
104.114650
105.847650
108.888300
112.487750
113.008300
113.918350
113.935450
114.556100
117.100150
118.108350
122.156450
122.997300
124.050000
127.586500
128.493250
128.504250
128.516200
128.522300
128.533050
128.539250
131.574800
131.615000
133.092550
134.150400
134.186800
135.474200
137.934300
138.121700
140.711700
141.085400
142.492800
142.495800
144.329200
146.808150
146.812050
146.823250
146.830700
147.233300
148.333250
148.813150
149.259300
150.985500
153.191300
155.541000
157.913250
157.917600
157.979100
160.083900
160.957900
163.651700
164.833550
165.064450
165.699750
167.078900
168.153300
170.222400
170.491450
172.354750
172.359000
172.370700
172.375300
172.384900
172.392900
173.587150
174.370150
174.428200
174.432850
175.281300
176.343000
176.348900
176.772850
176.895650
177.774050
179.956100
180.374300
181.857300
182.334850
182.339300
182.343750
182.356050
182.362250
182.638100
182.669350
182.775900
183.889300
184.155250
184.601700
186.469500
187.772550
189.040250
189.210650
189.213700
191.055800
191.149000
191.159600
191.251950
195.078100
195.406150
195.963600
197.202500
197.494050
197.910100
198.588250
199.819650
199.840250
199.954300
200.430400
201.297450
201.304850
201.832700
206.321400
206.629950
206.637150
206.690100
207.417200
208.494700
209.248300
210.758000
211.749900
212.298750
214.955250
215.169950
215.174900
215.368650
215.940600
216.069500
217.588350
219.387000
220.788500
220.792600
221.808650
222.298100
222.316300
222.336050
223.263050
223.683050
223.693450
225.153600
228.118250
228.133900
228.165650
230.021750
230.027200
230.693150
232.286800
234.108450
234.123300
235.052200
236.099400
236.103350
237.882450
238.043800
238.186800
239.303800
240.353950
240.950100
241.341350
241.532100
242.015900
243.365100
243.430250
244.263400
244.371400
244.375750
244.601150
244.808850
246.271000
246.276050
247.064800
247.133300
247.359850
247.901250
248.334150
249.107300
249.446300
250.987900
251.401900
251.958850
252.777550
255.078150
255.096750
255.151350
255.807550
256.078900
256.110200
256.116100
256.404300
257.477200
258.559700
259.681900
259.696200
260.322050
263.061250
264.484300
265.210600
266.602600
266.719900
266.734300
266.838750
267.707050
270.023500
270.469150
272.128500
272.521150
274.373450
275.503650
275.711900
276.805700
276.810050
276.998700
277.578200
278.421550
279.657250
280.293850
280.337550
281.126700
282.208500
282.220600
282.690300
282.743950
282.867350
284.335650
285.095050
285.563550
285.602650
286.729700
286.963500
289.184550
289.913650
289.917100
289.920650
289.933250
289.976850
290.151550
290.849800
292.029200
295.427800
295.431050
296.710500
297.321650
297.376300
297.381900
298.399200
299.425200
300.763450
300.863300
300.873000
302.536850
302.943950
302.952450
302.965250
302.968950
303.363950
303.439700
304.406250
304.595900
304.600250
304.604200
304.614750
304.616900
308.291900
309.164600
309.501100
310.451600
311.445550
312.403700
312.623900
313.402250
313.917100
314.606700
315.121500
316.825850
317.676500
318.261950
319.802800
320.361550
321.097050
321.787700
322.719900
322.920300
325.271150
325.505600
325.681900
326.418250
327.483500
329.297150
329.301650
330.002950
330.510800
332.631550
334.015050
334.633300
335.411100
337.230050
338.247500
340.538600
341.025550
342.100100
342.985150
343.040850
344.856500
345.259150
345.798650
349.029700
349.086050
349.106300
349.124850
350.388700
350.546350
350.764200
353.221800
353.433850
353.451500
353.660200
354.136950
354.589950
355.598000
355.638400
355.648150
357.114600
357.138350
357.281600
357.446800
357.458200
357.474600
357.485600
357.497000
357.504950
359.213700
359.649000
359.662650
359.922000
362.063200
362.338600
364.177650
364.199000
366.264050
367.162250
367.297650
367.302900
367.827050
368.019300
368.712850
369.182150
369.554750
369.565150
370.053250
370.100400
370.958200
370.962050
372.542200
375.809200
376.150550
376.169700
378.318750
378.936300
379.204850
379.256000
380.363350
382.514700
383.224600
383.995150
383.998850
384.001750
384.397700
385.986100
385.990250
386.167700
388.592800
391.971300
392.474650
392.481500
393.304650
393.621150
395.066500
395.712800
395.982850
396.971150
396.977200
397.051850
397.128950
397.592900
399.347850
400.098550
401.661050
401.691950
402.514050
404.032150
404.738400
404.755200
406.233500
406.668300
406.745300
408.073200
408.128600
408.365000
409.013950
409.857300
412.500100
413.313400
413.316150
413.438300
413.447050
413.798950
413.899150
415.262850
416.456300
417.223950
417.240950
417.252250
417.267350
417.751850
418.226200
418.674800
419.112100
420.757400
421.307800
421.537150
421.686600
421.753800
422.008650
422.429250
422.680000
422.944500
423.507500
423.517950
424.114700
424.944300
425.213150
426.440400
426.474300
430.792200
431.011050
431.037550
431.059750
432.250500
432.915750
433.102850
433.751400
434.666750
435.124750
437.097000
437.122300
437.725050
437.741550
438.849850
438.862700
439.089050
439.848500
441.504450
441.549450
443.315300
443.322200
444.006750
447.144900
447.156950
447.248900
449.012900
451.453950
451.456450
453.171950
453.726450
454.259950
457.694950
461.174100
461.394150
462.370400
462.638700
462.663400
462.667100
463.410850
463.413700
464.055450
464.973250
464.977100
469.149100
469.743100
469.834050
472.384050
473.364300
473.505550
476.099000
476.836600
477.894050
478.014400
479.511250
480.254350
481.595200
481.671550
481.811900
482.222450
482.326000
482.331000
482.341400
483.680450
484.863650
485.114950
485.119250
485.187850
486.242450
486.470000
489.663600
489.673250
490.530100
490.735900
491.328200
492.256350
496.514300
496.759750
497.352100
499.893450
500.081550
500.815150
500.881900
502.061700
502.862800
502.976650
505.391750
506.688100
506.824300
508.004000
508.016500
508.927650
509.253300
509.256700
509.283700
509.292500
510.253000
511.099300
511.301700
513.020450
513.921000
514.264750
514.270100
515.699100
515.724150
518.374300
519.508250
519.835850
521.395650
521.726200
523.060050
523.550100
523.641050
524.749150
526.209450
526.596200
527.904850
530.192300
530.222800
531.659800
531.758850
531.780950
531.805100
531.812600
532.932500
533.317600
533.434550
534.131250
534.769550
535.540000
537.919600
539.184200
539.187700
539.250000
539.264250
540.435600
540.502550
540.880900
541.044650
541.252550
542.748850
543.551950
544.663950
545.856550
546.824200
547.368900
548.309500
548.324400
548.395600
548.463700
549.020200
549.039000
549.063150
549.073100
550.216900
552.102350
553.028450
555.132800
555.961250
556.884700
556.900500
558.138050
558.323400
559.516200
559.768300
560.427350
561.079050
561.081800
561.411350
561.433850
563.965750
564.109400
564.614150
564.617600
565.433800
568.671000
572.378300
572.584400
574.211250
574.334750
574.340150
575.419850
575.456600
576.018250
576.023500
576.071650
577.289500
577.641100
578.198000
578.728700
579.480200
580.289350
580.353050
580.367700
580.717350
581.925050
584.708600
585.666400
587.050750
588.065200
588.589300
589.221850
589.929050
591.139000
591.308550
591.907050
592.198700
592.218750
592.220900
594.148650
594.748600
595.253550
595.928700
596.088750
597.068450
597.128600
598.009100
598.429300
598.619750
598.709250
599.409450
601.089650
601.369250
603.673050
604.227900
606.237300
606.746000
608.364350
609.602650
609.762050
611.185900
612.205400
613.151000
613.182350
613.460550
613.471650
613.703050
614.076000
614.251250
614.931800
615.457700
615.867250
616.163000
616.172200
616.477200
616.678750
616.979050
617.753000
618.258700
620.076650
620.081300
622.960450
622.976600
624.161850
624.980900
626.461600
626.489100
627.406200
627.410200
627.658400
628.036550
629.098100
630.428950
630.946450
630.950500
631.732500
631.916500
633.268800
633.548750
633.557250
633.564200
633.584650
635.599050
638.617750
638.783250
638.852300
639.026500
639.183300
640.083550
640.087300
640.208700
640.443350
641.223600
641.935200
642.789200
642.895000
642.903200
643.264050
643.697850
644.420900
645.856700
647.071650
648.139500
652.145600
652.337000
652.924200
654.071050
654.492950
655.155700
655.521850
655.528600
655.836050
656.871600
657.116550
657.192200
657.211350
657.602750
658.280750
658.305550
659.341500
659.650200
660.032150
661.199450
662.126850
662.379000
662.638050
663.724800
664.236450
666.515500
668.715650
669.158950
669.346800
670.042650
670.893950
671.773700
671.797450
671.802100
671.986100
672.462450
672.517650
674.132300
675.620450
675.624450
677.080450
677.555200
678.034500
679.209700
679.594550
679.853950
679.902700
680.547900
680.763800
681.380500
681.391550
681.395100
681.793750
682.632450
683.007500
683.707250
683.834500
684.427350
684.683400
684.791600
685.143150
685.146200
685.994350
686.150600
686.211800
686.231350
686.240250
686.652850
686.759700
687.415150
687.454900
687.913700
688.462750
688.946800
689.152100
693.816850
694.702750
696.483200
696.833150
697.533900
700.809900
701.290900
701.421450
701.875550
704.621500
705.305850
705.975600
706.227550
707.976550
712.517100
712.555800
712.672750
712.808400
713.240650
713.909800
714.527200
715.195850
715.843350
716.084300
716.205900
716.285550
716.429100
716.448600
716.455600
717.435150
717.671050
717.981800
718.446400
718.491100
718.502850
719.375500
719.472650
719.511550
720.514900
722.629700
722.635850
723.168850
724.599450
725.622450
726.300000
726.694350
727.043700
728.139700
729.716050
730.840700
731.237400
731.241500
731.346950
735.998400
736.053050
737.702550
737.744950
739.325950
739.852400
742.443800
744.788200
745.672950
748.764900
748.826100
750.490050
750.556150
750.574250
750.598250
750.660000
750.666150
750.680100
750.920850
750.939900
751.107250
751.229600
751.233000
751.657100
753.657600
755.286950
755.295950
755.824250
758.372900
759.113150
759.305900
761.177950
762.470800
762.475350
763.047200
764.223100
764.677950
767.096500
767.729450
769.134150
769.154250
770.730300
771.797400
774.571150
775.643300
775.652800
777.932900
778.313300
780.286300
780.554600
780.871200
781.431600
783.215750
786.051150
786.765950
788.634850
789.312650
789.319350
789.323250
789.332150
789.348350
789.354050
789.360450
790.156450
791.551400
794.791200
794.797200
795.641350
796.379900
796.398100
801.600050
801.958950
802.517950
803.237250
803.261400
803.384650
803.865350
809.282550
809.906450
809.911350
810.804850
811.307750
811.493450
813.418500
813.774650
815.884900
816.943900
817.286600
818.037050
818.427250
819.043050
819.265500
819.270800
819.277650
820.423100
821.132550
825.194450
825.311450
825.335550
827.431500
827.798500
828.834050
829.478200
829.482300
829.500550
829.920650
830.555600
832.574350
832.587750
832.603150
832.663550
833.039350
834.175000
834.503700
836.069350
836.899400
836.913100
837.019800
838.674200
840.683650
841.297600
841.895850
844.160350
844.461800
846.411750
847.149000
848.077850
848.099400
850.019800
850.487400
851.539100
851.554650
851.809300
852.008850
852.626850
852.831450
853.099700
854.819150
855.027400
856.546050
858.583800
858.586400
858.988100
860.812350
861.002050
865.073500
866.835350
867.043150
867.055900
867.071000
867.125400
867.843250
867.931450
869.634400
871.379700
873.572150
873.879500
874.941500
879.260100
879.294500
879.664950
879.797200
879.809000
879.922150
880.529650
880.807350
880.812000
880.848450
881.916050
883.644900
884.255950
886.439550
886.699100
887.957900
890.054850
890.085200
890.937100
890.983600
890.991350
891.075500
891.161750
893.292550
893.372150
893.384950
893.392550
894.331050
894.358750
895.788300
898.058350
898.812900
899.521250
899.546800
901.255650
901.457500
901.937200
903.707500
904.465650
904.563700
904.632200
904.853300
904.864350
905.998650
908.309100
908.321950
908.327000
908.930650
909.538350
909.586900
910.253100
912.596850
913.503400
915.242950
917.610100
917.628300
919.892900
921.153700
921.546900
921.581450
922.505100
922.569850
923.628950
925.701150
925.798150
926.762500
927.538000
927.611700
928.528850
928.533650
935.311050
937.352850
937.795450
940.824450
941.982250
942.388850
943.573150
948.028600
950.605600
953.347500
953.352100
954.765200
954.781350
954.868200
955.476500
956.636100
960.280250
963.961250
964.409300
964.792450
965.710350
965.718050
965.822850
967.271550
967.451050
968.554700
968.828700
968.832350
970.093000
971.392700
972.439750
972.454950
972.468450
976.054250
976.138150
977.305500
978.173250
979.444300
980.354500
980.360200
981.399300
981.404150
986.198850
986.213150
986.874150
988.917800
988.920800
989.264450
989.363350
989.997000
990.719500
992.457550
992.633050
992.730700
993.489250
994.181050
994.416500
994.909150
995.098050
996.394600
997.051550
997.986400
999.851450
1001.007200
1001.011000
1001.015800
1003.128300
1004.387800
1006.236700
1006.429750
1006.755500
1008.037650
1008.155750
1008.816400
1010.568950
1010.594600
1012.158800
1012.874150
1015.865600
1015.886450
1018.271400
1018.509950
1018.751050
1020.426600
1020.462150
1020.467150
1020.590650
1021.080800
1021.089450
1021.489200
1021.747200
1027.054200
1028.300800
1028.423250
1028.524000
1031.155500
