1.110100
1.313900
1.705550
2.232650
2.577350
4.110450
5.238900
5.242700
5.368000
5.409350
5.699000
5.812600
6.021500
6.279750
7.154500
8.109250
8.432300
8.865550
9.675200
10.196750
10.208650
10.231500
10.305150
10.468200
11.015000
11.424550
12.020100
12.768600
13.556500
14.701500
15.418450
16.219000
16.687800
16.699900
17.596400
17.625200
19.157500
20.215850
21.084100
23.172750
23.177400
24.191350
24.542900
25.121550
26.024900
27.230200
27.642300
30.080600
30.835000
31.633600
31.824650
32.961450
33.361600
34.599200
34.658200
35.369950
36.003350
36.008350
36.206450
36.210150
37.341900
38.214450
38.425550
41.441200
41.909950
42.349000
44.234500
44.294600
45.220850
45.241350
45.555200
46.392450
48.981150
49.023400
49.147950
49.654350
50.345150
51.209900
51.902900
52.507150
53.056150
53.575100
53.623000
53.849700
54.504850
55.113200
55.767900
56.969300
57.456150
58.891600
58.939700
59.521850
59.738000
61.037250
61.432150
61.764100
62.408550
62.666350
63.354300
63.561550
64.259800
65.056050
65.731700
66.050350
66.169400
68.058450
68.614350
68.882250
69.063650
69.697250
69.842650
88.161500
88.165800
88.696400
88.966750
89.240550
89.848600
91.352300
91.356700
92.280850
93.974200
94.087650
94.899150
96.221300
96.527450
96.534150
98.366900
98.939500
99.097900
99.228550
101.340950
101.372000
101.787650
101.836200
102.820100
103.029250
103.506400
104.087300
105.234800
105.239400
106.094850
106.760500
106.905950
106.970150
107.429900
108.341350
108.374800
109.091650
109.914550
110.220450
110.999100
111.167950
111.715100
111.726650
113.043050
113.300700
113.319000
114.052450
114.252050
114.823800
114.837900
116.522800
116.714850
116.802050
118.267850
118.430150
119.211550
120.256300
120.264850
120.640050
122.120550
122.143000
122.665400
125.395900
125.442450
125.733300
126.301550
126.810500
129.245000
129.413650
129.854500
132.837250
133.255700
135.949100
135.958200
137.088950
137.513350
137.845750
138.679600
138.775250
139.998100
140.389300
140.454750
141.823450
142.338150
142.451600
143.402400
144.200950
144.249750
144.717900
144.952000
145.458300
145.957350
146.171750
146.666000
146.686800
147.376650
147.692100
147.706150
148.052900
148.324300
148.645200
148.933700
149.313250
149.733950
149.738250
149.882150
149.951500
150.001900
150.459600
150.463550
150.827000
151.159300
152.056750
152.443800
152.447450
152.683100
153.513350
153.775950
154.046100
154.049850
154.473150
154.494800
154.675050
154.685600
155.012250
155.575100
155.661600
155.684100
156.571600
156.842600
157.659300
158.544700
158.682150
158.899750
159.279850
159.612850
159.783800
161.075300
161.659900
161.716450
161.774500
162.367250
163.385800
164.021250
164.618850
164.890950
165.058850
165.336600
165.391850
165.672000
165.707400
165.798950
165.945650
166.127850
167.185050
167.250500
167.470500
168.228650
168.856700
169.997000
170.222600
170.692300
170.710750
170.870950
171.020550
171.768250
174.477750
174.529750
174.559600
174.879750
175.118850
175.454850
176.082800
176.126700
176.760600
177.027350
177.032950
177.395000
179.762850
181.919250
181.947300
182.630150
182.638150
182.751900
182.995900
183.224850
184.296950
185.625500
186.188000
186.196350
186.550550
187.034550
187.038550
187.309800
187.327950
187.337700
187.481400
188.437200
189.643650
190.081250
190.183850
191.128650
191.246850
191.802400
192.381750
194.893450
195.532050
196.458450
197.116900
197.509700
197.917100
199.454950
199.632550
199.664050
199.751450
200.430500
200.932150
201.893450
201.914350
202.026650
202.035950
202.499850
202.898200
203.392800
204.604200
204.772400
205.345450
205.639000
205.864900
206.207950
206.826750
207.451200
207.626550
207.723900
208.216150
208.220000
208.437800
208.764550
209.226650
209.962800
210.301100
210.349800
210.758000
211.571950
211.799050
212.941650
213.179600
213.351700
214.112850
214.159800
214.411650
214.778200
215.047750
215.153600
215.257350
215.267550
215.337250
215.743350
216.269450
216.955350
217.406100
217.524350
217.696700
217.887750
218.752100
218.757050
218.959350
218.967350
219.387050
220.052200
220.202900
220.670750
221.122500
222.020350
224.196650
224.200850
225.667200
227.227300
228.075550
228.087750
228.129000
229.193950
230.098350
230.159800
230.340200
230.470700
231.192900
231.642600
232.292000
232.305550
232.784200
232.964550
233.033850
234.885100
235.066900
236.020200
236.999900
237.265250
237.343500
237.584950
238.469750
238.478600
239.602400
240.183000
240.429450
240.612550
240.776350
241.151050
241.443000
241.970300
242.015900
242.069550
242.248150
242.267300
242.865550
243.084950
243.212150
244.024200
244.603650
245.091250
245.145950
245.309100
245.797400
245.801450
245.874400
245.961850
246.067900
246.167850
246.277650
246.646600
246.719400
246.942350
248.137750
248.895800
249.424250
250.037800
250.421000
250.436200
250.447250
251.058400
251.540050
251.643600
253.104950
254.342650
254.347600
254.646650
255.163300
255.325700
255.406400
255.685650
255.823000
256.026000
256.110250
256.275150
256.516700
257.205050
257.313900
257.725000
257.741800
258.559750
258.685000
260.045150
260.587800
260.751100
261.881950
261.916000
262.132050
262.305450
262.469500
262.806550
262.944500
263.054650
263.363900
263.492100
263.716750
264.018000
264.723900
264.916550
265.087650
265.509700
265.975050
266.298150
266.623800
267.235050
267.638900
267.929700
268.179900
268.183950
268.549400
270.201900
270.979900
271.451850
271.783800
271.949600
271.973350
272.144300
272.261800
274.176200
274.297600
275.011550
275.143000
275.279600
275.503700
275.575250
276.363300
276.551800
276.711400
277.054800
277.162150
277.428250
277.645300
279.481650
279.594700
279.735800
280.109750
280.292150
280.828750
281.098900
281.259350
281.404700
282.283900
282.436100
282.672450
283.421650
283.450450
283.462800
283.604350
283.645750
283.927550
284.140450
284.477800
284.961300
285.901700
286.334800
286.532150
287.982550
287.998100
288.015150
288.629500
289.189800
289.375700
289.957550
290.079600
290.439350
290.816500
291.747150
291.751800
292.417850
293.585800
293.847300
293.856700
294.017800
294.810100
294.891250
295.437350
297.249800
297.640750
297.789950
298.058350
298.187800
298.823650
298.847850
299.070550
299.375100
299.726950
300.110450
300.703650
301.697000
301.891800
302.055650
302.653450
303.026050
303.107550
303.627800
305.761300
306.065800
306.510500
306.531350
307.154350
307.351750
307.855700
308.161550
308.389000
308.531000
308.544950
308.586050
309.783250
310.115950
310.316800
310.321000
311.023800
311.445550
311.514100
311.847700
311.878850
312.374950
312.636900
313.437350
313.440800
314.171600
314.600500
315.404050
315.653700
315.848350
316.824000
316.903100
317.004800
317.166750
317.213800
317.535900
318.455100
318.700800
318.976650
319.010250
319.013700
319.131800
319.403850
320.304350
320.574100
320.804350
320.896150
321.468250
321.548900
322.047400
322.349700
322.513300
322.711300
322.867000
323.291400
323.975250
324.741550
324.887300
325.059400
325.162200
325.166450
326.151500
326.159450
326.926400
327.146650
327.160200
327.394750
328.354550
328.553250
328.893550
329.487500
329.627550
330.628100
330.636350
330.824500
331.568100
331.574400
331.597750
332.591850
332.841750
332.907000
333.018600
333.342350
334.151600
334.653050
334.799450
334.803100
335.136100
335.330050
335.911150
336.296300
336.566700
336.996150
339.154900
339.504800
339.508500
339.952600
340.004200
340.196200
340.676600
341.121900
341.155750
341.215400
341.380500
341.654850
342.880250
343.294400
343.469600
343.515650
344.447650
347.062700
347.753700
348.293800
348.448700
348.490900
349.727750
350.342600
350.346450
350.505650
350.547450
351.242500
351.881700
352.354550
352.357500
352.671650
353.228650
353.545700
353.868600
353.915400
353.972800
354.327350
354.447550
354.854000
357.002900
357.244100
357.264150
358.125350
358.244950
358.678500
358.688550
359.234100
359.630300
359.992150
360.287950
360.519250
360.768100
361.226700
362.214950
362.659450
362.719950
362.929600
363.510150
363.952650
363.966150
364.170850
364.201750
364.295000
364.430700
364.640700
365.023450
366.234300
366.517350
367.388300
368.191500
368.740050
368.849600
368.853600
369.609300
369.642450
369.894050
370.100450
371.047100
371.376850
371.947350
372.333700
373.062000
373.066200
373.262650
373.947550
374.874350
375.318750
377.327500
377.578600
378.282550
378.478050
378.964450
379.085400
379.095950
379.462050
380.742100
380.843000
380.856850
382.507100
382.514750
382.787000
383.677700
383.883950
383.992650
384.265400
384.710000
385.490050
385.537050
385.982350
386.160150
387.023100
387.680100
388.154400
388.435250
388.491900
388.670350
389.794950
390.500050
390.569850
390.846650
391.207750
391.216450
391.375900
391.928750
392.129750
392.649200
392.657700
393.145550
393.176300
393.205750
393.621200
394.129300
394.325500
394.494150
395.141450
395.400650
395.595900
396.074400
398.015250
398.482850
398.680250
398.694700
399.075450
399.959450
400.448500
400.528600
400.704850
400.765050
400.860300
401.736200
402.041250
402.302550
402.520250
402.549900
402.580250
403.934150
404.492700
405.006750
405.898250
405.976650
406.903400
406.934900
407.071200
407.518700
407.885850
408.128700
409.037800
409.108200
409.327800
409.331750
409.947700
411.547550
412.110200
413.318750
413.738650
413.970250
414.199350
414.774950
417.248350
417.252300
417.634850
418.041650
419.068600
419.371800
419.870700
420.003850
420.904650
421.018750
421.595300
422.772750
422.780200
423.358050
423.577350
423.601600
423.768650
423.948900
423.978450
424.366750
424.396100
424.683400
425.663400
426.456500
426.638550
427.105800
427.602950
428.729650
429.302050
429.537150
430.911300
431.044100
432.242650
432.459500
432.534900
433.528500
433.848050
435.054750
436.162800
436.462050
436.470650
438.270650
438.791850
439.367900
441.017500
441.641250
441.926500
442.027600
442.393500
442.693450
443.143000
443.284400
443.447250
443.786750
444.421100
445.014800
445.116000
445.987900
446.266550
447.872800
448.623700
448.718700
449.261650
449.615650
450.406900
450.410750
450.606050
451.146150
452.472850
453.345400
453.600950
454.963900
455.215250
455.344500
455.613650
456.227400
457.914600
459.301700
459.347800
459.596700
459.605750
459.648500
460.530500
461.561200
461.845800
462.217500
462.370450
462.493200
463.091000
463.110350
463.633000
464.080200
464.873650
464.879350
464.979300
465.066300
466.079200
466.292200
466.951550
467.427500
468.048250
469.297900
470.347200
470.615600
471.042850
471.063850
472.362550
472.541100
472.679450
472.682950
472.754900
472.871150
473.678100
474.071250
474.476550
474.559500
474.924750
474.928900
475.032600
475.390900
475.743850
475.751500
475.963750
476.766300
476.770000
478.152250
478.156600
478.915200
478.943150
479.204850
479.486600
479.993900
481.135950
481.143850
481.443500
481.622800
481.848450
481.914450
482.259250
482.475200
482.503500
483.101500
483.884450
484.105900
485.223150
485.227050
485.765000
486.677150
487.110300
487.335300
487.822000
488.114200
488.277100
488.286000
488.602000
489.581250
489.704600
490.531900
491.002250
491.023800
491.544450
493.364100
493.648550
493.941600
493.976600
493.990100
495.083650
495.742000
495.978850
496.077500
496.397500
496.446350
496.639500
497.626200
498.025300
498.439200
498.587500
498.845000
498.865050
499.092800
499.221750
499.734600
500.867200
502.044500
502.431050
502.696000
502.891050
503.340400
503.478500
503.936400
505.277350
506.665200
506.684250
506.763950
507.307650
507.743500
507.948850
508.183600
508.927750
509.095200
509.487850
509.664450
509.792250
510.438850
511.450600
511.622300
512.970500
513.040900
513.946800
513.980950
513.985950
515.501650
515.904900
516.019550
516.246350
516.705700
516.710150
517.304550
518.569100
520.341950
520.649000
521.144600
522.312800
523.082250
523.172700
523.188500
524.250100
524.416750
524.836100
524.841750
525.429600
526.550050
527.022150
527.261400
527.501850
527.797700
528.729500
529.069900
529.674300
529.909350
530.911000
532.450250
532.959850
533.052200
533.734150
534.237400
534.609250
534.727500
536.087550
536.134800
536.447750
536.726850
537.276200
537.386550
538.007550
538.711900
538.715750
539.289900
539.878250
539.994850
540.139950
540.143950
541.362900
542.748950
543.168200
543.929700
545.229350
546.384100
546.539050
547.261300
547.277300
547.333900
547.769450
548.018100
548.023700
548.084000
548.115700
548.411800
548.941200
549.141050
549.372050
549.843600
550.043600
550.096100
550.216950
551.429550
551.694000
552.110350
552.455450
552.612850
552.825200
552.832150
552.896950
553.957100
554.123600
554.524100
554.543900
555.108950
555.131950
557.156500
557.948150
557.994650
558.563100
559.022650
561.346300
561.832450
561.974600
562.086750
562.321400
562.449550
562.595750
562.897700
563.765700
564.217700
564.349850
565.100850
565.580750
566.122500
566.400250
567.487100
569.557400
571.126950
571.201000
571.208850
571.212350
572.062950
572.840400
572.863100
572.916850
573.749400
574.222700
574.897650
575.278000
575.418400
575.432900
576.740650
576.849300
576.986950
577.036850
577.349400
577.650000
577.889450
578.685100
580.556100
580.814750
580.823400
581.290400
582.870200
583.596500
587.473250
612.611350
612.874900
613.415150
613.699850
614.122900
615.510950
616.280700
616.659850
616.912450
618.157500
618.186600
618.258800
618.807400
619.482700
619.487400
621.790800
622.725350
623.607400
623.633350
623.641900
623.659400
624.026700
624.387400
624.402400
624.655900
624.975650
625.095700
625.199900
625.442200
626.143650
626.704450
627.041900
627.292400
627.372500
627.377700
627.389650
627.450250
627.465550
627.944600
627.952300
627.957050
628.485350
628.657900
629.012850
629.137350
629.292100
629.368500
629.632900
629.643800
629.652250
629.822750
629.854000
629.945450
630.745200
630.999000
631.979900
632.810650
632.885300
632.989650
632.998000
633.487050
633.489300
637.627000
638.451300
638.631400
638.681000
638.883250
639.783050
641.227850
641.363150
641.388850
641.442500
642.143500
642.962950
643.403350
643.530100
643.643650
643.648300
643.890500
644.140200
644.937300
646.674950
648.144050
648.997500
649.789600
649.910100
649.956800
650.483400
650.705400
650.743750
651.552300
651.571100
651.644050
651.745000
651.838100
652.076900
653.330850
653.539450
653.689600
653.958600
654.009800
654.246050
654.692500
654.864250
654.992650
654.997250
655.750450
656.031900
656.095450
656.796750
657.116550
657.330750
657.602600
657.764700
658.765500
659.147900
659.352500
659.581150
659.952050
660.025150
660.152350
662.837150
663.709050
664.516400
665.255200
666.766800
667.642700
668.368350
668.461650
668.526350
668.700500
668.742300
668.747100
668.947950
669.158950
669.373550
669.421500
669.461100
669.527450
669.699450
669.742550
669.842500
670.454400
670.458850
670.860400
671.445200
672.073650
672.426150
672.517700
672.799000
673.273050
673.640700
675.784850
675.797700
678.289500
678.329600
678.503750
679.534350
679.761050
679.955650
679.968350
680.308250
680.735700
680.740150
681.047900
681.140550
681.174600
681.200800
681.456000
681.460450
681.566100
681.799800
681.820750
681.987800
682.300550
682.487700
682.579650
682.707950
682.711800
682.880100
682.931850
683.592300
683.871750
683.947650
684.532200
684.595550
684.907500
684.920200
685.086250
685.147050
685.919900
686.178550
686.197100
686.452950
686.479900
686.756200
687.331100
687.673900
687.833400
688.353950
689.445900
690.003550
690.292800
694.046600
695.292900
695.297300
697.994450
698.371550
698.873350
699.143150
699.390900
699.513400
700.342900
700.613800
700.807100
701.232300
702.193100
702.418900
702.515500
703.126800
703.348700
704.595950
704.599600
704.625250
705.069950
707.642850
707.673100
708.516350
711.293050
712.583800
712.591950
713.053850
713.135950
713.285750
713.615600
713.752800
713.834100
714.017100
714.036300
714.540200
714.545200
714.726100
715.100800
715.103250
715.926100
716.205200
716.447750
716.455750
716.601050
716.881850
717.045150
717.073300
717.668250
718.857000
719.029300
719.754550
719.900500
719.970150
720.189000
720.399950
720.704300
723.175100
723.187250
724.117000
724.293950
724.694350
725.970250
726.342300
728.223250
728.227350
728.457450
732.723300
733.687400
734.546150
735.439300
736.293850
738.324250
738.638200
739.198600
742.616650
743.800400
745.890300
747.840300
748.060600
748.069900
748.635500
749.316650
749.692500
749.806800
750.046250
750.193050
750.377750
750.666250
750.684700
750.842300
751.347200
751.473750
751.678900
751.715750
752.351100
752.499350
752.503600
752.655500
752.692750
753.032950
753.248050
753.447450
753.978700
753.999450
754.213750
754.638050
754.641500
754.645300
754.821300
754.826850
755.053000
755.440750
755.715300
755.740150
756.070450
756.934450
757.185300
758.173600
758.250500
758.385650
758.469150
758.477900
758.910650
759.101400
760.288300
760.972550
761.276950
761.548350
761.576150
762.279000
762.364250
762.532250
763.006100
763.069650
763.947000
763.967400
764.137700
765.041400
765.138400
765.507350
766.312450
767.069450
767.620900
767.690000
768.356750
768.748550
769.066350
769.153350
769.375300
770.730350
771.652400
772.215300
772.947650
773.682500
773.879100
773.977000
774.401200
775.766700
776.275950
776.746850
777.903300
777.935500
778.451500
780.938950
780.942600
781.823400
781.995650
783.464250
783.472150
785.322450
785.326900
785.330700
787.282050
787.593100
788.481750
788.745550
789.150400
791.210550
791.551500
793.678550
794.304800
794.873050
795.301400
795.673850
796.187950
797.742350
797.827600
798.077600
798.839500
801.299200
801.306600
802.136500
802.259800
802.452450
802.643400
804.587750
805.484150
805.823100
806.369250
807.014900
807.065550
807.272300
807.392000
809.816500
809.914600
811.905850
811.912000
812.452550
813.011850
815.176350
815.511950
815.524500
815.528450
816.077200
816.090450
816.276650
816.688500
817.101750
817.429800
817.980300
818.270750
818.377950
818.591800
818.794700
819.074600
819.950450
820.080600
820.881050
821.058800
821.534400
821.538550
821.742850
821.825950
822.375750
822.600500
823.242550
823.266350
824.124550
824.196650
824.210300
825.976400
826.361750
826.982250
827.183850
827.667950
829.518400
829.731800
829.755400
831.228100
832.948400
833.024700
833.630800
833.639400
833.647350
834.503700
836.069350
836.744200
837.019800
837.328400
837.740550
839.545600
839.759650
840.655900
841.151100
841.665900
842.025850
842.038650
842.186550
844.606100
845.573100
846.270100
846.424400
846.788100
846.973450
848.260800
848.894100
849.490350
849.867650
850.608150
851.426750
854.353700
855.071500
855.641950
856.759400
857.065100
858.908000
861.016400
862.257100
862.646900
863.032850
863.161400
864.337850
865.876750
867.450450
867.938750
868.778500
870.760050
871.768950
871.778100
873.788450
873.880600
874.206500
874.818700
874.835050
874.938650
874.941650
874.961050
874.967500
876.065650
877.569900
877.847900
878.317200
879.451200
879.912450
880.107600
880.529550
880.862850
880.933850
881.517250
882.248450
884.796350
885.568000
885.969550
886.721800
888.573000
888.816750
889.611400
889.815300
891.335150
892.296200
892.768900
893.778200
893.981000
894.512800
894.834600
896.035400
896.989850
897.475600
898.001200
898.029000
898.349050
898.353850
898.393350
898.889150
899.352650
900.746900
901.490750
901.590600
901.965600
902.095700
902.897950
902.904900
905.349700
905.446550
905.903700
906.538900
907.238950
907.247200
907.524600
907.708900
907.774450
908.032950
909.524350
909.599100
910.190550
910.194250
913.858350
915.106400
916.514250
918.074100
920.652000
921.422550
922.025700
922.524350
922.580650
925.603900
926.545450
926.777750
928.526350
928.590050
931.095050
931.378350
932.812650
932.817700
934.942400
935.593450
936.771700
937.398000
937.405400
938.080050
938.205300
938.458850
939.334750
939.429300
940.527650
940.545050
942.595900
943.072050
943.801900
943.954550
943.987350
944.444650
944.883500
945.045250
945.159200
948.060350
950.221250
950.656900
950.981550
951.004950
951.045550
951.412850
951.492450
951.555800
951.975800
952.167650
953.524100
953.539100
954.654450
956.018500
956.185950
959.970050
963.448350
964.808350
964.812400
965.592200
966.206500
967.719800
967.866750
968.573200
968.828800
968.848850
968.853600
970.424750
970.533150
970.877400
971.609550
972.022450
975.958200
976.268350
976.600700
977.748550
977.963600
978.814700
978.933350
979.711100
980.559850
980.589300
980.630450
981.323250
983.041150
983.220750
989.930250
990.920300
991.451300
991.718150
992.233200
992.468950
993.168100
993.437400
994.092450
994.097100
994.121750
994.133250
994.404600
995.314300
995.318650
995.562950
996.469100
996.633250
999.259100
1002.101350
1002.344450
1003.004100
1003.522100
1003.673050
1003.997700
1004.601500
1004.988300
1005.166500
1006.260200
1006.277050
1006.900400
1007.631150
1007.991500
1008.372400
1010.594600
1012.698800
1012.874250
1013.200600
1015.592450
1015.729450
1015.875100
1016.020300
1016.314400
1016.509150
1017.069850
1017.074450
1018.474900
1018.756850
1019.678200
1019.974450
1020.277750
1020.665150
1020.786600
1021.204400
1021.818400
1022.505500
1022.853200
1031.187700
1031.470650
