1.946750
3.189650
3.231850
5.187500
5.780400
6.081900
8.097400
8.727500
10.227700
11.333400
13.196100
13.209050
14.966300
17.605200
20.650850
20.665350
24.083850
24.557350
27.218750
41.191250
42.975050
45.211900
45.214350
45.226450
47.070950
47.100550
48.719750
49.731850
50.394250
52.122900
52.590900
53.551650
58.051800
58.936100
58.957650
60.032550
61.095050
66.054300
66.058250
67.836700
68.638150
68.993100
83.135400
84.856100
87.691350
89.639050
89.897450
90.730200
92.798200
94.334300
95.603950
95.623200
96.721450
98.384350
98.415550
99.139950
101.298700
104.655100
105.978800
106.175650
106.575900
106.940750
109.074700
109.744900
110.438950
112.650050
113.273200
114.834500
116.083200
116.518750
116.571200
118.108300
118.184600
119.531900
119.755650
122.746150
126.115900
127.680450
128.259750
128.584750
128.589500
128.775700
129.250200
129.255250
129.279650
129.284900
130.783650
131.662900
132.737250
133.205650
134.122800
134.375950
135.025200
135.146700
135.799200
135.818650
136.340200
139.508650
139.513500
141.157100
142.466300
142.471150
143.234450
144.619000
145.524800
145.785600
147.048550
148.124950
148.317900
149.154050
150.365300
151.670700
152.419300
153.275400
154.483800
154.870950
155.003900
155.678000
156.604800
158.622700
158.636050
159.536750
159.695800
159.707450
160.687100
160.711600
161.655450
162.074050
162.588450
162.959100
164.352200
165.174650
165.625100
165.828600
166.218250
166.226300
166.240600
166.270200
167.384200
167.433050
168.163550
168.191300
169.755850
169.759100
170.105450
170.606750
172.892350
173.152900
173.714100
174.481550
175.088800
176.471500
177.040000
177.044450
177.143350
178.589600
179.048000
179.571800
180.162300
180.612350
181.122400
182.281550
182.300450
182.323500
182.800100
183.153800
184.400100
185.601450
187.292000
187.356150
187.911350
189.044050
189.955800
190.308050
191.653800
192.298300
193.153000
193.778150
194.158150
195.049650
195.521200
195.528900
196.684950
197.178300
197.180400
197.190650
197.960250
198.547050
198.579050
198.767600
199.537800
202.018750
202.546200
203.458650
205.461050
205.584550
205.908600
207.305800
208.128550
208.297850
208.695750
209.659850
210.135000
210.275000
210.947500
211.385200
211.736350
211.955850
212.270000
212.735500
214.021850
214.027100
214.070650
215.064500
215.092650
215.143800
215.147000
215.943650
217.481050
217.977000
219.026750
219.076900
219.333500
219.991550
220.369200
220.738300
222.847300
223.688850
223.693200
224.035450
225.434150
225.583300
225.768600
225.938700
225.989650
226.272000
228.069850
228.411850
230.401500
230.518000
231.623150
232.025900
232.423550
232.742900
233.369250
234.621300
234.918950
235.005600
236.225150
237.190350
237.445550
238.029950
238.037800
238.043800
238.045850
238.054600
238.758800
239.326500
239.346650
240.542000
240.952700
241.422600
242.754950
242.875350
243.027750
243.876800
243.883400
244.617450
244.724150
245.461100
246.163650
246.181750
247.346200
247.369200
247.883500
249.259200
249.263750
249.441300
250.813150
251.325800
251.447600
252.160850
252.832100
253.198550
253.360200
253.981700
253.989600
254.334500
254.824450
255.343200
255.805600
256.163000
256.359100
256.386050
256.406100
257.862650
258.547700
258.952850
258.971200
259.266100
259.911600
260.835150
262.224350
262.863000
263.285950
265.411350
265.564250
265.952600
266.530400
267.062200
267.628450
268.197800
269.249800
271.099650
271.443350
271.939250
272.355250
274.294100
274.692600
275.157050
275.627700
275.666500
275.751100
276.426350
277.085050
277.389850
277.531050
278.008550
278.769600
279.320000
279.732450
280.091000
280.578400
281.439950
282.212000
282.679850
282.716600
282.741550
283.192600
284.066650
284.084450
284.822850
285.092850
285.691050
286.315100
286.731750
287.455300
289.656100
290.597100
291.640650
291.779950
293.154500
293.558800
293.843050
293.863700
294.968350
295.431850
295.669850
295.821450
296.397250
298.036750
298.441500
299.914100
299.937850
302.541950
303.241200
303.660000
303.772150
304.252750
305.156650
305.755400
306.580350
307.528500
308.819150
309.899350
310.357600
310.898650
311.188450
311.570300
312.911150
313.917100
313.937600
314.123750
314.309050
315.307050
315.672800
315.928750
316.718200
317.217550
317.806500
318.936400
319.391500
319.523650
319.576300
320.677700
320.913800
320.936350
321.395150
321.409300
322.705000
323.188000
324.329400
325.257850
326.317400
326.375150
326.389000
327.151050
327.252100
327.964250
328.331000
328.358900
328.402250
329.397200
329.411950
329.675900
329.878150
329.915700
330.864050
331.523000
332.737100
333.540250
335.080100
336.029300
336.079750
336.605300
336.959000
337.109700
337.998800
338.164500
339.115100
339.158650
340.062050
340.219400
340.439700
340.833450
341.355300
341.369150
341.695400
342.882400
343.714850
343.738400
345.983300
346.828250
348.908450
349.445600
349.593750
349.650200
349.698750
350.839550
351.252150
351.256750
351.303150
351.612850
351.968500
352.214150
352.220200
352.940600
353.402700
354.272100
354.478700
354.613250
355.606650
357.822750
357.943550
360.166250
360.764500
360.903700
362.994350
363.741550
363.752650
364.713200
364.817500
365.477600
366.619850
366.726100
367.005050
367.834200
368.222400
369.766800
370.525500
370.530400
371.393200
371.907850
372.891100
373.053650
373.329900
373.333900
373.387400
373.616900
375.328100
376.937450
377.950450
378.097100
379.080750
379.089900
380.256350
380.261950
380.267900
381.105450
382.781400
382.784400
382.869350
383.607800
383.708000
386.356200
387.469950
387.580050
387.731250
388.156550
388.160600
388.176300
389.093200
390.933050
391.157900
391.379300
392.392650
392.444600
392.773600
393.611200
393.864550
395.367650
395.393450
395.915700
396.378050
397.022150
398.207250
399.149750
399.249850
399.251950
399.365300
399.769600
400.392950
400.405550
401.276700
401.524050
402.364150
402.524700
402.759550
403.378000
403.938300
404.636500
404.739900
406.295000
406.717350
407.111900
409.035550
410.238500
411.225850
411.228050
411.261400
411.968400
411.973350
412.728800
413.328650
413.735400
414.055450
414.067600
414.755750
415.259750
416.439900
416.491850
416.615550
417.716650
419.122650
420.788800
421.756150
423.607600
423.784800
424.282700
424.878400
426.309600
426.333900
426.468450
426.968400
428.130000
428.712550
428.724700
429.091300
430.264800
430.724700
430.915100
431.099850
432.543800
432.727500
432.891000
433.013550
433.165950
435.134100
435.222900
436.267750
437.038300
438.334250
439.321850
440.113850
441.249050
441.577700
442.042000
442.441350
443.153500
443.276050
443.282150
443.318350
444.409250
444.961850
445.046350
446.010150
446.894100
447.454200
448.404450
449.046150
451.314850
451.352850
452.443950
453.681100
453.717150
453.796850
453.934100
454.941800
454.954750
456.256900
456.513300
457.400300
457.587400
460.782050
460.787150
460.903600
461.144750
461.558500
461.566800
462.230950
462.502200
462.961500
462.968900
463.084000
463.775250
463.780100
464.061500
464.984000
465.555000
465.573700
465.579900
466.220900
467.624450
467.629950
467.754850
468.478250
469.302150
470.077000
470.267350
470.504500
470.769750
471.616700
471.679950
472.664950
472.947300
473.249400
475.151750
475.826450
476.219450
476.234800
477.029850
477.033900
477.434750
477.848750
478.437000
478.524300
478.543250
480.113100
480.117350
480.771200
481.580450
481.768200
481.854400
481.876300
481.965250
483.902800
484.080700
484.217100
484.706650
485.251400
487.415400
487.798850
488.400550
489.109650
490.364900
490.933100
491.187050
491.438800
492.201550
492.772800
494.924400
495.407950
495.824500
495.939150
496.700000
497.812450
499.084050
499.554250
501.770400
502.483100
504.357150
505.079300
505.482150
506.221700
506.850400
507.556250
509.283900
510.149100
510.353050
510.550750
511.323150
512.193450
513.281100
514.286750
515.530300
516.558400
517.361050
517.598200
518.628650
519.557450
519.908600
520.453050
522.222400
522.560850
522.741850
523.410000
524.254950
524.555450
524.649850
525.362750
525.868500
529.091200
529.671350
531.684300
533.148350
533.846050
534.257650
535.289100
535.299550
535.325750
535.334500
536.163100
538.626400
539.010500
539.123200
539.260050
539.297450
539.848250
541.388700
541.399850
541.663950
542.018150
543.163300
543.325150
543.329100
544.182400
545.856650
546.905150
547.732250
547.756950
548.869600
548.991500
549.008400
549.092050
550.047650
551.816400
552.716950
553.341250
554.957350
555.549550
556.279700
557.030150
557.296200
557.555750
558.011550
558.148750
558.168600
559.017400
560.867850
561.090050
563.306800
564.545450
566.226300
566.493400
568.872350
569.037550
571.317750
571.500200
571.806500
571.952150
572.386550
573.006650
573.388450
574.055200
574.946750
575.077400
577.590150
577.606750
577.816100
580.093100
580.291150
581.465400
581.579100
582.308750
586.011200
587.750650
591.228750
607.749800
609.456600
612.804750
613.468000
613.848300
614.578350
614.831700
615.471750
615.491000
616.105200
616.117750
618.165600
618.662250
620.559150
623.850200
624.174000
624.355250
625.144100
625.339900
625.572300
625.640700
625.783000
626.352050
627.962500
629.059000
629.364800
630.422650
631.373600
631.497950
633.551500
636.068350
637.289300
637.496950
638.670300
638.672750
640.892800
641.209300
641.214150
642.972000
645.531250
648.429600
648.905100
651.099200
651.474500
651.885800
652.730400
653.948650
655.169250
655.892250
656.396800
656.704550
657.209150
659.194300
659.692550
662.546750
662.551200
663.103400
663.614800
663.617600
663.701900
664.596600
665.243700
665.284700
665.829850
665.876250
666.036300
666.529050
667.355300
667.807750
669.350800
671.227650
672.248100
672.654150
673.261250
673.265450
673.269450
673.278150
673.281300
674.855700
674.901500
675.423350
676.299900
676.939200
677.696200
679.502650
679.718100
679.875350
680.302050
681.795750
682.554750
683.059250
683.100900
683.421050
683.867600
684.113750
684.233700
684.239250
685.119350
685.994350
686.000950
686.148350
686.160200
686.162600
686.206300
686.614300
687.148550
687.588150
687.683750
688.839700
688.848250
690.337950
693.367300
694.820050
695.403700
696.660350
696.666000
696.870200
698.034100
698.175700
698.632000
698.898250
700.147400
700.260750
701.875750
701.878750
701.924200
702.001850
702.241850
702.349300
704.782050
705.162350
705.822750
709.953900
712.151850
712.199550
712.216800
712.754450
713.517900
713.533350
714.235450
715.936950
716.292550
717.102550
719.866350
722.679450
725.101600
727.911900
728.720200
730.688500
732.821300
734.290000
735.490000
735.580200
736.826750
737.096200
737.933100
737.958550
738.299200
738.398850
741.401050
743.012000
744.509550
745.767550
747.031600
747.064100
747.233150
748.938250
751.133250
751.138550
751.337550
751.352000
752.764650
752.791800
752.805300
753.943400
754.408350
757.911050
757.927750
760.423150
763.373800
763.713600
764.953500
766.578300
766.631050
766.637250
767.111150
768.112550
768.818000
769.131750
769.524950
769.711900
771.102050
772.170000
772.878550
773.321400
774.168300
775.162950
775.793150
776.389400
776.394350
778.435600
779.990350
780.370700
780.725200
780.890950
781.990750
782.691750
783.458950
783.482700
784.294800
785.343750
785.725550
788.410650
789.295650
789.299750
790.792000
790.883100
791.400450
791.423750
791.907650
793.348650
793.634000
794.793300
795.084650
795.157850
795.961550
795.974950
801.481100
802.083050
803.828000
805.488850
805.800950
807.070350
807.403750
808.127200
808.959850
809.545900
809.578450
809.804050
809.894100
811.116600
811.908950
812.546850
814.469550
815.719300
815.725150
816.428050
816.663350
816.777000
817.069100
817.081800
817.924900
818.478850
818.600700
819.783900
820.324950
820.329400
820.640350
822.851000
824.169950
824.182150
825.358600
825.733500
826.243150
826.563750
827.258450
828.017750
828.375600
828.995200
830.700750
831.602800
832.590150
832.813750
834.146550
835.004850
835.842900
835.883600
836.913000
838.328750
839.004350
839.920000
840.315900
840.320700
840.325750
840.341200
841.062100
841.193350
841.327700
841.332300
841.548200
842.547800
842.993100
843.201300
843.725500
844.110900
844.721100
845.115450
846.447700
848.068850
848.073500
850.645150
851.615700
854.339050
854.455450
854.478250
855.495450
856.529300
857.742750
859.184800
859.389200
860.478250
863.233200
864.067200
866.474400
869.066150
869.874950
870.538200
871.197050
871.210450
871.285450
871.615650
872.385950
872.389600
873.401000
873.425050
873.429050
876.288600
876.293650
877.514550
879.524450
879.530350
879.785950
880.838900
880.883000
881.070100
881.261550
881.862250
881.913900
881.925650
882.803850
883.393900
883.430350
885.164350
886.716200
887.315650
888.295500
888.967200
888.972350
890.047600
891.718600
892.530000
893.402500
895.929550
896.636150
896.899550
897.831850
898.136750
898.151150
899.249650
899.254700
899.273100
899.388450
901.244900
901.549400
901.831550
904.869100
905.453400
906.317500
906.730900
907.552750
908.179100
908.917400
909.596400
910.171500
913.320550
915.460700
917.633450
919.416850
920.632100
920.686050
921.248350
921.253500
921.277850
922.376150
922.569700
922.852350
924.302750
926.111250
926.249200
926.467450
926.889300
927.079400
928.772750
929.529850
929.534550
929.549300
929.971950
930.084600
930.978400
931.366250
933.169200
935.051000
935.310600
935.563050
936.729950
939.274550
939.326800
940.532000
941.589450
944.738050
945.111700
945.139950
945.772850
947.044050
949.199500
949.463000
950.989950
951.021500
951.263250
951.536900
952.989550
953.846050
953.877300
956.578800
957.297050
957.670400
958.087450
960.417750
961.603150
961.868100
962.197650
964.976100
965.413800
966.430400
966.646900
968.024750
968.756750
968.837300
968.844900
969.807350
973.342400
974.974550
975.160300
975.654400
976.383100
977.189750
978.705600
979.982800
980.064700
980.254400
980.362650
980.646200
981.138400
982.057950
983.244300
983.488650
985.400600
985.457250
986.852250
988.570050
989.734700
990.218450
991.897850
993.349900
993.362050
993.388400
993.862600
994.111200
994.127950
995.326450
995.709850
996.180900
996.627200
997.102650
998.030950
999.275600
999.308350
999.864200
1000.249350
1000.771400
1001.593600
1001.959650
1002.333800
1002.946100
1004.789700
1004.829750
1005.514350
1005.571700
1005.909000
1005.923250
1008.277950
1008.281300
1008.647850
1009.300900
1010.494700
1013.290500
1014.460450
1014.638200
1015.138400
1015.229600
1015.385700
1016.713100
1016.864600
1017.762200
1017.938100
1018.496850
1020.417200
1020.422450
1020.947900
1022.399100
1022.847650
1023.085300
1025.907150
1027.515450
1028.827400
1029.137900
1030.432200
