5.144200
5.180500
5.249750
8.627200
10.185450
10.201900
10.215550
10.244650
10.398800
10.599150
10.604000
10.827150
11.195250
11.282900
11.486250
11.579500
11.598300
11.660700
11.868200
12.058850
12.111050
12.459850
12.560450
12.694450
12.833800
13.134900
13.637150
13.831150
14.348050
14.506800
14.933450
15.137850
15.861950
15.924650
16.006700
16.146250
16.266000
16.343450
16.496050
16.608450
16.693400
16.796400
16.820050
16.993100
17.126950
17.265300
17.656200
17.691850
18.096450
18.277850
18.382100
18.478100
18.777900
18.918100
19.229200
19.398050
19.541200
19.922650
20.077300
20.111650
20.311700
20.383950
20.562300
20.814850
20.928750
21.202750
21.277500
21.528750
21.606800
21.775150
21.939750
22.125500
22.280300
22.420750
22.603950
23.094900
23.227750
23.848850
24.087500
24.388800
25.323750
25.716150
25.915000
26.051000
26.239100
26.354750
26.403600
26.791750
26.856150
27.121450
27.699750
27.813850
27.835050
27.863500
28.708050
28.736650
29.278200
29.449700
29.708550
29.774850
30.021050
30.087100
30.219300
30.477150
30.750950
30.886750
30.896150
31.032850
31.414550
31.548700
32.044450
32.386550
32.625650
32.878700
32.966800
33.630300
33.778300
34.135750
34.300750
34.554900
34.968350
35.021900
35.175200
35.420700
35.595550
35.607200
35.806700
36.315250
36.478400
36.555350
36.830450
36.924700
37.021200
37.220250
37.639300
38.087850
38.186650
38.443450
38.568150
38.675050
39.329950
39.420150
39.594350
39.643950
39.777600
39.922750
40.067450
40.569300
40.845950
40.946800
41.010150
41.096050
41.283100
41.728750
41.763550
41.951550
42.335250
42.373400
42.715550
43.071000
43.250700
43.366000
43.455950
44.262050
44.682700
45.173850
45.350000
45.603350
45.915400
46.258300
46.299000
46.896000
47.300750
47.395500
47.638450
47.887550
47.987600
48.331050
48.442500
48.667650
49.251200
50.172000
50.469100
50.509100
50.733000
50.942100
51.008550
51.295800
51.322300
51.546000
52.585800
52.681650
52.786250
52.960400
52.998700
53.323100
53.549400
53.714850
53.757050
53.797750
54.168750
54.339800
55.559900
55.671650
55.943550
56.146400
56.385250
56.433400
56.819050
57.037850
57.654050
57.870600
58.477300
58.510500
58.652700
59.023350
59.280350
59.286350
59.656200
59.835900
60.063200
60.092350
60.214000
60.340500
60.377450
60.569150
60.723550
60.850850
61.215900
61.611950
61.691000
62.032900
62.349350
62.814250
62.869400
63.093700
63.108800
64.041750
64.270300
64.517850
64.961650
65.465050
66.575900
66.651700
66.687000
67.703900
67.725900
67.865250
68.330350
68.445250
69.251000
70.185450
73.941700
87.392250
87.709150
87.788000
88.000300
88.062850
88.314250
88.405500
88.826800
89.434500
89.967950
90.215050
90.946950
91.294450
91.692250
92.001700
92.072450
92.438900
92.732750
92.926250
93.372900
93.494350
93.999950
94.473000
94.754400
94.784900
95.120300
95.280250
95.666150
95.934100
96.752650
97.054700
97.512050
97.650200
98.080150
98.740550
99.102400
99.600850
100.087950
100.914700
101.451550
101.522950
102.384050
102.564750
102.737350
102.892800
102.916450
103.010750
103.676000
103.736650
104.013950
104.144800
104.733350
105.367200
105.763150
106.057650
106.693300
108.124600
108.406200
108.555650
108.709700
109.622850
109.747550
110.117000
110.302050
110.855300
111.702350
111.977850
112.170650
112.392950
112.784550
112.859800
112.914450
113.098450
113.274500
113.338200
113.684300
113.889200
114.032750
114.561550
115.544950
115.657250
115.770100
116.088300
116.245800
116.451800
116.657750
116.844750
117.273750
117.497900
117.870100
118.120200
118.778400
118.831400
119.069150
120.877100
121.020650
121.621800
121.772850
122.011100
122.308750
122.772550
122.945000
123.450400
123.935000
124.459300
124.473250
124.548150
124.736050
124.924450
126.111050
126.616200
126.724350
127.218100
127.930250
127.961500
128.044400
128.195500
129.659800
130.021600
130.431500
130.567450
130.924750
131.003800
131.119500
131.194150
132.253350
132.461750
132.527700
132.773400
132.919800
133.511900
134.202200
134.546950
134.722100
134.997200
135.276650
136.143950
136.548900
136.867150
137.150250
137.473550
137.803250
137.925450
138.324100
138.780400
139.192500
139.514850
139.610400
140.038400
140.064200
140.789850
140.931550
141.207300
141.621250
141.873300
141.915550
142.293150
142.438300
142.723050
143.038700
143.389150
143.720450
144.254800
144.587900
144.793850
145.211600
145.424750
145.796200
145.801000
145.983050
146.291400
146.390100
146.637300
147.689150
148.261400
148.332550
148.413050
148.566850
148.994050
149.131850
149.201550
149.616100
150.135350
150.514350
150.898950
151.121050
151.190950
151.792000
152.078050
152.133100
152.262250
152.457200
153.053450
153.106050
153.271400
153.523250
153.619150
153.691000
154.450650
154.703550
155.124850
155.146900
155.500500
155.598250
155.873700
156.132150
156.506450
157.316050
157.795250
158.051900
158.138150
158.711900
158.787350
159.071250
160.684500
161.387050
161.939350
162.484850
163.053450
163.429600
163.674300
164.207650
164.509800
164.722900
164.993800
164.998650
165.031400
166.197750
166.258650
166.455300
166.670850
167.003050
167.638450
168.471650
168.603900
168.899900
169.315000
169.507350
169.865800
169.919600
170.047900
170.560250
171.402250
171.492150
171.757300
172.172450
172.244400
172.461950
172.918450
173.001800
173.770450
173.807550
174.137750
174.275250
174.855650
174.917650
175.139250
176.095450
176.575500
177.161850
177.315850
178.215300
178.250700
178.523450
178.847500
178.913700
179.826550
180.369850
180.427650
180.825650
180.831600
180.844850
181.591900
182.105750
182.375800
183.053000
183.575300
183.953900
184.269800
184.286800
184.434350
185.760150
186.780350
186.904800
187.919350
189.227400
189.275550
189.618000
189.687900
190.303650
190.925200
192.618450
192.968550
193.882100
194.030100
194.803500
195.745850
197.645650
197.692700
197.995950
198.002350
198.210950
198.512800
198.888550
198.945100
199.630650
199.916250
200.458450
200.747750
200.876200
201.462200
202.142050
202.393550
202.579100
202.704000
203.507050
204.886100
204.986150
205.117600
205.612900
205.793550
206.173750
206.279700
206.799350
206.855650
207.157300
207.397900
207.595900
208.157500
208.480150
208.778700
209.511400
209.803350
210.098250
210.856350
210.904000
212.522950
212.723100
212.949750
213.310000
214.017200
214.244000
214.815350
214.963950
215.386700
215.696650
215.881500
216.375450
216.387900
216.882750
217.010000
217.251250
217.749900
218.105350
218.758000
219.657950
220.023400
220.983500
221.039800
221.403100
221.901300
222.424500
224.041950
224.107050
224.317600
224.398550
225.114150
225.165400
226.030850
226.246300
226.399900
226.552900
226.947450
227.299450
227.552400
227.710100
228.033600
228.720350
228.980450
229.079450
229.594350
230.049500
230.247250
230.310450
230.543550
230.572150
230.826350
231.794000
232.046350
232.065300
232.228900
232.734350
234.251250
234.488550
234.640100
235.186850
235.598100
235.968850
236.472150
236.565800
236.780650
236.897700
237.343800
237.460150
239.000300
239.224950
239.319150
239.742200
240.054250
240.676550
241.111050
241.679800
242.191450
242.674800
242.771400
243.110250
243.537900
244.022050
244.175750
244.697000
245.307200
245.756050
246.053900
246.224300
247.592150
247.882350
248.156750
248.923000
249.150500
251.468350
251.491950
252.292450
252.405700
252.746950
254.105650
254.392500
255.867700
256.136500
256.382650
256.524650
256.748800
256.990000
257.313150
257.333500
257.614600
258.586300
258.984000
259.118550
259.688150
260.176850
260.332650
260.386800
261.137050
261.489250
261.655600
261.920350
262.381850
262.964550
263.140350
263.637300
263.844250
264.292250
265.096400
265.516500
266.306400
266.681250
267.143650
267.239700
267.367300
267.684350
267.936900
269.300100
269.526250
269.765300
270.638150
271.969500
272.763150
273.394700
274.223700
274.917550
275.546250
275.867050
277.446950
277.875800
278.532000
278.788550
280.180200
280.286300
280.473400
281.309750
281.460050
281.495800
281.639750
281.998200
282.515650
282.898700
283.260800
283.553450
283.621050
283.902050
284.457200
284.730650
284.899400
285.583550
285.713650
285.764350
285.828650
286.247150
286.505550
286.750650
287.736750
287.957700
288.618100
289.225600
289.403100
289.624300
289.640850
289.698350
289.810200
292.062800
292.348450
293.644150
293.714350
294.511350
294.587700
295.417950
295.710250
296.300900
296.485800
297.282800
298.139650
298.597800
298.868600
298.891350
298.946350
299.073200
299.241600
299.303150
299.805950
299.812800
300.764850
301.014100
301.347900
301.973450
302.567700
303.282950
304.591100
304.681450
304.714300
305.743950
305.831300
306.095050
306.287900
307.403300
307.723850
308.561150
308.607150
308.828700
308.882850
309.719650
310.194400
311.468300
311.973550
312.026800
312.305500
312.814350
312.915600
313.388150
313.499400
313.555250
313.779500
314.697900
315.182050
316.204200
316.328400
316.628300
316.994500
317.196100
317.232750
317.838700
317.935700
318.184300
318.231200
318.812300
319.753400
319.862400
321.112700
321.308850
321.390150
322.216850
323.612700
324.148400
324.590050
325.906900
326.257000
326.605350
327.138400
327.353100
327.730850
327.986550
327.992550
330.497700
331.688550
331.869800
331.908050
332.563200
332.708050
332.892300
333.025750
333.154550
333.861500
334.274000
334.310500
334.551850
335.558700
335.828350
336.640450
337.199050
337.800050
338.116050
338.669250
339.380150
339.914800
340.290300
340.833550
341.045800
342.366200
342.660500
342.965050
343.035400
343.360100
343.755150
343.971350
344.290600
344.809300
344.945950
345.231950
345.696100
345.756250
346.096650
346.651300
346.850450
346.969350
347.493450
347.963250
347.982700
348.915050
349.260650
351.310000
351.973600
352.119850
352.532350
353.034700
353.228750
354.535850
354.913750
354.994700
355.177250
355.260500
355.422150
355.693750
356.759850
357.580350
357.818800
358.052700
358.120750
358.705800
359.006350
359.312350
359.513950
359.916150
359.988550
360.189700
360.214000
361.053550
361.606900
362.213550
362.882650
364.335350
364.716300
364.752100
364.837400
365.238150
365.290100
365.584850
365.816550
366.309900
366.341750
366.372500
366.439250
366.619750
367.496600
368.047550
368.230900
368.319850
369.509650
370.881000
371.343150
372.370950
372.493200
372.714550
372.916550
373.141800
373.337400
373.557650
374.037150
374.738200
374.753250
375.572800
375.922300
376.953950
377.010250
377.252800
377.353800
377.756200
377.968600
379.353100
379.488050
379.518250
380.048650
380.269950
380.807200
381.035550
381.319150
382.345200
383.039550
383.506400
384.055400
384.060050
384.465000
384.586850
385.360900
386.192150
387.090150
387.309600
387.605150
387.838250
388.192850
388.648950
389.140050
389.880650
390.945700
391.161400
391.203650
391.426550
391.734700
392.136950
392.627050
393.331650
393.575200
394.372450
394.440800
394.694100
394.921700
395.502100
395.779350
396.131350
396.764450
397.534900
398.208600
398.443150
398.929800
398.939850
399.105550
399.525950
399.840800
400.655950
401.683900
402.504650
402.781750
402.815150
402.951350
404.981200
405.891900
406.083000
406.111500
406.688200
407.107750
407.444200
407.631850
407.839650
408.401150
408.511000
408.738500
409.442100
409.990300
410.774850
411.151500
411.169750
411.428700
411.677900
412.259350
412.690750
413.124300
413.855000
414.200900
414.239600
414.389050
414.578200
414.810250
415.006900
415.393200
415.450950
416.522450
416.852450
417.105650
417.389650
417.439700
417.501750
417.901400
418.063450
418.466150
418.938500
418.944100
419.153500
419.302450
419.749100
420.074750
420.212850
420.827450
421.105200
421.133800
421.797450
423.167950
423.238050
423.771500
425.050000
425.453650
425.795350
425.829700
426.159400
426.204600
426.693800
426.876200
427.161000
428.292900
428.989000
429.014750
429.373250
430.282500
430.310050
430.788800
431.926450
432.596900
432.690950
433.053050
434.665400
435.249250
435.849750
436.075350
436.378100
436.901850
437.209200
437.620550
437.768650
438.053050
438.385200
438.435050
438.787550
438.942650
439.152600
440.516900
441.474450
441.878900
442.060800
442.245150
442.654700
442.901350
443.410150
443.909900
443.950350
444.153550
444.572450
444.879250
445.079050
445.212350
445.657000
446.134250
446.397200
446.442850
447.194800
448.249050
448.616650
448.648700
449.121600
449.444400
450.457800
450.696000
450.759300
450.818800
451.836550
453.656050
454.063450
454.252100
454.473150
454.977850
455.918600
456.313200
456.782000
457.859000
458.818550
459.042250
459.426550
460.573150
460.991100
461.164350
461.492800
461.766600
461.938150
462.649100
462.816050
464.531600
465.829850
466.359950
466.699200
467.346350
467.892300
468.866100
469.442950
470.262250
470.459150
471.749200
471.959850
472.286900
472.292350
472.731600
472.811600
473.126100
473.275850
473.323850
473.620050
474.149650
474.342600
476.342150
478.827200
479.951700
480.827700
481.050100
481.304200
481.442500
482.108050
483.004000
483.572600
483.805450
484.318450
484.344400
484.503550
484.510700
484.897500
485.137750
485.240300
486.384800
487.785700
487.805550
489.720900
490.642700
491.797200
491.824300
492.540950
493.007300
493.057750
494.311150
494.328900
495.115300
495.182750
495.438250
495.779400
496.206250
496.547050
497.151900
498.557650
498.976850
499.599400
499.770550
500.557300
500.561900
501.008000
502.310550
502.434900
502.572800
502.584850
503.554550
503.568750
505.072100
505.531800
505.695500
505.721950
506.173200
506.276200
506.983900
507.495000
507.821200
507.903750
508.037850
508.131500
508.366650
508.452850
508.500500
508.947000
509.252350
509.908800
510.589300
510.721150
510.813500
511.598000
513.009250
513.748050
514.482500
514.525950
515.339100
515.774300
515.800600
516.102950
516.837800
516.985650
517.784550
518.177200
518.278400
518.658600
519.240400
519.816600
520.177550
520.928950
520.934150
521.680650
521.689050
522.145850
522.372250
522.549700
522.599550
522.778300
523.001400
523.094050
523.441350
524.217400
524.238050
524.603450
524.657500
525.103550
525.609400
526.771250
527.165900
527.846050
528.118750
528.183700
528.954100
529.019850
529.391450
530.188750
530.493050
531.440100
532.032500
532.386550
533.007150
533.344950
533.601750
534.307650
534.949400
534.988400
535.066350
535.326900
536.298450
536.503200
536.733450
537.128450
537.428150
538.320000
538.520350
538.635550
539.490850
539.509550
540.274950
540.771100
541.406950
541.741450
543.323400
543.349300
543.652350
544.002700
544.163300
544.264350
544.514000
544.637150
544.816950
544.844450
545.036100
545.707700
545.763550
546.135600
546.556300
546.843750
546.915900
547.215100
547.556150
547.587150
547.712100
548.190200
548.223600
548.529850
548.723700
548.876800
549.656850
549.876500
550.601550
551.951650
552.556250
553.304600
553.337250
553.568700
553.598000
554.931650
555.076600
555.599500
556.066200
556.857350
557.331550
557.985500
558.660850
558.671650
559.534050
559.774400
559.788850
560.029650
560.162250
560.524500
560.913150
561.319800
561.636750
562.184500
562.551000
562.791350
563.072300
563.448650
563.525050
563.719050
563.766200
564.026150
565.679200
565.818350
566.525950
567.575600
567.673400
567.707050
568.333300
568.898500
569.129850
569.580900
569.852900
570.462550
571.311100
571.446900
571.965950
572.155350
572.378400
572.501600
572.535350
572.657500
573.236950
573.341950
573.948550
575.382100
575.962450
576.372000
576.423450
578.420900
578.929250
579.094850
579.542350
580.673900
580.690000
581.035750
581.449300
582.461200
583.206050
583.595300
584.110100
584.175600
586.570800
589.689250
599.149750
602.229450
609.202800
612.818400
612.858800
613.491250
613.618650
613.935350
614.011000
614.474300
614.897450
614.981750
615.282350
615.544700
616.022100
616.111350
616.278550
616.932000
617.024900
617.698500
618.171800
619.642800
619.732850
620.682150
620.904150
620.945350
622.265250
622.517950
622.571500
623.519750
624.428300
624.596300
625.063250
625.843700
625.923450
626.090600
626.116450
626.235400
626.451750
626.470850
626.923400
627.725150
628.173250
628.294800
628.413350
628.888550
629.298300
629.652600
630.590500
633.291900
634.604950
636.073850
636.871750
636.932050
637.990050
638.427700
638.982750
639.023500
639.409750
639.415000
639.443950
639.839700
640.189750
640.688200
640.882950
640.889350
641.158400
641.516200
642.395550
642.881700
643.355500
643.695750
643.944150
644.216400
645.560700
646.272950
646.363800
646.888250
646.911150
647.298800
648.457700
649.029900
649.300750
650.758300
650.890500
651.674150
651.760250
652.252850
652.359150
652.418800
652.483250
652.558500
652.786750
652.937800
653.338250
653.752650
653.758550
653.866500
653.984250
654.031250
654.149250
654.316850
655.211250
655.615700
655.683850
655.936450
656.215000
656.770450
657.118850
657.390150
658.034850
658.130250
658.690550
658.697600
659.064650
659.072700
659.141400
659.341750
659.944100
660.852100
662.337750
663.988250
664.364250
664.848600
665.359100
665.846750
666.368500
666.388050
666.539450
666.642750
667.046600
667.232700
668.021950
668.101350
669.299550
669.374650
669.414250
669.571500
669.614150
670.158250
670.443350
670.468000
670.838650
670.879900
671.014400
671.101750
671.277550
671.594850
671.666050
672.254050
672.413250
676.124350
676.163400
676.881550
677.555950
678.108450
678.594850
679.537300
679.554850
679.576650
680.117750
680.373950
680.545800
680.804400
680.920400
680.935650
681.260300
681.600750
682.627200
683.144000
683.264600
683.512900
683.943500
683.959200
684.974050
686.012600
686.299450
686.892600
687.199950
687.354800
687.624650
687.819350
688.087100
688.369750
688.546550
688.794900
689.114300
689.887150
690.365200
691.481300
691.893000
691.927350
692.876150
693.554800
694.154700
694.638100
695.299100
695.309150
695.691900
696.306400
697.222900
697.338800
697.379750
697.571700
697.624300
698.704600
699.119600
699.629200
699.635450
700.141800
700.649250
701.102550
701.270550
701.309300
702.504850
702.951250
704.960750
705.041700
705.086950
705.416050
706.372350
707.374650
707.412150
708.434950
709.025750
709.221450
709.779400
709.965450
710.406100
710.434300
710.499950
711.096350
711.505500
711.538650
711.726650
711.841000
712.277150
712.310650
712.663750
713.017800
714.044500
714.371600
714.386200
715.176250
715.477600
716.156900
716.488200
716.921850
717.203600
717.522350
718.266550
718.614600
718.757100
719.010500
719.074550
719.192250
720.086850
721.956650
723.110150
723.939500
724.475350
727.307750
727.990850
728.251700
729.042400
729.447300
729.937450
730.035950
731.138150
731.778500
731.806500
732.686150
733.828400
734.480400
735.040550
735.120500
735.291400
735.657950
735.855700
736.701900
736.719950
738.227550
739.524050
739.791250
740.741750
741.010300
742.120900
742.220300
742.863300
743.461050
744.141300
744.280650
744.400500
744.612150
745.161550
746.086550
746.238200
746.300800
746.385250
746.645300
747.048850
747.249900
747.412550
747.572700
747.915600
748.297000
748.986350
749.348350
750.773450
750.802000
751.062050
751.542900
751.575000
752.016700
752.395150
752.625000
752.985150
753.559900
753.610100
754.220250
754.693250
755.313000
755.414200
756.004650
756.374150
756.751200
756.990550
757.608800
757.708900
757.912550
758.041650
758.273400
758.309800
758.987600
759.004450
759.526900
759.614550
760.458100
760.555000
760.652350
760.822400
761.400200
761.503500
762.723300
762.895000
763.868550
764.109350
764.179400
765.071200
765.378700
765.470150
766.045450
766.356600
766.541150
766.545150
767.304900
768.058300
768.333550
768.602450
770.463950
770.630850
770.718500
770.946300
771.170300
772.338250
772.633700
772.931900
773.415050
773.434200
773.895250
774.235900
774.690500
775.015350
775.333250
775.431150
775.614600
775.900200
776.355500
776.808950
777.124200
777.644450
777.782500
778.170500
778.432150
778.908000
778.997800
779.245950
779.848550
780.761550
781.749850
781.850450
782.642600
783.764850
784.235100
784.674400
785.090700
785.458600
785.883450
786.106100
786.749150
787.159500
787.627800
787.908600
788.677750
789.260050
789.319650
790.005600
790.652850
791.235400
791.469300
791.816300
792.017850
792.041550
792.690550
793.089850
793.260450
793.445300
794.146800
794.749750
794.989450
795.478200
795.941550
796.382700
796.470550
796.543550
797.049200
797.086550
797.260700
797.769900
798.003450
798.294850
798.451750
798.705200
798.804500
799.748700
800.524900
800.560700
800.746000
800.897300
801.659500
801.780500
802.015600
802.777550
802.817650
804.741400
804.745750
804.843250
804.959150
805.852450
806.740100
806.886500
807.437800
807.666100
808.096250
808.343550
808.380550
810.116350
810.275250
810.668350
810.695900
811.824600
811.999200
812.056350
812.892900
813.310500
813.324950
813.931300
814.640200
814.794600
814.897650
815.563450
815.677350
816.201100
817.317100
818.014700
818.045000
818.647200
818.801400
819.326300
819.739850
820.154900
820.212500
821.143900
821.248850
821.700800
821.770650
822.294400
822.839750
822.913450
822.999600
823.458150
824.244050
825.276800
826.598100
826.746300
827.331700
828.014950
828.912350
828.985500
829.128300
830.098150
831.395900
831.784050
832.130850
832.166100
832.390100
832.653600
833.145650
833.209050
833.650300
834.184550
834.939050
835.200300
835.537100
836.080700
836.410500
836.436300
836.897200
837.266650
837.756100
837.807950
837.840700
837.948650
839.497350
839.505650
839.818400
840.060650
840.168600
840.734900
840.756900
841.270900
841.624150
842.623700
843.805800
844.173750
844.475200
845.755250
845.807750
846.083400
846.233950
846.998300
848.298150
848.419800
849.368800
849.759900
850.264500
850.713650
851.965700
852.003300
852.026450
852.297400
852.721250
852.764250
852.792700
853.470700
853.753650
853.811400
854.386800
854.449450
855.154800
855.192100
855.375150
855.586650
855.915950
856.608900
856.800550
857.042100
857.487150
857.526100
857.936100
858.009700
858.386700
858.878150
859.144200
859.553650
860.946050
861.636150
861.960400
863.025400
863.377550
863.980550
864.375700
865.028200
865.233450
865.500800
865.879950
866.257250
866.319050
866.587700
867.347150
867.836350
869.535950
870.089900
871.137800
871.391750
871.519300
871.856300
872.970000
874.104100
874.658050
874.945600
875.906600
876.445700
876.979750
877.361950
877.804650
878.039550
878.785600
879.162100
879.318900
879.560050
879.825650
880.116650
880.625800
880.652200
881.034250
881.664300
882.722150
882.844950
883.374600
883.673350
884.317450
884.376050
885.551150
886.194100
886.639100
886.868650
887.382400
888.502300
889.210450
889.534850
889.695500
889.726550
889.970850
890.328350
890.554750
890.605650
890.829750
891.178500
891.587150
891.801600
892.036800
892.073350
892.171350
892.425750
893.403450
893.822900
894.080550
894.331700
894.388650
894.634950
895.010900
895.361850
895.616600
895.954350
895.959800
896.494850
897.188750
897.470600
898.337300
898.639450
898.663400
899.413550
899.604550
900.000100
900.221300
901.702850
902.319950
902.892650
904.314900
904.402400
904.937750
906.122450
907.400200
908.006300
909.009800
909.382250
909.674100
910.825800
911.502650
911.806450
912.298300
912.834300
913.693100
913.889150
914.496800
915.410300
916.550650
917.279950
917.531100
917.921500
918.794650
918.834200
919.432650
919.451650
920.713150
921.130150
921.158300
921.289550
921.818150
922.235550
922.694250
922.931900
922.972300
923.710350
924.156000
924.447650
925.045850
926.262750
926.809350
926.830500
927.041850
927.425400
928.014250
928.494550
928.583400
929.121700
929.653600
929.806000
929.937800
930.168450
930.477950
931.158700
931.751450
931.799700
932.616800
932.928550
933.668900
933.827550
933.839300
934.240750
934.270700
934.352800
934.517900
934.707850
934.887000
935.085100
935.892000
937.014850
937.672500
937.905050
938.100900
939.049800
939.893100
940.230400
940.709950
941.042800
941.047950
941.286550
941.393550
941.516650
941.722850
942.162850
942.594300
943.096100
943.653850
944.082000
944.292500
944.419950
945.200950
945.342650
945.518750
945.903950
946.048550
946.215050
946.256400
946.566150
946.758600
946.964150
947.395150
948.160650
949.223400
949.802900
950.406900
951.374600
951.408650
951.526750
951.633600
952.733100
953.177000
953.667000
954.202000
955.000500
955.291800
955.542750
955.616150
956.635100
956.757150
958.097350
958.152050
958.419100
958.728150
958.860550
959.366900
960.496250
960.775350
961.317200
961.578050
961.778500
962.384650
962.780500
963.326850
963.593250
964.039550
964.103050
964.350200
965.708450
965.835550
966.004450
966.283650
966.914900
967.395150
968.400300
969.166500
969.660250
969.892650
970.022250
970.149400
970.582550
970.837050
971.042850
971.875300
971.982550
972.899300
973.311950
973.652650
974.188650
975.412800
975.585850
975.611550
976.054050
976.066100
976.236050
976.263950
976.297550
976.723700
977.321000
977.476400
978.578400
978.993750
979.116250
980.183700
981.201250
981.262100
981.727600
982.325600
982.472050
983.193950
983.554250
983.635100
985.998550
986.569450
987.018300
987.816950
988.158700
988.519100
988.622300
991.408400
992.456300
992.569050
992.999550
993.181300
993.499700
993.547650
994.028800
994.033500
994.838500
995.549200
995.766550
996.049050
996.164100
996.666850
997.296550
999.556050
999.781350
1000.255500
1001.077200
1001.362050
1001.622750
1002.230350
1003.219900
1003.347950
1003.465450
1003.640250
1004.177300
1004.868800
1005.897500
1006.171850
1006.491250
1006.520400
1007.415750
1007.513600
1007.812850
1008.378050
1008.619100
1010.210550
1010.267300
1011.676200
1013.251950
1013.614950
1013.801050
1014.456750
1014.901050
1015.624100
1015.761550
1016.765250
1017.020800
1017.222600
1017.901500
1018.492600
1018.603000
1020.524250
1020.705550
1020.719700
1020.985250
1020.989950
1021.337950
1021.489150
1022.601300
1022.696250
1022.888400
1023.778450
1028.470050
1028.625850
1029.064700
1029.229600
1029.907600
1030.010550
1030.818450
