0.093250
1.019350
1.491650
2.145050
3.040600
4.277650
4.531400
4.616500
5.331600
7.788550
8.483800
8.554250
10.849150
10.854200
11.219750
11.964800
11.976050
12.182650
12.394050
14.760000
14.929700
15.170650
15.552700
15.557200
15.572800
16.186050
16.191950
16.206700
16.428550
16.767050
17.465250
19.236000
19.572450
19.576750
19.591650
21.062750
21.381850
21.949650
21.967200
21.977800
22.021350
22.034600
22.116550
22.131350
22.769900
22.796200
23.400350
23.549250
23.987900
23.992800
24.006700
24.166250
24.205500
24.212700
24.805700
24.813950
25.760450
25.765100
25.771000
25.848450
27.304300
27.710500
27.715250
27.737050
27.936300
28.827050
30.594450
30.603650
30.621750
31.671500
31.801050
31.826250
32.117550
34.212400
34.217150
34.222900
34.228850
35.447100
35.453100
36.288450
36.295100
36.743550
36.750750
36.770950
37.964750
38.210650
40.614250
40.619800
40.624550
40.629900
40.875400
41.828950
43.443450
43.609650
43.622650
43.629750
43.637600
43.925550
43.931700
43.949750
43.993950
44.477300
46.753550
46.758500
46.774450
47.028600
47.034250
49.491650
52.038950
52.402200
52.431800
52.616950
52.622900
52.667250
52.863000
56.068400
56.482300
56.683950
56.749000
56.768700
56.952400
57.551150
58.289000
58.358800
60.991900
60.997500
61.011650
61.306550
61.362350
61.792900
61.799650
62.742150
62.749000
63.011200
63.324500
63.384650
64.824750
65.522200
65.535200
65.539750
65.545450
65.603700
66.333500
66.338600
66.354750
66.374850
66.814400
68.285200
68.290000
68.295900
68.306400
69.028650
71.719800
73.145300
73.845650
75.079500
75.090700
75.224050
75.755000
76.969150
78.021000
78.280900
78.680600
78.919600
79.658650
80.286450
82.199350
82.433050
83.005150
83.011300
84.011400
84.618900
85.031350
85.787500
86.747950
86.752950
86.777250
86.857250
87.579900
87.674250
88.455250
88.650550
88.658900
89.362800
90.799550
90.853250
90.858150
91.550150
91.592950
91.949200
91.953950
93.258500
93.551050
94.479600
94.827450
94.832400
94.848850
95.026950
95.035050
95.619000
96.188750
96.203550
96.695950
96.701450
97.228850
97.238650
99.172650
99.177450
99.275600
99.865750
99.878500
99.976950
100.490900
100.495000
101.289500
101.734700
101.741350
102.257000
102.262150
102.268150
102.474600
103.101900
103.106900
103.412000
104.243300
104.264550
104.270900
104.276350
104.292600
104.308500
104.691800
104.697450
105.036050
105.048300
105.500550
105.709150
105.714800
106.317800
106.328700
106.850250
107.163850
107.169000
107.174950
107.239350
107.272200
107.961600
108.205150
108.757750
109.084350
109.446750
109.451650
109.453800
109.456500
109.467250
109.478700
109.951350
110.508050
110.514300
111.822800
111.836650
112.042200
112.433700
112.614150
112.793000
112.800050
113.264200
113.789350
114.223750
114.239450
114.825250
116.448450
116.554950
116.982850
117.017300
118.464850
118.470100
118.576550
118.583500
119.756850
120.635650
120.912750
121.078800
121.920650
121.925600
123.288800
123.610000
123.615000
123.620250
124.706200
124.749300
124.754850
124.818500
125.232850
125.243750
125.251200
125.454750
125.467500
125.800600
125.831500
126.476450
126.916350
126.923400
126.930800
127.746750
127.753350
128.284350
128.289450
128.890100
130.278550
130.742600
131.282300
131.304050
131.318900
132.609650
132.615750
133.443300
133.455400
134.096300
134.684250
136.160750
136.800550
136.812000
137.256150
137.343050
137.354300
138.303450
138.569650
139.443950
139.474100
139.489700
139.947700
140.311350
140.630450
140.638800
140.659250
142.202450
142.222900
142.578650
142.909500
142.939250
143.251250
143.515700
144.363400
144.457150
145.093600
145.104100
145.710900
146.184050
146.199900
146.207650
146.216200
146.244050
146.911200
146.927900
148.082000
149.478000
149.559450
149.566900
150.010950
150.319200
150.721700
150.727400
151.524900
151.607500
153.222800
153.959850
154.798800
155.719800
156.514950
156.518950
157.774750
157.779450
157.798200
157.814550
157.820100
158.218050
158.407200
158.643450
158.661350
158.707700
158.980850
160.791100
161.724900
162.355500
162.370650
162.395100
162.446200
162.907050
163.396300
163.822050
163.826500
164.083750
164.169000
164.401700
164.806000
165.273350
165.284850
165.846100
165.856400
165.877500
165.887000
165.889300
166.065400
166.794350
167.076200
167.081250
167.375200
167.816700
169.273350
169.648400
170.586200
170.743700
170.910250
170.914800
171.017850
171.190550
171.196700
171.203000
171.267350
171.273150
171.289300
171.304350
171.640900
171.646850
172.076950
172.352250
172.533950
173.233300
173.285950
174.449000
174.590800
174.604400
175.722550
176.771800
176.980950
176.987400
177.062200
177.219250
177.660400
177.665400
178.332650
178.338750
178.771300
178.780600
179.634400
179.645500
179.666250
179.701500
180.988700
181.036050
181.336600
181.348450
182.187550
183.595700
184.366600
184.877400
184.983850
185.178550
185.188400
185.197100
185.451700
186.467100
187.101500
187.106600
188.160850
188.180200
188.189000
188.202450
189.827150
190.006400
190.014350
190.019400
190.068950
191.399300
191.405150
191.452500
191.748550
192.307100
192.532050
192.537450
192.553500
192.560450
193.120550
193.386550
193.394250
193.525900
193.617650
193.624100
193.630050
193.893950
193.910650
194.780750
195.153150
196.507450
196.521600
196.529050
196.735100
196.741250
198.076050
199.479100
199.873500
200.467900
201.559650
202.186100
202.191750
202.221200
202.234550
202.564450
203.922900
203.928400
203.934300
203.996700
204.009750
204.760500
205.335950
205.401150
206.443100
206.448600
206.719050
207.396650
208.566050
208.580900
208.587500
208.594150
209.964950
210.571150
210.581600
210.593650
211.295200
211.301200
212.369250
212.374850
212.408050
212.759200
212.767100
213.160150
213.755550
213.765950
213.773000
214.360000
215.105950
215.112400
216.727250
217.201950
217.209500
218.446200
218.633650
218.644250
219.074750
219.328750
220.385650
220.611600
222.332600
222.340300
222.878500
223.280850
223.352950
224.470550
224.488800
224.502050
225.517900
225.522450
225.687400
225.693550
225.703550
225.838150
226.108300
226.131550
226.376150
226.955650
229.020550
229.064950
229.459650
229.659950
229.665100
229.743200
229.911200
230.450400
230.454900
231.932900
232.392450
233.436600
233.808350
233.818200
234.010000
234.215750
234.515450
234.520300
234.717950
236.095000
236.117150
236.124400
236.560800
236.565750
236.594100
237.793250
237.803150
238.002700
238.008700
238.656950
239.113150
239.123150
239.780650
239.864200
239.890000
241.099150
241.113150
241.705400
241.710100
243.072600
243.088050
243.378400
243.383200
243.907250
245.135800
245.139850
245.152750
245.183900
245.189250
245.193600
245.449400
246.025550
246.030750
246.352800
246.514000
247.173400
247.178600
247.431500
248.327750
248.342200
248.754150
249.068050
249.097500
249.611850
250.234800
250.240100
250.419850
250.646750
250.877200
250.882600
250.904000
250.926900
251.126300
251.132100
251.498400
251.624650
252.342450
253.262900
253.274800
253.513600
253.536500
254.613350
254.617950
255.253800
256.283850
256.301950
256.433700
256.592750
257.252400
257.313100
257.587450
258.058650
259.357900
259.632100
260.059150
260.072150
260.689400
260.881200
260.886500
261.347100
261.358400
261.366600
261.374350
261.396950
261.437400
261.459250
261.822000
262.870500
262.881650
262.995050
263.226950
264.034200
264.106300
264.111750
264.190750
264.196000
264.217650
264.251700
264.770250
264.777600
264.819600
265.232850
265.394750
265.418450
266.334800
266.347200
267.035950
267.796250
267.802650
267.821750
268.023900
268.032600
268.048600
268.078300
268.699550
269.245100
269.251800
269.643600
270.462500
270.542850
271.424450
271.430200
271.756400
271.795100
271.937050
272.307400
272.593400
272.623650
273.319350
273.684750
274.296350
275.161900
275.170900
275.176800
275.222050
275.239050
275.301900
276.093450
276.112150
276.625450
277.054600
277.155150
277.159600
277.278750
277.290000
278.120500
278.495700
278.802850
278.883750
279.266800
279.507550
279.705250
279.712900
279.819650
280.065100
281.209500
281.213200
281.412150
281.803250
281.989650
283.443200
284.111400
284.782300
285.392700
286.078200
286.086650
286.568450
286.581300
287.367350
287.581050
288.355150
288.372750
288.401900
288.742750
288.878150
288.889450
289.090150
290.279500
290.286400
290.310200
290.321850
290.752950
290.811150
291.275200
291.591000
291.601600
291.960800
292.247150
292.478200
292.486750
293.083900
293.098250
293.132800
293.942800
294.231050
295.441700
295.446500
295.876850
296.073700
296.089000
296.384250
296.388400
296.717050
296.728550
296.771850
297.184550
297.282850
297.430000
297.609350
297.614850
297.848450
298.025700
298.445500
298.465050
298.474350
299.081750
299.538400
300.680500
300.811300
301.210350
301.216350
301.622200
302.578550
303.478700
303.493350
303.663700
303.850300
303.999250
304.401200
305.625800
305.740350
307.555050
307.559000
309.153200
309.713850
309.824500
309.923100
310.019550
310.091200
310.108550
310.131550
310.258500
310.271600
310.296250
310.651600
310.693500
311.640100
311.648350
311.732150
311.865300
313.331150
313.961400
314.816500
315.450600
315.461000
315.466900
315.689900
315.695450
315.708350
315.718400
315.813100
316.099050
316.778800
316.793200
317.476650
317.656300
317.733100
317.741750
318.228600
319.164600
319.960300
319.967050
320.169500
320.857550
320.862400
321.488400
321.493300
321.527050
321.651400
322.015050
322.096450
322.105000
323.158400
323.707750
323.711950
323.829450
323.835100
323.843800
324.089550
324.095150
325.007350
325.021050
325.160400
325.208550
325.263350
325.458850
326.109900
326.115300
326.142500
326.618550
327.310100
328.696300
328.758200
328.762150
328.808350
329.083900
329.697650
330.403600
330.408600
330.743850
331.357950
331.407850
331.460400
331.532650
331.861750
331.892350
332.031100
332.177300
332.281000
332.626100
333.034900
333.131050
333.277800
333.607500
333.884900
333.890250
334.727150
334.731900
334.737900
334.880350
334.885650
334.963850
334.995850
336.452050
337.505000
337.709700
338.441000
338.446150
338.536350
338.599450
338.607100
338.614600
338.686550
339.260600
339.262800
339.464400
339.480500
339.812950
339.823050
339.911350
340.665400
340.700100
342.096550
342.103350
342.818650
343.050600
343.604400
343.641150
343.943650
343.971950
344.430100
344.644600
345.054300
345.403050
345.416950
346.450250
347.812950
347.847250
347.938450
348.210350
348.379550
348.880250
348.895700
349.222150
349.599000
349.883850
350.062700
350.727800
350.740250
351.056300
351.818050
352.172300
352.505000
352.907000
353.326700
354.091250
354.652750
354.791500
355.287700
355.542450
355.791650
355.796850
355.831100
356.621950
356.989700
357.071950
357.209500
357.225150
357.687350
357.913250
358.303150
358.315150
358.595200
358.811400
358.817900
358.992350
359.434500
360.846750
361.141750
361.416250
361.557050
361.759150
362.357650
362.566350
362.571300
362.641100
362.682050
364.345300
364.364150
364.478800
364.490250
364.641550
365.272200
365.544900
365.566700
365.906700
365.990350
366.685300
366.689450
366.757150
367.888400
367.893150
368.847300
369.123750
369.609200
370.236750
370.257250
371.326200
371.515850
372.567600
372.572850
372.888900
373.224350
373.229050
373.425100
373.679700
373.793000
374.575750
374.588850
374.605200
374.654400
374.956200
375.059800
375.154200
376.096200
376.143400
377.064200
377.207150
377.256250
377.471650
377.481400
378.066350
379.353050
380.614200
380.743050
380.942550
381.135750
382.538700
382.543550
384.512350
384.586300
384.788750
384.835500
385.386900
386.040400
386.061000
386.408200
387.494600
387.507050
387.554200
387.684650
388.102400
388.133700
389.002050
389.489150
389.767600
391.091200
391.384400
392.289750
392.543150
392.558300
392.991100
394.623400
394.734950
395.416550
395.781850
395.967300
396.383400
397.090050
397.103600
397.131250
397.145150
397.453500
398.094500
398.105850
398.115350
399.408700
400.051900
400.757450
400.883150
400.889250
402.167150
402.248750
402.504650
403.586150
403.747900
404.549100
404.554400
404.561000
404.895000
405.913850
405.919400
405.940150
406.783500
406.818500
407.624400
407.668400
409.046250
409.606900
409.676750
410.841650
410.847000
410.962100
411.435550
411.547400
412.063650
412.175150
412.505050
412.843500
412.856550
412.868650
414.215350
414.286300
414.908400
415.623750
415.627800
415.647150
415.875900
416.803100
416.898150
416.903750
417.524950
417.973550
418.052000
418.642400
418.950750
419.233250
419.242000
419.293400
420.141700
420.425700
420.430400
420.662950
420.785450
422.617400
423.311100
423.500750
423.762600
423.999200
424.086850
424.254700
424.675350
424.732000
424.736100
424.908700
425.734050
425.853450
426.252400
427.096900
427.304550
427.612450
428.246850
428.268550
428.336350
428.797200
428.819700
428.853150
429.774500
429.790850
430.792200
431.433400
433.154600
433.552000
433.557250
433.761300
434.220650
434.226000
434.239000
434.266950
434.876100
435.277750
435.284900
435.692800
435.893150
436.899500
437.126450
437.167650
437.173150
437.206150
437.402300
437.442450
437.466750
437.845500
438.223200
438.655250
438.661300
438.797450
439.973450
440.557250
440.871150
440.916150
441.348550
441.650700
442.803700
443.005900
443.286850
443.293050
443.458250
445.107750
445.276250
445.479550
445.723600
445.902750
446.218700
446.311350
446.756500
446.871450
446.876800
447.897750
448.640700
448.689450
448.727950
449.322350
449.367600
449.522200
449.543650
449.940000
450.415400
451.162000
452.016500
452.507200
452.536550
453.750450
454.397000
454.657950
454.665150
454.704800
454.973750
455.588600
455.601900
455.876050
457.617850
457.995300
458.938350
459.571000
459.732200
460.025650
460.306100
460.323500
460.921650
461.428350
461.826550
462.471350
462.838150
463.085250
463.290700
463.891450
464.842900
464.854250
465.100900
465.261900
465.302450
467.029450
467.527050
467.871900
468.120650
468.503850
468.510200
469.697800
470.270150
470.334450
471.111350
471.357050
471.382700
471.564500
472.091500
472.115550
472.151150
472.158900
472.457800
472.754900
473.304100
473.453650
476.333800
477.035700
477.042350
480.464950
480.660800
481.173150
481.183600
481.327950
481.520500
481.710050
482.338150
482.403200
482.507400
482.665800
482.703200
483.840300
483.963750
484.312500
484.396550
484.899550
485.339700
485.689950
485.711400
485.877100
486.117950
486.571400
486.586750
487.323550
488.203850
488.420450
491.057950
492.704050
492.730500
492.949100
493.061950
493.834650
494.224050
494.239000
494.311100
494.577950
495.000000
495.337950
495.917350
495.943350
496.038850
496.191200
497.151950
497.719700
498.272350
498.866950
499.303200
500.338650
501.722700
501.728350
502.659150
505.731800
506.053750
506.065550
508.393350
508.547650
508.570650
509.383600
509.397150
509.799050
509.901900
510.250300
511.070750
511.126100
511.135200
511.580050
512.707450
512.714300
512.850750
512.861500
512.879850
513.957150
513.965400
515.113550
517.883550
518.525700
518.534900
519.598650
519.603300
519.940650
520.075800
520.419950
520.424400
520.588050
520.843350
521.689000
522.362850
522.589350
522.911250
522.918200
522.931800
523.896200
524.269350
524.444950
524.455650
524.479250
525.176500
526.122200
526.128600
526.582000
527.672050
530.693300
530.839800
531.775450
532.221400
532.560100
532.965550
533.290350
533.572050
533.952850
535.048800
535.053250
535.528350
535.542300
535.604300
535.814650
536.271850
536.568000
536.843200
536.849600
537.043150
540.063100
540.589900
542.003850
542.008450
543.148050
544.195750
544.808300
544.829850
545.121250
545.567550
545.615950
545.808350
546.199050
546.203500
546.216200
546.646550
546.973800
547.528900
547.609000
548.105800
548.121000
548.599150
548.744000
549.169650
549.190050
549.235500
549.404250
550.916850
551.263500
553.108850
553.119750
555.290800
556.865300
556.880250
557.963400
558.626900
559.015650
559.386000
559.393950
560.215550
560.247000
560.368250
560.461550
560.481700
560.843400
561.132300
561.586100
561.966700
562.004950
562.532350
562.668100
562.975950
563.196850
563.202300
563.207850
563.798650
564.424050
564.609050
564.992150
565.667800
565.985650
566.666950
566.672050
567.054300
567.076600
567.082100
569.294750
570.527950
570.900100
571.045750
571.056300
571.136450
572.736800
572.909400
572.961600
573.768500
574.117550
574.122000
574.314250
575.243850
575.378300
575.505400
575.751900
575.783100
575.845400
575.852200
576.463050
576.594700
576.664150
577.055750
577.211700
577.557850
577.947600
578.493300
578.958850
579.233150
579.706750
579.770850
579.777250
580.833400
581.081050
581.095550
581.937900
581.952200
582.474200
583.216550
583.804350
584.807600
584.975700
585.702250
586.127200
586.926650
587.889400
588.085200
588.680600
588.860250
588.872700
588.988950
589.604450
590.844750
590.852750
590.872050
590.947650
590.967750
591.060050
591.427050
591.939250
593.224350
594.152650
594.611800
596.412600
597.385100
597.840250
599.320700
599.525250
599.580650
599.745150
599.846850
599.994000
600.873800
601.340450
601.405650
601.412750
601.433600
601.580500
602.292700
602.447800
602.773000
603.005100
604.551300
604.931350
607.799850
608.067700
608.547150
611.459800
611.776550
612.211300
612.965050
612.968850
612.974100
614.011100
614.667700
614.910950
615.504000
615.508500
616.099700
617.159950
617.450050
617.516500
617.588900
618.183950
618.592850
618.881650
619.668100
619.673300
620.253650
620.561400
621.091100
621.688600
622.083550
623.564650
624.439750
624.455200
624.710400
625.515250
625.676300
625.810950
625.838150
626.189150
626.357050
626.365000
626.984900
629.059400
629.144000
629.198800
629.521450
630.353250
630.431750
630.438250
630.804300
632.543150
633.336450
633.409700
634.064450
635.404900
635.411700
636.360600
636.801350
636.971300
637.668550
637.879900
638.030100
638.036350
638.327800
638.659050
638.670300
638.809050
638.819300
638.962400
639.283350
639.748600
640.075100
640.400150
641.471950
641.669450
641.726400
641.954900
642.483250
643.240100
643.244750
643.249700
643.259750
643.268300
643.274250
643.668000
643.843450
644.974250
644.980200
650.184550
650.890500
651.229500
651.380750
651.534750
651.811250
651.936900
653.177850
653.283450
653.496550
653.512300
653.518300
653.692600
653.792350
655.004400
655.127900
655.150000
655.650950
655.659150
656.842300
657.003750
657.087000
657.403500
658.786250
659.189350
660.382350
660.816500
661.002400
661.151150
661.954750
662.329000
662.542050
662.818200
662.831250
663.072000
663.817400
664.704700
666.396350
666.695150
666.921500
667.302050
667.626900
668.202800
668.924300
669.526400
670.249250
670.254150
670.760100
670.821050
670.827400
671.043650
671.134000
671.728650
672.405800
672.773450
673.361200
673.433650
674.040300
674.054350
674.125900
675.052100
675.063350
675.097600
676.095500
676.478500
679.196000
679.246650
680.284150
680.373700
680.637750
681.686150
682.273000
682.488000
683.000450
683.727050
684.513850
684.527850
684.627250
684.652450
685.503950
685.508900
685.612600
685.939100
687.622950
687.732100
687.956100
688.455300
689.010650
689.273900
689.725650
689.740550
690.427200
691.133300
691.947350
693.333750
693.354150
694.767750
695.008700
695.414050
696.843050
696.939600
697.583750
699.600500
699.934250
699.979200
699.984150
700.402550
701.166800
701.717250
701.922000
702.346250
702.546600
702.569500
702.610950
703.274700
703.288000
703.584000
703.683300
703.957950
704.702350
705.169250
705.173900
705.187800
707.694650
707.749600
708.770500
708.778500
708.928750
709.493450
709.499850
709.555050
709.560650
710.254150
711.398200
711.956350
711.961750
712.173350
712.404350
712.915600
712.928350
713.998200
714.543300
714.757400
715.330150
715.744100
715.872400
715.974150
717.301300
717.356700
718.047550
718.963800
719.186200
720.524600
721.235800
723.807300
723.817650
726.305300
727.541550
728.116250
728.620750
729.309500
729.451550
730.981000
731.221000
732.245200
732.256050
733.394800
733.607900
733.805950
738.105900
738.112300
738.239650
738.487500
738.960500
739.078750
740.315650
740.717000
741.176100
741.196300
741.978250
742.195600
742.210500
742.867300
743.259900
745.086900
745.170950
745.844150
746.131900
746.435750
747.848700
747.947550
748.047750
748.520400
748.528150
748.614750
748.629000
748.737800
748.920050
748.924800
748.931100
749.391050
750.414400
750.419050
750.573550
751.048700
751.179550
751.190200
751.213100
751.248850
751.358050
751.448650
752.044150
752.245000
752.251200
752.291250
752.297800
752.638350
753.335100
754.171650
754.192400
754.227400
754.235950
755.058850
755.714300
757.668650
757.690150
758.812300
758.816550
759.039600
759.148900
759.331350
759.336600
760.869950
762.243900
763.084650
763.485200
763.513600
763.997050
764.005400
764.943500
765.291850
766.346450
766.874950
767.597250
768.080250
769.753050
770.020100
771.046250
771.055250
771.069900
772.032400
772.965350
772.972150
773.415050
773.695400
773.707100
774.120700
774.174850
774.566050
775.651000
776.402450
776.452900
777.893400
778.570000
779.410400
779.610850
779.616200
780.347400
780.452400
780.462650
780.795600
780.812400
781.275950
783.450050
783.588000
784.044850
785.591900
786.997400
787.066600
787.310600
787.317500
787.791300
787.983750
788.291000
788.594500
789.291650
791.028050
791.397800
791.411350
791.667350
791.974450
792.876600
792.945300
793.746600
794.003450
794.958450
795.237950
796.048750
796.270700
796.521000
796.779300
796.794150
797.818150
797.860300
798.583650
798.594050
798.772150
799.776550
799.802550
800.437350
800.645750
800.872300
801.279750
802.778000
802.782750
803.296700
803.336100
804.657350
805.753250
805.769350
808.657650
809.040850
809.046350
810.203450
810.985850
811.543100
812.797750
813.262250
814.666250
815.171500
815.804950
815.821800
816.189600
816.472850
816.502150
816.515700
816.881800
817.076250
817.643350
817.704100
817.709150
818.735800
819.407500
819.760200
820.075900
820.082900
820.428600
820.436100
820.450500
820.860700
821.080650
822.734550
823.077350
823.815450
824.014850
824.495350
824.763700
826.367650
826.381250
826.486700
827.798500
828.486500
829.573100
829.596450
829.795400
831.898450
832.727300
833.198150
833.237850
833.643450
833.750650
834.117300
834.283950
835.264200
836.922350
837.068500
837.093300
837.149750
837.262250
837.438100
838.222850
838.940200
838.950000
838.958650
839.210300
841.109900
841.247100
841.316250
841.352500
841.646150
842.214000
842.234000
842.611950
843.625850
844.127700
844.323250
844.854100
845.259950
845.275200
845.743450
846.032950
846.057350
847.086250
847.139350
847.154200
847.171350
847.904200
848.636850
849.041300
849.080600
849.786650
850.712000
851.688900
852.024950
852.165650
852.912150
855.868650
855.873850
855.881800
855.887100
856.407500
856.912800
857.264250
857.818350
858.015150
858.266450
858.478500
858.969250
859.329200
860.062200
860.122250
861.687550
862.047350
863.771800
863.793750
866.111500
866.745800
867.050100
867.373800
867.783800
868.358100
869.664600
870.119900
870.384050
870.719150
871.101050
872.225950
872.249300
873.833300
874.408300
874.431750
874.795600
874.824850
875.145000
875.443700
875.449800
876.211900
877.801500
878.240450
880.380950
880.411850
882.042000
882.066250
883.395850
883.731550
883.737200
884.504300
887.100750
887.903200
887.995600
888.001300
888.007950
888.123550
888.650600
888.662650
888.670750
889.172600
889.184400
889.252200
889.285600
889.301750
889.705650
889.715500
891.129700
891.370350
891.707850
892.284000
892.377550
894.046350
895.042650
897.324300
898.575900
898.713500
898.743150
899.212450
899.718550
899.817700
899.839050
900.483900
900.497900
901.431650
903.263000
903.485650
903.490950
904.881400
905.351700
905.664200
906.628700
906.710950
907.870300
908.564950
908.616500
909.385100
909.394050
910.814000
911.171950
911.183400
912.627600
912.857650
913.418100
913.476450
914.098850
914.177850
914.298900
915.947900
916.675000
916.826650
917.026350
917.482550
917.496600
920.815950
920.921950
921.524500
921.543100
921.867200
923.318000
925.538850
925.844000
926.816700
928.070800
928.091050
928.718950
929.700250
929.773500
929.976850
930.756450
930.995300
931.017900
931.074250
932.750750
933.353350
935.105100
937.054800
937.525900
938.316150
938.322100
939.466950
939.472500
939.726000
939.731500
940.794000
941.078100
944.066150
944.073050
944.109750
944.623600
945.975900
946.310400
947.204550
949.501750
950.297450
950.544450
951.125750
952.561950
952.602400
952.645000
952.650350
952.662150
953.058850
953.139150
953.169100
953.177000
953.513650
953.522950
954.319300
956.373550
956.378150
956.383600
956.412700
956.463100
956.471000
957.226700
957.240250
957.567800
957.702250
958.378700
958.957400
958.963150
959.920950
961.313000
962.691800
962.905600
963.164950
963.919150
964.716550
964.849650
965.473750
966.637300
967.222400
967.339850
967.466700
969.673600
971.386750
971.444800
971.758350
972.640450
973.761450
974.179250
974.191250
974.803100
975.132050
977.187100
978.685150
979.281350
979.293850
979.300400
981.201650
981.208000
981.306450
981.398200
982.318350
982.554400
982.560350
983.742150
983.748700
984.215600
985.230200
987.834150
987.848100
988.378700
988.713500
988.725900
989.366800
989.573750
991.178850
991.574850
991.585000
991.681150
992.090300
993.247700
993.283650
993.314650
994.532850
994.541950
994.688400
994.911800
996.102300
996.174100
997.602650
997.625850
997.976600
997.982650
998.386900
999.781350
1000.565800
1001.365650
1001.370250
1001.376150
1001.957400
1002.496450
1002.955950
1003.462500
1003.850850
1005.109150
1005.413650
1005.631750
1006.058750
1006.377100
1006.493950
1006.525150
1007.401750
1007.413850
1008.122900
1008.307700
1009.218000
1009.485300
1010.974100
1011.230550
1011.651500
1011.657700
1013.306900
1013.310850
1014.404450
1014.410850
1015.529950
1015.760100
1016.045050
1016.263000
1018.739400
1018.840250
1018.885650
1019.391700
1021.316100
1021.321500
1021.410000
1021.789200
1021.796100
1021.897450
1021.900900
1021.906650
1021.973100
1022.569850
1022.591500
1022.600900
1022.610650
1024.901700
1026.582950
1026.927300
1026.950450
1028.258450
1028.520950
1029.879150
1030.100550
1030.112300
1030.390600
1030.777600
1030.790450
1031.155550
1031.303550
