10.213100
12.698550
24.597150
24.618150
32.442050
39.054050
65.775850
68.532550
88.231150
93.957350
111.947100
121.155800
131.542700
131.545200
131.554550
133.819750
137.399700
140.263550
142.382400
142.389050
142.393850
143.196150
144.241800
145.052350
149.758000
153.517750
158.679050
163.292150
163.327700
164.071550
169.741800
174.570900
176.797000
179.118900
180.523250
182.905400
184.909700
188.396500
192.527750
198.480800
199.573400
199.734850
217.900900
217.933700
221.741250
231.208500
232.153600
237.810500
237.814400
258.458400
258.838400
260.274550
262.497450
266.142350
268.788850
269.926600
271.839050
278.315600
278.327200
283.141750
290.916950
291.213500
294.906300
298.804750
299.144450
300.148400
302.217000
304.415400
304.418500
307.936600
310.542800
310.878850
311.131250
318.408050
325.641750
328.322450
329.762000
330.633450
331.748700
335.088150
335.092450
336.471850
347.729850
358.847600
358.875000
359.948550
376.211300
377.229750
379.295000
379.708650
388.910500
389.292200
401.068950
403.668650
405.993700
410.626750
411.494800
412.729350
431.538900
431.841050
435.103150
437.082450
443.474950
461.559550
469.403850
473.990400
479.912050
488.031700
489.032550
489.740050
493.255150
500.017200
509.076450
509.285400
512.484850
524.780150
529.500200
529.873850
533.772800
535.576000
536.809650
540.787050
545.314250
546.991000
560.066800
561.605600
569.547850
572.210100
572.756950
573.517850
575.215600
580.697150
581.428650
581.442850
583.223900
600.352600
600.372400
603.403900
608.286900
614.361650
615.107300
615.779700
622.687950
630.867650
637.808100
642.027000
643.280650
645.260100
645.315700
645.383800
647.465450
649.526100
652.574950
657.256850
658.671300
663.073050
665.492450
669.917100
669.939000
670.472500
673.176750
673.929950
674.858650
677.481100
681.347950
683.379500
686.627150
690.609550
692.485150
694.424250
695.610950
697.720600
698.320550
702.906300
704.326550
704.937550
708.253800
711.556600
711.662350
715.242100
730.407700
747.172050
747.383650
748.826350
751.172400
751.528100
764.604900
769.358400
790.272550
793.111650
795.648300
807.857550
812.035150
824.920600
825.806250
831.404350
837.136350
840.126850
844.471800
847.401000
849.421600
852.144100
854.427850
861.102950
865.194650
867.278650
872.233800
882.213050
893.424050
897.308650
902.178800
905.280800
910.520500
913.010050
920.951800
924.480050
940.721200
946.028200
946.339350
946.936150
946.951450
953.310450
960.517800
966.897650
976.111200
976.453100
976.479500
978.352450
981.738850
982.109000
984.598400
985.239400
995.159500
998.303150
998.326850
998.629250
1000.203300
1003.189750
1004.777150
1012.624150
1018.986800
1019.707600
1027.440750
