1.671500
2.472100
3.552250
5.447650
5.601000
6.049100
10.298500
10.323800
10.967550
25.462950
31.752150
44.460700
47.789050
48.535550
49.945650
52.864550
53.944950
54.929500
57.624750
58.286250
58.475950
60.843550
62.723300
63.416350
63.773450
65.924300
66.238750
66.527900
67.056250
67.523050
67.834700
67.917050
68.705000
68.840600
69.206300
71.367200
78.851600
81.973350
82.538150
87.426600
87.675400
87.924950
88.392200
89.225000
89.815900
90.166200
90.539000
91.676900
92.162300
92.831400
93.786900
94.569050
94.946250
96.173250
97.079800
97.594400
98.020450
98.631500
99.471200
99.813450
100.132500
100.750050
101.173450
101.324950
101.686400
102.383850
103.140300
103.405300
103.862700
104.144550
104.718650
104.956450
105.220500
105.411550
106.331300
107.206800
107.684450
107.821450
108.401250
109.397500
110.334600
110.921700
111.401650
113.401250
114.722800
115.524500
118.978500
119.298350
120.108100
121.055500
121.756850
121.979000
122.584200
123.625550
123.733950
124.343400
124.645400
125.560550
126.204350
126.976400
128.071500
129.129600
129.593000
130.518100
130.913900
131.793200
131.978650
132.107750
132.454050
132.742750
132.924950
134.807700
135.322950
135.617750
136.580250
139.093100
139.411100
140.017100
140.493450
141.445700
141.966450
142.584650
143.083650
143.420600
144.388650
145.065550
145.159500
145.613400
146.085700
146.620550
146.924900
147.317200
147.884000
148.393100
148.832250
149.000300
149.271750
149.554100
150.254300
150.997500
151.428750
152.374000
153.607400
153.643650
154.105800
154.486500
155.103000
155.414250
156.307050
156.689800
157.422600
158.046950
158.531050
158.959300
159.907850
160.242000
161.494750
161.760450
163.375350
163.688200
164.152900
164.580000
165.700700
166.175100
166.653000
167.174200
167.619000
168.792050
169.503950
170.896600
171.107600
171.285350
171.501550
172.038600
173.121050
174.632250
174.894650
175.204650
175.212300
175.705200
179.597250
181.277950
181.940700
182.141650
182.545350
183.559200
184.324850
186.386050
187.252750
188.803300
189.688050
190.815100
191.620200
191.712500
192.442500
194.001650
196.235900
196.433100
197.227050
199.573300
199.844500
201.160050
202.837100
205.729200
208.365550
213.676650
213.752650
215.207050
215.249900
219.647750
221.728300
229.827600
232.737150
235.025550
235.369200
235.902450
237.189750
238.546150
238.871350
239.095950
239.867550
244.255950
245.836000
246.088050
246.644950
247.638800
251.360050
251.680800
252.796150
254.965750
256.301250
257.125900
258.474100
260.870800
261.647550
261.826450
264.598500
266.272700
266.320650
268.037000
271.868050
271.880950
272.993350
276.577250
279.090950
283.261450
283.953900
283.985800
288.649950
288.728350
289.429400
290.046850
290.852400
291.858750
293.142250
294.282250
294.753200
295.716700
296.519400
296.912500
299.927000
301.096100
301.383350
302.474900
303.488100
304.340250
304.905550
305.400350
305.446700
306.039600
307.233700
309.360950
309.657150
312.227100
313.021800
313.826050
314.926500
315.657550
315.808300
316.325850
317.060200
321.217750
322.093250
322.733100
324.955200
326.707050
328.462250
330.737300
331.930650
333.279050
333.377950
334.012700
336.380150
337.758850
339.088050
339.876750
340.376700
340.780400
341.187500
341.442500
341.942850
342.206200
342.935600
345.494550
345.939950
346.432750
349.279450
350.844850
352.690350
353.767600
354.173800
357.042650
357.741250
358.849900
359.619650
359.927050
359.948450
363.796450
364.220450
365.215450
367.098700
367.681400
370.572550
370.756550
371.025700
371.318300
371.885600
373.375900
373.390900
373.549300
375.379650
376.092150
376.759250
378.417200
381.082800
382.149100
383.811200
384.559400
387.451650
388.246100
389.234900
389.403300
389.844950
392.533500
393.981350
398.190450
398.240800
401.595400
403.615000
403.632650
408.787000
409.274550
409.911250
410.179950
410.669200
412.254300
413.248450
413.554700
416.007300
417.862850
418.287450
419.521950
419.665650
420.779100
421.633900
423.119350
425.996500
427.481700
427.816950
428.388400
430.486750
430.993300
431.462400
433.779650
434.040000
434.363650
435.045100
438.721350
439.501600
442.129950
442.375500
442.961200
443.632950
448.137600
450.071000
451.702400
452.817050
454.906950
456.444400
457.834550
460.588950
461.614150
463.228550
463.848050
464.630050
465.769750
466.900800
467.559750
467.855750
468.000400
468.520450
469.484050
470.137750
470.669350
471.354100
472.368850
472.413250
472.833150
473.672000
474.405150
474.711950
476.302150
476.958200
477.271200
478.082350
478.404800
478.586900
480.120850
480.770050
481.294750
482.261650
482.294300
482.929700
483.269750
484.476950
485.796900
486.465700
486.849700
487.626650
488.832500
488.925750
490.700200
491.520000
492.190350
492.919650
492.925450
493.457600
494.821150
495.173750
495.557550
496.197400
496.964850
498.363050
498.612600
498.630500
498.980350
499.281650
500.119950
500.415900
501.225600
502.807650
503.866000
504.376500
505.423400
506.764600
508.403950
508.739300
509.178150
509.942000
510.605550
510.764050
511.217150
511.651800
512.955350
513.032700
514.375900
516.540550
517.017400
517.367650
518.469850
519.720350
520.757300
520.764250
521.420050
523.145700
523.797650
525.327800
526.353750
527.200600
528.284350
528.437600
529.594500
533.869850
533.911400
534.756250
535.120350
535.151200
535.635000
536.151650
536.920900
537.680300
537.955450
539.073500
539.729900
540.067150
541.501750
541.992000
542.736600
543.133600
544.277650
545.492600
545.948900
547.054900
547.563400
548.395850
549.130450
549.819550
550.415700
551.307800
551.741450
552.670950
553.117850
554.520950
554.526250
555.476200
555.809850
555.828300
556.682700
556.762900
558.244950
558.835650
559.262400
559.597550
559.977900
560.218450
560.736800
561.218500
562.638400
564.209900
564.641600
564.791500
565.710200
567.795900
569.520150
569.536600
569.555500
570.530100
572.080950
573.587200
573.629950
574.153350
575.063350
575.728250
576.759800
577.611250
578.183500
579.434100
580.422150
580.631750
582.012500
582.973500
583.852500
585.986100
589.448250
592.628600
598.467800
607.844700
613.737900
613.928900
614.372050
616.252250
617.153050
619.143900
623.126200
623.397250
624.583000
626.410700
626.448300
626.729500
628.098100
629.820300
629.841150
630.037150
631.846750
632.039750
633.525000
633.691350
637.105100
637.389100
638.305400
638.934700
639.615450
643.295450
650.196150
652.099350
653.266400
654.315650
657.207000
658.940800
659.921200
659.974800
664.968500
665.425500
665.492350
666.448550
666.594200
667.492600
667.708500
668.236300
668.598250
668.937550
670.289800
670.662600
671.945000
672.563950
673.397500
673.841900
678.129350
679.422750
679.541800
679.980500
680.370700
680.501300
681.469650
681.521600
681.999650
684.459900
684.601450
684.978500
685.535250
685.738850
686.087350
686.724400
686.887700
687.108250
687.443850
687.927050
688.323850
688.714100
695.886050
696.348100
696.355050
696.811400
697.874450
698.427150
698.734950
698.974250
699.373000
700.441700
700.724250
701.617850
701.971850
702.539550
702.749100
703.390400
704.114900
705.061250
705.309400
711.771800
712.006250
712.214650
712.620900
713.269750
713.801450
714.002550
714.404900
715.144300
715.169750
715.440200
716.135750
717.481850
717.872250
718.670900
719.766250
720.197200
726.684650
728.083750
730.679750
742.395650
743.864550
745.374600
747.533550
748.620050
749.191800
749.228550
749.667350
750.414900
750.638700
751.257550
751.333400
752.065900
752.500250
753.002350
753.247450
753.686250
754.214350
754.794600
755.472650
755.916950
756.041950
757.588950
758.352050
758.361900
759.146800
759.576950
759.906400
760.520550
761.210100
763.286100
764.230150
765.053500
773.665950
775.652550
777.095100
778.364350
780.452100
786.269500
788.522000
791.287400
800.997650
801.904850
806.400000
808.670000
812.925750
813.556650
815.309050
815.723350
816.202150
816.752850
817.254900
818.255450
818.535350
818.993450
819.793850
820.772700
821.370750
821.947050
822.659100
823.875200
824.014400
824.573550
824.632200
824.854350
824.936350
825.733400
826.335550
827.083550
828.371550
828.692850
829.149200
830.512250
830.813400
831.156200
831.348300
831.391100
831.891500
834.056300
834.571300
835.207200
836.635850
836.919050
839.086500
839.463600
840.158800
840.923500
842.359600
843.622600
844.016800
844.189800
845.250500
846.348600
846.658100
847.218150
847.334550
847.945200
848.926350
850.226700
850.939150
852.680200
853.104300
853.142150
853.724400
855.015600
855.705650
856.233950
856.962200
857.208900
858.250300
859.300500
859.461800
859.921300
861.412550
861.868700
862.436500
863.092600
864.276600
865.120450
866.195100
867.069850
867.861650
867.951600
868.323550
868.920150
869.379500
872.710350
873.737100
874.009600
874.874500
875.583750
875.930700
876.211300
876.799300
877.756100
878.539150
879.522500
880.663700
880.722300
880.945600
882.197350
883.198450
884.355550
884.403550
887.787800
888.112250
888.861350
889.427300
890.482600
890.771850
892.121300
892.822050
894.440450
895.140850
895.663350
896.139350
897.115150
897.723900
897.922300
898.468300
900.359700
900.806200
903.821400
904.688300
905.763850
906.939150
907.939800
910.073950
910.351050
910.867200
914.670500
915.490700
915.796350
916.210950
916.407750
917.186450
917.578000
918.165900
918.463450
918.850400
918.994800
919.621600
919.628200
920.136500
920.589800
921.022500
921.271000
926.909850
927.264050
927.944300
928.596400
928.668950
928.972750
929.662250
930.371700
930.832400
931.953200
932.505400
937.970600
938.847700
939.268350
940.046200
940.203400
940.842350
941.661550
942.533350
943.123200
944.622150
950.395900
950.811450
951.480600
952.437750
952.588150
953.694850
954.136550
954.573950
955.362950
955.651900
956.233500
961.602900
963.541200
963.827900
963.930250
964.099700
964.494750
964.867350
965.523950
966.323900
967.329400
968.546300
969.108800
976.159350
976.768550
976.867100
977.569200
978.139750
978.513350
979.251300
980.481500
981.167350
981.638300
982.262500
988.989950
989.209000
989.272200
989.770450
990.776600
990.880900
991.653800
991.917050
992.064850
992.490250
992.907100
993.030750
993.319200
994.073000
994.586200
995.862000
1000.640550
1002.427550
1002.875700
1003.575250
1003.709500
1004.147000
1004.930250
1005.860550
1006.140600
1007.244950
1007.827150
1015.673650
1015.803650
1016.978200
1017.328300
1017.658250
1018.115750
1018.179300
1018.207800
1018.914200
1019.102950
1020.240400
1020.597350
1021.381450
1021.727700
1021.888100
1022.275600
1022.836150
1028.736900
1029.050850
1030.812550
