5.179400
10.207750
10.210000
10.223750
10.227500
10.233500
10.448700
10.496750
16.292650
16.522400
19.624000
19.792300
24.597500
24.625350
27.261850
32.444900
33.206850
40.683900
54.116600
56.547200
70.022050
70.024600
71.523900
72.363100
74.585800
75.599850
76.099250
76.418700
77.877000
78.316650
78.421400
78.456700
78.536450
78.776800
80.119800
80.219750
80.603500
81.134900
83.675600
83.954750
83.974950
85.420550
85.996550
86.462150
87.317850
99.867000
101.467200
103.252350
103.255400
107.695900
112.286800
112.298600
115.835450
119.256700
124.058500
124.082850
124.760500
128.201500
128.951700
128.959700
130.580100
131.630650
132.202750
132.834600
132.841550
132.849000
132.853450
132.858750
144.249900
146.933000
148.292150
149.271950
151.091350
154.410450
154.992950
158.897950
167.913500
168.039350
170.825600
174.598550
177.741400
180.180200
180.193900
180.206500
184.066450
184.087700
188.781400
188.881150
189.585850
189.591650
191.492700
192.574950
195.194300
196.236200
197.956350
197.964250
199.211700
200.132700
206.630200
208.448250
208.451350
208.455050
209.710250
210.775700
211.065600
214.191500
215.342950
215.628700
221.689800
221.699450
225.732500
229.582700
233.189100
235.240100
235.243200
235.246700
238.206000
238.983850
239.698250
240.834300
240.845100
245.745500
245.750000
247.449750
249.947500
249.951500
250.250650
252.704050
255.075300
258.013250
260.216600
262.500400
262.518750
263.315550
270.029350
271.050100
272.586900
272.590350
272.770500
273.523350
275.801300
277.720350
277.727000
281.037100
282.161900
282.295650
282.542750
283.676850
283.692550
285.841700
286.680700
286.861500
286.991800
288.672800
290.922050
294.551500
295.407550
295.532100
295.539550
297.482150
299.156700
299.277350
301.418800
302.961150
303.415800
303.448800
303.862150
307.960950
308.247850
309.366800
309.377800
310.543150
310.564150
312.077100
312.368450
313.707050
315.523900
315.550950
318.825450
318.851650
321.096150
322.552800
323.704700
326.726700
329.767100
331.485350
331.742950
333.378250
337.092950
337.458200
339.401400
340.460250
340.756800
347.198850
347.203050
349.917250
354.149950
355.865700
356.067750
356.819350
357.277300
358.969500
358.972750
362.145650
364.009500
364.433900
364.662700
364.678450
370.377350
371.305200
371.884600
374.270300
374.953000
375.516650
375.520150
376.772200
379.024700
383.456600
385.886100
386.997450
388.309350
389.203700
389.292450
390.461000
395.509050
395.940500
398.233700
398.482900
399.642950
403.636100
405.797300
405.810150
405.812850
406.379250
406.567450
406.728800
407.404450
408.972700
411.593650
412.192750
413.143000
413.145400
413.362200
415.539900
419.651450
419.658300
423.588800
423.737300
431.441700
431.452500
431.872250
432.575300
434.040300
434.672750
436.786000
440.376300
441.531250
442.124000
443.356400
450.110050
452.133700
455.699300
459.656550
459.955500
460.050950
461.891050
463.994950
467.682200
467.707300
470.183850
470.850250
471.991450
473.491100
476.690750
477.595300
482.255150
482.951150
485.075150
485.091300
485.263250
485.582950
487.637250
489.453950
490.108200
490.131850
491.056050
492.456650
492.627600
492.810100
494.909700
494.912700
495.421000
498.305500
499.380550
502.311750
502.317200
503.288800
503.292200
503.302200
503.443200
504.855950
504.912000
504.916500
505.417200
506.148250
507.208600
507.993550
507.996600
508.480100
509.995400
510.109050
510.135600
511.589550
511.593800
511.695100
512.187750
513.371750
513.377000
514.484350
516.085600
517.257550
518.949400
519.356300
519.848600
520.009400
522.024500
524.640750
524.646650
524.655100
527.718000
528.284600
528.422900
528.427100
528.450700
530.069900
530.751550
530.754800
530.879150
532.866750
534.717800
535.750400
537.783250
537.955650
538.148700
539.210150
539.212600
541.996450
543.230900
543.556100
544.076600
544.249250
544.587550
544.590800
546.175850
546.180300
546.230550
546.248800
548.153700
548.329950
548.361400
549.141100
549.147750
552.804450
557.383450
557.643400
561.753700
563.664350
565.060900
566.732400
567.546400
570.406950
572.544300
573.539100
573.542450
575.212700
580.247350
580.706100
580.717500
581.985500
584.043050
585.196000
585.411550
585.810700
586.290950
586.450700
586.630650
587.070500
589.524050
590.208950
590.652950
590.907550
591.326800
591.508750
592.293150
592.612250
592.627200
592.728700
593.128050
593.528400
594.128400
594.608350
595.608800
595.668500
595.869100
596.448900
596.608900
597.209100
597.708650
597.733050
598.009300
598.349550
598.853700
599.009100
599.028750
599.033800
599.449700
600.449500
600.629350
601.429350
602.409400
602.853400
602.949150
605.858700
605.925900
606.471500
606.762000
607.185600
607.337250
607.424800
607.905100
608.164700
608.404450
609.347750
609.578750
610.321750
610.425950
611.465600
611.559350
611.940250
612.060350
612.279650
612.380550
613.742950
615.304600
615.528650
616.304000
616.738850
618.079100
618.660800
618.739150
620.701400
621.236450
623.315600
623.721700
624.371400
624.384350
624.399200
626.729700
626.749000
627.304200
628.046300
628.788950
628.791200
629.011200
630.877100
633.525200
637.010450
637.808400
638.503250
639.623750
640.207800
641.170250
643.783900
643.806800
644.236650
644.363800
645.352800
645.795450
645.864150
646.348900
646.683300
646.690050
648.056050
648.264150
650.276850
651.610950
651.877900
652.345200
653.305600
653.601800
659.652550
659.998550
660.640150
660.731700
660.959300
662.578000
662.657550
663.350450
663.577150
663.904050
664.324950
664.328100
664.968650
665.221000
665.495800
665.940300
667.035550
667.575000
667.586000
667.608700
667.751150
668.534950
669.142750
669.599450
669.821450
671.633000
672.045500
672.557450
673.312900
674.072950
674.792400
676.091400
676.551000
676.591150
676.671750
677.423800
678.362400
678.935600
678.969550
680.054250
682.296100
684.280550
684.791400
685.739100
686.351800
686.567350
687.700850
687.708600
687.876450
687.952500
688.626700
689.371050
690.219500
694.626250
695.147650
698.589700
700.286150
700.843650
702.909850
704.329650
704.955300
708.917600
711.626200
713.016000
713.454700
714.842600
716.276650
716.821400
717.307450
717.542100
725.136600
729.200800
731.179850
732.500700
732.505550
732.507900
734.202750
736.073500
736.134550
741.854150
742.516450
742.956300
742.970600
745.374800
747.615150
749.676800
750.521550
750.676250
750.682800
751.109000
751.813400
751.817450
754.903200
754.906400
755.021850
755.979600
755.984900
755.991050
756.000200
757.060500
757.069450
759.747300
759.754750
762.042200
769.356100
773.702650
773.709500
773.713450
777.291650
779.257700
781.098400
781.101550
783.567250
784.450650
786.071300
786.269900
791.076400
793.168550
796.492350
799.923850
801.460750
802.190400
802.198800
802.206400
802.300000
803.533300
803.544300
808.504150
810.193000
812.040300
813.438350
814.126000
814.257100
814.821400
815.358150
815.862750
815.871650
816.717100
819.845800
819.856100
819.900400
820.179300
820.199400
823.283950
824.923350
826.654650
827.462250
830.209900
830.213250
832.650650
833.360500
837.083950
847.419350
847.449050
847.460550
848.531850
852.235450
854.145950
855.042200
856.886850
859.462000
859.688900
861.737250
864.317000
864.320150
865.198000
865.846650
865.854050
865.858350
867.323200
867.382550
867.387000
869.536700
869.539850
871.207400
874.628350
874.631200
875.555950
879.911800
882.548000
886.980550
888.853000
889.405700
889.446250
895.702850
897.308950
898.491350
902.073750
903.147450
905.311350
905.315200
908.546350
911.360650
911.374400
912.470050
917.460200
920.253450
920.269550
921.066550
921.074550
921.078300
921.271150
922.117650
928.094400
930.869100
932.336250
932.355750
933.475750
938.546900
938.550000
940.066300
943.784600
943.788900
943.794250
950.047500
950.137050
950.139600
952.430100
953.344950
953.421450
954.212850
955.889000
956.256950
957.183600
958.160850
963.249450
965.755700
966.623100
971.938700
976.463400
976.474900
978.316700
978.350100
978.353100
978.356400
979.784400
982.964550
984.001550
984.010150
988.071850
988.900350
988.904850
990.956300
991.957200
993.420100
994.831550
994.848250
995.174300
995.182200
1000.969950
1001.006850
1001.016450
1001.021900
1003.307400
1006.811050
1007.151350
1007.499350
1007.954600
1007.999850
1010.659350
1012.943150
1014.388300
1017.594450
1017.598050
1018.201450
1019.757600
1021.727850
1026.270300
1029.737550
1030.757450
1030.760750
1031.138050
