1.602800
3.914800
5.485850
7.219450
8.523200
10.196050
11.532800
11.835350
12.602200
14.590150
15.484300
16.572100
18.560950
27.243450
40.842300
40.844650
40.847300
40.871450
57.948200
57.950500
57.953050
57.956350
57.967150
70.125350
91.498100
92.196850
92.199200
96.956900
96.959150
96.961800
96.964000
96.986550
97.722900
97.725250
97.727850
103.370150
103.372500
103.375350
103.379600
103.391500
106.059900
106.062050
106.065100
106.069050
106.072650
106.082300
106.086700
109.450800
109.453350
109.456500
115.223700
118.766000
118.768500
118.771200
118.774600
120.598250
120.600600
120.603800
120.615950
121.321000
122.731900
123.278650
123.280900
123.283850
123.297300
123.301350
123.322150
123.607300
124.042350
124.044750
124.047700
124.062100
129.523250
129.525650
129.550300
131.867400
131.869850
131.872650
131.876450
138.546800
138.549250
138.552000
138.555200
139.347700
139.349950
139.352500
139.355600
139.364250
139.445550
140.913300
140.919250
145.048900
145.051350
145.054100
145.057150
145.070650
146.417200
146.419650
146.422700
147.605950
147.608350
147.611300
147.627100
147.637400
150.987850
150.990350
150.993300
151.009500
153.225250
153.227800
153.230750
154.340300
155.370500
155.372850
155.378850
155.382950
155.389350
155.476250
155.687050
155.689750
155.693200
156.200300
156.203000
158.178250
158.183850
158.194050
158.211350
158.940100
158.942500
158.949000
159.608050
159.610550
159.614200
160.618250
160.624000
160.848400
160.851150
160.854600
161.626350
161.629000
161.632550
162.784050
162.786400
162.789300
162.793400
162.797250
163.950150
163.952600
163.962000
165.005150
165.007550
165.010350
165.013550
165.344000
165.350350
165.353000
165.356400
165.372250
166.100100
166.781050
166.783450
166.793400
167.035550
167.038500
167.657600
167.659950
167.663100
167.671650
167.922200
168.619700
169.126300
169.128800
169.131800
169.142000
169.145650
170.234000
170.236450
170.239550
170.674150
171.924300
171.926750
171.929800
171.940350
171.944150
172.114900
172.117750
172.133950
173.614400
173.617050
173.620350
173.624200
174.211400
174.607700
174.610300
174.613650
174.811900
175.577600
175.580050
175.582900
175.592450
176.365900
176.368450
176.371700
176.394700
177.206950
177.209800
177.213300
177.668750
177.671350
177.680450
177.684900
179.103150
179.105700
179.108900
179.810100
179.812700
179.815500
179.818700
179.825000
180.055150
180.709850
180.712300
180.715250
182.429800
182.432300
182.434900
182.442800
183.268400
183.271050
183.492100
183.494750
184.063400
184.065800
184.068750
184.087800
184.107050
184.338550
184.341400
185.806300
185.808650
185.811800
186.370050
186.372850
186.376050
186.386800
186.390500
187.047950
187.050600
187.053650
187.079250
188.756950
188.759450
188.762750
189.337650
189.340350
189.558350
189.561150
191.038300
191.040900
191.043950
191.048450
191.065000
191.068850
193.223650
193.226450
194.960900
194.963700
194.966600
194.970300
194.974200
195.194000
195.196550
195.203650
195.376000
195.379200
195.770500
195.773050
195.785650
196.578150
196.580750
197.241400
197.244000
197.248100
197.252500
197.266600
197.269750
197.284850
197.903300
197.905950
197.909750
197.913300
198.129400
198.132000
198.159050
199.073950
199.076550
199.080300
200.288950
200.291600
200.294750
200.298700
200.320750
200.594800
200.597450
200.601400
200.844050
200.846900
201.063450
201.066350
201.069850
201.079350
201.693650
201.696050
201.699100
201.714250
202.261450
202.264450
202.274950
202.712400
202.715250
202.956550
202.959300
202.963000
203.125750
204.272850
204.475850
204.478300
204.481250
204.484900
204.493150
204.741400
204.744350
205.498250
205.500650
205.504150
206.936200
206.938600
206.941350
206.944850
206.957900
207.453350
207.749450
207.752100
207.758050
207.853500
207.856500
208.253550
208.256000
208.259650
208.286850
208.301800
208.459850
208.462650
208.999300
209.001800
209.016300
210.640350
210.642850
211.319750
211.322400
211.325700
211.606450
211.609100
211.615250
211.646550
211.650700
213.119250
213.121800
213.126150
213.217550
213.220850
213.817050
213.819700
213.823100
214.039400
214.041950
215.025100
215.028050
215.195450
215.198050
215.214500
216.034600
216.037150
216.040500
216.556500
216.559200
216.570800
217.032100
217.034700
217.038200
218.453200
218.455700
218.459350
218.467700
219.293850
219.296700
220.098100
220.100850
220.103850
220.847550
220.850350
220.855050
220.861500
220.865500
221.552100
221.554650
221.691050
221.694000
223.099750
223.102050
223.104650
223.107750
223.112250
223.124550
223.467900
224.386900
224.389400
224.392500
224.425850
224.429400
225.742450
225.745200
225.748100
225.751550
226.307600
226.310100
226.313750
227.250950
227.253400
227.256100
227.259750
227.267100
227.291900
227.846100
227.848500
228.712200
228.714700
228.717950
229.146400
229.149000
229.152900
229.564200
229.567000
229.588200
230.013900
230.016400
230.019550
230.723800
230.726550
230.730250
230.734700
230.739250
230.750250
230.765050
231.072200
231.074800
231.078050
232.366150
232.368950
232.384900
232.411700
233.885750
233.888250
233.891800
233.904600
234.163150
234.165750
234.558700
234.561400
234.927650
234.930400
235.229700
235.232450
235.235650
235.482550
235.484950
235.489050
236.013450
236.019350
236.035950
236.667350
236.669800
236.672900
237.452800
237.455350
237.458600
237.518400
237.521600
237.925400
237.928800
237.962750
239.124100
239.126650
239.131000
239.497450
239.500250
239.506950
240.008650
240.011450
240.015950
240.055750
240.065900
240.069300
240.385750
240.388200
240.818800
240.821550
240.825400
241.156950
241.160350
241.500750
241.503400
241.826100
241.829050
241.832850
242.967200
242.970300
242.974450
242.979050
244.933550
244.936050
245.968100
245.970550
245.973750
246.008450
246.757450
246.760150
246.763650
247.691300
247.693700
247.696850
247.701100
247.708350
248.205850
248.208750
248.222550
248.226850
248.423250
248.425950
248.460400
248.787950
249.054400
249.056900
249.059600
249.063050
249.066850
249.088150
249.575700
249.578500
249.581500
249.829350
249.832400
250.665300
250.667850
250.670650
250.673800
250.682150
250.991400
250.993900
250.997200
252.115800
252.118400
252.742850
252.745400
252.765700
252.768650
252.776950
252.781150
253.383150
253.385800
253.389700
253.543300
253.546250
253.551200
253.765900
253.768500
253.775500
254.092600
254.117600
254.403550
254.602300
254.605000
254.616200
254.620800
254.870400
254.874650
255.638700
256.143150
256.149350
256.153400
256.279850
256.282700
256.301950
257.972950
257.975350
257.982100
257.992900
257.996350
258.160700
258.163800
258.186700
258.190500
258.326750
258.329900
258.557000
258.559900
259.106700
259.110000
259.197450
259.211050
259.445700
259.448450
259.459150
259.468800
259.995200
259.997550
260.000300
260.007750
260.124200
260.215900
260.218850
260.732750
260.739950
261.275500
261.278050
261.282950
261.292100
261.766100
261.768600
261.772300
262.091400
262.094250
262.507850
262.510600
262.784950
262.791400
262.798900
262.809500
263.557050
263.559650
263.792300
263.926550
263.929300
263.940250
263.946300
263.952000
263.964200
264.574050
264.577350
265.080950
265.083800
265.410800
265.413800
266.207300
266.209900
266.212950
266.224700
266.228500
266.584700
266.587200
266.605650
267.614600
267.620150
267.978450
267.984700
268.036400
268.324550
268.327400
268.553100
268.556250
268.570500
268.959800
268.962250
268.970250
268.974200
269.339250
269.341900
269.346950
269.370900
269.935700
269.938450
269.941850
270.453950
270.456500
270.979300
271.287000
271.289900
271.308750
271.361150
271.364500
271.433650
271.609550
271.612450
271.785850
271.816050
271.819800
272.463550
272.466200
272.470100
273.256150
273.258800
273.262250
273.274900
273.506350
273.509250
273.519400
273.522850
273.550450
273.868900
273.871650
273.883550
273.891650
274.620350
274.623050
274.718400
274.741400
275.220550
275.223450
275.413250
275.415800
275.651150
275.653800
275.775150
275.781050
275.788800
275.815450
275.818700
276.655950
276.658500
276.692500
277.191400
277.194100
277.199750
277.203500
277.207000
277.233550
277.572900
277.575750
277.717950
277.721100
277.813650
277.816800
279.013600
279.016250
279.019900
279.376500
279.379200
279.383000
279.508550
280.292650
280.295250
280.298400
280.307100
280.819900
280.823200
281.268450
281.271100
282.068500
282.071200
282.161950
282.165000
282.291350
282.294800
282.298700
282.303300
283.378150
283.427850
283.431500
283.440550
283.446900
283.538400
283.659700
283.662500
283.666450
283.671150
284.186950
284.189650
284.193250
284.686000
284.688900
284.847450
284.863350
284.866650
284.869750
285.034050
285.036900
285.712800
285.715400
286.287900
286.620400
286.622800
286.626050
286.650600
286.739500
286.851950
286.855600
286.863950
287.190350
287.192900
287.202800
287.206550
287.702550
287.705150
287.785950
287.788700
287.791900
288.027150
288.029600
288.603350
288.606100
288.762050
288.765050
289.735000
289.740750
290.029450
290.049000
290.597300
290.812250
290.881150
291.258050
291.260900
291.413550
291.416150
291.419800
292.117150
292.406350
292.409200
292.954750
292.957350
293.567950
293.570450
293.976800
293.979100
293.982300
294.310650
294.314250
294.324950
294.679750
294.682200
294.685350
294.772700
294.913700
294.916450
295.429600
295.432450
295.482600
295.485500
295.488950
295.499700
296.959300
296.961950
297.363700
297.366550
297.483200
297.486150
298.046650
298.049250
298.053900
298.058100
298.474350
299.137700
299.237650
299.240200
299.259650
299.909800
299.912600
300.039250
300.041800
300.045000
300.770450
300.773400
301.918700
301.921350
301.924550
301.930450
301.934250
302.103150
302.820650
302.823150
302.826850
302.896850
302.899400
302.960100
303.657650
303.709450
303.712750
304.191500
304.194200
304.197350
304.399900
304.414700
304.766400
304.769400
304.778350
305.271000
305.273600
306.684250
306.687100
306.691450
306.706050
307.255550
307.258250
307.261750
307.273550
307.277400
307.927200
307.958900
308.920450
308.923350
308.934500
309.128550
309.141650
309.221400
309.223800
309.227300
309.364200
309.367600
310.110950
310.113650
310.117350
310.130000
310.133100
310.667100
310.670050
310.694550
310.736750
310.739450
310.759800
311.039850
311.335500
311.338150
311.374000
311.377050
312.068400
312.070950
312.081400
312.085150
312.206550
312.209550
312.228150
313.475100
313.477650
313.481100
314.621250
314.623700
314.626950
314.644650
315.052600
315.059200
315.296850
315.299500
315.302850
315.316100
315.320000
315.929300
315.932000
316.454750
316.457200
317.044650
317.103650
317.106450
317.798400
317.801500
318.599700
318.602250
318.605250
318.609100
318.617750
319.176750
319.179400
319.197000
319.706650
319.709250
319.837850
319.840800
320.409200
320.839450
320.842200
320.845650
320.939100
321.372050
321.374500
321.377800
321.548350
321.821000
321.824000
322.410150
322.412600
322.880050
322.882650
323.174250
323.176950
323.283000
323.285850
324.084450
324.087400
324.489600
324.492250
324.496250
324.499650
324.870450
324.873200
325.008350
325.011050
325.014700
325.029700
325.726350
325.729900
326.350050
326.700100
326.712100
326.720100
326.733750
327.961000
328.250100
328.252600
328.255850
328.612400
328.617850
328.813500
328.816700
328.820200
328.828050
328.845700
329.160900
329.470750
329.473200
329.476800
329.492950
329.640850
329.643500
329.647650
329.801450
329.894100
329.897300
330.604700
330.607650
331.173400
331.176150
331.179900
331.245050
331.495900
332.019150
332.021850
332.025000
332.028000
332.812450
332.951950
332.954500
332.958700
332.969150
333.110850
333.512350
333.515000
333.651350
333.654050
334.658450
334.660750
334.673300
335.066400
335.072650
335.075250
335.324300
335.327150
335.342150
335.356450
335.360150
335.466750
335.624400
335.631500
335.654350
336.260450
336.263050
336.266300
336.279300
336.284000
336.982400
336.985150
337.481250
337.483950
337.524600
337.528050
338.683200
338.686250
338.689750
339.100200
339.103500
339.547800
339.550700
339.567500
339.606600
339.609600
339.613100
339.617550
340.236550
340.239200
341.209850
341.212750
341.216000
341.232600
341.242500
342.141300
342.143950
342.168700
342.174300
342.348900
342.352150
342.409700
342.413050
342.946500
342.949150
343.474550
343.477000
344.403250
344.406100
344.705950
344.708300
344.727550
344.745400
344.924400
345.167450
345.170050
346.280300
346.282600
346.291800
346.298000
346.310850
347.161350
347.163950
347.167850
347.179700
347.506550
347.508900
347.512350
348.493850
348.496450
348.500050
348.634400
349.085050
349.088000
349.096500
349.099800
349.118300
349.208050
349.214400
349.221050
349.635250
349.637850
350.419200
350.421600
350.429700
350.818650
350.821300
351.702100
351.709250
352.114400
352.117150
352.352200
352.355250
352.719650
352.722300
353.849000
353.856850
353.860700
354.116750
354.119800
354.182750
354.435550
354.667100
355.282850
356.143200
356.145900
356.149250
356.868600
356.871000
356.873900
357.902450
357.905350
358.072850
358.075600
358.846450
358.849400
358.852900
358.960700
358.963350
358.975450
358.978750
359.177750
359.682100
359.684800
359.826400
359.828950
359.831900
359.836600
360.412500
360.415000
360.426250
360.832900
361.117950
361.536100
361.538850
361.871250
361.874000
361.877950
361.981550
361.984250
362.702150
362.704850
362.707700
364.094900
364.100600
364.112000
364.274350
364.277200
364.690550
364.693650
365.004700
365.819850
365.822500
366.553150
366.555700
366.558950
366.724050
366.739250
366.743050
367.135850
367.138800
367.893900
367.897550
367.910700
367.923000
368.242650
368.245300
368.249000
368.253300
368.267200
368.943700
369.179400
369.182150
369.626200
369.628700
369.632100
370.139500
370.142350
371.096000
371.111750
371.698700
372.558300
372.561000
372.925000
372.927500
373.145450
373.147800
373.150750
373.185750
373.494100
373.496550
373.506200
373.509700
374.337900
374.340550
374.359300
374.933400
374.935800
374.939000
374.943800
374.948450
374.961700
375.179400
375.201050
375.209150
375.211800
375.262350
375.501100
375.504550
376.487450
376.490250
377.274000
377.276750
377.290800
377.647150
378.301000
378.303900
380.096400
380.098900
380.102200
381.010950
381.013550
381.017250
381.188700
381.191300
381.194450
382.132450
382.139150
382.398750
382.401650
382.405550
383.235050
383.238000
383.241150
383.438650
383.441150
383.458850
383.462450
384.577300
384.579850
384.583450
384.637450
384.857650
384.860200
384.863150
384.867250
384.879150
385.340500
385.343000
385.346450
385.359650
385.699950
385.702600
386.149700
386.152350
386.156050
386.640150
386.642700
386.652800
387.208650
387.211500
387.689700
387.692500
387.696000
387.704000
388.263100
388.265550
388.268650
388.317200
388.320500
388.801250
388.804600
389.202000
389.204500
389.214500
389.400000
389.952850
389.955350
389.958800
390.059450
390.211300
390.213750
390.217950
390.482000
390.484650
390.488500
390.999800
391.003150
391.007100
391.011750
391.465750
391.468300
391.472500
391.495000
391.666550
391.669400
391.683250
391.698050
391.701350
391.711800
391.726650
392.132600
392.135050
392.692750
392.695450
392.699100
393.052400
393.055150
393.578600
393.947600
393.950200
393.953700
395.037950
395.040350
395.043950
395.048400
395.398300
395.400900
395.427500
395.444650
395.448700
395.456250
396.000100
396.006350
396.533550
396.535950
396.539000
397.627100
397.630250
397.746700
397.749200
397.752950
397.768700
398.253900
398.374350
398.377300
398.381150
399.342200
399.344600
399.356300
399.495400
399.498650
399.502200
399.994350
399.996950
400.000650
400.013900
400.606450
400.726550
400.729200
400.732600
400.763000
401.527550
401.530300
401.533650
401.559550
401.562350
402.784500
402.787250
402.790650
402.794400
402.805000
402.814950
402.827700
403.845000
403.847650
403.854800
404.478350
404.480850
404.605200
404.608200
405.798650
405.801250
406.218300
406.221100
406.366850
406.369800
406.947100
406.949600
408.030200
408.032900
408.036700
408.164250
408.903050
408.905600
408.908200
409.836800
409.839400
411.800650
411.803200
411.806400
411.809550
411.813700
412.179300
413.030350
413.033000
413.547350
413.549900
413.552850
413.564400
414.413050
414.415500
414.418450
414.422750
414.615950
414.621800
414.646000
415.099000
415.105750
415.110300
416.352950
416.355450
416.385200
416.389050
417.748500
417.751400
417.775600
417.802100
418.792650
418.795750
418.799200
418.802750
418.806550
418.810300
418.822350
419.011150
419.013750
419.114800
419.475600
419.478200
419.619050
420.308500
420.311300
420.314550
421.281300
421.284200
422.863900
423.833550
423.836950
423.850400
423.853750
424.310450
424.313050
424.689700
424.696750
425.093700
425.152550
425.968800
425.971900
426.578250
426.581000
426.972400
426.975000
426.978550
428.549150
428.551550
428.554800
428.558450
428.738550
428.741150
429.348850
429.351450
429.538000
429.541000
429.544500
429.839350
429.842800
430.137000
430.139750
430.322150
430.324650
430.340650
430.708300
430.711000
430.856900
431.270800
431.273400
431.354850
431.678350
431.684450
431.688400
433.312850
433.315500
433.318650
433.334800
433.345550
433.613000
433.615750
433.618950
433.623050
434.226400
434.229150
434.245100
434.249400
434.276800
435.263300
435.266100
435.269350
435.279900
435.492300
435.494700
436.118000
436.495250
436.498200
436.506400
438.139500
438.142200
439.240050
439.242450
439.245700
439.830450
439.844550
440.379050
440.381850
440.556500
440.559450
441.149700
441.699500
441.701950
441.705300
442.013300
442.015750
442.099000
442.102400
442.147900
442.151250
442.260100
442.396050
442.461900
443.566400
443.569150
444.189800
444.192400
444.195450
444.199550
444.213900
444.315800
445.305950
445.330650
446.919850
446.922300
446.925750
446.936850
446.940400
447.437400
447.887300
447.889850
447.900600
447.905350
448.226050
448.228700
448.578350
449.170450
449.172950
450.132100
450.135150
450.502250
450.999650
451.002100
451.005700
451.825650
451.828050
451.831500
452.129050
452.132050
452.205800
452.208550
452.951450
452.953950
452.957100
453.607550
453.610100
453.613550
453.643350
454.766300
454.768800
454.772150
455.335050
455.640400
455.643000
455.646050
455.649500
455.668800
455.915650
455.918250
456.445900
456.448700
456.716900
456.719400
457.474850
458.622700
458.625250
458.724900
459.127350
459.130050
459.507900
459.510250
459.513400
459.523900
459.705900
460.028400
460.309450
460.311950
460.314950
460.760850
460.763450
461.854000
461.873250
461.876800
462.311300
462.314050
462.955550
462.957650
462.960650
462.974550
463.195700
463.198400
463.585600
463.957300
463.963750
464.769650
464.772500
464.775650
465.687150
465.692550
465.696300
465.703400
466.071550
466.074150
467.012750
467.020800
467.036950
467.041000
467.297300
467.299900
467.501950
467.504500
467.508700
469.057950
469.063600
469.795800
470.574100
470.576550
470.579650
471.221950
471.335000
471.337600
472.263000
472.265700
472.268950
472.573550
472.576450
472.579750
473.316150
473.319100
473.322550
473.481950
473.484700
473.488300
473.503200
473.839700
473.845500
473.871600
473.875800
474.648850
474.651350
474.654400
475.011350
476.179700
476.182250
476.185650
476.197950
476.675350
477.287300
477.290100
477.361450
477.572800
477.575350
477.578800
477.597950
479.130550
479.133100
479.136600
479.806750
479.809450
480.439600
480.442250
481.278750
481.281450
481.306300
481.309600
481.743050
481.975800
481.979350
482.161300
482.164000
482.166900
482.170150
482.175650
482.538700
483.153900
483.159250
483.166950
483.241400
483.244600
483.477050
483.487400
484.365600
484.725150
484.774000
484.776750
485.057600
485.078350
485.683150
485.686000
485.878600
486.026350
486.029000
486.044200
486.048700
486.102950
486.340000
486.342550
486.345900
486.350350
486.358100
486.700850
486.703650
487.502750
487.505300
487.509850
488.052250
488.054600
488.057500
488.061000
488.064500
488.696700
489.163400
489.169850
490.097300
490.100700
490.120950
490.405300
490.423900
490.426600
490.944100
491.801850
492.200400
492.202950
492.480750
492.483750
492.706900
492.709400
492.768550
492.775400
493.103850
493.106750
493.116950
493.142600
493.662800
493.665300
493.668700
493.689300
493.761300
494.038800
494.041500
494.852500
494.894050
494.897450
496.475200
496.477950
496.481050
496.872000
496.991500
497.001000
497.209300
497.257100
498.258300
498.260800
498.360150
498.397950
498.400500
498.409600
498.721200
498.723900
498.743950
498.747050
498.896100
498.899000
499.495450
499.498300
499.544800
499.547550
500.379550
500.382150
500.385150
500.412250
500.936300
500.945200
502.028150
502.031650
503.221950
503.224450
503.227950
503.231450
504.055950
504.058600
504.349550
504.352250
504.505200
504.507650
504.510550
504.790150
504.792950
504.831800
505.072550
505.078250
505.419150
505.421950
505.690250
506.103050
506.105700
506.109050
506.127600
507.183350
507.185900
507.196750
507.200250
507.357250
508.003150
508.032050
508.035300
508.444300
508.447100
508.845350
509.415050
509.417750
509.441300
509.863150
509.865500
509.868600
510.115800
510.123150
511.047450
511.050050
511.053050
511.382500
511.674150
512.275000
512.630400
512.806700
512.809200
512.812400
512.851850
512.855500
513.852200
513.854800
514.342400
514.344700
514.347850
514.359350
514.368300
514.465950
514.468700
514.472750
515.445300
515.448050
515.658000
515.663950
516.076050
516.078600
516.084250
516.742550
516.917950
516.943500
516.946300
516.949600
516.962650
517.292500
517.298450
517.546550
517.549400
518.142200
518.240050
518.242500
519.068200
519.071000
519.074050
519.346900
519.349450
520.645250
520.647700
521.264650
521.267150
521.270100
521.959950
521.962400
521.985300
522.534650
522.537150
522.540800
522.544900
522.784300
522.787150
522.921750
524.142400
524.144900
524.442300
524.445050
524.630050
524.633150
524.670250
524.674400
524.880650
524.883400
525.263400
525.266200
525.269300
525.273050
525.615450
525.617800
526.342450
526.345100
526.721600
526.724450
527.233900
527.413250
527.415800
527.650700
527.846550
528.401200
528.403900
528.407050
528.415250
528.430250
528.433900
529.489800
529.492350
529.495400
531.012250
531.015250
531.018600
532.244150
532.246550
532.699850
534.308000
534.310300
534.313550
534.323350
534.699300
534.701800
535.807550
535.810250
536.671850
536.674300
536.677750
536.975050
536.977350
537.363000
539.187450
539.190200
539.193700
539.202300
539.205950
539.228500
540.019650
540.022200
540.058400
540.591900
540.594700
541.096200
542.049850
542.529150
542.531750
542.534900
542.596700
542.842200
542.855450
542.952550
542.956100
543.223500
544.069050
544.565500
544.567900
544.570800
545.508000
545.511600
546.042300
546.044950
546.048700
547.250700
547.253200
547.257250
547.423750
547.426850
547.436250
548.326150
548.372500
548.375300
549.105250
549.107750
549.120200
549.683400
549.685800
549.697700
549.748550
549.751750
550.708100
550.711200
550.715800
552.130900
552.133800
552.171100
552.174950
552.544150
552.546700
552.550150
553.171400
553.663350
554.142850
554.148400
554.159550
555.226650
555.228950
555.232250
555.407650
555.410500
555.527300
555.529950
556.664300
556.667100
556.670200
557.176050
557.626450
557.635850
557.640450
557.670650
557.847500
558.779250
558.781750
558.804200
558.807750
558.822550
559.095150
559.097850
559.347500
559.361550
559.577900
559.580950
560.340000
560.342500
560.346500
560.353550
560.658700
560.661350
560.755150
560.760400
561.467950
563.038750
564.556200
564.561800
564.586400
565.050750
565.053300
565.060800
565.529450
565.943200
565.945850
565.958600
565.962150
566.201350
567.933500
567.938750
567.942100
568.991900
569.065000
569.067700
569.071100
569.111700
569.115450
570.049000
570.051800
570.054900
570.068100
570.075400
570.934700
571.065250
571.067850
571.104800
571.412100
571.417800
571.422950
571.429950
571.674800
571.678350
572.528000
572.530600
572.799750
572.806000
573.134150
573.136750
573.737450
573.942100
573.944600
573.947250
573.962050
575.146400
575.149050
575.152200
575.179300
575.181900
575.666700
575.669450
575.988100
575.991000
576.623400
576.625850
576.629700
576.999300
577.003400
578.355200
578.357750
578.361600
578.380600
579.161450
579.868250
580.016650
580.019300
580.212250
580.215450
580.561900
581.025150
581.027500
581.337850
581.340700
581.344400
581.694350
581.696950
581.987500
582.239400
582.242100
582.261000
583.024550
583.032300
583.051850
583.427200
583.429800
583.533800
583.991900
592.608500
598.169300
606.237950
608.942800
612.732000
612.734950
613.450450
613.462000
613.465150
613.467550
613.471300
613.517250
613.942900
613.945900
613.994650
614.211800
614.214300
614.217250
614.342450
614.345150
614.517350
614.859150
614.861700
614.864950
615.086250
615.088800
615.091900
615.095500
615.936400
615.989700
615.992150
616.091200
616.660500
616.663150
617.032250
617.643750
617.712000
617.715000
617.839000
618.211100
618.214200
618.218200
618.703450
618.706200
618.947200
619.021650
620.025900
620.028350
620.043700
620.924900
620.927350
620.930150
620.940350
621.226500
621.229000
621.235650
621.240000
621.273200
623.231600
623.234300
623.724700
623.727350
623.730600
624.082650
624.085200
624.322700
624.325800
624.367000
624.823250
624.829550
624.902050
625.261200
625.264850
625.280300
625.402500
625.405550
626.340050
626.342550
626.748350
626.806050
627.207650
628.041400
628.044100
628.273250
628.275850
628.514750
628.517650
628.782250
628.791350
629.296050
629.466500
629.469250
629.958600
629.961150
630.089000
630.837900
630.875950
631.049000
631.237400
631.275900
631.279050
631.288150
631.749250
631.751950
632.191400
632.194100
632.198000
632.768500
632.771200
633.576650
633.579250
633.723800
634.391050
634.393700
634.684050
634.904850
634.907550
634.916150
635.087700
635.090250
635.361100
635.364200
636.098400
636.120400
637.308600
637.311100
637.422950
637.425750
638.211350
638.610200
638.930500
639.019150
639.353550
639.356050
639.360600
639.626700
639.629250
639.723850
640.087250
640.089950
640.303500
640.506350
640.508950
641.098800
641.268100
641.400600
641.402950
642.023800
642.029550
642.310150
642.312600
642.556300
642.558950
642.563400
642.778800
642.781400
642.797000
643.601750
643.604300
643.608550
644.338400
644.341050
644.516200
645.304550
646.565550
646.568300
646.571350
646.671000
646.673950
647.603000
647.605850
647.620950
649.346100
649.348550
649.388400
650.370450
650.658350
650.661550
650.664850
650.672000
650.676550
650.785400
651.812700
651.818700
652.003700
652.006100
652.010100
652.030900
652.338450
652.918150
653.058100
653.060750
653.069750
653.073700
653.250050
653.282800
653.285300
653.288900
653.596750
653.599400
653.929150
654.277500
654.280250
654.283900
654.740750
654.743350
654.754250
655.377650
655.380150
655.383450
655.620750
655.623500
655.778400
655.781050
655.980300
655.983100
656.455350
657.735350
657.946250
657.948750
658.747950
658.857800
658.860500
659.340200
659.342650
659.345850
660.624850
660.627700
660.631150
660.952500
660.955200
661.724100
662.181350
662.183750
662.187000
662.190900
662.206250
662.341550
662.344250
662.347650
662.357800
663.190800
663.193450
663.477150
663.480400
663.882000
663.884600
663.887800
664.001600
664.302550
664.305400
664.872100
664.874700
664.877750
664.900700
665.349600
665.365300
665.517950
665.520900
665.716250
665.719050
666.602800
666.607950
666.648500
666.708450
667.075700
667.307100
667.787400
667.927450
668.119650
668.252750
668.255350
668.896950
668.899650
669.162550
669.625950
669.632200
669.793000
669.795750
669.799150
669.810150
670.618550
670.621600
671.615950
671.618250
671.639000
671.891350
671.894100
671.898950
672.065400
672.078350
672.081150
672.339150
672.342100
672.575900
672.578950
673.314350
673.617450
674.517900
674.921800
674.924650
675.358000
675.360600
675.363600
675.683950
675.687100
676.443750
676.496000
677.648400
677.650700
677.657450
677.674900
678.774200
678.776850
678.935200
678.938100
679.323250
679.326100
679.579850
679.582750
679.640900
679.650400
680.125350
680.127700
680.145150
680.149650
681.540000
681.542500
681.546000
681.736700
682.484700
683.328400
683.330950
683.334100
683.343250
683.352750
683.601550
683.604450
683.892600
684.167000
684.172650
684.354000
684.572650
684.575850
685.007300
685.020150
685.046050
685.338500
685.341250
685.401800
685.405550
685.859100
686.084900
686.540700
686.594250
686.597050
686.680300
687.712450
687.847300
687.849800
687.853050
687.864750
688.626300
688.628800
688.632100
688.653600
688.935900
688.939350
689.301500
689.304200
689.307500
689.314750
689.318350
689.329700
689.707650
689.713300
690.697250
690.700550
690.853650
690.856300
690.859700
691.314500
691.316950
691.326500
691.919100
691.921500
691.926700
691.950550
692.278200
692.280800
692.570200
692.572950
692.956150
692.964100
692.967850
692.978050
693.314250
693.317150
693.434100
693.437400
693.878400
693.881000
694.271000
694.273750
694.277550
694.839850
695.771450
695.773900
695.788800
696.705600
696.708400
696.712000
697.362100
697.364900
697.950450
697.953150
698.454200
698.461450
698.464050
698.808400
698.811100
699.136800
699.139650
699.143850
699.159700
699.203650
699.207100
699.495250
699.497850
699.501650
699.639450
700.043350
700.401200
700.403750
701.242300
701.245250
702.620450
702.623100
702.850500
702.853300
702.856500
702.860800
702.905550
702.935750
702.939300
703.242150
703.244900
703.399650
703.436700
703.440000
703.570100
703.678000
703.680750
704.330100
704.336450
704.358600
704.760900
704.763450
704.766450
704.853400
704.856300
705.291150
705.294650
705.873800
705.876250
705.879550
706.667550
706.670300
707.319950
707.322700
707.325600
707.847700
707.850300
708.731000
708.733350
708.753200
708.765200
708.776650
708.905600
708.908400
708.911950
708.921050
709.735850
709.739800
709.744200
709.753600
710.050250
710.052900
710.996000
710.998700
711.680650
711.882100
711.884700
712.204750
712.678150
712.940600
713.224900
713.454500
713.460050
714.345000
714.347550
714.456450
714.459200
714.463050
714.780850
714.783600
715.069250
715.072100
715.173650
715.350600
715.353150
715.395050
715.397800
715.401250
717.125850
717.541400
717.596850
717.600200
717.612400
717.616100
717.856900
717.881000
717.883750
719.449400
719.451900
719.456300
719.921350
719.923850
719.926750
720.050650
720.669050
721.747350
721.750150
722.446350
722.464900
722.468600
723.180650
723.183200
723.186250
723.340600
723.342950
723.345950
723.352250
723.356850
723.515750
723.518700
723.525850
723.830150
723.832900
724.245300
724.248200
724.692300
724.956800
724.959600
724.963050
725.120700
725.123300
725.127200
725.166850
725.169900
725.701950
725.704850
726.204000
726.222450
727.253900
727.267600
727.864750
727.867300
727.871050
727.880300
728.040150
728.048600
728.550700
730.670050
730.672500
730.675400
730.934750
730.937300
731.239900
731.242550
731.975350
731.978050
731.981700
732.330850
732.376200
732.378850
733.036950
733.039700
733.043500
733.058000
733.682000
733.684750
734.241150
734.243850
734.452500
734.455700
734.571450
734.574600
734.598250
734.601800
734.902450
735.297000
735.299950
736.261550
736.264500
737.286400
737.288900
737.292300
738.416250
738.418650
738.432950
739.415850
739.418400
739.437650
740.493900
740.496450
740.499250
740.502950
740.780600
740.787250
741.171650
741.342900
741.345550
742.694450
742.700200
743.462500
744.640550
744.644600
745.856950
745.859450
746.145150
746.147850
746.151000
746.439550
746.442150
746.445800
746.695050
747.135150
747.612900
747.615450
747.618850
747.625500
747.933100
747.936800
748.683350
748.685900
748.689250
748.693350
748.704250
748.961650
749.346200
750.052250
750.054800
750.058150
750.619850
750.626450
750.640250
750.892800
751.538300
751.541050
751.634800
751.964900
751.967350
751.970450
752.043700
752.046300
752.050550
752.281100
752.284050
752.288200
752.645500
752.648250
752.924950
753.317550
753.319950
754.377150
754.775550
754.778200
754.781200
755.409850
755.412400
755.419000
755.887050
755.889850
755.980600
755.984800
756.418100
756.421200
756.544150
757.039100
757.052500
757.054550
757.067050
758.640500
758.643150
759.413350
759.415950
759.496750
759.499700
759.825250
759.830850
760.206350
760.209000
760.722700
760.768600
760.771500
761.064100
761.082350
761.085100
761.368100
761.370600
761.375050
761.723000
761.725300
761.728350
761.738800
762.028500
762.031300
762.034300
762.075450
762.586550
762.588950
762.592400
762.612900
762.741750
762.892050
763.188950
763.195850
764.494050
764.498000
764.500650
765.009750
765.012300
765.507000
765.509600
765.964400
766.756100
766.759050
766.771100
766.774400
767.565150
767.568100
767.571950
767.575650
767.582250
768.041350
768.043850
768.609450
768.612350
768.803850
768.806350
768.821400
769.393050
769.395700
769.399300
770.937450
770.939850
770.943550
770.953000
770.965600
770.969450
770.980350
771.903650
772.387150
772.405800
772.884950
772.887550
772.900150
772.903550
773.345500
773.348200
773.376100
773.500700
773.571100
774.336100
774.339050
774.628950
774.631600
774.635500
774.840400
774.843100
775.463000
775.465550
775.469900
775.474150
777.083950
777.086650
777.659150
777.661750
778.164350
778.580800
778.583750
778.586900
778.935000
778.937750
779.150900
779.153450
779.424700
780.055400
780.058050
780.597800
780.600550
780.604400
781.083600
781.094200
781.097800
781.315300
781.318450
782.389300
783.611050
783.613450
783.616450
783.625100
784.242150
784.247750
784.251600
786.064950
786.070500
786.592200
786.594800
786.628400
787.514800
787.517400
787.520600
787.818600
787.824300
787.833600
787.948400
788.714500
788.717100
788.720100
789.131300
789.133900
789.733750
789.736350
789.739450
789.752550
789.756850
790.099150
791.238550
791.241300
791.244850
792.663200
792.665650
792.669400
792.806200
792.808700
792.825050
793.963350
793.965950
793.973300
795.083350
795.085750
795.442250
795.444850
795.466150
796.297650
796.300250
796.303900
796.451150
796.454000
796.457850
797.116200
797.137500
797.140900
797.323200
797.375050
797.377800
797.688500
797.691550
798.143900
798.146950
798.308800
798.311500
799.030600
799.033350
799.315300
799.317550
799.329350
799.616050
799.618800
799.696350
800.148300
800.151450
800.428300
800.430750
800.812950
800.815850
801.112850
801.460400
801.463100
801.466450
802.130250
802.132800
802.169800
802.177500
802.181500
802.188400
802.965900
803.157650
803.160350
803.526250
803.528950
804.337900
804.805050
804.807850
805.549150
805.551950
805.566050
805.586300
806.021800
806.024350
806.027350
806.050500
806.792500
806.794900
806.798450
807.257750
807.260650
807.483400
807.486600
808.033100
808.036100
808.120200
808.123400
809.156800
809.174250
809.383600
809.386450
809.390200
809.652050
809.654700
809.658100
810.487950
810.490650
810.494200
810.892300
810.922600
811.710000
811.712450
811.715850
811.730300
811.732800
811.827000
812.559850
812.562500
812.871850
812.874500
812.878000
813.427250
813.429850
813.433250
813.454050
814.109500
814.112150
814.717600
814.720300
815.686700
815.835900
815.838300
815.849100
817.296900
817.302700
817.891900
817.894300
817.940500
818.146200
818.149550
818.444450
818.447350
818.836550
818.838950
818.842900
818.873450
818.876200
818.880000
818.888150
818.902300
819.550350
819.552900
819.858800
819.861600
819.901950
819.922650
820.238800
820.740500
820.743250
820.925250
820.928100
820.931700
822.221050
822.253450
822.542900
822.548550
822.561750
822.947750
822.950450
824.125900
824.265750
824.268550
824.272750
824.815700
824.818300
824.821300
824.839700
825.164450
825.167050
825.183950
825.375500
825.378050
825.381650
825.665050
825.667950
825.737650
825.740450
826.521050
826.523500
826.527550
826.854600
827.428400
827.448000
827.822650
827.825600
827.829800
828.677000
828.679750
828.683100
829.057800
829.060700
829.339450
829.342550
829.592600
829.998850
830.004550
830.208400
830.211300
830.526500
830.896100
830.899000
831.009150
831.097500
831.100150
831.166250
832.084250
832.086750
832.327800
832.433650
832.436500
832.644450
832.647300
832.665200
833.031500
833.067800
833.070550
833.074150
833.100000
833.381500
833.384300
833.724950
833.727500
833.968350
834.031150
834.033700
834.038150
834.447900
834.450650
834.982000
834.984850
836.756350
836.759150
836.870250
836.873150
837.067950
837.070850
837.412300
837.414850
837.528250
838.920750
839.373200
839.376000
840.181500
840.187750
840.286200
840.288850
840.617050
840.619800
840.648850
841.192950
841.195500
841.509150
841.511850
841.814400
841.817250
842.430300
842.432750
842.435650
842.768900
842.771500
843.793050
843.795550
843.802900
843.979350
843.982000
844.858350
844.860900
845.497500
845.499950
845.503300
845.697100
845.699700
845.849500
846.605450
847.888850
847.891550
847.894850
848.028350
848.137850
848.140350
849.256150
849.258900
849.592050
849.832450
849.835100
849.839050
850.195300
850.198100
850.215400
850.831050
850.833650
850.998300
851.247300
851.250050
851.766300
851.769100
852.075450
852.078100
852.081150
852.701600
852.706700
852.722200
852.974450
853.043800
853.046400
853.426650
853.432800
853.787150
853.789650
853.792600
855.107100
855.109550
855.112700
855.116900
855.622900
855.626200
855.629800
855.644950
855.648700
856.311850
856.314500
856.569300
856.809250
856.811950
856.840900
858.138050
858.140650
858.143800
858.149750
858.315850
858.653700
858.656200
858.659700
858.671550
858.995000
859.324200
859.326850
859.944850
860.572850
860.575500
860.602300
860.605900
861.007000
861.009700
861.013100
862.236300
862.449650
862.451850
862.455650
862.492700
862.710600
862.713700
863.462500
863.465150
863.467900
863.937350
863.939900
864.404400
864.407200
864.791250
864.793800
864.797850
864.852300
864.855200
865.937500
865.940150
866.481300
866.483850
866.496550
867.145850
867.148450
867.152000
867.157250
867.160900
867.367800
867.370500
867.697750
867.700300
867.728150
868.266100
868.268850
869.438600
869.441200
869.532800
870.754500
870.757050
870.760050
871.106200
871.459850
871.830900
871.833450
872.083800
872.086550
872.415800
872.418450
872.422300
872.574700
873.221150
873.223800
874.671550
874.674350
874.677700
874.685850
874.866050
874.869050
875.332300
875.473100
875.475750
875.479150
875.483450
876.623450
876.625850
876.628750
876.714850
876.717800
876.791650
876.908450
876.911250
877.091750
877.094450
877.305250
877.307850
877.311150
877.319450
877.664500
877.667350
878.827550
878.835250
878.951300
879.261850
879.264650
879.338500
879.402050
879.407950
879.416600
879.421100
879.876900
879.899950
879.903250
879.907650
880.641500
880.886850
880.892250
881.008950
881.538750
881.541300
881.545050
881.549150
881.566450
881.617150
882.171950
882.178450
882.608300
882.610950
882.828050
882.830650
882.848950
882.852450
883.946500
883.952350
885.985200
885.987750
885.991050
886.305700
887.076450
887.188650
887.191150
887.209000
887.239000
887.241850
887.496600
887.499350
887.746650
887.749050
887.756800
887.964100
887.967000
888.653100
888.655650
888.658950
889.398800
889.401500
889.821800
889.824250
890.201350
890.888250
891.651600
891.654350
893.311500
893.313900
893.317050
893.382250
893.546950
893.549550
894.503650
894.506550
894.510000
894.514500
894.830850
894.833400
894.851650
895.281450
895.284300
896.339800
896.342450
896.614200
896.616850
896.621050
896.988900
896.992500
897.250550
897.253350
897.859800
897.862100
897.865300
897.875950
898.418500
898.421100
898.452100
898.458850
898.826650
898.830000
898.834050
899.505250
899.507850
899.541350
899.765400
899.875700
899.878350
899.893300
901.919450
901.922050
901.925200
901.936050
902.072150
902.075050
902.799050
902.801850
903.351900
903.593950
903.596600
904.276400
904.385800
904.388500
904.391750
904.442000
904.445300
905.147400
905.150050
905.614700
905.617400
906.123750
906.128550
906.131350
906.986450
906.988900
906.992150
907.009000
907.661650
907.664100
908.017600
908.499250
908.501950
908.506550
908.511250
909.994400
910.049600
910.051900
910.059000
910.068050
910.102550
910.944800
910.947450
911.900250
911.902850
912.382550
912.385300
912.388600
913.799950
913.802550
913.805700
914.042100
914.044350
914.047350
915.547000
915.549500
915.552650
915.566550
915.586800
916.077750
916.080400
916.409050
916.411800
916.921200
916.923800
917.425900
917.432050
918.102600
918.105150
918.220350
918.223750
918.423150
918.426100
918.625800
919.639700
919.642400
919.942850
919.945700
919.949250
920.253800
921.070000
921.072400
921.075600
921.687150
921.689850
921.693400
921.993500
921.995950
921.999600
922.003050
922.016050
922.420750
922.424050
922.677700
922.680400
922.693800
922.727450
922.731000
923.812700
923.815700
924.745800
924.748650
924.769100
925.703150
925.705800
926.593000
926.595250
926.611500
926.622800
927.660850
927.663550
927.702200
927.705700
928.358100
928.792300
928.794850
928.798650
928.846800
928.850550
928.862150
928.865700
930.301350
930.304100
930.307950
932.559000
932.562650
932.570200
933.075700
933.078250
933.081650
933.895250
933.897850
933.915000
933.919050
933.935950
933.955700
934.134800
934.137800
934.141700
934.494800
934.497450
934.754500
934.757350
934.761050
936.380200
936.531400
936.542150
936.746450
936.752750
937.947200
937.949900
937.953250
938.669950
939.877200
939.879900
939.883450
940.536250
940.538950
940.542200
940.923500
940.926100
941.425350
941.430700
941.911500
942.502900
942.812050
942.815600
943.341750
943.344450
943.389800
944.053950
944.056700
944.059950
944.497250
944.499850
944.503150
944.617100
945.431450
945.434100
945.437450
946.004350
946.007050
946.055250
946.058100
946.061400
946.670400
946.673150
946.677100
947.108400
947.110900
947.114000
947.132900
947.136100
947.686950
947.689900
947.692950
947.704000
947.919600
947.922600
948.541150
948.543850
948.587650
948.993100
948.995600
948.999100
949.971300
949.975250
950.498550
950.501350
950.791750
951.048450
951.802700
951.805250
951.808550
951.817050
952.124650
952.129250
952.132050
953.036350
953.039000
953.230150
953.232550
953.245700
953.801550
953.804450
954.195900
954.199100
954.772550
955.496700
955.508050
956.149850
956.195450
956.201250
956.652750
956.655850
957.169750
957.172350
957.175900
957.364650
957.367150
957.373200
957.648050
957.651300
957.995250
957.998000
958.002700
958.104600
958.108250
958.142300
958.146150
959.318300
959.320900
959.343650
959.347300
959.364200
960.349750
960.352450
960.356150
961.732300
961.735000
962.002400
962.005150
963.370050
963.450500
963.587950
963.590700
963.593950
963.974050
964.152650
964.155500
964.163650
964.432200
964.434750
964.550000
964.556600
964.875600
964.885950
964.888450
965.728300
965.731300
965.745050
965.748450
965.762900
966.615550
966.622300
967.538850
967.541550
967.761850
967.848050
967.851000
968.027450
968.030700
968.936900
968.939500
968.942900
970.020600
971.514000
971.516550
971.918500
971.921100
971.933600
971.937800
972.437200
972.439950
972.982400
972.984850
973.287650
973.290350
974.812500
974.815100
975.799500
975.801900
975.805650
976.112850
976.115500
976.119600
976.752400
977.663150
978.338100
978.344200
978.592600
979.394950
979.397700
979.469700
980.134850
980.154350
980.156900
980.160300
980.169050
980.172900
980.186650
980.659500
980.736250
980.738950
980.742650
980.763150
981.032750
981.035700
981.039300
981.058350
981.398250
982.134300
982.137050
982.140650
982.164550
982.676750
982.692200
983.220100
983.223050
983.226600
984.230600
984.233200
984.699950
984.702550
984.706000
984.712550
984.972350
984.975200
985.462550
985.465050
985.485150
985.643650
985.646550
985.658200
986.792000
986.794550
987.039350
987.042050
987.045600
987.219150
987.222150
988.133450
988.135850
988.143000
988.179100
988.704150
988.706900
988.715950
989.214100
989.496850
989.499200
989.562550
990.048600
990.211050
990.213950
990.524950
990.795300
990.861000
991.810150
992.118050
992.326600
992.329200
992.361250
993.131550
993.422350
993.424950
993.601600
993.604450
994.375600
994.378600
994.392350
994.471550
994.474800
994.826300
994.829050
994.842300
995.378600
995.381450
995.558400
995.561250
997.694000
997.696300
997.706650
997.716900
997.985750
997.988650
998.190050
998.192750
998.209900
998.224600
998.887850
998.890250
999.002300
999.004900
999.007900
999.800900
999.803500
999.806400
999.822000
1000.077950
1000.080800
1000.283150
1000.717200
1000.719850
1000.955950
1000.958800
1000.962650
1001.003700
1001.768600
1002.258800
1002.261950
1002.482300
1002.602700
1002.605600
1003.070600
1003.121250
1005.474100
1005.476750
1005.480100
1005.492250
1006.121100
1006.123700
1006.127250
1007.486700
1007.489500
1007.492700
1007.496450
1007.811900
1007.814850
1008.259150
1008.261800
1008.276550
1009.071300
1009.204450
1009.207950
1009.227400
1009.231300
1009.565200
1009.571150
1009.581400
1009.592600
1010.271550
1010.274150
1010.277150
1010.293800
1010.549050
1010.552050
1010.560700
1011.002250
1011.004900
1011.616000
1011.619100
1011.844350
1011.870650
1012.445600
1012.448450
1012.451700
1013.721800
1013.724300
1013.727850
1013.996700
1013.999500
1014.169500
1014.172100
1014.175300
1014.928850
1014.931900
1014.943000
1015.347100
1015.362000
1015.364400
1015.901700
1015.904400
1015.907700
1015.920450
1016.901100
1016.904450
1017.545400
1017.963100
1017.965850
1018.302100
1018.363100
1018.365600
1018.414200
1018.417350
1019.289400
1019.462000
1019.464950
1020.410000
1020.412700
1020.514450
1020.517250
1021.272550
1021.275400
1021.549250
1021.552150
1022.127750
1022.724400
1022.955600
1022.958500
1022.961800
1023.367050
1023.369700
1023.383900
1023.985850
1023.988650
1024.037550
1024.041200
1024.284900
1024.287500
1024.777650
1024.780450
1025.265100
1025.271900
1025.753400
1025.756550
1025.782450
1027.830450
1028.117150
1028.119600
1028.486100
1028.488700
1029.363700
1029.366750
1029.737750
1030.310050
1031.070850
1031.073500
1031.089650
1031.188150
