5.140200
5.142800
5.315550
5.372250
5.663800
5.987450
10.332350
10.355400
10.379300
10.413050
10.740650
10.793400
11.382900
12.135000
15.871750
15.878500
17.712550
26.377600
27.377000
27.405200
28.233400
28.585100
30.592600
31.206600
31.419450
31.422250
31.437800
33.898350
34.180500
34.422850
35.228650
36.029200
37.311650
37.986000
38.099600
38.204800
39.910100
39.956550
42.043900
43.097550
44.121600
45.328650
48.081250
48.130500
49.114600
51.086500
52.061400
52.150850
52.607100
54.032000
55.196100
55.224950
55.773200
56.289100
57.689450
60.366000
60.412650
61.403000
63.239500
66.559250
66.911000
67.625900
68.464200
72.263250
74.261050
88.770200
91.017550
93.941500
97.244100
100.049900
103.222300
103.224950
106.127600
110.914050
113.322400
113.916250
114.157900
115.850500
115.929550
118.977600
119.670300
119.711200
121.663750
121.666550
121.673850
121.972100
121.978400
123.566550
123.568800
124.487900
125.025500
125.271500
125.981200
127.240550
128.082950
128.602050
130.102650
131.848700
132.228300
134.676050
135.466100
135.490600
135.500500
135.515450
136.244350
138.756450
138.759300
138.796450
141.029750
141.670700
144.800700
145.437900
146.758100
147.092850
147.444200
147.818250
147.822350
149.722200
151.683450
152.130700
152.156350
152.736700
155.810950
156.073550
156.253050
156.863150
157.464500
159.047750
160.551250
160.838250
161.622100
161.626950
161.651450
165.056600
167.017400
168.255850
171.929050
171.937750
172.344600
172.394750
172.399850
174.426550
174.473800
176.161150
176.757000
177.320100
177.721400
177.922650
177.974000
179.544300
181.745400
181.748000
182.257700
182.423200
182.614550
185.757150
186.490950
186.894850
187.834900
187.841350
188.425550
188.438700
189.237950
189.240450
189.549550
189.685350
190.698700
191.033300
192.042400
196.344400
197.206600
198.057350
198.234900
198.286450
198.649550
198.914850
202.696750
203.319050
203.328800
205.449450
205.452900
205.465450
205.639500
206.036100
206.624700
206.958550
207.447500
208.889750
210.234850
211.615100
211.836150
212.901050
214.220800
214.670950
216.240600
217.023450
217.526450
217.736650
217.768250
218.946100
219.280200
219.729850
221.798750
222.183550
223.663650
224.011350
224.877300
225.198750
225.201300
227.202500
229.223900
231.704900
231.767700
232.154550
232.494150
233.589350
236.324900
236.542450
236.695500
237.294600
240.033200
240.284850
240.287650
240.290150
240.565950
240.949550
241.633150
241.895450
242.164650
242.199550
242.743950
242.788800
243.016800
243.217350
244.024350
245.440600
246.509300
246.532400
247.108250
247.742100
248.121100
248.913950
248.916400
248.923100
248.930600
248.932850
249.168650
249.196250
249.573800
249.670350
250.257850
250.996300
251.302800
251.755550
251.997850
252.647950
252.875900
252.955400
254.840300
255.966150
256.438300
256.464650
256.482150
256.721500
256.725500
256.855800
256.871050
257.450900
257.556300
257.560250
257.925850
258.152150
258.544900
258.721100
259.728250
260.349600
260.390450
261.234100
261.705650
261.948250
264.324700
265.208450
267.004250
267.007250
267.433300
267.811800
267.836600
268.051300
269.442950
269.778050
269.780300
269.785600
271.446300
271.907050
272.720300
272.936600
276.881150
277.882050
278.282200
279.311700
280.024550
280.677600
280.954850
281.583150
281.865400
282.217600
282.654300
282.865100
284.346900
284.607250
284.985150
284.988950
285.969450
286.199500
286.212650
286.705900
286.740950
286.749650
286.759400
286.928250
287.254400
287.406900
287.445600
288.031600
288.038100
289.436800
292.229550
292.586200
294.536300
295.072300
295.075150
295.284400
295.651600
295.665950
298.576850
298.987750
299.716450
299.750000
301.080050
301.292400
301.486150
303.494250
304.171250
304.380450
304.403450
304.634150
305.432750
305.823100
305.840350
306.376600
306.729700
306.853300
307.540200
307.877850
308.517600
308.520750
309.052900
309.904500
310.055150
310.232450
310.662100
311.571200
312.224700
312.240100
312.636650
312.651150
314.101300
314.210950
314.407600
315.018950
315.022000
315.108150
316.170450
316.542950
316.575750
316.789400
317.173250
317.829250
317.922250
320.489050
320.997200
321.153050
322.676050
323.598450
325.193050
325.352400
326.974050
326.977050
326.989550
327.568850
327.657450
328.478850
328.525250
328.679650
329.101250
329.131600
329.140100
330.621050
331.028150
332.433850
332.588950
332.591800
332.606600
332.615250
333.940150
335.535950
337.521250
338.242750
339.224600
339.227750
339.731250
339.733800
339.759450
340.769400
341.068550
343.708800
344.667700
344.691700
344.721950
346.294350
346.581750
348.229000
348.881450
349.240550
349.246450
349.257300
349.274600
349.464600
350.272000
351.336900
352.583050
353.744400
354.120500
355.299000
356.626200
356.770600
357.403800
357.406600
357.482800
357.486350
357.491100
359.675000
360.249400
360.251850
360.657700
360.793700
361.868650
362.210750
363.331200
363.349500
363.906950
363.912600
363.914800
364.996150
365.015100
368.592600
368.983050
369.766000
372.767850
373.295550
373.301050
374.362700
375.143150
375.353650
377.442350
377.493950
377.776350
378.247500
379.601300
383.834600
384.997600
386.170900
386.778150
387.263700
388.891850
390.338750
390.461200
390.975200
390.977800
391.660600
391.724050
391.729750
392.377800
393.428700
394.682350
394.699400
394.704450
394.715350
396.214000
396.241950
397.139500
397.392850
397.445100
397.621950
397.806250
398.780600
399.031700
400.158200
401.591500
401.742700
403.633550
405.624450
406.779200
408.433400
408.837200
408.879250
410.453750
410.893050
411.757400
411.971850
412.843150
413.389650
413.839200
413.989200
415.579750
415.898750
416.045650
416.757200
416.768650
418.524900
419.001400
419.748600
420.281150
421.845250
421.848150
422.101850
422.597600
422.971500
427.291200
428.762500
428.790550
429.261600
429.872400
431.689050
432.297450
432.300650
434.733200
437.603750
437.664650
437.913350
438.997750
439.005450
439.861200
439.904300
440.688700
440.703000
443.524550
443.769850
444.269900
444.389150
445.319500
446.000250
447.872750
448.838650
450.558850
451.840650
452.593050
453.136650
455.998600
457.327550
459.399750
462.957150
463.215500
463.218400
463.661400
464.232150
464.532500
465.406100
468.515400
469.003150
469.054150
469.702950
470.618350
471.335550
472.511350
474.074950
474.250950
475.518650
475.650900
477.829050
478.567700
480.485350
481.107550
481.630950
484.903250
485.481500
485.693450
486.015200
488.080650
488.249250
488.608500
489.643450
490.820900
490.824150
490.936400
491.304850
491.340400
492.247500
493.330650
493.425550
493.869300
494.527750
494.991400
496.025750
496.077650
497.124500
497.515950
500.028450
501.474350
503.175900
504.143800
504.608750
505.230800
506.424050
507.388000
507.535750
507.539450
507.763550
508.283900
509.216350
509.228200
510.381750
511.407550
511.993750
512.920550
513.129350
513.348200
513.386900
513.664100
514.265200
515.299800
516.666400
517.425250
518.674600
519.538650
520.328200
520.960950
521.644050
521.729600
522.309350
523.927500
524.296100
525.385500
525.543950
525.709650
525.712950
525.723500
526.389750
527.822600
528.082600
529.558350
530.167250
530.724200
531.586000
531.605150
531.915400
532.106950
532.405200
533.620650
534.201750
534.861600
535.367200
536.267400
537.340250
537.342950
537.974900
538.703950
539.408800
539.411700
540.630450
540.656300
543.725050
544.204350
546.643200
547.009150
547.596600
547.993900
548.295600
548.404200
548.450050
548.623850
549.769300
550.288400
551.604800
552.104900
552.321500
552.865450
554.929550
556.159550
556.504200
556.882300
559.602450
559.606300
559.626800
559.668650
559.862500
561.081650
561.367150
562.521700
563.430350
563.902350
564.455500
564.461200
564.624900
564.916750
565.115000
565.635400
565.707700
565.871800
565.874650
565.913850
566.765550
567.202750
569.135300
569.582900
570.055150
572.478550
572.976200
573.834050
574.234750
574.671750
574.725300
575.178800
575.770200
575.853500
576.190300
577.184600
578.731900
579.527050
579.666450
579.846850
581.173450
581.176450
581.185300
582.318150
582.654650
586.091150
588.068600
590.928700
592.012400
612.040600
614.256150
614.535500
615.536700
615.796700
616.540300
616.752650
618.695200
618.698450
619.832800
619.869600
621.525100
621.531650
621.542800
621.627500
622.062900
624.750850
625.554550
625.851650
625.855600
626.036200
626.149600
627.004650
627.353700
627.370050
628.037650
628.831800
628.973500
630.383850
630.578450
630.684350
631.146250
632.316000
632.750050
634.572450
634.783850
634.797800
634.804200
637.074100
639.194650
639.735950
639.871000
639.915350
640.395350
640.604100
641.207000
641.220700
641.347550
642.296450
642.540700
643.202500
643.719200
644.121800
646.584000
647.225850
647.240350
647.243700
648.869450
650.148900
650.152150
650.537750
651.665000
651.985750
651.999250
652.364250
652.379850
652.382700
653.817250
654.011150
654.213550
654.217300
654.668550
654.690750
654.705200
654.715250
654.718250
655.124500
655.815700
656.887500
657.042350
658.086800
658.657250
659.186800
659.193200
659.206750
660.085450
667.600350
667.975200
668.000400
668.015450
668.038700
668.041350
668.519400
668.887300
669.020000
669.618950
669.621800
669.634200
669.767400
669.981800
670.033700
670.733950
671.458600
673.060600
674.559200
677.295550
678.429400
679.908350
680.148450
681.272100
681.280850
681.380400
681.627300
681.629950
681.868600
681.929050
682.672750
683.379350
684.363400
685.766300
686.020850
686.345200
686.946100
688.847850
689.534000
689.854750
691.385300
691.391000
691.394850
691.418850
691.930450
693.026700
694.754100
696.321150
697.556000
697.952800
698.639800
698.801100
699.373000
699.394750
699.403900
700.513050
701.360300
701.363200
701.656350
702.214300
703.381350
703.777100
703.779850
705.637700
708.983350
713.152250
713.240100
713.909700
714.872000
715.042300
715.295500
715.326700
715.366950
716.233200
716.418900
717.026450
717.858600
717.914600
719.488700
719.738000
720.271000
721.850200
722.855200
722.857800
723.930900
723.934250
726.942700
727.797100
730.245950
730.787800
731.473650
733.103950
733.107550
733.589700
733.594150
734.659250
735.357900
737.064450
737.472450
738.812250
739.184750
746.201250
747.218100
747.237450
747.244800
748.059100
749.766200
749.772150
749.802150
751.600050
751.602350
752.193550
752.904000
753.155650
753.611550
754.229050
754.247800
754.285350
754.479400
755.456300
756.427750
757.134150
757.137300
757.163500
759.111200
759.928800
759.959300
761.731250
762.373150
763.857400
763.994600
765.472700
765.725350
765.859800
766.916100
767.047250
767.400350
768.633850
768.933550
769.336400
772.810800
773.654650
773.657800
773.675700
775.251850
777.923350
779.390400
780.771500
782.150100
783.328200
786.126450
786.467300
787.344650
787.348450
790.902900
791.190200
793.407550
793.474100
796.869700
797.666750
800.577750
802.290500
805.372400
805.385600
806.366750
807.225150
807.998500
809.727650
809.889850
812.187950
812.244500
813.924600
814.530100
814.578350
814.976100
815.961500
816.233300
816.236850
816.669600
816.929550
817.646200
817.754000
819.501850
820.706850
820.917950
820.920550
822.874800
823.235850
823.239550
824.496600
824.500150
827.008350
827.321450
831.222700
831.236550
831.838750
831.917050
832.572000
833.226350
836.874850
837.018950
839.435950
840.347800
840.513400
840.836450
841.964650
842.771500
843.924550
844.240700
844.420350
844.632200
845.527350
846.165950
846.242000
846.303300
846.441050
847.257150
847.746700
849.150000
851.327350
851.407450
852.076050
852.603100
852.605950
853.165900
853.895950
856.549600
857.691400
858.084550
858.107500
860.789050
860.951500
861.283850
862.503800
863.403000
863.940850
863.943750
863.951500
864.685700
865.109350
865.218300
865.220450
865.224600
865.860950
867.070900
867.146400
867.764650
867.837000
867.936950
867.983600
870.419300
871.310150
871.866300
872.341300
872.358250
872.926250
873.794050
874.554400
876.911050
877.366850
877.764900
877.870250
879.027250
879.583850
880.206700
880.986400
881.313350
881.375300
881.922400
882.261800
884.270450
884.720250
886.227250
886.355800
886.364250
886.535900
886.640050
887.303650
889.505600
890.039850
891.490200
892.202800
892.263600
893.715900
894.041850
895.754450
895.763200
895.809200
898.676850
898.680450
899.209100
900.759300
900.762550
901.205550
901.499250
901.545500
901.569400
902.365050
903.279150
903.282000
904.272450
904.832600
906.992350
908.224250
908.592900
909.320850
909.334300
909.535850
909.708950
911.419800
911.532050
911.820450
912.332150
912.725750
912.727950
914.067300
915.158050
917.122600
917.415000
917.618850
918.595450
919.285350
919.687950
920.233800
920.696850
920.789300
921.325800
922.392300
923.018200
923.021650
923.546200
923.550100
923.629400
923.784450
926.586450
926.592650
927.886450
927.964700
929.654150
929.658000
929.670050
930.118300
930.749250
931.204200
931.494650
932.370650
932.610750
932.613600
933.698850
934.138450
936.811950
939.904200
940.262750
940.553350
940.564650
941.027600
941.707350
941.825500
942.384200
942.584950
943.759700
944.108750
944.790500
944.813800
945.829750
946.084400
948.739100
949.111050
949.929200
949.998800
950.279400
951.270800
951.277750
953.719900
954.106650
956.128650
956.134450
956.626100
958.296050
960.064400
961.123750
962.757700
962.760300
963.509600
963.512700
965.823000
966.452400
966.562750
967.076600
967.451250
968.156150
969.645200
969.772400
969.847350
971.418700
972.118100
972.511100
972.523600
974.416950
974.468650
975.153250
975.465600
976.052250
976.730150
977.242400
978.558750
979.622200
979.731450
982.801550
983.049100
983.672950
984.598650
986.524450
987.584450
988.227200
989.255700
989.298850
989.994900
990.309850
990.312450
990.315350
991.564850
991.701750
992.199850
992.906200
993.763050
993.765700
995.809600
996.052450
996.663250
996.932250
997.153600
997.268600
997.296700
999.333350
1000.559250
1003.813950
1003.816450
1003.826150
1004.595150
1006.327450
1007.784300
1009.764400
1009.770300
1010.070100
1011.744650
1013.679800
1013.683150
1013.688200
1013.695050
1015.290450
1015.293800
1015.970000
1016.512200
1017.781300
1017.799150
1017.956900
1018.151650
1018.660600
1019.021650
1019.157650
1020.416650
1020.663650
1020.682700
1021.074950
1022.557050
1023.460350
1023.536250
1024.033150
1029.013800
1029.016200
