9.925450
11.436600
70.551250
70.591550
71.292300
71.398450
71.433050
71.850250
71.917100
72.569800
72.590400
73.043800
73.468350
73.608650
73.930700
73.948650
74.267950
74.929850
74.982650
75.142400
75.174750
75.421300
76.788100
76.945200
76.967550
76.987600
77.703800
77.951200
78.043950
78.224050
78.246050
78.817850
79.243600
79.717450
79.784350
80.617900
80.668800
80.784550
81.009750
81.289150
81.616950
82.143950
82.456650
83.041750
83.208600
83.237150
83.609200
84.838000
84.944950
85.010950
85.285250
85.422300
85.470300
85.485050
85.683200
85.711450
86.024550
86.044100
86.219050
160.716200
165.005400
226.278550
264.704400
270.957000
333.486350
409.056150
548.865500
560.004300
560.057700
584.538550
585.313000
585.713000
585.858300
585.873400
585.897500
586.012050
586.033050
586.204950
586.284300
586.305350
586.357500
586.519700
586.558800
586.713250
586.725350
586.785400
586.811750
586.945350
586.958600
586.979600
587.084850
587.244550
587.636800
587.798350
587.859050
587.978600
587.999450
588.143150
588.178950
588.524500
588.563200
588.631500
588.696700
588.862800
588.898450
589.123750
589.136550
589.295950
589.315350
589.330350
589.376350
589.403900
589.511650
589.556050
589.576100
589.877150
589.916200
589.997200
590.136750
590.335600
590.437500
590.611050
590.750850
591.051050
591.071400
591.175200
591.497600
591.643250
591.795500
592.434950
592.982700
599.095750
599.123250
599.299100
599.503950
599.510500
599.664250
599.704000
599.896150
599.916800
600.117750
600.295750
600.311300
600.339450
600.391400
600.457200
600.478700
600.583950
600.704600
600.772000
600.824050
600.877150
600.930250
601.023350
601.157650
601.277600
601.290800
601.363050
601.478050
601.516650
601.559000
601.576900
601.599300
601.610550
601.678600
601.910550
601.978300
602.071600
602.098750
602.198550
602.484000
602.536250
602.636000
602.703850
602.717400
602.743550
603.222700
603.297800
603.356650
604.015000
604.429100
604.534300
604.569200
604.776750
604.897400
604.948600
605.009500
605.082050
605.134250
605.276200
605.480500
608.870750
610.216450
626.066700
651.935500
653.182300
654.034650
655.681050
656.766450
659.323300
668.465100
685.289500
850.711100
959.046500
959.053350
