3.636900
9.903450
10.192400
10.208400
13.601200
14.547050
21.246200
22.692300
24.588350
26.675700
26.718550
28.288700
28.299350
28.307500
36.341200
38.833000
51.130950
51.235850
52.795900
52.801400
53.887900
54.096900
57.906650
57.972000
60.401100
63.269400
63.794650
63.886950
65.773000
65.939550
66.650550
66.655100
66.719800
67.905700
68.102350
68.131400
69.630100
70.249950
70.296300
73.362050
80.119950
80.295750
80.595550
81.675350
83.061400
84.815850
85.136300
86.482000
86.678250
86.709750
87.569450
87.956500
88.194950
88.242600
89.355400
91.216100
93.013650
93.325700
93.518500
97.073900
98.409500
99.539750
102.081900
102.084500
102.168250
102.951000
103.960850
106.302600
109.346000
110.238450
110.881550
111.427150
111.718900
115.141550
115.144850
116.133350
116.156200
116.970350
118.848150
119.279150
119.321950
119.672600
119.712650
119.833300
122.629000
122.666800
122.670450
122.681950
123.809100
126.687900
127.960050
129.397050
131.847850
132.637700
133.680800
133.817300
133.819950
136.546950
138.952550
141.401750
141.870050
142.145750
143.180400
143.840650
144.380350
145.065800
146.836300
148.383450
148.613650
149.640350
149.780500
152.660350
152.789550
152.815250
152.823950
154.673900
156.024900
158.712000
158.968950
160.612550
162.492500
162.678550
162.682500
163.830650
166.122150
168.273550
168.729800
169.412400
169.772150
170.634800
172.519200
173.112650
174.765400
176.700150
177.275700
177.320300
179.109300
179.436700
179.468200
179.597050
181.940450
182.306200
183.324700
183.356450
183.359550
183.362850
183.572800
184.612900
190.284500
192.294200
192.518200
194.304000
199.789850
199.838450
200.292200
200.483700
201.036800
202.677500
203.795550
203.799500
206.478900
206.484300
206.488050
207.361450
208.713300
208.736050
209.241050
211.064050
211.118400
211.702550
211.873250
213.033400
213.716950
215.747900
215.819200
218.058800
218.427950
219.809150
220.203300
221.995850
222.337550
222.730950
223.066300
224.641250
224.718450
224.722100
227.207800
227.263500
227.743600
233.248150
233.380850
233.850550
237.176850
237.179750
238.529450
239.048850
239.460200
239.579800
240.480200
240.503350
242.140600
243.495350
244.036200
244.077400
244.337700
244.554500
244.858400
245.074600
245.561550
246.446850
248.933500
249.599800
251.087050
252.842850
255.508500
255.708850
258.838500
261.147250
261.149300
261.158900
261.268100
262.243450
262.853250
263.088950
263.559400
266.902050
267.904750
269.071050
272.629450
273.400350
277.996600
279.269600
280.627450
280.951300
280.953850
280.970850
281.583550
282.499350
282.529150
282.541550
282.779300
283.664950
284.211300
284.731250
286.744500
287.467750
287.644450
288.913450
292.024900
292.063850
292.433000
293.223550
293.561250
293.592300
293.595850
293.722050
295.277100
295.485300
296.984050
297.625850
299.673150
299.950650
300.769050
300.954550
301.423350
304.154250
304.369200
304.682300
305.157500
305.589750
306.032300
307.699400
308.628050
308.804650
309.014050
310.895450
310.898950
314.322850
314.336400
314.456950
316.209900
318.415400
320.378750
320.852850
323.672000
324.692350
325.743850
325.938200
327.415550
329.436700
330.182200
330.520400
330.943750
331.255850
334.474150
335.068200
335.315100
336.573550
338.623300
339.253700
339.663900
339.853050
340.475400
344.232050
347.919750
347.923150
349.127000
349.212150
349.448600
350.509100
351.945700
355.306250
357.328400
358.497700
360.857500
361.520150
361.523700
363.505500
364.941250
365.935900
366.840500
367.696850
369.214450
369.356550
369.427300
369.430650
369.443550
371.930250
372.361600
373.538500
374.465100
375.517550
378.599700
380.546250
380.549650
382.143550
382.415950
384.425500
387.591200
387.908250
389.018400
389.809050
393.218050
393.661550
395.087250
395.091100
396.147650
397.022950
400.796800
400.918600
401.027350
401.791650
402.016900
402.909650
404.496600
404.755000
408.470850
409.801600
410.272250
410.275600
410.411150
411.593000
412.427100
416.032300
419.634450
426.151850
429.561350
429.572950
429.580650
429.625150
430.364400
432.072200
435.920900
436.332700
436.762300
442.375700
443.175400
446.129850
448.327750
448.716200
452.856550
453.196650
454.661550
456.930350
461.580550
462.037900
463.035450
463.564600
464.878600
464.881950
465.511600
468.552750
469.375900
469.476200
470.261950
471.378050
473.437850
473.591300
475.042400
475.436150
477.576850
479.252700
479.816500
479.897650
479.901250
479.908600
480.831550
481.528150
481.560900
482.275700
482.725650
482.742050
483.085700
484.100300
484.446250
485.198900
486.074150
489.360150
489.742250
490.015800
491.028050
491.467900
492.344600
493.427950
494.484400
495.243350
495.278750
496.373050
497.512000
499.100750
499.973550
500.368750
500.481550
500.827850
501.530100
501.996800
503.916600
504.361450
505.828750
507.603700
508.294750
508.320300
508.793000
509.135100
509.143350
510.570200
513.692450
514.960000
517.351200
519.735500
519.951850
522.321000
522.520400
522.638150
523.156100
524.480900
524.642400
525.909950
526.810700
526.865100
528.362250
528.552200
528.618050
528.771200
528.784450
529.330500
530.367400
531.952850
534.734850
534.902200
535.149800
535.166000
535.660750
536.575750
536.822900
537.090250
537.363850
537.368300
537.383550
537.706600
538.823850
539.845600
540.209750
540.848500
541.504700
542.668450
543.312900
543.616450
543.942250
544.410650
544.909800
545.388700
549.416800
549.975800
550.149000
550.658150
550.676350
552.289150
552.352450
554.450700
555.539650
556.603250
556.621900
556.727400
556.980350
557.002950
557.268700
558.896900
559.874750
561.055600
562.001000
562.879500
564.510050
564.893000
565.212650
566.225500
567.454900
568.268800
569.246500
569.388750
569.824400
570.560900
571.233500
574.219650
574.958450
577.301900
577.374750
577.494150
578.829150
580.027700
580.694500
582.744650
583.069750
583.337450
584.272150
584.392400
584.412650
585.251750
585.643150
587.290400
587.669900
589.524050
590.653050
594.908650
595.908950
596.629150
596.689200
597.809400
598.289250
598.309600
602.634650
604.528050
604.947700
605.087700
606.127050
606.826450
606.841850
606.926100
607.006100
608.204450
609.456600
609.642900
610.042500
611.320900
612.809100
614.124800
615.851900
616.264800
616.556950
616.692200
617.646800
617.877100
618.090550
618.219250
618.299250
619.182750
619.234700
620.788400
621.643450
623.344650
623.742350
624.726950
625.923850
626.889100
629.660150
631.572300
631.604150
631.717800
632.884500
635.924400
637.150250
638.355650
638.848550
640.432150
640.891200
641.298100
641.762000
642.635500
642.648300
642.683700
643.008450
644.139700
644.490150
644.516800
645.367550
645.471500
646.497000
649.529950
649.544450
651.125350
651.673700
652.432100
652.810500
653.204900
653.350100
653.404850
654.270900
654.804450
655.072350
655.356450
656.255950
657.182700
657.581100
659.725850
659.746300
664.268650
664.471000
664.576450
664.781750
665.767450
665.775500
666.055650
666.308800
666.620700
666.756100
666.856300
666.955400
667.232600
667.783200
668.679100
668.802750
669.159400
669.926000
670.296500
670.339650
671.406950
671.600100
671.665200
672.293900
672.494050
673.053050
674.466700
677.950700
678.130400
679.557150
679.593550
679.841850
680.417700
680.513600
681.213800
681.252700
682.293650
682.848000
684.292300
684.827000
685.152200
685.306950
685.495450
685.636400
685.639700
685.655450
685.787100
685.826850
685.872250
686.292150
687.205900
689.607400
698.775000
698.778000
698.874850
698.930450
698.983350
701.622200
702.032500
702.196950
702.341400
702.390550
703.610550
703.832650
703.917250
712.675650
712.805050
713.515900
713.558450
713.981600
714.102350
714.238100
715.147800
715.751950
715.755400
715.848600
715.881300
718.716950
720.502150
722.097550
726.574650
728.398150
728.676100
733.978650
736.241650
740.604900
743.025300
743.832550
747.574950
748.692100
751.026400
751.132550
751.355350
751.388900
751.860250
751.885250
752.272350
754.108850
754.270950
755.132750
756.271150
757.375250
758.887900
759.033450
763.780050
769.585200
770.291800
770.298500
783.007850
788.918550
793.269700
793.455700
794.103600
798.006700
799.563850
803.081350
804.401800
805.407600
806.254600
808.128300
810.978500
811.589400
811.687700
813.401900
813.576550
815.325300
815.527750
816.081950
816.305750
817.310350
817.363750
817.778050
817.816250
817.849200
819.126650
822.243450
823.091400
824.501750
824.536750
824.564000
824.567800
826.208550
826.858500
827.120550
827.943550
827.978650
827.993950
828.043950
828.546600
829.055350
832.603750
832.937350
834.189450
836.442150
836.826350
841.737150
841.815300
841.826500
842.306150
844.333600
851.081900
852.785400
856.352300
857.441300
858.270500
858.518200
861.228900
861.276600
861.279300
861.282800
863.353300
863.682200
863.685500
863.690800
864.425050
865.207400
865.924000
867.731550
868.251100
870.079200
870.130050
870.714500
873.126200
873.255350
876.932950
877.432950
877.593800
878.355900
881.021900
883.151050
884.257600
885.652450
885.993350
888.500500
891.400650
894.681750
895.148250
895.820450
896.968350
898.080150
902.178950
903.843600
907.510700
907.878500
907.983250
908.305650
913.217700
915.549100
917.303650
917.866950
918.470050
919.844450
919.995500
921.429400
921.974200
924.665250
928.299100
931.340050
931.549750
938.850600
938.993200
939.066650
939.111850
939.617200
939.627000
939.931500
941.198350
941.276100
941.701200
941.721850
941.843050
942.525700
944.000400
947.784450
948.285700
950.362600
950.871700
951.623100
952.204750
952.903400
952.956550
953.380550
953.970100
958.615700
963.759250
964.049350
965.064800
965.549900
966.311150
967.629450
967.886600
973.460800
977.016100
977.123550
983.676250
991.090750
991.683650
991.695150
991.814800
993.021650
993.322200
993.810000
998.297350
1000.570600
1003.054500
1003.101500
1003.572350
1003.796000
1004.693000
1004.850450
1006.893150
1006.897950
1016.471700
1016.590000
1016.638950
1017.004550
1017.258900
1017.496100
1018.036850
1018.205150
1019.195750
1019.361450
1021.427700
1021.715500
1021.887550
1022.399100
1023.217750
1025.336200
1029.937450
1029.951550
