0.938950
5.486900
5.818050
6.520400
7.394700
7.557400
7.642100
7.745300
9.306200
10.208450
10.504100
10.603350
10.879300
10.915650
12.148600
12.197400
12.417000
12.569650
12.702350
13.572900
13.680100
14.916850
15.269150
15.296000
15.558600
15.585200
16.164800
16.216550
16.318950
18.253500
18.780750
21.472650
23.871300
24.588400
26.053650
27.046250
27.352950
27.526850
28.062300
29.970900
34.999050
36.638900
39.052150
41.377000
44.327550
47.565550
48.069400
49.570300
49.725450
53.207200
54.626900
55.082750
55.581150
59.634400
61.945800
63.398900
66.400050
66.732600
66.751050
67.181400
68.553700
68.854450
69.687500
69.709600
73.022400
74.680800
74.761050
76.219800
80.119850
80.615250
81.610100
85.016950
85.876800
85.916550
86.197700
86.722700
87.122550
88.239650
88.323900
88.365150
88.422700
90.168650
90.778100
90.888600
93.498950
93.518450
93.732750
93.741250
95.443250
97.375250
98.430800
99.617600
99.886500
100.801650
101.007800
104.773600
105.072250
105.178350
105.455200
107.038500
107.040550
107.043300
107.969400
108.522100
110.127000
111.155650
111.827800
112.999550
113.519500
113.575500
116.157700
116.643850
117.869250
119.322000
124.402750
124.634300
124.642150
125.727750
125.742150
126.102650
126.685050
127.748100
129.197600
129.621600
130.598500
131.558700
131.567750
132.987800
132.991200
133.815300
134.069900
134.104400
134.109200
137.395100
137.524950
137.843300
138.564000
140.075850
140.212900
140.688750
142.402200
145.044300
145.063350
145.073150
145.255850
145.745050
146.970350
147.820650
148.065600
148.231150
148.598900
148.615900
148.634000
149.464900
149.754100
149.919900
150.764050
151.294800
151.307700
151.313300
152.512400
152.789450
153.473150
153.477350
154.682400
158.843400
161.211500
162.850300
163.517650
164.104600
164.294200
164.739550
165.515900
165.692300
169.059600
171.775050
171.788450
171.953100
173.506800
173.720000
174.768200
175.236750
176.788550
177.353750
177.849600
178.928950
179.001750
179.600450
180.047450
181.347600
181.945600
183.328050
183.357750
183.469700
183.490900
183.502200
184.465600
184.811500
185.074300
185.077500
185.268000
187.679950
187.693600
188.376600
188.382250
188.387600
189.527100
191.454350
192.278350
192.538750
192.677050
193.980050
194.375900
195.195400
195.225950
195.308250
196.447900
197.252600
197.466650
197.587550
198.417200
198.464650
198.487300
198.517050
198.882850
199.593250
199.789900
200.683900
200.846300
201.338900
202.501050
203.364500
203.369600
203.382050
204.579400
208.034650
210.317450
211.150350
211.423800
213.093150
214.787750
215.658800
215.792050
215.800950
215.842500
217.042400
219.121700
219.152150
220.617300
220.917000
220.977750
221.714350
222.704800
222.813950
223.684150
223.707600
223.909450
224.107150
224.367400
227.363100
227.625800
228.790250
229.158800
229.633000
229.638400
230.398300
230.409300
231.607600
232.123050
233.508150
233.580450
233.685550
234.034300
234.434200
234.659750
234.820150
235.339300
235.949050
237.008100
237.708100
238.299900
238.321850
238.333450
238.338550
238.351750
238.419650
239.295650
239.605300
240.609700
242.312250
242.431300
243.337550
243.495050
245.561550
245.748550
248.006800
248.063500
248.074450
249.607000
249.716050
249.878200
249.884950
250.684050
250.792500
251.490000
253.944800
254.095450
254.122150
255.481100
256.140950
257.105150
257.737050
260.170350
261.223500
261.271800
261.297300
261.312800
261.315650
261.964700
262.173850
264.228500
264.243550
264.341650
264.412000
265.611250
265.660700
268.777650
268.934500
269.013950
271.459050
273.836200
275.029100
275.870550
276.206300
277.937500
278.080900
278.096400
278.838850
278.857550
278.870650
278.909150
279.328200
279.625550
280.215050
280.963300
280.988500
281.200450
281.382550
282.765350
283.062150
283.486250
283.491150
283.523400
283.929850
284.226350
284.263950
284.938200
284.950300
285.937750
287.574300
290.036650
290.116400
291.633100
293.069500
295.485500
295.492550
295.864850
297.793750
298.570150
298.577850
298.588700
298.911900
299.497300
300.313150
301.518050
302.664800
302.782300
303.561650
305.448950
305.471650
305.797550
305.872150
306.124700
307.870650
307.889700
308.043750
308.573450
309.776550
309.808600
310.271550
311.002100
311.271150
312.075150
312.219600
313.416350
313.856850
314.203500
314.322850
315.141550
315.789200
315.815200
316.357300
319.104000
319.174300
319.650000
319.702100
319.724400
320.046700
320.492800
322.288750
322.970150
323.672050
324.668500
324.686000
324.955250
326.081150
328.584700
328.608900
329.669800
329.830450
330.162950
331.676850
334.393600
334.698400
335.015850
335.351250
335.358300
336.573600
336.977550
340.477900
340.734100
340.886800
341.713300
341.746400
342.331500
342.694250
343.752300
345.396300
345.759550
349.373000
350.063200
350.509100
351.454050
352.887600
353.028750
354.071200
354.610000
356.641800
357.135150
357.377150
357.775000
358.139500
359.069550
361.182350
361.200950
361.648250
361.654050
361.722350
362.523950
363.013250
363.565400
363.574950
368.538500
369.412050
370.299350
371.676150
372.613950
373.312000
373.538600
373.553250
374.835650
375.840250
375.889650
375.963000
376.005700
376.088700
377.276400
377.790150
379.892450
380.862450
382.025450
382.406650
382.845000
383.028500
383.581250
384.824200
386.443450
386.454000
386.849400
387.814050
388.072100
389.509700
391.029950
392.783450
393.025800
395.024000
395.026050
395.549300
396.606450
397.739300
397.755700
398.059250
399.692300
401.190900
401.995050
402.005900
402.157150
403.654600
404.477200
405.101450
405.133700
407.188600
407.975750
409.139350
409.595150
410.648150
410.794400
410.798250
411.452150
412.151250
412.478000
412.716900
412.728850
414.459800
416.109450
416.584650
420.072800
421.145300
421.545600
422.722150
423.852150
424.453450
428.737550
429.007900
429.589200
429.625050
430.491950
431.836950
431.866050
432.675400
432.831450
433.449250
434.059250
434.081200
434.122700
436.475400
438.666300
438.807600
442.408450
442.413800
442.444200
444.607100
444.623500
447.386550
447.402650
449.230500
450.145850
450.815350
452.430400
452.578550
452.807750
453.511800
453.528600
454.283400
454.510950
455.852000
460.254600
461.048000
461.298200
462.891500
464.642250
464.755850
465.046850
466.629850
467.167900
468.693850
469.847850
471.212250
471.334150
471.844700
472.185400
472.684300
476.006450
479.469600
480.151800
481.222250
481.769800
483.309650
483.737000
484.446450
486.179300
486.616100
486.645900
486.749950
488.199050
488.541900
490.081700
491.796250
494.885850
494.895050
495.386350
497.036400
498.363700
498.941350
498.946550
498.959600
500.086650
501.383950
502.043250
502.186500
503.784350
504.103650
504.858200
505.123450
505.277600
505.369200
506.511050
506.763200
506.768600
508.008550
508.012300
508.056250
508.069350
508.083650
508.908050
508.917300
510.332650
510.341850
510.715700
512.448700
514.155800
514.495300
514.819000
515.596550
516.599500
516.892100
516.906350
518.513200
520.119600
520.733150
521.347600
523.428400
524.071600
524.783550
525.423200
526.250300
528.688150
528.729400
528.757050
530.322500
531.401950
531.527300
531.824650
531.952900
533.270100
533.972600
535.165950
535.366000
535.648850
535.655750
537.034350
537.363900
537.707000
538.003150
540.389700
541.060900
541.671050
541.678100
542.510750
543.894400
544.997450
545.494650
545.684900
547.210650
548.821400
550.552550
553.689350
556.217700
556.603250
556.687600
556.985700
558.796150
559.208700
560.014900
560.043150
561.148700
561.153800
561.775100
561.815200
562.508500
565.141500
565.273950
565.921200
565.952500
566.634350
566.899600
567.171950
567.211950
567.789450
568.023600
568.414250
569.001100
569.314200
570.768000
570.899000
571.324450
572.211400
574.471150
574.485050
575.769000
576.257550
578.269350
578.829050
578.872750
579.232000
579.974200
580.162800
580.175200
580.452600
581.144800
583.337950
583.357400
584.717350
589.509200
589.549550
590.689350
595.309000
595.629000
598.909450
604.008900
604.268000
604.448450
605.707300
605.807150
605.847100
606.066950
606.111650
606.506400
606.586400
606.846500
606.865900
606.925950
606.986050
607.225500
607.305700
607.525250
607.545350
607.665100
607.985050
608.025050
608.084800
608.215950
608.304600
609.303550
609.323450
609.483600
610.042700
610.986100
613.298000
614.359400
614.388150
614.757700
616.251050
617.646650
617.800850
618.219350
621.592750
622.995250
624.050500
624.310850
624.368300
625.249650
627.214150
629.541350
629.549300
630.725150
631.570100
631.717900
632.573650
637.716800
638.076000
639.007950
640.692400
640.903050
642.480100
644.160200
644.170450
644.272600
645.927100
647.621450
650.111950
650.807650
651.606200
653.086750
653.278300
654.083000
654.103050
654.114000
654.406950
656.570850
656.760250
656.764050
656.781750
658.722950
659.560700
660.338500
662.376550
662.804100
664.215900
664.471000
664.629750
665.007150
665.821250
665.950000
665.967900
666.080400
666.084450
666.292300
667.002950
669.543300
670.694600
671.406850
672.293950
672.539850
672.551400
672.890050
673.100800
673.500350
673.786600
673.797000
678.176200
679.524200
681.034800
681.054500
682.121350
682.141100
682.653550
682.699950
682.787500
683.459350
683.510550
684.967100
685.247400
686.007450
686.603350
687.542800
688.187100
688.221400
688.228200
694.433950
694.945850
696.600150
697.014850
697.039500
697.358450
697.373350
697.542250
698.009050
698.014450
698.195050
699.736000
699.755450
699.761300
700.654000
700.681600
700.740350
700.966700
702.623300
703.261300
703.328050
703.351300
703.552650
703.623100
704.536750
704.581300
704.781000
705.070300
709.497850
712.119000
713.897700
714.229000
714.883300
714.902550
715.938600
715.986350
717.479750
717.926550
719.207950
719.687900
719.696900
720.632650
724.887950
724.903550
728.398150
729.584750
729.952600
730.397100
731.277750
732.177650
732.185300
734.057450
734.079100
736.410750
738.265150
741.815250
741.822350
743.600900
746.213800
747.192650
747.383750
747.399850
748.401600
748.692150
749.016850
749.278500
750.313750
750.456250
751.358400
751.604800
751.718800
751.860250
752.889400
753.225100
753.444900
753.457100
755.052150
755.057700
757.008500
757.542950
757.630400
757.877550
758.336800
758.537300
758.749350
759.790600
760.064250
760.505900
761.515000
761.779850
762.257750
762.973800
763.209600
767.006550
767.043650
767.048600
769.619900
769.798400
769.803900
776.750950
777.245050
779.596700
783.014450
786.293700
786.303950
786.611650
787.057100
787.086350
788.682150
789.779500
790.794950
792.487750
795.090600
795.098350
795.648550
797.346450
799.020150
801.615100
806.246300
806.248500
806.254600
807.557000
808.509850
810.880400
811.516650
813.446850
813.452550
813.458250
815.822650
815.856500
816.196750
816.270750
816.583550
816.894650
816.979900
817.042750
817.354050
817.521150
817.554100
817.816100
818.216500
818.745950
820.093050
820.215650
820.595650
821.089250
821.143750
821.717550
822.088000
822.422900
822.902900
823.053800
823.058450
823.069200
823.121300
823.350350
823.526100
823.778550
824.501850
824.536700
825.069200
825.175500
825.343150
825.492800
825.547450
825.742300
826.015100
826.067450
826.075650
826.200750
826.205700
826.411750
826.533600
826.739750
827.050600
827.417000
827.663150
827.978750
828.062900
828.401450
829.909500
830.099100
830.151250
830.776800
831.640150
833.252050
833.336650
833.395400
834.033700
834.205850
835.252500
835.757100
837.308600
837.312850
837.992550
838.608850
838.612600
838.957900
839.656200
839.813800
839.944800
841.912650
842.101850
842.305850
842.425850
842.516900
842.576000
844.696850
845.572700
845.675100
846.278900
846.504150
847.470900
847.645650
848.485800
849.018100
849.022700
852.891450
852.918900
854.099950
855.529400
856.337850
856.342900
856.379900
857.391200
859.491000
860.978250
861.225000
861.234850
861.259600
861.550700
861.726950
864.180850
864.308400
866.092100
866.247450
866.635450
866.641350
866.645750
867.375250
869.603900
870.001750
870.391900
870.670250
870.867800
871.529850
872.207050
873.118450
873.263350
873.757250
873.783200
875.619800
876.235350
878.137350
878.160700
879.071250
879.313100
881.494350
881.644850
882.969750
884.513750
884.871450
884.904350
886.035950
886.380350
886.500100
887.317150
887.566750
888.572700
889.862600
890.132450
891.689400
892.300500
895.630550
895.803750
895.808100
895.828350
896.104550
897.992650
898.042550
898.069650
898.681200
899.170250
899.211550
899.685000
902.826500
903.713100
903.733400
903.760300
904.025650
905.094400
905.527400
906.172950
906.902300
907.024250
907.389900
907.405050
907.659150
907.934700
910.129350
910.825650
910.942200
913.000200
913.005750
915.961800
916.860400
916.932050
917.114950
917.328200
917.452600
917.866950
918.014000
918.602700
919.452450
919.797550
919.805050
919.844350
920.957300
921.963400
921.974150
925.952200
927.356450
928.897750
929.656550
929.711700
929.916400
930.471650
931.608650
931.630050
932.143000
932.855300
933.815200
934.942450
936.450450
938.572250
938.578350
938.661950
938.779400
940.044800
940.868150
943.196900
944.240800
950.494200
950.635250
950.891000
951.462950
951.826700
952.710500
952.940650
953.426350
953.842400
954.235300
954.546750
954.961450
955.185550
955.470000
956.912750
956.925700
959.453900
959.460350
959.951200
959.961750
961.289700
963.624150
964.049100
965.481450
966.612250
966.757550
966.870800
968.119200
968.467250
971.120850
972.665200
973.587950
973.602250
976.139800
976.269750
976.287100
976.585400
976.741550
977.136750
977.524050
977.741000
978.267100
978.922050
980.178000
980.333200
981.288500
981.467850
983.678300
983.689900
983.767850
984.186250
984.466400
984.587450
985.479200
985.494550
985.868850
987.996800
989.611000
990.181350
990.633150
991.081450
991.921500
992.569500
993.143500
993.245550
993.321900
993.707200
994.284250
994.527000
994.844450
995.271200
996.260800
998.286150
998.937850
999.934100
1003.049450
1003.572350
1003.585500
1005.103200
1006.193950
1007.382500
1007.589800
1008.020650
1012.609150
1012.652000
1012.701300
1012.711850
1015.652400
1015.964400
1016.383400
1016.532600
1017.104950
1017.180550
1017.527250
1017.651700
1018.208350
1018.217100
1018.918800
1019.361400
1020.105750
1020.112300
1020.333050
1020.668500
1021.078850
1021.427800
1021.737900
1022.176200
1022.218850
1023.580050
1024.500550
1026.182150
1028.627050
1030.315000
1030.360100
