0.052000
1.183200
1.497700
4.783700
5.125600
5.148450
5.165950
5.239000
5.274550
5.393100
5.405000
5.423850
5.436750
5.759200
5.906100
5.929850
6.083950
6.122700
6.687250
9.219050
9.969600
10.196300
10.260550
10.272150
10.755750
11.129950
12.620650
12.763150
13.069150
13.493000
14.334050
15.733100
17.085050
17.708600
25.050150
25.083350
28.176950
28.599700
31.421300
32.579100
34.138600
34.500050
34.675400
35.546600
36.756300
37.571800
40.943250
43.987550
45.198200
45.440700
50.874950
55.471100
56.152200
57.684600
62.270500
68.055000
68.783050
70.025100
70.063100
70.137000
79.416000
85.428050
86.957600
87.178350
88.989900
95.123300
102.395200
102.934550
104.776250
106.508600
110.149300
112.299100
113.294400
114.157650
114.697900
116.468050
117.439150
121.166300
122.260100
123.589950
125.748500
125.882650
127.496900
129.609500
132.111850
135.706500
138.618850
141.172700
144.336550
144.550050
145.105800
150.747950
152.125450
152.779400
153.992600
154.465150
155.010550
156.234450
157.576150
157.594500
157.912200
160.270650
165.744400
169.419750
170.178600
171.070150
171.545250
173.129000
173.346000
174.110000
174.274450
175.056550
175.694700
175.863200
177.618450
178.747250
178.824000
179.171150
179.458800
180.366450
180.827450
180.867750
181.329700
181.366700
182.134600
185.307850
186.127750
186.147200
189.254550
189.560250
191.505900
194.268500
194.606550
194.943900
196.807500
198.244050
198.247500
198.251700
198.271750
199.203100
199.574200
201.740450
202.194550
204.098000
204.112850
204.115750
204.406100
204.485250
205.974300
206.789950
211.824700
214.677300
217.527900
217.663800
217.866150
218.349550
218.678050
219.858400
221.020500
221.882950
223.262750
224.219900
225.807750
226.953100
227.035500
227.247700
228.518900
230.083700
231.632950
231.805200
232.067100
232.601950
234.271300
234.557350
235.781400
236.806150
238.024000
238.750550
238.792900
242.948400
245.447700
245.925750
246.109100
247.163600
247.967850
248.670250
250.224300
250.491800
252.649500
256.270750
256.867900
258.542550
262.219150
262.684700
263.049950
263.370450
263.920800
263.925650
266.286350
266.587650
266.712450
267.079850
268.488650
268.599450
268.726800
269.133400
269.213800
270.580850
271.528300
272.339000
273.191100
274.416550
275.617550
276.473950
277.117850
277.380650
277.441050
278.454800
279.923250
280.448150
282.274150
282.706750
283.473900
287.468850
288.206250
291.376900
291.399800
291.662350
291.664700
291.906000
292.709550
293.499000
293.744500
294.816900
295.569650
296.560100
297.964750
298.015150
301.398750
303.550850
303.851150
304.400150
304.852950
305.433000
307.650100
308.578000
308.680650
308.949500
310.016000
310.945350
312.161250
313.447250
313.717350
314.432950
315.074050
316.170750
317.803000
319.345150
321.998350
323.526500
324.210050
328.524500
329.155800
334.124850
335.855500
336.900350
336.964650
337.326500
338.634350
341.784700
342.784900
344.949700
347.714500
347.925450
352.322250
354.150650
355.017450
357.344250
358.141850
358.154150
358.191300
359.741600
360.785350
362.842250
368.253750
371.557350
372.333750
372.926200
375.023400
376.513450
377.014150
380.723350
380.955100
383.252700
387.440750
388.859050
390.581350
390.864000
391.661200
392.364400
394.561500
395.091650
397.213200
398.105600
399.126250
399.325500
400.313150
402.487000
404.840550
405.994500
406.176750
406.988100
408.432050
408.445450
408.470800
410.118050
410.656950
410.696650
413.850050
414.517800
415.113100
415.324600
416.045600
416.673050
420.396150
420.499350
424.998800
425.846700
426.699250
426.881200
427.239450
427.272100
428.568100
429.431950
431.384350
432.154200
434.696000
435.133300
435.371450
435.626550
440.727100
441.595650
448.218900
452.642750
456.165400
456.841000
456.844850
458.314650
459.780850
462.875350
466.712600
467.408400
467.519450
468.574250
468.742850
470.998750
471.222150
471.443300
474.276300
475.156050
475.322350
475.643150
477.761300
477.862400
477.920750
478.093550
479.402700
480.565800
483.575600
484.879050
486.018550
486.429650
489.069750
489.828100
490.840600
491.264300
491.304550
493.605050
495.418800
496.019850
496.063100
496.550450
497.085200
497.805750
498.584700
501.726400
502.887700
502.979850
504.160200
507.397750
507.623850
508.003000
508.347350
509.608450
509.723200
510.478750
512.847600
513.181750
515.320200
515.758750
516.571150
517.050550
517.688950
518.228100
518.648000
520.000400
520.969250
522.081850
522.476100
523.938300
524.670600
525.649800
525.658700
525.745300
525.859150
526.141900
527.533700
528.077400
529.055100
529.098800
529.365500
530.123800
531.223500
531.739300
532.241000
533.020550
533.266100
534.755050
535.810400
537.363250
538.136350
539.908550
540.335850
540.896950
542.350800
542.903750
545.177150
545.303650
546.125300
546.217050
546.244550
546.353900
546.649900
549.683700
550.224450
553.333250
553.783150
554.208650
555.069450
555.623800
557.173650
557.563800
558.642650
558.694750
558.879350
559.058500
560.266500
560.781900
560.875000
561.402050
565.400800
567.079150
567.529100
568.284150
568.300250
568.946850
570.829300
572.258950
572.406650
572.988750
573.915150
573.987700
575.073800
575.237150
577.317050
579.227500
580.706550
583.753400
585.431800
585.643150
587.170550
590.225450
602.268800
608.216050
609.456600
612.547150
613.539600
613.784850
614.631300
614.636150
616.664850
617.540850
622.139900
623.434500
623.615000
623.873500
624.790050
624.995100
625.649250
626.084050
626.229150
626.670850
627.384800
628.808650
628.853700
629.465150
630.890700
632.857400
638.043350
638.963600
639.223750
639.470800
640.143250
640.496800
640.689300
640.823050
641.235300
642.042900
642.055250
642.170950
642.196300
642.503250
643.776350
643.991850
644.399850
646.063750
650.370650
651.970750
652.305200
653.030250
653.944850
654.298500
654.704400
656.668200
656.838800
656.908300
657.508150
657.535150
657.722450
658.202200
658.422150
658.941700
659.680800
659.852000
663.037450
665.985150
666.507700
666.548250
666.955850
667.309200
667.715550
668.047000
668.335200
668.519500
669.014450
670.499150
670.513650
671.379200
671.554000
671.674350
672.033900
672.065650
672.310850
672.333550
672.705700
673.166100
673.552850
674.512700
675.871850
677.003500
677.295150
677.655300
678.370050
678.936150
679.169100
679.282700
680.337200
680.434100
681.353200
681.560200
681.707950
681.868200
682.028000
682.400700
682.508200
682.808200
683.047950
683.060100
683.113500
684.458600
684.547550
685.591550
686.067450
686.125850
686.315150
686.519950
686.606300
686.761150
687.194300
687.573950
687.988050
688.176200
688.487700
690.559800
693.214900
695.012200
695.972550
697.294550
697.334700
697.345650
697.580200
698.832750
699.791200
700.505900
701.068900
702.021600
704.033500
707.864650
713.127850
714.021050
715.844500
716.741650
717.211050
717.392250
717.550300
718.620850
718.887100
719.518400
719.576150
720.938100
725.101950
725.421950
735.828450
742.001750
748.943800
749.740200
749.873500
751.451100
751.886250
752.638150
754.104200
755.737650
755.867150
756.093150
757.366200
757.596100
760.081400
760.658250
760.717550
761.719800
762.314900
763.852850
764.316850
764.822400
765.155450
765.613950
765.741750
770.631750
773.664300
778.895900
784.810350
795.239800
795.746550
802.221950
805.751200
806.383250
808.128550
815.234650
815.997150
816.150150
817.533250
817.744950
818.743400
819.067000
819.390750
819.896150
820.041650
820.500100
820.561050
822.422400
823.029550
824.069550
824.217000
824.878050
825.279150
825.447050
827.309200
827.759200
827.858550
828.044500
828.460350
829.564100
829.851350
830.040800
831.017750
831.609900
834.498100
836.164950
836.169100
836.768650
838.026950
838.400800
838.463550
838.523750
839.421050
839.892600
841.277600
841.999600
842.207100
843.283400
844.475650
845.131300
849.190700
849.214500
850.463150
850.999650
854.430550
855.772100
858.142550
858.358550
859.387600
859.855500
860.026800
860.467150
861.289150
861.736800
862.615450
862.779700
863.553500
865.429900
865.773450
869.966500
871.460150
876.060400
877.067650
880.832600
881.113900
881.601400
881.662350
882.488850
882.663350
885.558500
885.864050
886.464150
887.296350
888.894550
891.501150
891.780050
892.150850
893.227900
893.717450
893.746200
894.437850
895.102050
899.727250
900.785550
902.166900
902.928600
903.215500
903.941250
904.253050
904.758750
904.763500
904.769450
906.679300
906.733150
907.705550
908.185900
910.129800
914.138300
915.014700
915.245900
923.209000
924.785200
926.714250
928.924100
929.106400
932.043150
932.722200
937.728550
938.241600
938.244950
941.399300
941.428400
941.896600
942.675350
943.195950
945.477050
949.686650
950.149600
950.408900
951.686500
952.092650
953.408850
954.135350
954.236750
957.127100
962.167700
963.608650
963.732550
964.237800
964.485500
966.656000
967.941450
968.689750
970.174500
970.863400
975.797850
976.223650
977.122700
978.356950
979.816850
980.040700
981.456900
981.644650
982.198850
988.708900
989.576450
989.921550
990.332400
990.525300
993.204850
993.446200
995.032400
1000.566000
1000.636250
1001.748600
1004.939450
1005.601050
1012.748850
1016.048250
1017.128650
1017.176400
1017.706150
1018.245650
1019.292250
1019.728800
1020.314700
1020.404400
1020.532350
1021.231750
1028.780000
1030.573800
