0.040550
0.613450
0.919850
1.029950
1.034800
1.457650
1.464100
1.695900
1.792150
1.990850
2.450950
2.906700
3.299200
3.522150
3.711200
4.028950
4.241900
4.246200
4.327850
4.685250
4.690150
5.186850
5.308050
5.329800
5.626150
5.723100
5.940150
7.116900
7.754250
8.589650
8.829550
8.996100
9.129100
9.253500
9.521350
9.528300
9.649700
9.737300
9.776450
9.936600
10.211750
10.980000
11.036700
11.048900
11.077000
11.204750
11.261350
11.593400
11.649200
12.001650
12.216600
12.840450
13.020900
13.216250
13.261150
13.722950
13.946200
14.212200
14.290100
15.238800
15.677350
16.388400
16.399300
16.694500
17.162800
17.203750
17.700150
17.893150
18.055550
18.376500
18.531000
18.640050
18.682550
18.915600
19.020500
19.190350
19.467400
19.766100
20.277650
20.500650
21.221400
21.941950
22.560150
22.828550
23.035250
23.854250
24.873250
25.188150
25.378050
25.386250
25.569900
26.056150
26.611300
26.999900
27.058050
27.518450
28.681200
28.901900
28.968250
29.285150
29.820650
29.825450
30.039850
30.098200
30.708750
30.864550
31.346100
31.534350
31.715350
32.109550
32.114700
32.246650
33.352000
34.034550
34.254800
35.590700
36.221700
36.915250
37.944200
39.061200
39.745250
40.015300
41.652250
41.658150
42.332750
42.997300
43.017650
43.356050
43.936400
43.941900
44.091550
44.703350
44.782500
45.527500
45.734700
45.878850
46.718600
47.041200
47.331000
47.335700
48.015300
49.456000
50.054900
50.424500
50.456800
50.973300
52.131550
52.137100
52.142750
52.573200
53.254200
56.814250
57.191200
57.891250
58.084650
58.733050
58.738450
58.796500
59.366700
59.385550
59.410150
59.579450
60.228500
60.358750
61.562000
62.039150
63.676750
63.799650
64.116950
64.592550
64.849150
64.853800
65.759650
66.639250
67.484650
67.729000
68.180450
68.313300
69.440950
70.247550
73.055050
75.305000
77.326150
77.829950
77.937900
79.356700
79.396800
80.755300
82.022550
82.615800
82.635800
82.695750
83.608350
84.243200
85.417200
85.428350
87.218600
88.264750
88.420800
88.566100
89.574300
89.664250
89.754950
90.102950
90.108400
90.202550
90.680550
90.715200
92.011500
93.046050
93.541500
93.807900
94.203400
94.616500
95.744400
96.487950
97.010800
97.456100
98.345300
98.438900
98.646500
98.984450
99.294000
99.865250
99.931700
100.380950
100.393250
101.318350
101.599300
102.772850
103.035500
103.522650
103.951750
104.265150
105.135550
105.140900
105.151650
105.976400
106.148600
106.550750
106.724400
107.564350
108.162200
108.512900
108.757000
108.935300
108.941000
108.961700
109.644250
109.808550
110.002600
110.490850
110.728550
110.967600
111.002900
111.117000
111.245450
111.418850
111.633700
111.646800
111.841350
112.328700
112.465600
112.852550
112.863100
113.288000
113.293200
113.463250
113.622500
113.737500
113.744700
113.982700
114.152950
114.358400
114.908950
115.091950
115.341050
115.662100
116.323250
116.621150
116.626150
116.817700
116.841050
116.918250
117.125800
117.798950
118.225050
118.234750
119.502350
119.928450
119.933100
119.951350
121.612650
122.634500
122.969050
123.185900
123.538850
123.543950
123.674350
123.801900
125.263900
125.307800
126.195500
127.055950
127.061500
127.732400
127.860000
127.976600
128.100450
128.293500
128.299450
128.681500
128.877750
128.947150
129.069500
129.434650
130.006250
131.076650
131.080650
131.253200
131.457750
131.695750
131.701750
131.799700
132.416000
134.127750
134.276450
134.321150
134.482600
134.634800
135.268550
135.574200
135.579800
135.852300
136.050950
136.130700
136.467050
136.607300
136.868500
137.119100
137.563950
137.571100
138.401150
138.761850
138.792500
138.958500
139.494350
139.881750
140.159550
140.814500
141.029950
141.504300
142.095850
142.404500
142.459950
142.574600
142.748000
142.854500
142.895250
143.024050
143.181250
143.349650
143.528750
143.743050
143.964650
144.560600
145.416350
145.613650
145.776000
145.785700
145.993500
146.418250
147.343950
147.399500
147.820750
148.390750
148.553000
149.259550
149.576150
149.604450
149.647900
149.809200
149.938400
149.952750
150.123100
150.172550
150.395950
150.658150
151.154350
151.456750
151.725500
151.738700
151.987600
152.198900
152.242200
152.457350
152.894500
153.122250
153.298400
153.871700
155.616350
155.621700
155.658550
155.796150
156.226450
156.533150
157.294150
157.309050
157.593400
157.907000
158.591250
158.595650
158.730650
160.103000
160.146550
160.164500
160.377100
160.401750
160.650450
160.827300
161.004900
161.429200
161.600000
162.861800
163.516650
163.863600
164.020300
164.098250
165.017650
165.027600
165.250150
165.760350
166.423950
166.516100
166.522500
166.592200
166.920150
167.629600
168.024850
168.157050
168.709900
169.075050
169.235150
169.242050
169.339500
170.266600
170.647000
170.907000
171.001500
171.133750
171.353950
171.611200
171.803350
171.901100
172.039150
172.045200
172.480350
172.578150
173.397800
173.793650
173.798600
174.069100
174.569200
174.742050
175.078500
175.100850
175.637800
175.814550
176.202750
176.424500
176.430850
176.528600
176.927300
176.958950
177.325500
177.330650
177.546800
177.797400
178.038650
178.519650
179.774750
180.112450
180.164800
180.538850
180.671350
180.842900
181.173050
181.346700
181.479550
181.838500
181.908400
182.042600
182.054200
182.230600
182.477700
182.743850
183.057350
183.585400
183.943650
184.443400
184.493250
184.897250
185.088250
185.469650
185.475500
186.061350
186.265250
186.545800
186.628150
187.074850
187.095400
187.952300
188.106200
188.111700
188.219750
188.352850
188.408500
188.432500
188.466850
188.724150
188.920050
189.021550
189.080200
189.859000
190.468200
190.525400
190.551200
191.035200
191.236050
191.240750
191.445700
191.767950
191.808550
191.959650
192.031850
192.058300
192.596150
192.941450
193.122550
193.128250
193.225750
193.576450
193.625900
194.194650
194.750650
195.395650
195.678300
196.035350
196.117900
196.648250
196.880600
197.273800
197.316400
197.333250
197.519950
197.885500
198.034100
198.169500
198.887300
199.087650
199.559900
200.023750
200.730600
200.735350
201.332300
201.438000
201.497950
201.621500
202.393550
203.437150
203.530150
204.185550
204.270300
204.275050
204.439600
204.760950
204.995800
205.282900
205.556950
205.575650
205.966650
206.063750
206.892650
206.977450
207.689550
208.231500
208.620200
208.827000
208.832400
208.976100
209.551400
209.890200
209.905350
210.322650
210.414200
210.587400
210.637150
211.424250
212.058350
212.205700
212.659100
212.799750
213.754850
213.873250
214.139900
214.768150
215.434200
215.438950
215.546600
215.551700
215.911850
216.046100
216.170100
216.860500
216.885450
218.007400
218.012500
218.834400
218.839250
219.191900
219.227800
219.268300
219.436250
219.563650
219.681400
219.894350
220.019350
220.133850
220.537500
220.806450
221.246450
221.414100
221.917850
221.973700
222.034200
222.383300
222.905150
223.230900
223.360350
223.430150
223.945650
224.213050
224.469250
224.550400
225.015650
225.127350
225.285250
225.390100
226.541550
227.159200
227.225650
227.411300
227.470850
227.711900
228.649000
228.654200
229.073850
229.445500
229.794700
229.879850
230.034750
230.186350
231.079650
231.103550
231.378550
231.638000
231.764850
232.235000
232.504750
232.784450
232.950350
233.242400
233.707400
233.824600
234.181350
234.893450
235.377100
235.519000
236.091600
236.229350
236.696400
236.703450
236.971950
237.003150
237.265550
237.269850
237.751150
237.985500
238.011200
238.594350
238.811300
239.209150
239.406450
239.547450
239.702350
240.339500
240.494950
240.901850
241.063250
241.296100
241.596050
242.425600
242.429750
242.444200
242.479200
242.855150
242.966750
243.362500
243.886300
244.167450
244.601950
246.057350
246.688000
246.887800
247.176000
247.183300
248.031000
248.611350
248.975700
249.766250
249.860200
249.887650
249.941150
250.234700
250.240100
250.364550
250.695750
250.701250
250.778550
251.148600
251.274750
251.674000
251.678350
251.707700
251.752200
252.218700
252.448100
252.477100
252.639600
252.889100
253.020550
253.231550
253.528300
253.842900
253.871100
253.892150
254.089000
254.724900
254.862500
254.889750
255.166450
255.431500
255.785300
256.213800
256.838150
256.849900
256.912500
256.917950
257.052650
257.169200
257.204350
257.435100
258.071950
258.626000
258.640800
258.923350
259.063300
259.472850
259.638450
260.191500
261.081750
261.292300
261.298900
261.649350
261.844550
261.875000
262.060550
262.180300
262.290150
263.902450
264.021300
264.112900
264.118350
264.124450
264.412550
264.742850
265.178000
265.280300
265.447850
265.632150
265.671750
265.806100
265.961300
266.074400
266.262900
266.267600
266.400100
266.580200
266.593850
266.794500
267.090400
267.113150
267.442800
267.539550
267.785450
268.318000
268.320700
268.463700
268.681200
268.887900
269.019150
269.250900
269.424200
269.892600
269.935850
270.091450
270.237600
270.264750
270.344400
270.562200
270.658000
270.982400
271.040900
271.749750
271.984450
272.156950
272.551650
272.556900
272.792550
272.892950
273.241650
273.346650
273.368400
273.745050
274.099650
274.166550
274.259850
274.341300
274.366600
274.425100
274.510050
274.685350
274.711700
274.719100
274.864150
275.134300
275.314750
275.490000
275.494950
275.821300
275.902700
276.285450
276.506400
276.522050
276.693250
276.836650
277.012500
277.185450
277.190050
277.281600
277.290500
277.386900
278.203100
278.338850
278.699050
278.939450
280.193600
280.730750
280.755050
280.820600
280.982150
281.238750
281.406250
281.551150
281.709450
282.142700
282.319800
282.432150
282.550700
282.852000
282.890950
282.989200
283.019150
284.035250
284.275050
284.766100
285.116900
285.287150
285.529600
285.868050
286.092150
286.314450
286.903300
286.992300
286.997750
287.123100
287.362350
287.852950
288.230000
288.263900
288.540000
288.948000
289.525950
289.831800
290.129300
290.612100
290.859800
291.186250
291.196350
291.320900
291.559900
292.496600
292.626850
292.763100
293.012550
293.143800
293.392550
294.316800
294.544750
294.651750
295.133750
295.258450
295.464800
295.467700
295.473100
295.756100
296.038500
296.663150
296.857450
296.980450
297.809650
297.918900
298.336350
298.489550
298.611900
298.716900
298.884000
299.185900
299.592200
300.210800
301.018850
301.190100
301.563550
301.566050
301.912750
302.039350
302.639750
302.779600
302.981250
302.989850
303.318950
304.105600
304.111100
304.531400
304.733600
304.784100
304.923800
304.931750
305.106250
305.368900
305.673850
306.143350
306.260500
306.374550
306.559000
306.589300
306.660050
306.884350
306.896150
307.038000
307.160500
307.165300
307.464450
307.732200
307.975550
307.982950
308.513300
309.249750
309.804600
310.514950
310.519450
310.526500
310.831100
310.951400
311.119700
311.836850
311.843900
311.933600
312.162400
312.405400
312.503950
312.567100
312.622050
312.804050
312.907250
313.339900
313.464100
313.714150
313.790700
313.798750
314.164550
314.275000
314.843400
315.466500
315.599050
315.631100
315.960250
316.532750
316.769200
316.987500
317.450900
317.455650
317.851100
318.132250
318.858100
318.902550
319.076550
319.587950
319.741650
320.201900
320.430400
320.543950
320.614950
320.806750
321.138800
321.303150
321.327900
321.541350
321.616750
322.090850
322.165800
322.436300
322.890750
323.353550
323.439000
323.836800
323.950600
324.263300
324.479250
324.599900
324.821700
325.395250
325.535400
325.539700
325.557500
325.984050
326.261850
327.349250
327.740700
327.745800
328.124500
328.282450
328.293550
328.475150
328.499400
328.991450
329.187350
329.200150
329.240500
329.444450
329.478000
329.578200
329.702600
329.937150
330.188900
330.860850
331.044550
331.053400
331.378750
331.670500
332.105300
332.973050
333.457400
333.947000
333.978400
334.251850
334.266150
334.468650
335.408300
335.518200
335.819500
336.046100
336.129900
336.205150
336.260850
336.352450
336.480850
336.486100
336.692400
336.765850
336.850650
337.275050
337.346200
337.442800
337.448700
337.934950
338.117000
338.289400
338.295800
338.663150
338.695800
338.916750
339.295450
339.715350
339.962600
339.969000
340.449150
340.641350
341.417600
342.334600
342.607250
342.673100
343.182150
344.404000
344.444550
344.975050
345.056650
345.285250
345.565950
345.779350
346.046800
346.552600
346.932700
347.167850
347.529150
347.982700
348.579550
348.982750
349.355550
349.371950
349.508250
349.552500
349.645700
349.876850
349.928000
350.401650
351.058500
351.205050
351.426200
351.537150
351.962850
352.074200
352.079700
352.237800
352.292950
352.382750
352.533700
353.005600
353.552400
353.609600
353.763000
353.848150
354.228600
354.556250
354.773650
354.876750
355.012750
355.131350
355.408400
355.696500
355.700900
355.973500
355.982850
356.597600
356.604250
356.896850
356.958650
357.145250
357.638300
357.840900
358.004100
358.009300
358.156750
358.573400
358.644600
358.690450
359.006150
359.052750
359.331000
359.469200
359.474100
359.543300
359.911350
359.921250
360.037600
360.260750
360.517800
361.346050
361.752850
361.950400
362.195250
362.402400
362.518800
362.538100
362.821600
362.832700
363.253800
363.305050
363.703300
363.832950
363.867750
364.200250
364.205550
364.524900
364.609200
365.180700
365.438200
365.512600
365.551600
365.560500
365.687050
365.691550
365.741000
365.755300
366.015000
366.089750
366.708700
366.799050
366.943700
366.957200
366.964200
369.082550
369.364750
369.736500
369.742400
369.842650
369.990450
370.193600
370.240550
370.820450
370.846650
370.891100
370.980200
371.255300
371.343500
371.507350
371.667000
373.049400
373.312350
373.443700
373.580500
373.593350
373.725500
373.860150
374.310600
374.381100
374.629500
374.942300
375.349750
375.594550
376.017600
376.682350
376.949200
376.953800
377.407350
377.493000
377.590500
378.456400
378.824900
379.027700
379.032000
379.039150
379.386700
379.738200
380.135850
380.555650
380.563650
380.675150
381.169900
381.541150
381.621150
381.639900
381.786550
382.000100
382.006700
382.132850
382.146650
382.191850
382.499500
382.585600
382.909200
383.011700
383.235750
383.240850
383.510450
383.711300
383.814150
384.242150
384.434250
384.496400
384.784100
385.228800
385.717600
385.827550
386.064600
386.084550
386.347500
386.628850
386.915800
387.915750
388.033650
388.934450
389.058050
389.625850
390.281550
390.550150
390.668600
390.689950
390.848800
391.256400
391.485750
391.624200
391.862400
392.480350
392.613700
392.620000
392.854200
393.328450
393.369450
394.145150
394.424100
394.909200
395.238800
395.491850
395.824200
396.352800
396.450750
396.523600
396.698650
397.270350
397.276150
397.315250
397.819100
397.823650
398.032450
398.090000
398.629850
398.928250
399.006250
399.426050
399.764850
399.927800
401.452600
401.995850
402.236750
402.443050
403.488550
403.732700
404.059650
404.096850
404.292200
404.305400
404.378200
404.551150
404.654350
404.949800
405.045200
405.518700
405.950650
406.030650
406.083800
406.155100
406.443250
406.506200
406.944800
407.093900
407.099150
407.831450
407.930900
408.059200
408.280800
408.454450
408.689100
409.101400
409.225850
410.003600
410.210800
410.360000
410.841750
411.193000
411.215200
411.395500
411.688650
411.777500
411.851800
412.053350
412.058550
412.096250
412.690400
412.839450
412.984500
413.567000
413.601600
414.010650
414.203400
414.216800
414.500300
414.579250
414.734600
414.771950
414.975800
415.214300
415.235100
415.484150
415.558400
415.979500
416.156850
416.411400
416.649250
416.655500
416.856350
417.522350
418.007150
418.138150
418.143100
418.150600
418.499750
418.505400
418.923950
419.133650
419.172250
419.352950
419.874650
420.005450
420.011650
420.071050
420.132800
420.224400
420.355600
420.815000
421.243450
421.363850
421.583600
421.656500
421.856450
422.117850
422.755850
422.914400
423.316500
423.967300
424.057650
424.593350
424.614900
424.631500
425.072200
425.133600
425.724100
425.738650
426.085350
426.385450
426.618200
426.623450
426.694550
427.145900
427.666000
427.825100
428.475350
428.480350
428.500400
428.870000
429.326850
429.740400
429.833350
430.148750
430.846950
430.912850
431.110100
431.552600
431.740350
431.861900
432.672600
432.829800
432.951600
433.834900
433.841650
434.343600
435.045350
435.049700
435.149350
435.246400
435.462950
435.641350
435.650250
435.713250
435.820350
436.431050
436.605400
436.644050
437.520050
437.901600
438.002050
438.357200
438.532800
438.830200
438.951150
439.885900
440.129650
440.232000
440.444850
440.835200
440.990350
441.235150
441.611150
441.933200
442.046900
442.052050
442.397450
442.430950
442.788900
442.800200
442.919100
443.110900
443.504400
444.184500
444.868600
445.143350
445.299400
446.261350
446.266350
446.655200
446.818900
447.594450
447.689400
447.966050
448.190000
448.222550
448.244200
448.430350
448.988250
449.769400
449.968350
450.649050
451.060600
451.066750
451.210500
451.215150
451.535100
451.604650
451.638550
451.910700
452.288750
452.375250
453.532200
453.707650
454.462550
454.593850
454.945800
454.952950
455.401100
455.613000
455.928400
456.047600
456.429250
456.473250
456.709150
457.447200
457.572000
457.583600
457.678750
457.881350
458.238550
458.383050
458.839550
459.370950
459.538000
459.542800
459.737100
459.965400
459.988600
460.346950
460.585050
460.589800
460.881950
461.026550
461.247500
461.564650
462.334200
462.742750
463.339100
463.903250
465.817050
466.063550
466.454550
466.563000
467.207900
467.507100
468.693850
468.759900
469.011600
469.199450
469.203950
470.409050
470.829950
471.116550
471.711300
471.819800
471.906500
471.929650
471.941650
472.125600
472.958850
473.168800
473.212100
473.453800
473.750700
473.972200
474.440650
474.889550
475.086650
475.504050
475.792050
475.828650
476.606400
476.839050
477.109750
477.458300
477.798800
478.091350
478.394300
479.187850
479.780750
480.095200
480.211500
480.582800
480.831950
481.199500
481.738750
481.939100
482.199650
482.282600
482.542150
482.682650
482.707600
482.720900
483.002900
483.203650
483.268100
483.381100
483.646300
484.742750
485.824650
486.011850
486.318050
486.840400
486.845250
486.857650
487.132550
487.324150
487.530350
487.764950
487.805100
488.043250
488.052050
488.222450
488.586100
489.027850
489.611900
489.829150
490.018350
490.499200
490.836800
491.469200
492.094750
492.424800
492.594750
493.285250
493.709000
493.866700
493.874450
494.033650
494.647800
494.833250
495.396350
495.564000
495.873300
496.505200
496.709150
496.928450
497.173050
497.382800
498.015050
498.656350
498.776250
498.785450
498.935100
499.071600
499.366350
500.012900
500.185200
501.005850
501.615100
501.932950
503.100050
503.211400
503.378150
503.824650
504.164950
504.338450
504.739150
504.784800
504.826000
505.884800
506.617250
506.940350
507.251350
507.257950
507.647600
508.261500
508.464100
508.849950
508.981750
509.068850
509.379000
509.563750
509.795050
510.209700
510.233400
510.468350
510.519200
510.812200
511.332000
511.563650
511.958800
512.101650
512.737600
513.061400
513.278800
513.297550
513.312700
513.564850
513.631100
513.942050
514.913700
515.169050
516.197650
516.322700
517.045700
517.143500
517.266300
518.094850
518.498250
518.831100
518.924900
518.963550
518.994400
519.337200
519.543600
519.677900
519.683000
519.997250
520.826350
521.203650
522.791850
522.965700
523.028450
523.065700
523.215900
523.397850
523.921850
524.134900
524.360250
524.627650
524.645800
525.054500
525.150500
525.252000
525.257150
525.437500
526.064400
526.307000
526.452550
526.607000
526.931600
527.318800
527.532150
527.753000
528.188500
528.621700
529.240800
529.810250
530.049850
530.162450
531.612250
531.905400
532.009250
532.389150
533.174000
533.271900
533.416350
533.904500
533.917600
534.210150
534.996600
535.163450
535.219100
536.026100
536.030800
536.611550
537.012300
537.251850
537.393150
537.496850
537.549000
537.636750
537.972650
538.564900
538.672300
538.986050
539.150200
539.371600
539.885750
539.920450
540.673900
541.744150
541.961050
542.058050
542.304950
542.539700
542.616850
542.844500
543.479600
543.712800
544.301350
544.427150
544.826050
545.225500
545.444500
546.082800
546.092000
546.202600
546.685650
547.387600
547.534400
547.902350
548.016350
548.626300
549.409950
550.006850
550.593900
550.638100
550.789000
551.211650
551.696250
552.210850
552.457700
552.747100
553.278450
553.634700
554.108200
554.171400
554.550500
554.571700
554.722550
555.089950
555.386600
555.931750
555.937950
556.399600
556.404850
557.657900
557.684250
557.838300
559.298250
559.552700
559.559950
559.731650
559.789300
559.809550
560.180500
560.500350
560.825650
561.357650
561.403350
561.508100
562.037850
562.346300
563.930050
564.107150
564.119050
564.918450
565.165950
565.977900
566.041850
566.227650
566.514950
566.744000
566.905250
567.048200
567.778750
567.914550
568.033550
568.337350
568.705200
568.855100
568.943450
569.815850
569.953200
569.972700
570.024350
570.842800
570.895150
570.899350
571.009300
571.193950
571.753850
572.454900
572.536050
572.885000
573.781300
573.820500
573.849200
574.507950
574.566150
574.945600
575.254750
575.319100
576.022600
576.165350
576.644750
577.107750
577.130850
577.771300
577.783250
577.936300
577.943200
578.103350
578.110150
578.981450
578.985700
579.338050
579.679450
579.816350
580.711450
581.056350
581.469000
581.660350
582.198500
582.274300
583.204850
583.420250
583.736950
583.764450
583.924800
584.028500
590.893800
592.397750
594.848800
596.061800
596.929600
599.610450
599.650000
602.634650
602.670150
602.769600
602.810150
603.569500
604.388750
605.274900
605.412500
605.607400
605.627500
607.265650
607.325800
607.990500
609.449850
609.463650
611.908200
612.593250
612.600450
612.604900
612.653900
613.072400
613.268900
613.327950
613.351800
613.587200
613.598400
614.086050
614.112800
614.300600
614.445950
614.546500
615.460950
615.629600
615.754700
615.797800
616.094300
616.100950
616.208400
616.216400
616.282200
617.531750
617.647050
618.297550
618.322400
618.838800
619.585250
620.851950
621.641650
622.234850
622.649950
622.654550
623.351550
623.577700
623.923500
623.951750
624.141650
624.837050
624.882900
625.341950
625.379750
625.798400
626.055350
626.402000
626.513800
627.011900
627.017750
627.130850
627.146300
627.340100
627.549750
627.694400
627.966600
628.061000
628.210250
628.455200
628.610950
628.913350
630.248700
630.426450
630.557750
631.291800
631.314100
631.546700
631.651550
632.433100
632.610950
633.225150
633.598100
633.604000
633.741000
634.486600
634.493600
634.566900
634.574450
634.579950
634.961200
635.086150
636.482700
636.493450
636.912000
637.907750
637.913300
638.052500
638.064750
638.166950
638.172350
638.418350
638.682350
639.240850
639.256850
639.416650
639.502200
639.550600
639.589950
640.074650
640.149950
640.257100
640.536650
640.657550
640.663450
640.897350
640.908700
641.119850
641.730100
642.436450
642.670950
642.724050
643.064150
643.089150
643.107900
643.451400
643.846000
643.966150
644.612000
645.153400
645.373250
645.714700
646.355300
647.733400
648.373400
648.641500
649.001650
649.431300
649.849050
650.428050
650.837300
651.199050
651.223100
651.265450
651.487850
651.500850
651.521800
651.762750
652.798900
652.804100
652.981250
653.195100
653.375400
654.048200
654.214850
654.610750
654.701150
654.786900
654.949600
654.977350
655.208700
655.352350
655.687950
655.778150
655.799800
656.019750
656.163400
656.181350
656.304400
656.673800
656.912800
657.036050
657.890050
657.985350
658.110700
658.202700
658.631950
659.505900
660.815450
660.824750
661.137200
661.752850
661.884600
662.113400
662.435850
662.967500
663.687750
664.750850
665.767250
665.970250
665.985600
666.329650
666.552250
666.645200
667.421400
667.837150
667.842100
667.946700
668.084200
668.331350
668.462250
668.547600
668.883200
669.004150
669.483250
669.606850
670.328800
670.435600
670.448550
670.723700
671.179200
671.329850
671.423450
671.449850
671.753750
671.936900
672.048700
672.587600
672.668250
672.771400
672.916550
673.162350
673.168650
673.988600
674.161350
674.366100
674.986300
675.789050
676.852150
677.445300
677.943750
678.103550
678.107550
678.648050
679.010350
679.255250
679.338050
679.562850
679.898900
679.910650
680.125100
680.162500
680.225750
680.351900
680.357500
680.560400
680.658450
680.856000
681.230950
681.241700
681.466500
681.471650
681.797250
681.913400
682.357850
682.664950
682.801600
683.100900
683.264100
684.096500
684.248150
684.715400
684.781650
684.997100
685.452400
685.466400
685.522500
685.889400
686.516750
686.897150
687.396800
687.522250
687.822600
687.952850
688.242350
688.248150
688.642600
689.063100
689.320300
690.182550
690.525650
690.675850
691.284200
691.654750
691.687800
692.163700
692.802850
693.496550
693.688000
693.977800
694.102300
694.520800
694.540750
694.835900
695.580750
695.690350
695.884750
696.550800
697.336500
697.341900
698.012100
698.488900
698.775200
698.812650
700.310150
700.915450
701.076800
701.601000
701.984500
702.083700
702.177600
702.371450
702.497600
702.529200
702.594150
703.047650
703.107350
703.450000
703.584600
703.613400
703.763950
703.977750
704.268250
704.614550
704.689600
705.349350
705.472200
705.725900
705.731600
706.437550
707.069300
707.221700
707.587850
708.197400
708.920950
710.216900
710.222400
710.267400
710.514550
711.464050
711.468750
711.630550
712.135950
712.413700
712.418400
713.216950
713.389500
713.401100
713.430250
713.572650
713.578000
713.613700
714.151900
714.317800
714.502600
715.006050
715.250800
715.398350
715.611500
715.745800
716.149450
716.326250
716.511950
716.528400
716.811150
717.037400
717.178550
717.183700
717.373500
717.379000
717.385100
717.746050
718.165300
718.247850
718.253700
718.265100
718.437550
718.731000
718.783850
718.876250
718.969600
719.347800
719.417550
719.877550
719.970050
720.499500
721.169250
721.762450
721.995300
722.264200
722.442350
722.698800
722.782750
723.035950
723.625600
724.923750
725.077900
725.321850
725.375450
725.411050
725.827800
725.837950
725.873900
726.301400
726.465350
727.174300
727.201500
727.237150
727.384750
727.413100
727.618200
727.622700
727.668400
728.186600
728.345800
729.000600
729.013100
729.444600
729.524250
729.994250
730.686400
730.990700
731.179950
732.098200
732.462750
732.905500
733.084900
733.703500
733.830450
734.969500
735.585550
735.691500
735.748400
736.661500
736.667150
737.462700
738.024500
738.158200
738.461950
738.799350
739.290600
739.372900
740.272900
740.738700
740.767250
741.530600
741.639400
741.943350
742.016200
742.022050
742.325950
742.474100
742.868800
743.091950
743.510350
744.083800
744.089250
744.292200
744.439150
744.978200
745.368050
746.367050
746.732250
747.047050
747.163500
747.919850
748.109500
748.193950
748.314650
748.862300
748.950650
749.096950
749.575400
749.644300
750.346550
750.822450
751.019550
751.444550
751.753250
751.767000
751.847900
752.063150
752.388400
752.541900
752.884650
753.355450
753.360600
753.484250
753.732350
754.953000
754.983400
755.138800
755.369200
755.381650
755.983200
756.009850
756.126650
756.403650
756.544900
756.591700
756.901950
757.406100
757.456150
757.673750
757.799450
758.135650
759.290350
759.612350
759.679500
759.785700
760.473200
760.477550
761.205400
761.215650
761.310000
761.530050
761.547100
762.121250
762.210050
762.494100
762.640350
762.934250
763.222950
763.792800
764.020700
764.319900
764.462150
764.670050
765.248200
765.386800
765.793950
766.122500
766.153200
766.316300
767.006850
767.292400
767.636250
767.641350
767.649050
767.997500
768.159850
768.249750
768.260750
768.859650
769.266350
769.592100
769.995250
770.593050
771.024750
771.757650
772.261600
772.265450
772.417900
772.757800
773.086050
773.374750
773.842000
774.308100
774.454300
774.525250
775.035600
775.040300
775.406700
775.416800
775.468750
775.708650
776.207850
776.220050
776.509300
776.513400
777.080300
777.393800
777.681500
777.764800
777.791650
778.276550
778.413050
778.418750
780.073000
780.077700
780.161350
780.232550
780.268200
781.698950
781.920450
782.146700
782.200350
782.337200
782.347550
782.452400
782.459250
782.677900
782.768150
782.774250
782.922000
782.933150
783.298550
783.702550
784.020300
784.443050
784.604200
784.608900
784.700500
784.710300
784.715450
785.143400
785.239400
785.351700
785.955450
785.969950
786.054650
786.060250
786.079300
786.815250
787.358700
788.200850
788.643400
788.649350
788.843350
789.056550
789.531800
789.704250
789.791850
790.106500
790.698300
790.817050
791.549650
791.555500
791.898700
792.499600
792.504100
793.163000
793.760400
793.832950
794.148300
794.870200
795.615450
795.620650
796.064950
796.086500
796.091900
796.291550
796.753350
797.253750
797.337900
797.828000
798.119850
798.625900
799.165900
799.327600
799.333400
799.347150
799.603950
799.838850
800.420150
800.426600
800.435300
801.321050
802.125200
802.420750
802.430550
802.450000
802.699400
802.751250
802.919800
803.459350
803.706250
803.711850
804.625750
804.857750
805.151750
805.158100
805.606500
805.788650
805.910400
806.066750
806.270050
806.355500
807.175800
807.183150
807.455550
807.460700
807.511650
807.518600
807.653800
807.849000
808.531100
809.118100
809.149450
809.438650
809.666700
810.020800
810.074850
810.173550
810.572200
810.785700
810.922700
811.809150
812.222450
812.431400
812.481400
812.583250
812.587800
812.685700
813.119900
813.352450
813.519700
813.895100
814.152950
814.463300
814.711650
815.060700
815.071500
815.240100
815.244500
815.249100
815.410950
815.478400
815.484700
815.600950
816.002900
816.182000
816.472950
816.593450
816.989800
817.138800
817.486150
817.494950
817.505550
817.559350
817.846100
817.873900
818.090450
818.134550
818.491250
818.612700
818.848650
819.276650
819.545150
820.038750
820.466600
820.555900
820.596250
820.792800
820.879550
821.202550
821.746350
821.833150
821.896050
822.424800
822.428950
822.665850
822.797200
822.899450
823.151300
823.163900
823.641350
824.238700
824.628000
825.132000
825.669850
825.676700
825.940400
826.277200
826.376900
826.564800
826.816450
827.150600
827.375050
827.628950
827.654600
828.478950
828.627300
828.811150
828.968650
829.563850
829.827100
829.848350
829.947650
830.337000
830.354200
830.800050
830.873950
831.054400
831.060400
831.515350
831.631450
831.777500
831.937800
832.063550
832.091000
832.203350
832.660150
832.790450
832.910350
833.298200
833.370650
833.654500
833.784150
834.349550
834.969500
835.861000
835.867000
836.404550
836.409750
836.522200
836.897050
836.937750
837.166850
837.204750
838.357200
838.486800
838.515600
838.647750
838.913000
838.917050
839.380900
839.586850
839.811750
840.418250
840.836800
840.934600
840.954150
841.130350
841.402400
841.441500
841.663100
841.981600
842.049000
842.211350
842.799700
842.862150
843.204850
843.212050
844.039850
844.342350
844.979350
845.327800
845.511250
845.874600
846.292550
846.305300
846.528150
846.534400
846.702050
846.770250
846.979200
847.601200
847.673650
847.678450
848.205600
848.631700
849.179950
849.323900
849.775550
849.919550
850.191250
850.241450
850.488650
850.710850
851.188900
851.387750
851.536800
851.675650
851.680950
851.809850
851.916150
851.927900
852.132450
852.551800
852.720600
852.846600
853.202100
853.208350
853.396800
854.310400
854.791600
854.931000
855.770700
856.060650
856.082950
857.102000
857.583900
857.612050
857.638350
858.291250
858.698200
858.864600
858.870800
859.170150
859.271100
859.820700
859.934700
859.939750
860.084450
860.148850
860.160350
860.409050
860.648200
860.654150
861.068500
861.375250
861.629250
861.722700
861.816850
861.899550
862.679950
862.754700
862.760250
863.100900
863.334000
863.734300
863.866300
864.147150
864.153600
864.373800
864.745800
865.209850
865.318350
865.668500
866.054850
866.278950
866.745200
866.859300
866.906650
867.232100
868.091550
868.135500
868.176000
868.372450
868.378450
868.485750
868.516600
868.722200
868.871100
869.175100
869.180200
869.617650
869.731250
870.403300
870.872700
870.899350
871.284850
871.448050
871.505800
871.673000
871.735150
871.750600
872.015650
872.515400
873.377300
873.452050
873.579000
873.585450
873.762900
873.802250
874.293300
874.301800
874.814100
875.017600
875.244100
875.843650
876.194000
876.347750
877.074550
877.264050
877.339150
877.652100
877.764100
877.987050
878.010400
878.200250
879.528150
879.923600
880.062300
880.221250
880.328350
880.467350
880.744900
880.885750
881.051500
881.221700
882.178550
882.183100
882.350200
882.970150
883.156300
883.162300
883.491800
883.575450
884.423650
884.799600
884.898800
885.618050
885.631600
885.788700
886.096250
886.369300
886.471750
886.908200
887.191150
887.785300
887.803750
887.811850
888.098500
888.116250
888.179500
888.186150
888.536250
888.806650
889.017800
889.729500
890.177300
890.183200
890.344350
890.586300
891.013500
891.444650
891.568750
891.795250
891.798550
891.812400
892.076050
892.193450
892.757900
892.771450
893.201400
893.235000
893.586050
893.591850
893.852450
893.865950
893.963050
894.479950
894.564050
894.941400
895.122350
895.217700
895.224050
895.337100
895.550400
895.914550
896.311500
896.436450
896.760950
897.062500
897.699800
897.706550
897.807700
897.824100
898.236200
898.470250
899.459400
899.600000
899.825250
899.829650
899.869800
899.975250
900.634800
901.228250
901.746850
901.907050
902.077350
902.457500
902.643450
902.833850
903.007350
903.181350
903.701050
903.922250
904.030450
904.320100
904.324650
904.413750
904.422800
904.586850
904.592650
904.738700
904.743500
904.956750
905.624000
905.629000
906.900850
907.157400
907.287200
907.438300
907.718850
907.997400
908.714400
908.947800
909.460650
909.686300
909.761300
909.840350
909.989000
910.002750
910.690750
910.710200
910.908200
911.352050
911.643700
911.787950
912.002000
912.009650
912.163450
912.417750
912.492600
913.085250
913.090400
913.306300
913.574250
913.579000
913.674500
913.847550
913.925400
914.031600
914.048150
914.231250
914.495900
914.892000
915.398300
915.523750
915.585700
915.743550
915.957650
915.970950
915.975850
916.090800
916.408950
916.888850
916.994700
917.202850
917.453400
917.717000
917.876350
918.219850
918.440800
918.657950
918.677850
918.852800
919.414150
919.452200
919.511050
919.804450
919.840550
919.844600
919.987800
920.305300
920.319000
920.520750
920.608400
920.831500
921.065000
921.407850
921.800500
921.875150
922.067550
922.169800
922.580050
922.665650
923.424650
923.876850
924.017300
924.830500
924.924350
925.067650
925.095700
925.508350
925.549350
925.811200
926.650050
927.264500
928.242950
928.444800
928.592350
928.742250
928.904000
928.928150
929.053000
929.262950
929.272800
929.513250
929.609000
929.765500
930.123900
930.164500
930.639250
931.039450
931.048350
931.153400
932.036850
932.054200
932.115550
932.471000
932.491650
932.621750
932.719150
932.724100
932.730350
933.087350
933.250450
933.444650
933.597200
934.255600
934.623300
934.635150
935.095350
935.265700
935.435350
935.442100
935.711050
936.037750
936.495150
936.634200
936.720100
936.919150
937.055900
937.174150
937.365900
937.560600
937.896200
937.905800
938.063900
938.465250
938.469950
939.763350
939.973850
940.036700
940.132850
940.577450
940.909500
941.339750
941.933500
942.000200
942.500400
942.670700
942.957550
943.276900
943.348500
943.468950
943.974250
944.002650
944.059100
944.814100
945.055600
945.162400
945.229350
945.773850
946.401700
946.514600
946.990800
948.112600
948.122500
948.571850
948.927050
949.066450
949.207050
949.556400
949.702700
949.950200
950.833350
950.954100
951.002650
951.408500
951.528300
951.541350
951.873600
952.132000
952.242250
952.444100
953.046050
953.051500
953.262900
953.329100
953.913700
953.987600
954.326600
954.529400
954.976100
955.358250
955.403300
955.464350
956.480500
956.523100
956.555950
956.896500
956.912400
956.975200
957.004450
957.076950
957.494800
958.713350
959.382400
959.417250
959.421950
959.503400
959.825350
960.001900
960.179100
960.697850
960.832200
961.083350
961.305700
961.317850
961.801350
961.950050
962.006000
962.157800
962.423550
962.616200
962.871050
962.934550
963.591500
964.024150
964.225000
964.272700
964.579000
964.922100
965.798350
966.054300
966.061450
966.320750
966.329800
966.747200
966.903850
967.280250
967.422050
967.627200
968.373100
968.576100
969.377150
969.594650
969.781500
969.865050
969.900750
970.666600
970.782050
972.145650
972.613400
972.699850
973.216250
973.362600
973.979000
974.205100
974.595750
974.870000
975.296050
975.486000
975.563400
975.733150
975.912600
976.804000
977.251450
977.365700
977.462750
977.470250
977.862150
978.295950
978.358550
978.574700
978.588200
978.605100
978.671700
979.196650
979.420650
979.516650
979.601350
979.957350
979.984450
980.055600
980.410550
980.416400
980.576000
980.905150
980.988450
981.015750
981.106500
981.451950
981.532900
981.881950
982.214100
982.332100
982.448700
982.569600
983.706450
983.757600
984.738450
985.228850
985.233800
986.444100
986.467050
986.718750
987.321150
987.452400
987.474200
987.890350
988.070550
988.427600
988.612050
989.048450
989.122250
989.219100
989.857250
990.195900
990.518150
990.967300
991.287000
991.312100
991.466250
991.599100
991.607500
991.894000
992.054550
992.647350
992.734600
992.947450
993.047750
993.200150
993.491050
994.200650
994.331450
994.339350
994.432300
994.483100
994.747950
994.754050
994.974350
995.061900
995.323350
995.478200
995.939700
997.110300
997.211650
997.662200
997.696350
998.192550
998.655750
998.866150
998.872000
999.835650
999.923050
999.949150
1000.044200
1000.455350
1000.868600
1001.087400
1001.093400
1001.197950
1001.623750
1001.629200
1001.983650
1002.108950
1002.264200
1002.631400
1002.644500
1002.877900
1003.112200
1003.219950
1003.488200
1003.656850
1003.986150
1004.379350
1004.512600
1004.719700
1004.842600
1004.926900
1004.940650
1005.231750
1005.801550
1005.842750
1005.850450
1005.974200
1006.018450
1006.893650
1007.113900
1007.357800
1007.432650
1007.527950
1007.761800
1007.891000
1007.929650
1008.160250
1008.350300
1008.541300
1008.904500
1009.334300
1009.927400
1010.241500
1010.957250
1012.002950
1012.079300
1012.954750
1013.333300
1013.794100
1013.906300
1013.911800
1014.658950
1014.780350
1014.933800
1015.216350
1015.416800
1015.449150
1015.645050
1015.665700
1015.765400
1016.114050
1016.223650
1016.377250
1016.815200
1016.842900
1017.169400
1017.707050
1017.850200
1018.117100
1018.150250
1018.342800
1018.347700
1018.947950
1019.141100
1019.184000
1019.270900
1019.333700
1019.611400
1019.802750
1020.118900
1020.608000
1020.620200
1021.209450
1021.326750
1021.544300
1021.945400
1021.961050
1022.233500
1022.719100
1022.890600
1023.219500
1023.286600
1023.308000
1023.855700
1023.859950
1024.472100
1025.650550
1026.111600
1026.323150
1026.327650
1026.494600
1026.643450
1027.280250
1027.329800
1028.044200
1028.206150
1028.949300
1029.129100
1029.356950
1029.774200
1029.873300
1029.943750
1030.154650
1030.371600
1030.691850
1030.697050
1030.717100
1031.017050
1031.249250
