0.540800
0.814800
1.005700
1.010550
2.437700
2.443300
3.160000
3.670500
3.676500
4.772700
5.139100
5.145800
5.149500
5.154100
5.157200
5.164500
5.895950
7.428950
10.188600
10.192950
10.201700
10.207650
10.212700
10.232300
10.250100
10.842450
11.030850
12.682350
12.838750
13.150600
14.149100
14.154700
14.824450
14.829650
15.588750
15.997500
16.436050
17.325450
17.846250
17.989000
18.482250
18.720100
19.595100
19.601200
20.471800
20.478300
21.270300
21.275000
22.025100
22.031600
22.804100
23.771850
24.811300
24.817350
25.375150
26.908750
26.915050
27.144200
27.581450
28.741700
29.069050
30.108650
30.634450
30.640000
31.428650
31.635550
31.886950
31.946450
32.856900
33.615900
34.235950
34.722600
34.897050
34.956250
35.459800
36.186500
37.517600
37.526200
38.201450
38.731600
39.314550
39.968400
40.691950
41.110350
41.915800
41.921600
43.243250
43.248850
43.900350
43.906250
44.842300
45.692050
45.697850
47.385350
47.653300
47.658450
48.732450
48.738250
49.656400
50.748850
50.751700
50.826100
50.831150
51.242700
52.703700
53.436750
53.448900
53.728200
54.591200
55.929300
55.935500
56.098950
56.103950
57.373100
59.349000
60.988550
61.894450
62.155500
62.160800
62.844200
64.324400
64.330700
64.836850
65.454100
67.065800
67.070950
67.287100
69.737650
71.724300
79.336850
80.415500
80.435550
81.420900
82.195800
82.615650
82.895250
85.016850
85.739450
87.002800
87.690650
88.458500
88.464750
88.785850
89.315800
89.385550
89.393850
89.758750
89.765200
89.772000
90.127750
90.534250
90.945600
91.335900
91.985850
91.990650
92.315850
93.100050
93.277200
94.155400
94.162800
95.056300
95.063000
95.789950
95.796200
96.794650
98.205950
98.400200
98.932750
98.935650
98.957950
98.985600
99.300750
99.306000
99.662700
99.668350
100.084700
100.535000
101.369350
101.390800
102.364600
102.367150
103.029200
103.039200
103.218800
103.224500
103.852150
104.120150
104.542750
105.106150
105.113850
105.186600
105.192900
105.762300
107.168800
107.998400
109.455050
109.463500
109.893750
109.900350
110.114700
110.454500
110.767300
110.773350
111.216450
111.222500
111.827100
111.831950
112.010100
112.726950
112.927400
113.273950
113.276650
113.340500
113.760950
113.766300
114.435900
115.051400
115.058250
115.352650
115.367250
115.401200
115.837950
115.843000
116.941950
116.995000
117.812950
117.819600
118.996250
119.059550
119.832250
120.268000
120.273350
120.899100
120.905500
121.594900
121.600650
121.980350
121.983600
121.988500
122.026450
122.031400
122.354450
122.425250
122.651650
122.758500
122.996800
124.008700
124.248750
125.359400
125.365500
125.584000
126.236200
126.241800
127.050200
127.116500
127.774750
128.404800
128.417350
128.787650
129.003950
129.270850
129.275650
130.342300
130.943700
130.946300
130.959550
131.285600
131.642100
131.644600
131.679150
131.684850
132.035600
132.042700
132.270500
132.273050
132.552500
132.804100
133.145450
133.162100
133.376550
133.757750
134.197350
134.527700
134.541850
134.551100
134.630900
134.633550
134.643850
135.138050
135.668250
135.750550
135.812750
135.815200
135.820900
136.202150
136.855300
136.857850
137.435950
138.742850
138.745500
138.783250
139.062250
139.069550
139.353350
139.359450
139.614700
139.708500
139.715150
139.887450
140.562700
140.570700
140.843450
141.739250
141.744100
142.004700
142.051450
142.302300
142.304700
142.309150
142.741250
142.747550
142.844000
143.485800
143.743050
143.745550
143.752000
143.755650
143.760500
144.069100
144.071750
144.243050
144.691550
144.801650
144.816750
145.235250
145.344900
145.796100
145.807850
145.810450
145.814650
145.834950
146.415600
146.423950
146.771150
146.779750
146.785950
147.372550
147.377600
147.706950
148.118500
148.386000
148.958750
149.021500
149.023850
149.037400
149.590150
149.749950
150.086000
150.251000
150.475400
150.481350
150.744350
150.751300
150.857500
150.860100
150.879150
151.109050
151.164950
151.255600
151.674300
151.790500
152.430050
152.435850
152.959250
152.964700
152.972550
153.167700
153.184550
153.515900
153.518600
153.794100
153.796600
153.800500
153.805650
153.814150
154.054300
154.060600
154.223450
154.226000
154.230250
154.237650
154.320950
154.506400
154.652950
154.656000
155.006350
155.012400
155.728900
155.731600
155.771350
155.930850
155.936200
156.345650
156.412250
156.690150
157.135700
157.569150
157.644300
157.875400
157.880950
158.341650
158.358200
159.042550
159.047250
159.586850
159.589850
159.626600
159.702450
159.712000
160.208300
160.523250
160.892250
161.054200
161.058600
161.069700
161.479200
161.614000
161.753850
161.756350
162.091450
162.255300
162.260750
162.266600
163.615400
163.691500
164.010100
164.099750
164.102250
164.105250
164.108650
164.183400
164.464200
164.856700
164.976450
165.352600
165.647750
166.103100
166.233450
166.653900
166.659650
166.895150
167.138450
167.173250
167.175850
167.430900
167.437200
167.953200
168.723200
168.725700
168.736000
169.699850
169.720100
169.822550
169.825100
169.889000
170.221200
170.223850
171.285250
171.301100
171.327650
171.634200
171.841800
171.848800
172.873550
172.891300
173.901050
174.124500
174.127200
174.184350
174.191700
174.513100
174.621350
174.834500
174.837400
175.136850
175.405900
175.426950
175.429250
175.432500
175.437150
175.511250
175.529700
175.952300
176.456750
176.459200
176.478150
176.803350
176.947700
176.953650
176.960350
177.281200
177.283750
177.287050
177.300650
177.527950
177.785600
178.505350
178.765100
178.768800
179.478850
179.485050
180.144200
180.146550
180.156200
180.220450
180.828650
180.831300
180.870350
180.892900
180.980500
181.284050
181.494450
181.496900
181.549550
181.888850
182.731950
182.734550
182.760300
182.783700
183.087400
183.099900
183.177700
183.180600
183.184300
183.189550
183.194500
183.201600
183.728950
183.964050
183.966900
184.315300
184.504000
184.661050
185.085400
185.133300
185.404850
185.407500
185.699250
185.701900
185.706450
185.733450
185.905450
185.945300
185.948150
186.679600
187.135150
187.237950
187.824700
188.211950
188.388950
188.953450
188.956500
189.527450
189.762950
189.966600
190.133350
190.135850
190.152450
190.333900
190.376250
191.099150
191.388850
191.394100
191.397700
191.526650
192.182700
192.575200
192.577900
192.581950
192.657500
192.668650
193.020900
193.030900
193.658700
193.664150
193.886300
193.889200
194.486950
194.676100
194.690250
194.808500
194.811250
195.232000
195.638000
196.266700
196.430350
196.599600
196.602350
196.660350
197.040150
197.440250
197.448150
197.631000
197.870100
198.077850
198.224700
198.230500
199.716700
199.838200
199.840700
199.844750
200.388600
200.550850
200.553850
201.140900
201.278800
201.460450
201.463200
202.167600
202.448700
202.600050
202.974950
203.232450
203.510650
203.515900
204.090450
204.419900
204.422850
204.427200
204.443100
204.449250
204.454600
204.789600
204.792100
204.805250
204.807800
204.824100
204.843000
205.158250
205.311000
205.313700
205.360300
205.369200
205.453800
205.459400
205.945250
206.227600
206.254700
206.257250
206.270700
206.829000
207.031050
207.223850
207.229650
207.454150
207.594900
207.758950
207.848100
207.851350
207.925200
208.338200
208.340950
208.353050
208.384900
208.430150
208.797800
208.803300
209.266650
209.270700
209.334400
209.350550
209.561600
209.864250
210.036050
210.236000
210.276950
210.279450
210.301400
210.350500
210.356350
210.616700
210.678300
211.754000
211.760250
211.921550
212.440750
212.478750
212.481200
212.484600
212.488900
212.492550
212.530800
212.553750
212.559150
212.566550
213.131600
213.815550
213.845750
213.849300
213.950750
214.239600
214.244300
214.860450
214.866250
214.881000
215.238550
215.245800
215.467250
215.574850
215.577700
215.599300
215.703150
215.899900
216.169000
216.440150
216.832500
216.835300
216.900200
216.905150
217.245250
217.252900
217.822000
217.835100
218.236700
218.239300
218.303000
218.444650
218.451150
218.572950
218.575600
218.759050
219.271800
219.296250
219.892650
219.900150
220.086550
220.391000
220.397350
220.810350
221.147900
221.460900
222.071300
222.073900
222.159400
222.913600
222.946900
223.088450
223.197150
223.199850
223.204150
223.474850
223.714050
224.071650
224.089600
224.931200
224.945050
224.983800
224.986250
225.274950
225.278400
225.288650
225.297250
225.481300
225.488100
225.626100
225.629300
225.906300
225.988100
225.990900
226.097250
226.103750
226.418900
226.421800
226.426550
226.969450
226.975800
227.189100
227.191500
227.198100
227.292750
227.731050
227.733600
227.741150
227.952750
227.961150
228.143550
228.151600
228.312500
228.315350
228.534250
228.541050
228.920600
228.923650
228.938450
228.950300
228.956400
229.557350
229.563450
229.709800
229.943700
229.949400
229.977800
230.076100
230.078600
230.334750
230.448900
230.451950
230.787250
230.799300
231.540450
231.976250
232.071500
232.075450
232.274950
232.484500
232.487200
232.497300
232.781850
232.811500
232.981900
233.059900
233.062500
233.066450
233.071350
233.318750
233.325450
233.516550
233.546750
233.797550
233.800250
234.062050
234.101500
234.170600
234.173250
234.176800
234.340650
234.346650
234.675150
234.677950
234.683000
235.226300
235.339750
235.713700
235.718250
235.961350
235.987050
236.489150
236.636500
236.642150
236.684400
237.295200
237.366100
237.376400
237.382550
237.386500
237.391000
237.501800
238.029500
238.085400
238.700550
238.719650
238.725150
238.984950
238.988150
239.029350
239.036700
239.234150
239.271550
239.497950
239.550050
239.708100
239.710800
239.945800
240.149900
240.153550
240.547900
240.998350
241.377450
241.643650
241.646550
241.662400
241.667950
242.181050
242.183600
242.211850
242.231000
242.868050
243.057150
243.063250
243.370250
243.377600
243.515950
243.961850
244.101250
244.108450
244.327250
244.349850
244.356500
244.760900
244.774800
244.857200
244.859700
244.875700
245.279600
245.282250
245.288650
245.337300
245.448200
245.451150
245.575650
246.080200
246.090450
246.097600
246.327950
246.550100
246.796450
246.859450
246.913100
247.206350
247.208950
247.213100
247.352950
247.504750
247.558550
247.561750
247.576250
247.645150
247.656150
247.935800
247.949300
248.241450
248.361500
248.367700
248.373700
248.634050
248.742450
248.745050
249.032800
249.167150
249.442650
249.445100
249.516100
249.748400
249.874700
249.880750
249.963250
249.965950
249.969200
249.972800
249.976750
250.251550
250.623200
250.916250
250.946900
251.250850
251.279600
251.347950
251.355100
251.530800
251.534100
251.576850
251.953150
251.955750
251.970600
252.085000
252.441250
252.447300
252.918050
253.206300
253.282050
253.390950
253.429100
253.496550
253.829000
253.831750
254.069000
254.072000
254.204100
254.226850
254.231700
254.407100
254.409600
254.412600
254.416600
254.420900
254.890450
254.992350
255.186550
255.190050
255.261450
255.365000
255.784000
255.856000
256.027300
256.289050
256.294300
256.695350
256.701950
256.706550
256.709150
256.883850
256.886800
256.913750
257.452800
257.455700
257.483350
257.660100
257.987600
258.110800
258.113700
258.484950
258.487900
258.525300
259.279850
259.300800
259.403250
259.467850
259.470950
259.665550
259.668300
259.832700
260.015850
260.021800
260.139050
260.222300
260.594750
260.652650
260.744150
260.746550
260.755450
260.776900
260.786250
260.794150
261.034150
261.073450
261.229950
261.490700
261.518200
261.699550
261.702200
262.546300
262.738050
262.968350
263.048100
263.453000
263.455650
263.544250
263.622850
263.646650
263.652750
263.781200
264.138100
264.143850
264.255700
264.270600
264.273900
264.753050
264.849800
264.995200
265.195900
265.354350
265.487850
265.788550
265.795100
266.162800
266.422650
266.758250
267.128550
267.133650
267.161100
267.485000
267.487500
267.491450
267.688100
267.692600
267.698400
267.824400
267.864050
267.928700
267.931750
267.946300
268.442350
268.512250
268.708650
268.899650
269.068700
269.071400
269.075300
269.408850
269.550600
269.553450
269.611750
269.646050
270.133200
270.138600
270.589000
270.596250
270.853250
270.868800
270.873650
270.880350
271.157100
271.168450
271.171500
271.175750
271.179100
271.183450
271.188300
271.194000
271.741500
271.744250
271.755650
271.787200
271.794900
272.217850
272.350850
272.357350
272.444900
272.545000
272.548100
272.812750
273.107350
273.114600
273.123450
273.250550
273.253100
273.256900
273.376350
273.685000
273.691750
273.831400
273.965500
273.968300
273.972500
274.110100
274.167800
274.621800
274.716800
274.719250
274.815750
275.072350
275.075200
275.079000
275.237100
275.397950
275.423800
275.482800
275.485150
275.784600
275.794200
275.807000
275.811750
276.260300
276.263050
276.293400
276.297850
276.368950
276.569350
276.673150
276.678900
277.040400
277.049900
277.200650
277.215550
277.554300
277.634450
277.636750
277.640300
277.643900
277.650150
277.853750
278.030750
278.034250
278.147700
278.153150
278.194050
278.512250
278.518550
278.734050
278.857450
278.868150
278.986400
279.294400
279.300350
279.455400
279.458150
279.666350
279.671900
279.939650
279.944350
280.040750
280.047000
280.209500
280.478750
280.484400
280.496450
280.499200
280.569500
280.742600
280.745300
280.781900
281.066700
281.072350
281.078150
281.090700
281.097950
281.274950
281.482800
281.488850
281.578150
281.583900
281.588150
281.811200
281.814150
281.818400
282.129650
282.164650
282.240950
282.727200
282.729950
282.748150
282.853150
282.859550
282.972300
282.975350
283.030900
283.175000
283.407850
283.495200
283.627450
284.146050
284.149000
284.194950
284.199450
284.203450
284.237250
284.255150
284.285350
284.438100
284.441050
284.444550
284.454850
284.688850
284.868450
285.132300
285.294450
285.403900
285.432600
285.665600
285.667950
285.672250
285.804500
286.048900
286.056900
286.274650
286.277700
286.560100
286.564950
286.747750
286.813050
286.815850
286.856100
286.861100
286.916550
286.920400
287.015000
287.164300
287.378050
287.549300
287.555500
287.839500
287.842100
287.845800
287.859600
287.863900
288.005300
288.305200
288.454650
288.461200
288.760600
289.044000
289.054800
289.211500
289.213900
289.228550
289.235550
289.295550
289.497300
289.544700
289.661450
289.974200
290.153550
290.160750
290.324200
290.330600
290.614000
290.620300
290.791750
291.097850
291.253900
291.482850
291.949300
291.976550
292.015100
292.017850
292.039850
292.043300
292.063200
292.364750
292.367850
292.373750
292.409500
292.548400
292.747750
293.112100
293.129400
293.146950
293.317350
293.320300
293.615050
293.818750
293.859350
293.863000
293.878350
293.907250
293.915050
294.507250
294.580350
294.582800
294.586550
294.605500
294.621900
294.880100
295.041600
295.168550
295.171200
295.195550
295.233500
295.385850
295.437750
295.447450
295.449800
295.598500
295.601500
295.605800
296.182900
296.185550
296.189400
296.207950
296.213000
296.229900
296.533550
296.617500
296.687750
296.888400
296.987750
296.990350
297.013100
297.250300
297.257300
297.306800
297.312550
297.899800
297.999750
298.181250
298.184050
298.195450
298.422300
298.502550
298.622950
298.625450
298.628750
298.634600
298.857250
298.860050
298.867650
298.888450
299.115450
299.121250
299.353600
299.393100
299.443450
299.446450
299.451650
299.683950
299.720950
299.833200
299.836550
300.255550
300.261250
300.351400
300.358300
300.385250
300.387900
300.920500
300.926750
301.071350
301.167900
301.174250
301.349650
301.352200
301.356000
301.359700
301.366200
301.371650
301.390900
301.397450
301.796450
302.023550
302.027550
302.432750
302.709250
302.770600
302.773600
302.787600
302.793050
303.381300
303.440350
303.876300
303.882750
304.141750
304.160450
304.327600
304.355200
304.452950
304.458850
304.859250
305.165800
305.454000
305.468350
305.773200
306.075050
306.106850
306.109450
306.307150
306.312600
306.591150
306.627200
306.629600
306.633200
307.054650
307.057400
307.152750
307.412250
307.533900
307.539700
307.580600
308.306750
308.773850
308.776750
308.850450
309.113600
309.121400
309.184800
309.465100
309.468000
309.475500
309.529400
309.599950
309.626700
309.685500
309.688400
309.699800
309.703600
309.831050
310.165450
310.178200
310.458750
310.577750
310.740600
310.743150
310.746650
310.794100
311.162000
311.202200
311.205000
311.211700
311.227250
311.448100
311.627100
311.632800
311.987500
311.992650
312.024050
312.065850
312.261000
312.282250
312.285800
312.400900
312.541150
312.543650
312.554200
312.574850
312.883150
312.944600
312.947350
313.057600
313.234400
313.912750
314.057850
314.128250
314.131100
314.145950
314.149800
314.157900
314.442200
314.454500
314.600800
314.603300
314.894950
315.014650
315.247950
315.297950
315.300700
315.310400
315.343850
315.420950
315.432100
315.811100
315.840200
315.858650
316.090250
316.092900
316.178800
316.409450
316.865650
316.871050
316.877550
316.956650
317.045250
317.047900
317.063750
317.067400
317.076050
317.540600
317.571200
317.823700
318.150300
318.153000
318.187500
318.193900
318.443150
318.733350
318.736600
318.740050
318.742250
318.744300
318.752800
318.778000
318.790400
319.394150
319.621050
319.627800
320.075300
320.081850
320.228250
320.485800
320.568050
320.571300
320.575550
320.586850
320.859600
320.944450
320.947550
320.968450
320.973850
321.333400
321.649700
321.654800
321.831350
322.051200
322.057250
322.124350
322.604700
322.643850
323.228750
323.233650
323.254900
323.657000
323.663200
323.782600
323.789600
324.145850
324.318950
324.328750
324.333750
324.336950
324.341000
324.345300
324.476700
324.595350
324.612150
324.901550
324.904350
324.909450
325.123700
325.152550
325.593350
325.706650
325.712250
326.011200
326.016550
326.021750
326.198050
326.200750
326.248550
326.527750
326.684350
326.738650
326.902950
326.905650
326.922950
326.936050
327.774450
327.781950
327.800500
327.819250
328.124450
328.133800
328.138700
328.143050
328.465500
328.509700
328.556850
328.688000
328.690750
328.708300
328.920450
328.972250
329.160650
329.230300
329.236850
329.438550
329.482700
329.499900
329.503750
329.648650
329.652300
329.723300
329.937800
330.101850
330.274950
330.289550
330.468450
330.664400
331.238200
331.668350
332.050650
332.079050
332.084750
332.691700
332.942000
332.956600
333.076000
333.078500
333.082200
333.394350
333.427400
333.430200
333.485500
333.491900
333.551500
333.867350
333.870400
334.256350
334.262250
334.306450
334.309800
334.360700
334.433850
334.565400
334.612700
334.693800
334.837650
335.422750
335.431700
335.753000
335.756050
335.786900
335.929700
336.053200
336.055900
336.102250
336.278800
336.510750
336.554650
336.943000
337.063000
337.187550
337.194100
337.574600
337.580550
337.728500
337.734200
338.118650
338.313550
338.872150
338.878100
339.262500
339.265300
339.294950
339.300100
339.319750
339.436000
339.491300
339.494400
339.568350
339.872900
339.883900
339.886700
339.905950
340.108450
340.330200
340.335600
340.341150
340.679100
340.685000
341.043950
341.456850
342.316450
342.322150
342.406850
342.409400
342.422300
342.461300
342.540700
342.543350
342.547650
342.698350
342.793700
342.869450
342.872200
342.876500
342.883300
342.997100
343.009300
343.095450
343.333150
343.340150
343.353650
343.356500
343.562550
343.672750
343.675900
343.735850
343.741850
344.350900
344.356200
344.481250
344.484400
344.499800
344.513350
344.699200
344.995250
345.001350
345.083100
345.099750
345.483550
345.489100
345.559650
345.562250
345.565300
345.568700
345.572800
345.583950
345.736050
346.080050
346.086650
346.360250
346.389100
346.516200
346.522950
346.754450
347.059800
347.366400
347.369200
347.408050
347.433500
347.554400
347.662050
347.667700
347.677350
347.733650
347.894550
347.955100
347.979050
347.981900
347.985650
347.993850
348.176350
348.181350
348.361950
348.715100
348.858800
348.864050
348.881400
348.884100
348.907700
348.911950
348.929850
349.299050
349.442400
349.684150
349.889750
349.892700
350.212850
350.232100
350.583800
350.600300
350.813350
351.113150
351.115850
351.130100
351.255350
351.467200
351.470100
351.521050
351.744400
352.072650
352.305850
352.311500
352.325000
352.559950
352.586000
352.843900
352.955550
353.041450
353.044550
353.241200
353.247500
353.389700
353.461450
353.599000
353.955800
354.144750
354.349300
354.365550
354.633750
354.636650
354.663100
354.911800
354.919400
355.070900
355.305600
355.478200
355.480650
355.484750
355.495450
355.751550
355.779100
355.782300
356.029100
356.199400
356.624550
356.647700
357.095650
357.247950
357.254000
357.430400
357.629550
357.819500
358.056850
358.235200
358.359150
358.365050
358.593150
358.595950
358.783650
358.927800
358.996400
358.999050
359.027700
359.096850
359.150150
359.489750
359.752250
359.823400
360.138800
360.145200
360.309250
360.312200
360.378550
360.709000
360.715050
360.722300
360.991250
361.020100
361.354200
361.361500
361.440900
361.682000
361.749050
361.751800
361.880500
362.048650
362.051850
362.213650
362.219800
362.458800
362.464000
362.571650
362.577900
362.644150
362.646650
362.650500
362.923750
363.133300
363.136150
363.431300
363.437450
363.457350
363.460300
363.697650
363.794200
363.801400
363.934800
363.950450
364.355100
364.473000
364.747400
365.001650
365.116950
365.154050
365.168550
365.309550
365.512250
365.526350
365.847500
365.944950
366.335950
366.571800
366.790400
366.795850
367.038300
367.303000
367.325650
367.332800
367.460450
367.462950
367.466500
367.471450
367.654000
367.900800
368.206700
368.362500
368.392200
368.398450
368.543200
368.813350
368.825950
368.851100
369.107600
369.360300
369.362800
369.366650
369.683150
369.695400
369.715050
370.158000
370.162850
370.180750
370.478850
370.770250
371.086800
371.291150
371.297000
371.502600
371.730350
371.876400
371.881800
372.114000
372.242950
372.517850
372.520350
372.524000
372.578150
372.583650
373.081850
373.295200
373.363850
373.817650
373.985850
374.428950
374.493100
374.657900
374.662750
374.714700
374.932650
375.213150
375.218300
375.334600
375.345300
375.533300
375.543450
375.546150
375.850350
375.856850
376.250750
376.256350
376.603800
376.648050
377.070950
377.176350
377.464100
377.662800
377.808050
378.030200
378.349700
378.439250
378.736550
378.828600
378.839400
379.090500
379.376900
379.494000
379.496750
379.571850
379.896750
380.122500
380.125700
380.161900
380.370450
380.376050
380.472600
380.478950
380.593650
380.646550
381.322350
381.328000
381.870700
381.958000
382.416900
382.509850
382.515900
382.606050
382.608800
382.639500
383.002700
383.274800
383.721050
383.991200
384.319400
384.535250
384.538150
384.812700
385.003650
385.009100
385.193850
385.196700
385.683050
385.825550
385.828150
385.832300
385.846700
385.871400
385.902850
386.008600
386.262550
386.265200
386.336600
386.609700
386.828200
386.833750
387.389400
387.405100
387.621300
387.626650
388.107350
388.170900
388.225950
388.230850
388.720600
388.927250
388.943950
388.951600
389.084350
389.086900
389.106500
389.111850
389.326650
389.533850
389.540950
389.803150
390.117650
390.124200
390.258550
390.574550
390.887800
391.155100
391.431400
391.651150
391.657450
392.163050
392.601900
392.604600
392.611950
392.794050
392.822250
393.180200
393.414600
393.718000
393.894000
394.318650
394.526800
394.532650
394.716250
394.931050
394.933850
394.996950
395.056300
395.062000
395.113100
395.116900
395.181800
395.188150
395.875250
395.880550
396.161000
396.431850
396.715500
396.723600
397.059550
397.061900
397.065900
397.241650
397.541850
397.549000
398.078550
398.226950
398.496000
398.729550
398.833050
398.867850
399.232050
399.417350
399.599900
400.191850
400.471600
400.684450
400.743600
400.748650
400.901950
400.904400
400.908100
400.946650
400.953500
401.263600
401.735500
401.747650
402.012500
402.065350
402.068900
402.531800
402.698150
402.785850
402.948450
402.951850
403.315800
403.430700
403.436000
403.981300
404.165050
404.176250
404.178950
404.426900
404.626800
404.770150
404.814950
404.817650
405.444700
405.757800
405.763850
405.769450
405.918500
405.926800
406.064550
406.067050
406.124300
406.373350
406.420000
406.428300
406.972000
407.163300
407.366950
407.782050
407.847450
407.850250
407.988000
408.239350
408.246450
408.889900
409.143050
409.156100
409.158750
409.381800
409.387550
409.646150
409.648700
409.667950
409.681600
409.889150
410.246450
410.602950
410.732600
410.847650
410.850350
410.872450
411.344700
411.383000
411.476550
411.979200
411.981800
411.985850
412.002300
412.006450
412.026900
412.053000
412.348450
412.351150
412.403550
412.532500
412.538000
412.655100
412.745500
412.825850
412.875600
413.129050
413.132150
413.146400
413.184500
413.485400
413.613200
413.682550
414.039100
414.044600
414.290650
414.516450
414.959800
414.965300
415.012750
415.017800
415.578800
415.592900
415.790750
415.911200
415.914250
416.099050
416.557100
416.559650
416.745050
416.779650
417.102600
417.106250
417.121350
417.124800
417.137750
417.143950
417.674900
417.681150
418.106950
418.202300
418.529550
418.564700
418.894600
419.139050
419.376600
419.778100
420.170600
420.178700
420.601000
420.618650
420.808800
420.811300
421.082550
421.131600
421.162150
421.622400
421.754150
421.756900
422.195850
422.201650
422.208100
422.811300
422.819400
422.997450
423.144600
423.149900
423.580550
423.680300
424.227750
424.283100
424.285550
424.292600
424.295950
424.300300
424.307100
424.357050
425.007100
425.012750
425.503500
425.512600
425.515450
425.519650
425.623250
425.879400
426.169600
426.172300
426.193800
426.207700
426.373700
426.908400
427.023900
427.265200
427.276700
427.284850
427.601300
427.604150
427.693950
427.720950
428.021300
428.195750
428.244250
428.249450
428.551700
428.614600
429.218250
429.477350
429.489000
429.679450
429.694200
430.022700
430.208250
430.218200
430.250550
430.252900
430.273550
430.276900
431.037400
431.039900
431.053000
431.078250
431.275350
431.278250
431.312750
431.499050
431.732950
432.000300
432.211400
432.255100
432.262800
432.403800
432.410000
432.560500
432.892400
432.975000
432.977750
433.067800
433.290700
433.306900
433.753700
434.031950
434.112050
434.341050
434.423950
434.518000
435.072000
435.331650
435.337550
435.588600
435.737850
435.740450
435.786400
436.414750
436.420850
436.524850
436.551200
436.909250
436.941950
437.454650
437.575100
438.356700
438.363100
438.408500
438.732600
438.881750
439.178400
439.364250
439.435100
439.443300
439.751150
440.110050
440.256150
440.474350
440.908750
441.286450
441.293700
441.682550
442.066250
442.069200
442.199700
442.208250
442.618250
442.623950
442.844500
442.850300
443.480000
443.548950
443.616350
444.016750
444.393050
444.398500
444.505000
444.779600
444.782250
444.898850
445.095850
445.472100
445.505950
445.511100
445.770250
445.776500
446.058050
446.336600
446.574850
446.814800
446.929000
447.009550
447.012450
447.177100
447.774050
447.814650
448.123050
448.125650
448.251050
448.268400
448.584700
448.590500
448.788300
449.049250
449.171300
449.321350
449.323850
449.622900
449.819550
450.160200
450.530900
450.608400
450.981050
451.008700
451.606850
451.764500
451.771250
452.032350
452.040450
452.056200
452.472450
452.957100
453.131850
453.137100
453.535400
453.548000
453.571750
453.591700
453.666600
453.781900
453.790000
454.005350
454.219650
454.302750
454.597650
454.601100
454.603950
454.615250
454.678650
454.684600
455.113650
455.231250
455.398700
455.683200
455.688950
455.941900
456.207700
456.571500
456.736850
456.746400
457.024500
457.027600
457.264150
457.268950
457.344550
457.360750
457.391250
457.394000
457.709950
458.563700
458.568700
458.581350
458.705300
458.954750
458.960750
459.263800
459.268850
459.467550
459.774000
459.778650
460.083650
460.390500
460.393350
460.408600
460.416200
460.800300
461.057000
461.472100
461.474600
461.478550
461.506000
462.046550
462.057950
462.112050
462.114500
462.154300
462.159350
462.297250
462.300400
462.317350
462.722950
463.084050
463.112400
463.598800
463.601400
463.624350
463.834550
464.505350
464.645450
464.658950
465.038450
465.041000
465.092800
465.278400
465.640800
465.673950
466.464350
466.579800
466.762750
466.877550
466.900750
467.637000
467.786000
467.788650
467.833900
468.060250
468.267350
468.526750
468.544800
468.800200
468.802950
468.875600
469.200450
469.220950
469.580450
469.715250
469.723400
469.939650
470.085950
470.091250
470.460000
470.513750
470.516300
470.519800
470.693850
470.921900
470.927750
470.943850
471.403100
471.848400
472.186950
472.192700
473.474350
473.479850
473.899500
474.135350
474.141300
474.886450
474.888850
474.916250
474.921750
475.644550
475.647150
475.680650
475.686400
475.751500
476.247850
476.481850
476.497550
477.112050
477.471750
477.770950
478.356550
478.666500
478.961600
478.972000
479.303900
479.310750
479.595350
479.600600
479.821450
480.116900
480.281000
480.854700
481.148000
481.281250
481.646300
481.735850
481.739450
481.750650
481.761100
481.999050
482.004500
482.498800
482.965700
483.276600
483.603050
483.608150
483.808550
483.846550
483.965150
483.967650
483.972250
484.317500
484.389450
484.392350
484.397200
484.474950
484.748650
484.949850
485.140700
485.143650
485.363100
485.378100
485.383900
485.893000
486.243000
486.245450
486.249950
486.655300
487.503400
488.195300
488.222750
488.504050
488.545750
488.551400
488.660150
488.735050
488.741500
488.956700
489.341300
489.427800
489.430750
489.632200
489.957950
490.002450
490.005200
490.345750
490.361000
490.571750
491.212600
491.215450
491.260200
491.268050
491.519800
492.069600
492.156600
492.402250
492.476800
492.735900
492.766850
492.769550
492.954000
492.957150
492.961050
493.349600
493.357950
493.786400
494.177850
494.771200
495.014150
495.185800
495.619650
495.926250
496.027100
496.432500
496.508300
496.776700
496.782150
496.852100
497.100600
497.133950
497.147850
497.420000
497.422650
497.477600
497.483250
497.651850
498.169700
498.177050
498.600450
498.816400
499.192300
499.781600
500.125100
501.338450
501.340950
501.872050
502.105050
502.111500
502.574850
502.577750
502.593900
502.600100
503.270500
503.276050
503.283000
503.732950
503.927500
503.933350
504.570950
504.834100
505.027450
505.030050
505.035150
505.095600
505.658550
505.941100
506.104750
506.110900
506.349650
506.658700
506.672700
506.685100
506.730600
507.201850
507.213600
507.593250
507.837500
507.946850
508.193950
508.343700
508.349600
508.427700
508.434800
508.756550
508.763150
508.983650
508.995400
509.001650
509.390700
509.393250
509.396600
509.400500
509.433350
509.438800
509.762400
510.108900
510.489400
510.652950
511.268950
511.272050
511.316450
511.457050
512.212600
512.214900
512.218900
512.492200
512.946150
513.757100
513.760100
513.781850
514.572900
514.605300
514.610950
514.890000
515.016800
515.019850
515.345150
515.370050
515.663950
516.262450
516.993550
517.107800
517.113300
517.143350
517.145600
517.284750
517.414950
517.677450
517.697350
518.059350
518.208050
518.428150
518.444900
518.796700
518.802100
519.018300
519.225200
519.227700
519.231450
519.516050
519.704700
519.713400
520.049200
520.351050
520.558000
520.578300
520.900450
520.927500
521.313350
521.322900
521.522250
521.576550
521.718050
522.223050
522.407250
522.957500
523.273250
523.446000
523.461150
523.717450
523.981300
524.004650
524.013250
524.426950
524.434200
525.104200
525.106600
525.290750
525.699550
525.783700
526.184100
526.454100
526.976800
527.317550
527.319850
527.323550
527.418400
527.582600
528.134000
528.475400
528.478150
528.708400
529.333350
529.404400
529.409750
529.786700
530.505700
530.560700
530.912500
531.047600
531.049800
531.062750
531.102700
531.243500
531.250300
531.620350
531.623200
531.668600
531.820250
532.269950
532.346200
532.349400
532.416300
532.544800
532.550050
533.206100
533.213000
533.381700
533.409900
533.688000
533.693050
534.637050
534.641400
534.938850
534.949000
534.951950
534.961800
535.202400
535.486600
535.491700
535.700200
535.796650
535.815900
535.818550
535.822050
536.178800
536.308500
536.786550
537.582100
537.983100
537.985850
538.004500
538.269950
538.583900
539.118500
539.122900
539.130350
539.576950
539.775450
540.086250
540.398650
540.729200
540.997950
541.427800
541.753000
541.755400
541.759350
541.809900
541.822400
542.530400
542.535350
542.760000
542.762750
542.766850
542.773050
543.053500
543.185250
543.377650
543.651450
543.656100
543.661650
543.970600
544.143150
544.328650
544.712100
545.139350
545.276350
545.320550
545.347350
545.781600
546.249050
546.323500
546.326100
546.330200
546.334450
546.341550
546.351700
546.362800
546.491250
546.759700
546.943450
547.454250
547.459750
547.611550
547.819950
548.401100
548.433050
548.780050
549.019300
549.092050
549.357850
549.682100
549.688500
549.726750
549.952100
549.972350
550.697500
550.714500
550.917750
551.266550
551.269000
552.308900
552.312050
553.010150
553.692100
554.389450
555.131650
555.392800
555.399900
555.799500
555.802200
556.303900
556.308900
556.451000
556.453600
556.482800
556.728000
556.734150
557.206350
557.573650
557.915450
558.011450
558.013950
558.017650
558.098850
558.298050
558.452750
558.470350
558.647600
559.008050
559.393450
559.583600
559.712950
560.026200
560.028700
560.247500
560.409950
560.528150
560.536050
561.193000
561.346050
561.352500
561.625400
562.266200
562.272700
562.594550
562.648900
563.184700
563.530350
563.538350
564.459650
564.465250
564.808400
565.037550
565.662700
565.668350
565.720500
565.723350
566.212450
566.215000
566.227750
566.594800
567.454750
568.519400
568.858300
568.861100
568.870850
569.334600
569.337650
569.383050
569.848750
569.868800
570.199600
570.463200
570.764550
570.782750
570.913000
571.219600
571.249050
571.624550
571.631850
571.906000
571.930300
572.393100
572.395550
572.401700
572.412400
572.483600
572.514750
572.839400
572.847550
573.258200
573.274750
573.493850
573.679800
573.789600
573.792000
573.795200
573.804200
573.848450
573.900500
574.275900
574.454150
574.839700
575.061000
575.370100
575.473200
575.793650
576.152150
576.235650
576.722400
577.071900
577.205300
577.975000
578.485550
578.490900
579.588050
580.111400
580.835500
581.325250
581.664150
581.673350
581.826400
581.828850
582.406700
582.875650
583.070100
583.099300
583.341700
583.393650
583.399350
584.109300
584.112500
584.122900
584.128750
584.131050
586.630550
587.930400
588.367300
588.729900
595.298250
598.452800
602.649800
604.408600
604.472500
605.647450
606.906250
606.966250
612.747350
612.844150
613.119850
613.122550
613.365000
613.469600
613.771550
613.774500
613.786150
614.022500
614.161800
614.307000
614.309700
614.319200
614.337550
614.343900
614.350950
614.749100
614.815550
615.178350
615.189850
615.430800
615.439550
615.448750
615.470050
615.681250
616.040100
616.414400
616.417050
616.494100
616.630250
616.947800
616.953900
617.297250
617.729350
617.924950
617.931350
618.993850
619.271950
619.277100
619.659700
620.012600
620.015000
620.680150
620.682950
620.906200
620.912000
620.995400
621.115800
621.630450
621.633150
621.893550
621.896700
621.934600
621.940100
622.286700
622.446600
622.934550
622.941500
623.387750
623.392750
623.566700
624.219350
624.226050
624.458300
624.671650
624.766300
624.771300
624.780700
625.157950
625.201750
625.367900
625.436850
625.875550
625.913250
626.065500
626.113650
626.389200
626.392150
626.445750
626.502650
626.863850
627.143600
627.344500
627.573950
627.884750
627.887350
627.891150
627.900500
627.912850
628.011350
628.380650
628.520000
628.665150
628.980350
629.207950
629.210350
629.213700
629.229600
629.256400
629.262650
629.362200
629.392850
629.679050
629.684650
630.230000
630.562250
630.567850
630.986900
631.243250
631.254200
631.493150
632.984100
633.401550
633.892500
634.037150
634.039600
634.043450
634.513000
634.772000
635.042950
635.045550
635.513200
635.520050
635.993400
636.325350
636.845800
637.259000
637.426700
637.429450
637.659650
638.013550
638.364050
638.371250
638.705050
638.718500
638.735700
638.982850
638.986750
639.000350
639.389450
639.402000
639.686800
639.692000
639.939750
640.409150
640.571600
640.856300
640.861600
641.223450
641.229700
641.656400
641.659350
641.721850
641.740300
642.086150
642.336200
642.343250
642.534500
642.794700
642.797700
642.989200
642.993200
643.000800
643.022300
643.412050
643.690400
643.932900
644.128450
644.226650
644.229000
644.232300
644.340400
644.559900
646.576950
646.907300
647.544600
647.895450
647.898450
647.933650
647.939950
648.235300
648.238950
648.490100
648.705950
648.807150
648.824250
649.822600
650.030050
650.032700
650.036850
650.042800
650.051550
650.112500
650.406550
650.409400
650.638800
650.643700
650.935900
651.451750
651.458500
651.621050
652.042600
652.256550
652.311900
652.452400
652.637100
653.092250
653.385550
653.701050
653.707150
654.021500
654.050850
654.053600
654.507750
654.512750
654.575250
654.701950
654.704450
654.870100
655.216000
655.405100
655.500150
655.768350
655.797450
655.851850
656.113700
656.116700
656.121650
656.160650
656.166550
656.198650
656.648600
656.907900
656.962950
657.085450
657.580300
657.667650
657.705200
658.003050
658.247900
658.251300
658.330000
658.470150
658.737500
659.125550
659.401100
659.847300
659.948400
659.950900
659.955400
660.359050
660.395250
660.474200
660.476650
660.488200
661.259200
662.009000
662.017950
662.582500
662.732450
663.721300
664.604950
664.854850
665.198300
665.401950
665.501700
665.504500
665.562250
665.851650
665.864250
665.867300
666.088100
666.409050
666.571150
666.573450
666.595350
666.828950
666.957600
666.964100
667.112250
667.626250
667.831250
667.987850
668.359950
668.587700
668.671550
668.940900
668.946400
669.649400
669.830050
670.025600
670.224050
670.519050
670.521500
670.601150
670.606750
670.870800
670.876350
671.179850
671.188500
671.589800
671.596050
672.053300
672.243050
672.245550
672.257000
672.260700
672.267550
672.280100
672.303850
672.720200
672.725050
672.762750
673.021750
673.242550
673.968700
673.971600
674.306000
675.730000
675.732600
675.764250
675.772850
676.861000
676.863450
676.936650
677.066300
677.815850
678.257150
678.604350
678.607000
679.390050
679.571750
679.607950
679.629950
679.898200
679.900900
679.913250
679.918750
680.441600
680.448250
680.849100
681.178600
681.524100
681.529150
681.551300
681.555950
681.572150
681.871150
681.902350
682.034000
682.104200
682.121000
682.356850
682.617100
682.921750
682.924450
682.935800
683.165050
683.287250
683.529650
683.576900
683.950600
684.020350
684.912800
685.044250
685.083850
685.354450
685.464450
685.470650
685.520750
686.012900
686.015900
686.019800
686.177000
686.409000
686.491250
686.696500
686.703250
686.842500
686.953950
687.183550
687.189150
687.405350
687.413400
687.637800
687.839850
688.161150
688.184800
688.198800
688.770050
689.027000
689.029850
689.863900
689.866350
690.558850
691.228700
691.755300
691.866550
691.868950
691.872400
691.876800
691.886550
692.000800
692.312300
692.315200
693.139800
693.961950
694.069450
694.626000
694.635650
695.169900
695.178050
695.387950
695.393300
695.550300
695.553200
696.030650
696.037250
696.405400
696.438150
696.935850
697.020750
697.205700
697.583150
697.586850
697.616450
697.625600
697.914750
698.236650
698.652850
698.730550
699.072600
699.115350
699.122850
699.280150
699.292150
699.294650
699.554650
699.699750
699.956950
699.972250
700.283100
700.285800
700.322850
700.596350
700.797500
701.115400
701.125050
701.346050
701.627200
701.968400
701.971200
702.026650
702.264750
702.372150
702.374900
702.384250
702.718500
702.732850
702.738650
702.787300
702.790050
702.797150
702.801300
702.852800
702.861150
703.398600
703.459950
703.475750
703.887750
703.946950
703.949650
704.132650
704.436450
704.443750
704.801900
704.806350
705.259550
705.273950
705.376650
705.472100
705.475000
705.499250
705.506300
706.356450
706.359250
706.386150
706.820050
707.726500
708.235100
708.241250
709.138550
709.524900
709.773300
709.780250
710.199850
710.488850
711.133500
711.136350
711.294100
711.587800
712.271500
712.278150
712.352450
712.560950
712.563300
712.617950
713.208400
713.481250
713.521350
713.607350
713.614200
713.904050
714.080650
714.083250
714.244300
714.375300
714.377750
714.407300
714.419000
714.675050
715.110350
715.167550
715.170100
715.184600
715.232200
715.588450
715.796000
715.984700
716.213050
716.221050
716.647400
716.946400
716.948900
717.012050
717.018200
717.269150
717.451350
717.457450
717.647850
718.229600
718.337400
718.339850
718.343350
718.399800
718.437500
718.596150
718.602400
719.108300
719.116900
719.198200
719.337250
719.339800
719.360050
719.449800
719.653700
719.811200
719.815250
719.835250
720.292350
720.325150
720.541600
720.592800
720.598450
721.625550
721.897050
721.976750
721.979600
722.450000
722.859700
723.418900
723.461700
723.909900
724.101400
724.121150
724.481650
724.484200
724.939000
724.941500
725.432100
725.892750
726.006100
726.008450
726.012800
726.024950
726.333150
726.376750
726.728950
727.287750
727.309000
727.869400
728.776350
728.778800
728.834450
729.084100
729.090450
729.526300
729.531650
729.863500
729.872700
730.991300
731.220850
731.646300
732.167650
732.170150
732.174600
732.216300
732.222850
732.353500
732.644400
732.871600
732.876750
733.189650
733.395750
733.660250
733.662950
733.756950
733.768900
734.366500
734.389550
734.654200
734.937350
734.968250
735.021900
735.424700
735.675500
735.678600
735.716900
735.978050
735.984450
736.372050
736.642700
736.649000
736.866050
737.187100
738.017950
738.135350
738.771950
738.919500
738.922150
739.103050
739.110800
739.855300
739.861050
740.119400
740.125500
740.460000
740.525450
740.671250
740.674450
740.677250
741.202750
741.223600
741.633000
741.645200
741.961950
741.967200
741.972250
742.485900
743.060900
743.271900
743.295000
743.533350
743.538600
743.943500
743.946100
743.957800
744.022300
744.030200
744.432700
744.464250
744.915600
745.119200
745.125550
745.384400
745.639900
745.993450
746.004050
746.557700
746.642000
746.644800
746.698550
746.757050
747.192500
747.399700
747.405300
747.799850
747.984150
747.988950
748.346950
748.376100
748.791900
748.828500
749.168100
749.336400
749.453250
749.459700
749.636400
749.673850
750.270800
750.276400
750.418950
750.530700
750.811150
750.829000
751.071100
751.092000
751.094700
751.098750
751.439850
751.572600
751.578050
751.910200
751.997500
752.001600
752.011400
752.082950
752.110750
752.289200
752.294250
752.510050
752.512700
752.550800
752.663750
752.734050
752.834550
753.124150
753.395750
753.605850
753.629450
753.752650
754.205200
754.210500
754.217700
754.538950
754.586750
754.631750
754.956500
755.548450
755.665700
755.762350
755.979550
756.386550
756.391850
756.594250
756.709600
756.814150
756.936600
756.939050
757.057400
757.235000
757.259700
757.569100
757.675900
757.678350
757.760450
758.190400
758.196300
758.364000
758.369950
758.747100
758.754200
759.023100
759.408100
759.436250
759.593000
759.805800
759.924200
759.926550
759.929700
759.933200
760.204550
760.206950
760.213200
760.217950
760.223300
760.251250
760.258350
760.848000
761.185800
761.467450
761.474850
761.729500
761.740350
762.209250
762.281400
762.293500
762.864300
762.915100
763.370850
763.379100
763.551950
763.817050
763.819600
763.824350
764.001150
764.008800
764.371200
764.563350
764.718100
764.723550
765.154850
765.356900
765.391650
765.524550
765.907200
765.943300
766.091750
766.111750
766.122850
766.125350
766.264300
766.524900
766.816500
767.026150
767.295350
767.297900
767.301450
767.427800
767.548400
767.795650
768.053900
768.056550
768.098650
768.309900
768.428200
768.434100
768.680550
768.833800
768.836300
768.887850
768.937900
768.949100
769.385350
769.522350
770.009050
770.015300
770.378150
770.383800
770.584850
770.587550
770.621800
771.273200
771.488750
771.838050
772.168700
772.171550
772.246750
773.092050
773.094950
773.189650
773.351400
773.810300
774.264600
774.722700
774.811700
774.814400
774.886850
775.077600
775.084250
775.599250
775.614350
776.510400
777.475100
777.785700
777.791700
778.136850
778.457550
778.460250
778.516700
778.620750
778.626250
778.948550
779.116100
779.195700
779.229650
780.205800
780.212300
780.617600
780.821200
781.071650
781.077600
781.235650
781.238150
781.249150
781.265850
782.064950
782.091750
782.527550
782.532200
782.687450
782.690000
782.693650
782.711650
783.209200
783.535500
783.563850
784.243200
784.606850
784.613300
784.886950
785.018900
785.021300
785.024700
785.029750
785.731650
785.869900
786.089100
786.095700
786.869650
787.020250
787.359300
787.365650
788.131600
788.276200
788.496100
788.730950
789.251850
789.286100
790.029750
790.058150
790.176100
790.178900
790.509000
790.973850
791.019000
791.022450
791.400100
791.511150
791.784000
792.678600
792.787700
793.896800
793.916850
794.212500
794.240800
794.592800
794.599550
794.775200
794.796650
795.269600
795.283550
795.490400
795.492900
795.625050
795.864200
795.947750
795.950800
796.513300
797.021650
797.039100
797.041750
797.447850
797.728350
797.736150
797.742200
798.392900
798.628600
798.821750
799.071600
799.325850
799.781750
799.820950
800.462450
800.627900
801.021200
801.026200
801.158350
801.385450
801.754550
801.936250
802.001800
802.036600
802.455950
802.683400
802.690500
803.276050
803.380400
803.383000
803.467100
803.473400
803.524800
803.689600
803.692350
803.735450
803.873850
803.964900
803.967700
803.971750
804.470750
804.780800
804.794400
805.093250
805.430250
805.441800
805.695650
806.057250
806.063250
806.401750
807.071100
807.220450
807.526050
807.682050
808.194850
808.203400
808.576450
808.862250
808.867800
809.236050
809.507850
809.515800
809.908650
810.452450
810.459150
810.729500
811.158200
811.364450
811.366950
811.371600
811.382500
811.387700
811.394950
811.402200
811.677300
811.682800
812.069800
812.072600
812.157100
812.474650
812.485100
813.095000
813.135250
813.335950
813.338450
813.342900
813.406100
813.411300
813.602950
813.608600
813.995900
814.189900
814.192350
814.195650
814.486150
814.535400
814.969750
814.972350
815.297000
815.341100
815.504750
815.507700
815.523800
815.758850
816.055050
816.061150
816.670150
816.677600
816.718000
816.720500
816.758750
816.765050
817.123050
817.242550
817.657550
817.880000
818.148850
818.168300
818.405000
818.523000
818.526500
818.545000
818.569600
818.781750
819.672050
819.793350
819.796250
819.800950
819.819100
819.828750
819.863200
819.870750
820.211000
820.490250
820.533050
820.849200
820.857100
821.291650
821.497500
821.502800
821.508150
821.751300
821.757400
821.965450
821.971550
822.206400
822.511400
822.910200
822.991250
823.464300
823.929050
823.934750
824.082100
824.104900
824.289150
824.291500
824.339800
824.348250
824.456600
824.980800
824.996850
825.197750
825.205400
825.309150
825.393000
825.395950
825.542500
825.767100
826.541250
826.561500
826.632150
827.066500
827.258300
827.261200
827.268200
827.294500
827.593500
827.782900
827.789150
827.809350
828.272600
828.278000
828.392300
828.597000
828.637750
828.801100
828.807750
829.143250
829.169650
829.445100
829.550950
829.557200
829.877650
829.882300
830.286100
830.345200
830.460950
830.463450
830.519550
830.911500
830.917250
831.390400
831.736700
832.140950
832.146100
832.170700
832.176500
832.577100
832.579900
832.583300
832.586900
832.596200
832.600200
832.709550
832.972200
833.263650
833.488250
833.514000
833.807600
833.868050
833.884600
833.903500
834.171350
834.234750
834.473950
834.811450
834.816800
835.181900
835.187400
835.540100
835.785250
835.802350
835.980150
835.986150
836.292400
836.315100
836.657850
836.876250
837.003100
837.025700
837.203250
837.265650
837.268250
837.681000
837.831400
837.834000
837.855750
837.861050
837.899900
838.211900
838.287250
838.290750
838.551050
838.575250
838.774950
838.828350
839.103500
839.357300
839.584200
839.617050
839.619850
839.649550
840.023150
840.119600
840.122100
840.211150
840.225450
840.548750
840.685200
841.071350
841.368000
841.396850
841.682750
841.694400
841.825200
842.069650
842.129700
842.766200
842.827750
842.834850
842.841350
842.843900
842.862450
843.208350
843.320750
843.374650
843.821250
843.891050
843.896900
844.031700
844.432550
844.441350
844.777950
844.783600
844.977550
844.988800
845.112000
845.317500
845.327000
845.384800
845.684100
846.077600
846.279550
846.476800
846.945000
847.292000
847.294550
847.349200
847.799250
847.805400
847.994350
848.000700
848.009950
848.140900
848.143600
848.166150
848.184750
848.565900
848.927700
849.038400
849.125700
849.131100
849.138400
849.646750
849.655100
849.752750
849.762900
850.187800
850.245700
850.677100
850.868050
850.875800
851.148250
851.559500
851.567350
851.627750
851.953950
852.008250
852.010700
852.016100
852.053500
852.058800
852.682200
852.697100
853.168800
853.315200
853.322100
853.667850
853.681950
854.097400
854.281650
854.284300
854.289450
854.293750
854.299400
854.305600
854.777050
854.783200
855.074600
855.079600
855.532950
855.607950
855.927700
855.942200
856.038500
856.041000
856.044300
856.057650
856.084500
856.093300
856.758750
856.793300
856.998100
857.252600
857.257600
857.681600
857.910050
857.917100
858.736050
858.900400
858.997700
859.003200
859.599250
859.692500
859.709050
859.927400
859.934350
860.188400
860.248400
860.442150
860.974900
861.377200
861.382900
861.776500
861.791050
862.336700
862.341950
862.469400
862.471700
862.475100
862.810900
862.818500
863.146450
863.175200
863.601050
863.765300
863.772800
863.807200
863.810200
864.147900
864.161450
864.594900
864.608900
864.707400
864.717550
865.252500
865.795550
866.182550
866.376750
866.379300
866.424050
866.883550
866.889100
867.517950
867.746950
868.009600
868.015450
868.296750
868.495250
868.676450
868.681950
868.945150
868.948250
868.956700
868.959850
868.987650
869.221350
869.553250
869.559850
869.847350
870.176500
870.181900
870.447300
870.452800
870.458900
870.666300
870.669250
870.689000
870.885000
870.977100
871.165500
871.333300
871.407050
871.469250
871.481500
871.907350
872.234450
872.239700
872.314000
872.316750
872.396500
872.792000
872.799900
872.967600
873.353200
873.581050
873.740800
874.028800
874.383250
874.690550
874.899050
875.108750
875.270850
875.279550
875.532400
875.608500
875.614400
875.624350
875.684750
875.871850
875.902250
875.918900
876.139900
876.301150
876.478100
876.481150
876.873800
877.176050
877.320600
877.624250
877.677850
877.916550
878.091850
878.276750
878.441150
878.705350
878.712200
879.043900
879.219200
879.492700
879.547350
879.644850
879.798650
879.801300
879.884250
879.887600
879.934200
879.939250
880.108300
880.299700
880.382100
880.417800
880.765650
880.772250
880.971550
880.978650
881.261550
881.271800
881.376250
881.723900
881.801450
881.913700
882.121600
882.345150
882.566450
882.572550
882.766850
882.897550
883.132600
883.169100
883.524300
883.531900
883.831200
884.005500
884.186350
884.230550
884.233050
884.241300
884.297450
884.313450
884.503950
884.624850
884.630750
884.874400
885.200300
885.209600
885.351100
885.370600
885.711600
885.858850
886.114750
886.190000
886.192500
886.208050
886.262150
886.398100
886.638300
886.654750
886.793700
887.116400
887.122150
887.164250
887.417800
887.422450
887.794000
888.192150
888.198600
888.562250
888.572450
888.716200
888.741650
889.157300
889.241700
889.247350
889.548850
889.618600
889.624200
889.994300
890.220700
890.226100
890.397950
890.617700
890.795250
890.800950
890.880450
890.883000
891.031950
891.151350
891.306200
891.704700
891.714050
891.770650
891.772950
891.778200
892.063750
892.479450
892.617400
892.788500
892.864400
892.866950
892.928100
893.167400
893.263000
893.522250
893.594800
894.029000
894.035900
894.067750
894.126200
894.432550
894.737150
894.926150
895.113450
895.298100
895.397350
895.407800
895.528300
895.931800
895.934500
895.938800
896.003200
896.042450
896.454100
896.562650
896.575250
897.054200
897.064850
897.313950
897.487700
897.928700
897.985150
897.991050
898.291400
898.682200
898.688350
898.882450
898.889600
899.277350
899.429250
899.431700
899.872250
899.923800
899.929750
900.512400
900.604550
900.611700
900.750550
900.756000
901.126850
901.344400
901.349850
901.767900
901.857200
902.234700
902.241050
902.529400
902.535350
902.768750
903.241100
903.243450
903.257450
903.297150
903.359600
903.488800
903.682950
904.145300
904.150800
904.161400
904.315200
904.322850
904.634100
905.002300
905.008150
905.014500
905.156350
905.169500
905.607550
905.653950
905.681850
906.045650
906.236800
906.250600
906.490350
906.558950
906.856950
906.863200
907.090600
907.349600
907.445800
907.478850
907.851300
907.859200
907.978700
907.983750
908.266000
908.311300
908.594450
908.778550
908.990900
909.693500
909.700250
909.895750
910.241200
910.246450
910.450700
910.460400
910.575100
910.742050
911.032200
911.044950
911.407850
911.413100
912.017650
912.067150
912.361550
912.369250
912.525700
912.777400
912.783650
912.884200
913.409650
913.526350
913.545100
913.905350
914.182100
914.187850
914.518100
914.520600
914.567700
914.799300
914.961550
915.091150
915.096800
915.322600
915.325250
915.330800
915.666150
915.676500
915.983500
916.224250
916.621500
916.785550
916.788100
916.794400
916.827400
916.835450
916.984600
916.991100
916.997500
917.322050
917.326750
917.596600
918.035500
918.203600
918.568850
918.576300
918.944350
919.528950
919.652450
919.752800
919.768850
919.882500
919.885200
920.092700
920.407200
920.765750
920.934150
921.194150
921.428600
921.434600
921.744600
921.928300
922.176850
922.348400
922.610400
922.617500
923.129300
923.376900
923.747750
923.753650
923.807250
924.087150
924.484000
924.490500
924.655050
925.088400
925.110850
925.323750
925.797450
925.933350
926.686550
926.814650
927.033650
927.057450
927.060250
927.504600
927.883800
928.165950
928.496100
928.502950
928.843850
929.003650
929.008500
929.070400
929.073200
929.161550
929.336150
929.757950
929.879950
930.212950
930.231100
930.379350
930.402000
930.407900
930.660450
930.673800
930.995400
931.001650
931.135700
931.638900
931.758350
931.764650
932.186500
932.191350
932.455100
932.533400
932.754550
932.971150
933.126250
933.477000
933.643150
933.879950
934.073400
934.105650
934.345600
934.541850
934.741550
934.993350
935.004050
935.219150
935.224650
935.690250
935.769400
936.310400
936.518600
936.755450
937.308350
937.314150
937.576050
937.580700
937.845500
938.344900
938.433150
938.439750
938.640500
939.387450
939.390350
939.395600
939.728350
939.844700
940.254250
940.275850
940.608400
940.611050
940.615500
940.623750
940.657450
940.890600
940.902050
941.157850
941.333150
941.760150
941.788250
941.825150
942.244950
942.292600
942.369950
942.533250
942.535700
942.555150
942.694950
942.870950
943.078900
943.475850
943.502100
943.951800
944.479850
944.562050
945.132650
945.178700
945.181150
945.240550
945.262050
945.580950
945.588000
946.121100
946.248300
946.546400
946.560900
946.901900
947.049850
947.308600
947.783100
947.788600
948.068850
948.182200
948.199500
948.262900
948.268800
948.527300
948.838300
948.885500
949.147800
949.153450
949.641700
949.672150
949.967150
950.115600
950.290500
950.674550
950.975000
951.457450
951.463850
951.681150
951.696350
951.833600
951.908350
952.071300
952.353700
952.358900
952.489400
952.495500
952.728600
952.734550
953.016250
953.063550
953.141800
953.708400
953.714750
954.063350
954.181450
954.580750
954.585700
954.996000
955.002950
955.421400
955.436450
955.673250
955.914300
956.195250
956.500650
956.676250
956.683750
956.785100
956.787550
956.794900
956.800150
956.844050
957.229600
957.399500
957.405650
957.912700
957.989650
958.117150
958.420800
958.722100
959.147650
959.165450
959.311700
959.947700
960.234000
960.572150
960.578000
960.994800
961.003400
961.090600
961.100850
961.233100
961.238500
961.366750
961.372750
961.606150
961.761300
962.249850
962.326850
962.374150
962.377000
962.682000
962.973050
963.186000
963.342650
963.350150
963.705100
963.976350
963.987650
964.366900
964.587550
964.594200
964.868750
965.037850
965.783600
965.789250
966.232950
966.326150
966.331050
966.616200
966.622400
966.642000
966.644550
966.949850
966.956100
967.370950
967.380000
967.630400
967.635550
967.864300
967.942600
968.165250
968.377000
968.383300
968.419350
968.430550
968.437300
968.937100
969.221600
969.226700
969.588300
969.597750
969.909000
969.914400
970.214750
970.851600
970.868800
970.929000
970.931500
970.935750
971.181100
971.188950
971.194650
971.459300
971.465850
971.659000
972.047450
972.054050
973.015350
973.020350
973.375500
973.641400
973.972450
973.978500
974.070450
974.250300
974.846950
974.913000
975.185300
975.554000
975.559200
975.838300
975.841000
975.870250
975.878450
976.122800
976.201000
976.280350
976.601450
976.606250
976.987800
977.058050
977.063800
977.499650
977.505600
977.721300
977.726400
978.124450
978.302850
978.605000
978.873650
978.879550
979.165500
979.419400
979.497450
979.523750
979.976750
979.982050
980.212350
980.219200
980.529450
980.535550
980.753050
981.108700
981.195650
981.370250
981.615250
981.967050
982.386000
982.393950
982.400400
982.474350
982.476700
982.480000
982.537150
982.793350
982.875000
982.881300
983.305500
983.598450
984.445800
985.237000
986.007000
986.009650
986.059150
986.383800
986.407550
986.856100
986.858650
986.862650
986.941250
987.255850
987.273700
987.584600
987.600850
987.603600
987.640600
987.871550
988.011750
988.026300
988.472250
988.577350
988.584550
988.597450
989.024800
989.256700
989.262800
989.278250
989.604100
989.951050
989.968000
990.038250
990.335150
990.618300
990.651900
991.130500
991.428650
991.711400
991.717550
991.919250
991.925450
992.624050
992.632550
992.848150
993.072450
993.229150
993.606750
993.616650
993.811300
994.044650
994.047050
994.315950
994.365750
994.518950
994.742200
994.748000
995.345950
995.352150
995.368250
995.370750
995.374350
995.382000
995.389250
995.583650
995.828750
995.987100
995.993700
996.262300
996.516000
996.518400
996.560450
996.566700
998.146200
998.546950
999.549000
999.551450
999.569450
999.575150
999.834150
1000.126800
1000.134150
1001.117750
1001.661950
1001.924450
1001.971050
1002.196600
1002.616800
1002.622450
1002.687250
1002.968700
1003.230500
1003.426950
1003.714900
1003.959850
1004.269100
1004.343950
1004.512500
1004.514900
1004.518350
1004.543100
1004.605900
1005.108500
1005.258850
1005.264800
1005.473400
1005.696700
1006.037350
1006.250400
1006.258950
1006.525150
1006.539000
1006.734050
1006.808100
1006.865300
1006.887800
1007.179700
1007.578550
1007.656100
1007.904150
1008.268100
1008.431900
1008.449700
1010.031450
1010.034200
1010.105050
1010.659900
1011.018350
1011.714400
1012.140750
1012.419850
1013.477350
1013.484850
1013.625700
1013.942850
1014.546350
1014.705550
1014.959350
1014.965850
1015.241550
1015.485150
1015.661450
1016.022900
1016.296100
1016.600500
1016.956500
1017.211750
1017.230400
1017.676150
1017.949650
1018.080650
1018.284400
1018.302350
1018.519700
1018.526700
1018.875100
1018.939000
1019.498550
1019.814650
1019.925650
1019.932800
1019.949850
1020.065550
1020.261150
1020.268350
1020.674750
1020.677550
1020.729600
1020.753850
1021.067050
1021.595200
1021.603500
1021.939550
1021.988550
1022.205050
1022.229150
1022.510550
1022.516200
1022.921250
1022.927650
1022.930200
1022.943900
1023.401150
1023.410900
1023.685450
1023.690250
1024.186400
1024.707900
1025.234750
1025.917550
1025.923400
1026.484500
1027.186100
1027.211550
1027.932800
1028.307450
1028.472300
1028.861800
1028.961950
1029.220200
1029.244900
1029.736750
1029.742450
1029.844750
1029.849100
1029.854000
1029.862400
1029.879000
1030.270850
1030.619500
1030.816200
1031.130050
1031.132750
1031.160950
1031.174600
1031.432100
1031.439050
