1.880200
5.299650
10.237300
10.239400
10.264450
10.540300
12.213550
15.723300
15.726700
15.731450
23.142900
27.499750
27.503350
27.881000
28.042300
33.059550
41.090800
43.931000
43.935050
43.954500
43.961350
46.982950
46.987650
49.642050
57.724050
59.043350
59.053100
62.618700
63.682850
66.658750
66.667950
87.345050
87.348900
87.603400
87.661200
88.431850
88.435400
90.656300
92.822200
92.825850
92.845300
97.308450
97.310500
97.318450
97.358000
98.179050
98.365450
98.416050
102.085550
102.098050
102.101600
102.104900
102.109550
103.128950
105.170500
106.134400
106.137850
108.358850
108.362650
108.749200
111.822450
112.801400
112.805050
113.741050
113.744350
113.749100
114.820100
120.075200
121.704050
121.712200
121.732550
130.453000
130.568850
130.583800
130.592400
130.600700
132.214500
134.094850
134.098450
134.109950
135.039350
136.136900
136.989950
139.486400
139.521700
139.525100
139.529350
140.394500
140.425750
143.780100
143.784350
143.795200
143.832450
143.837750
145.085950
145.995300
149.450100
149.457050
149.460650
149.463400
149.474550
149.478700
149.499150
151.327250
151.330550
151.948850
151.952550
151.959650
152.106150
153.812400
153.816400
153.819100
153.825500
153.828500
153.830850
153.835200
155.168550
155.176800
156.078050
156.522450
158.277550
158.303500
159.480200
160.170050
161.088800
161.105650
161.109550
161.113200
162.927950
163.265950
163.269700
164.271200
164.274900
164.286050
164.290250
164.778850
164.893750
165.987700
166.510250
166.515700
166.522950
169.941650
169.945150
171.192350
171.196300
173.505300
173.509100
174.562650
174.568200
174.699150
175.768400
175.787300
175.804350
176.411150
176.450550
176.453950
178.083800
178.096050
178.109550
180.062450
181.198400
182.018150
182.082050
183.257300
183.260750
184.785150
184.808500
184.812500
185.442650
186.869450
186.894450
187.058550
187.087500
187.091050
188.404600
188.565000
189.560100
189.564200
189.597550
189.601150
190.192550
191.495900
191.499600
192.295550
193.810350
193.819350
193.860200
195.262200
195.273700
196.623600
197.621700
199.299700
199.318300
200.253750
201.061800
201.070400
201.074450
201.082650
201.093000
201.912650
201.917250
203.395950
203.406150
203.933550
203.938850
205.423500
205.444600
205.458400
205.884950
207.247250
207.251050
208.199050
208.535250
209.128050
209.973350
210.335800
210.339150
210.976650
210.983500
213.520150
213.732700
214.725200
214.926100
215.844050
216.326150
216.340200
216.353600
216.364350
217.952250
218.490650
219.860600
220.080900
220.084350
220.172000
220.187400
221.513550
221.529150
225.982000
225.986150
226.835100
227.448500
230.366350
230.369700
230.779950
232.871600
233.393150
235.256400
235.322600
237.087300
237.090900
237.096150
237.229750
238.261550
238.276400
238.328600
238.338950
238.366000
239.643750
239.654450
239.659600
239.670550
240.558500
240.562150
241.258400
243.752350
244.303150
244.318250
245.120500
246.503450
246.507750
246.883150
248.041850
248.069100
248.111750
249.160600
249.924000
250.835750
251.611350
251.620000
251.634700
251.650350
252.234350
253.868750
254.141650
254.611600
254.616400
254.737950
254.741800
254.749700
255.325150
255.332850
255.337700
255.344400
255.512650
255.899400
256.721600
257.712200
257.716050
259.060750
259.484900
260.364750
260.375100
260.596850
261.305650
261.575250
261.579250
261.914700
261.920200
261.944750
261.980700
263.369800
266.961800
267.648900
267.660650
268.034950
268.547100
268.564950
268.570100
268.572600
269.997650
270.691700
270.726650
273.817950
274.752100
274.755250
274.768200
274.773200
276.036200
277.272450
277.275850
277.721050
277.962600
278.912400
278.916150
281.213400
281.232750
281.239100
283.508250
283.512350
283.514750
283.517450
284.539850
284.562350
284.570050
284.578350
284.589250
284.940050
285.970400
286.499750
286.503500
287.666250
287.675350
287.678750
288.533400
288.541300
288.767200
290.695150
290.699400
290.752500
290.773600
291.347950
292.809900
293.757450
296.842650
297.660800
298.567450
298.577650
301.520900
301.524200
302.874950
302.878250
304.191050
304.228200
305.780450
306.350300
306.354750
311.588650
312.073950
312.084100
312.503700
312.521300
313.771450
313.777800
314.567200
315.416450
315.424000
315.429800
316.335500
316.345250
316.354450
317.647300
318.713050
319.107750
319.111950
320.687400
320.697450
320.705700
320.710050
321.880750
321.889350
321.917700
322.946100
322.957550
323.255850
323.259550
324.683200
326.363650
326.367900
327.578200
328.233450
329.686850
329.691700
329.701750
329.810450
329.845000
329.933650
330.978950
331.742550
331.774900
331.955600
332.067300
332.093300
333.034250
336.186150
337.108950
337.112500
337.127500
337.995950
338.673650
339.585100
340.050750
340.421300
341.888850
343.896500
344.525150
345.660650
345.851600
346.293550
346.729500
347.193000
348.316550
350.539550
350.555300
351.455550
352.227800
352.805450
352.809300
354.912850
357.169150
357.817500
357.920550
357.960550
358.212750
360.032400
361.092900
361.106500
364.021800
364.071850
366.412300
367.306600
369.565550
369.579100
371.450750
373.403250
374.735450
374.777750
375.124900
375.340800
375.844300
375.847650
375.971800
376.592550
377.232500
379.079450
379.686850
379.711000
380.556700
383.048600
385.820750
386.444950
386.449100
386.458200
386.462050
386.610000
387.313600
387.321900
387.326400
387.482900
387.606300
388.321850
388.337450
389.506450
389.513500
392.332250
392.813850
393.723100
394.215200
395.026550
395.032150
395.041500
395.685700
397.614000
397.622450
398.376500
398.416950
398.421950
398.924400
399.621700
401.675400
401.898050
404.245950
404.296100
405.121450
407.276900
409.112800
410.011300
412.112250
412.116200
412.130800
414.642850
414.646900
415.465400
417.492450
417.875750
418.714850
419.082450
419.091350
419.183400
420.062150
420.573750
420.967100
421.172450
421.402600
421.689350
422.348600
424.665700
426.298600
426.377300
426.559700
426.574800
428.726650
428.738100
428.741900
431.631050
432.830800
434.627000
434.816350
434.826000
434.834500
435.339550
439.104800
439.108850
439.129450
441.897350
442.686100
444.626950
448.557650
449.408500
449.830950
449.848300
450.818250
450.828350
450.841900
450.894850
453.240850
454.423250
454.446550
454.452750
454.456100
455.752200
455.757200
455.810050
456.265150
456.707500
456.716400
456.723500
460.552050
460.594700
463.169550
463.174750
463.966150
464.133900
464.723950
464.727550
464.772100
466.209600
466.645250
466.658100
466.661500
466.668250
466.709600
466.727000
468.688750
469.701150
469.708150
469.713200
469.720950
470.508500
470.523950
470.963000
471.377900
471.662450
472.877400
473.543250
474.525550
476.911650
477.103800
477.129350
477.134750
477.167150
477.173650
478.140100
478.146650
478.885850
482.019850
482.835500
483.619800
484.128400
484.461850
484.465250
484.495000
486.171000
486.198650
486.361750
487.065400
487.076350
489.424550
489.449000
489.470350
490.076500
490.080650
490.727400
492.002200
492.015150
492.026050
492.028400
492.455650
493.157300
493.162050
493.533350
493.537550
493.557100
493.570300
494.874350
494.890650
495.452050
495.591900
495.958850
495.988200
495.991400
497.880800
497.885350
499.660400
499.730150
501.346450
501.361200
501.374250
503.458700
504.197250
505.668450
505.689350
505.940800
505.944850
505.949300
510.352450
510.398800
510.402000
510.408550
510.846100
512.154600
512.221550
512.987700
514.009100
514.013500
514.539650
515.494000
515.498450
515.519000
516.278000
516.282300
516.357600
516.369250
518.597050
518.601100
518.607000
518.611250
518.621400
520.209700
520.278400
520.282400
521.263700
521.780850
521.785600
522.988500
523.505050
523.516050
525.664200
525.668850
528.021600
528.024250
528.039350
528.043000
528.516600
529.118400
529.402950
529.978850
529.996700
530.008300
530.054300
531.553050
532.267200
532.276650
532.287450
533.888650
533.900100
535.234450
537.049400
537.052950
537.283300
542.042600
542.263500
543.544400
545.618850
545.622900
547.577450
547.708500
548.071200
548.082250
552.044950
552.056400
552.066800
552.441900
552.456300
552.480900
554.536200
555.987950
556.023600
561.157900
561.161800
561.167500
561.207200
561.745400
561.797600
562.660500
563.159600
563.277950
563.353250
563.410500
564.394800
565.313150
565.959750
566.321800
566.988500
569.432000
571.062100
571.080850
572.227250
572.230600
572.820700
572.824550
574.487150
574.638050
574.986800
575.106850
575.119150
575.133600
575.333050
576.617650
577.157700
577.214450
577.323000
578.358000
578.874950
578.886950
578.902100
578.905700
578.997050
579.003400
580.069650
580.716150
580.720900
582.189800
583.371300
583.375000
583.411300
584.015150
589.524100
593.788700
609.456650
613.300550
613.778200
613.926600
614.525150
614.529550
614.539650
614.566200
614.961600
614.965600
616.892100
616.900750
616.922000
616.926100
617.323350
618.366950
618.386950
619.400550
621.607200
621.610950
622.817550
622.821600
624.398300
624.482400
624.498150
624.502050
626.181000
626.184700
626.270750
627.076000
627.291800
628.150300
628.497550
628.740150
628.844800
629.115900
629.397250
629.556800
629.685600
629.689050
630.860750
630.865450
631.241200
631.362400
631.403050
632.325200
632.656150
632.686850
632.949050
636.710100
636.730300
636.744250
637.495600
638.802000
638.814200
639.419900
639.448250
640.842050
640.872900
643.873100
643.923300
645.531850
645.555750
645.843050
645.856400
647.631850
649.571650
649.584800
649.589950
649.665000
649.777250
649.798750
651.197500
651.225950
651.230350
651.950500
652.304800
652.311900
652.565250
652.778000
653.952650
655.833300
656.543400
656.743700
657.127700
657.229450
659.396350
659.408500
660.000450
660.950650
662.369550
662.374150
665.527550
665.536750
665.916400
666.342350
668.146600
668.155800
668.380600
668.409500
670.294950
670.298550
670.654650
670.879150
670.883550
672.054700
673.705150
674.021800
674.026100
674.153500
674.166750
674.632350
675.418350
675.422900
681.067200
681.073450
681.781450
682.936650
682.940600
682.995800
684.027300
684.211550
684.280450
684.299400
685.606650
685.611150
685.654750
685.659700
685.677050
688.456550
688.460300
688.483500
688.534150
688.538200
690.692100
690.695550
690.698050
692.490150
692.739200
694.261700
695.065450
695.173200
697.043350
699.260200
699.263900
700.294550
700.438400
702.135400
702.142050
702.876450
703.037700
703.124100
703.628250
703.658600
706.002350
706.290500
706.740050
706.755250
708.933100
709.734700
710.869650
710.873800
713.220900
713.286800
713.449500
714.323000
714.340600
717.505750
717.509200
717.519600
718.546750
718.568300
719.663250
719.676250
719.717550
719.738650
719.934350
719.945100
720.034650
720.794550
722.290700
722.302050
722.307450
722.314850
726.348400
727.751850
727.838350
727.858550
727.866100
728.808850
728.813100
728.823300
730.152750
730.168100
730.447900
730.466850
731.974150
733.066500
733.092100
733.096300
733.413600
735.241300
735.338050
735.346400
737.008850
738.445450
739.099150
740.295300
740.299200
741.799250
741.804150
741.821500
741.831300
743.641400
744.689200
744.693300
746.211950
746.509100
746.692900
747.848500
748.991700
748.995450
749.034850
749.044150
750.016750
752.086900
752.348150
753.466300
753.973600
755.324650
755.560300
755.692800
755.759400
755.764900
756.055100
757.604550
757.616400
758.012950
758.564500
758.767750
758.772500
758.788250
760.214650
761.371300
761.375850
761.924150
763.123900
763.130900
763.160400
763.177400
765.972650
765.994400
767.215800
769.572100
773.097500
773.101200
773.107150
773.130950
773.774100
773.777250
773.782050
773.841650
774.180850
775.451950
775.480300
775.483750
775.729200
778.205150
779.677700
779.972800
780.389500
782.065900
782.069700
782.298750
784.202500
785.676750
786.327150
786.330600
786.908500
787.370200
787.500650
788.723300
789.260450
789.792750
794.555050
797.125650
797.483950
798.113150
798.122050
798.775500
798.789500
800.883850
800.905550
801.220950
802.460800
803.229650
805.559750
805.567700
805.579100
806.034400
807.555500
807.867400
808.668950
808.680450
808.684800
808.692450
813.138250
813.141700
813.156900
813.465150
813.567100
813.571200
813.580950
813.599450
815.424800
815.440100
815.725400
820.418350
820.436200
820.525450
820.597250
820.619800
822.694350
823.607750
823.975050
823.996000
824.006500
824.753600
825.923050
826.216650
828.256750
828.779050
830.968950
831.185650
831.859700
832.056600
832.064050
833.289850
835.088200
837.214800
837.218450
837.261000
837.266050
837.381950
839.886950
839.891300
839.905300
840.591150
840.595000
840.629750
841.049850
842.054500
842.058250
842.062550
842.073150
842.089150
843.264650
843.283400
843.321000
846.254000
846.285250
846.365800
847.889850
847.905700
847.925000
848.190350
849.744700
849.769450
849.835150
850.360900
850.795100
852.149750
852.723150
853.295800
854.107950
854.116200
855.181700
856.374700
856.378100
856.410500
856.442800
857.269400
857.442550
857.973850
857.978050
857.980800
857.993200
858.719300
858.723600
858.988000
860.057500
860.433750
861.292750
861.324200
862.784750
862.788250
862.792900
864.920750
865.941250
866.208400
866.255900
866.262700
866.925000
866.935750
866.948450
866.952500
866.956000
867.351900
867.368700
869.528600
870.151350
870.275350
872.429200
872.433350
872.451750
873.104600
876.230300
876.240550
876.259250
878.781550
878.785600
880.032550
880.041550
880.112800
880.121400
880.126500
880.136300
880.432100
880.456500
880.515900
880.548100
882.345600
882.349450
883.599450
884.186650
884.257450
885.012500
886.401050
886.420800
886.492700
887.259950
888.076850
889.589850
891.665400
891.669150
891.707500
892.180350
892.376600
894.085250
894.090000
894.997050
895.001300
895.393850
895.401900
896.799100
899.186550
899.499100
899.504050
899.528950
899.696650
900.232650
900.243900
900.256150
902.896350
903.584350
903.589250
903.721650
903.735700
903.743350
905.260800
905.694050
907.287250
910.243250
910.916500
913.638100
913.659100
914.125500
915.294650
915.307050
916.105150
916.461450
916.466150
918.117500
918.561050
919.151950
919.458850
921.059350
921.149950
921.211850
921.246700
922.771450
924.246350
925.476050
925.496600
925.994650
925.998850
927.276350
928.861250
929.141150
929.711850
930.091850
930.790450
932.257850
932.261700
933.786100
933.807250
933.814100
935.971350
935.994900
938.570400
938.582850
938.596450
939.862450
940.092350
941.511150
941.980450
941.987100
941.990900
942.038950
942.902550
942.912400
942.934600
942.944900
945.892800
949.040900
950.195650
951.073300
951.076900
951.395000
951.406300
951.411400
951.496500
951.794450
951.799500
953.213000
953.225500
953.233750
953.426600
954.236950
954.913150
954.915200
955.064050
955.067750
955.080100
960.357500
960.361650
962.378000
962.382200
962.386750
962.389600
962.395950
966.191600
966.210850
966.216900
967.286050
968.469050
970.678050
970.682100
970.692250
970.963400
971.736850
973.592650
973.895500
973.899300
973.904350
975.625550
975.629700
975.638000
975.873150
975.883550
976.723450
976.729300
976.752000
977.457300
978.459150
979.361350
979.386700
979.413900
979.771250
979.776250
980.836900
980.859000
980.864900
982.075350
983.524350
983.527700
983.537600
983.558300
983.584350
983.810950
984.926000
984.930100
984.941500
984.944050
984.946800
984.952400
984.957600
985.035500
985.046800
986.069950
987.565500
989.080100
991.115450
991.125400
991.897300
993.118450
993.122250
993.133050
994.351550
994.355550
995.234950
995.265100
995.341550
995.347650
997.010750
997.020650
997.523150
997.547200
998.308450
999.321350
1000.693650
1000.823600
1001.030600
1001.158850
1001.291700
1001.312500
1001.884250
1004.343450
1004.359000
1004.553300
1006.013600
1006.620450
1006.642500
1008.982450
1010.585600
1010.589100
1010.595600
1010.599700
1010.612500
1010.647600
1012.394100
1012.477250
1012.482500
1013.983450
1014.993650
1016.340800
1016.411100
1016.851850
1017.952750
1017.961900
1018.228550
1018.232850
1018.348500
1018.658550
1020.523600
1020.542450
1020.921750
1021.620000
1021.626650
1021.629300
1021.636250
1021.730350
1021.745700
1021.766450
1022.528100
1026.429000
1027.329950
1027.997400
1029.171300
