2.384100
2.705150
2.996500
5.150500
5.224550
5.536600
10.188550
10.194450
10.203850
10.206900
10.230900
10.246600
10.293200
10.302500
10.361400
10.387900
10.446250
10.467900
10.726700
10.748100
10.939950
10.990000
11.608150
12.905300
12.955750
12.961000
12.965750
13.385250
13.436400
13.676400
14.208850
14.211900
14.223100
14.228950
14.431900
14.738750
14.752250
14.826950
15.462850
15.952200
16.099500
16.977100
17.349000
17.353200
18.171150
18.175050
18.180300
18.183800
18.189200
18.194550
18.199000
18.204750
18.211250
18.311800
18.316200
18.321800
18.327200
18.330900
18.333350
18.335550
18.340850
18.343700
18.605250
19.572000
20.339700
20.343450
20.348150
20.352800
20.356750
20.365800
20.368950
20.521150
20.941150
20.945900
21.830150
22.375250
22.695050
23.536450
23.561850
23.567050
23.688700
23.695750
23.697950
23.702000
23.705750
23.708000
23.727150
24.117550
25.248900
25.252700
25.257800
25.262250
25.267600
25.273500
26.067000
26.076050
26.078100
26.080300
26.086400
26.091650
26.195600
26.649100
26.654250
26.661600
26.668250
26.796500
27.684350
30.058550
30.067450
30.073750
30.078200
30.083650
30.089500
30.125700
30.137700
30.371000
30.488750
30.500900
30.508400
31.009350
31.171450
31.613550
31.929100
31.933750
31.937800
31.940000
31.942500
31.945200
31.956100
31.958450
33.396250
33.400550
33.407500
33.419100
33.423750
33.876900
33.880550
33.889600
34.715050
34.719450
34.956400
35.660400
36.157950
36.719400
36.723450
36.734200
36.789200
38.120950
39.749700
40.833500
40.835550
40.840150
40.843000
40.849750
40.854150
40.859400
42.095700
42.709700
44.785500
44.799550
44.804650
44.809650
44.815650
44.819150
47.174150
47.332150
47.336150
47.340700
47.345200
47.355450
47.365700
47.375550
47.403100
47.405850
47.411600
48.592700
48.596800
49.364300
49.718600
49.726750
49.729500
49.736450
49.741300
49.777900
49.793150
49.806750
49.815850
49.825100
50.129900
50.153100
50.442250
50.614350
50.619500
51.320350
52.157550
52.517450
52.717300
53.758750
53.763900
54.079350
54.181250
54.371600
55.669400
55.777300
55.785150
57.776800
57.781150
57.786400
57.793200
57.808150
57.814650
57.960000
58.587550
58.592950
58.600650
58.604850
58.609700
58.616900
58.914700
59.012200
59.524900
60.137850
60.722650
60.800350
60.804850
60.806900
60.815600
60.820550
61.277450
62.167650
64.069100
64.524200
64.530000
64.534450
64.539500
64.602850
64.606650
64.610950
64.621700
64.628550
64.741300
65.737600
65.758250
66.040700
66.997000
67.943000
69.541200
69.551000
69.830750
70.069150
70.169000
70.250250
73.521900
78.377000
86.517600
86.587450
87.605150
88.176100
88.530200
88.848200
88.854350
88.873900
88.892900
88.900200
89.343700
89.347950
89.357300
89.443550
89.465550
90.688800
90.692750
90.697850
90.721700
90.727300
90.897650
90.909750
92.536200
92.541250
92.547950
92.555100
92.572850
92.577100
94.622800
94.666000
95.040750
95.046900
95.051700
95.056950
95.289650
95.933050
96.225500
96.746550
96.879050
97.313750
97.316050
97.318100
97.321600
97.330350
97.610500
97.880250
97.883950
97.888700
97.906500
97.918950
100.911550
100.916500
101.302100
101.597400
101.601900
101.860700
102.895300
102.908850
102.914050
103.161500
103.242850
104.418650
104.426000
105.153350
105.565750
106.615550
108.367700
108.508250
109.520800
110.540050
110.552250
110.556450
110.561300
110.565800
110.576100
113.015850
113.028850
113.412500
113.417650
113.423500
113.431300
113.437000
113.441500
113.446800
113.986900
113.992550
114.783550
114.788500
115.511100
115.515050
115.520450
115.525050
115.529650
115.533900
115.538900
115.556550
116.313700
116.317400
116.623300
117.856850
119.849150
120.694350
120.697700
120.703000
120.705800
120.856150
121.985100
121.998550
124.527900
124.545150
124.549400
124.718550
124.785050
124.792850
124.796450
124.810650
125.020350
125.898850
126.001550
127.096750
127.139050
129.880700
130.051700
130.802300
130.811650
130.816650
130.821300
130.830000
130.834650
130.865150
131.261000
131.451250
131.456450
131.462500
131.468150
131.474050
131.873650
132.556750
132.976400
132.980050
133.379500
134.202100
134.206200
134.520800
134.525400
134.531100
134.536100
134.541250
134.551850
134.562500
135.275600
135.282350
135.286450
135.290850
136.757500
136.761100
136.772300
137.123050
137.206300
138.185950
138.190500
138.356350
138.362650
138.620400
138.624500
138.935100
138.940000
138.974150
138.980150
139.085950
139.094050
139.501650
141.061100
141.155500
141.161950
141.168150
142.682250
142.686200
142.690950
142.695950
142.700400
142.705850
142.713250
142.718900
144.512550
144.520500
144.624000
144.635150
144.639950
144.807950
145.423100
145.570350
145.575400
146.069850
146.073950
146.090350
146.095650
146.147650
146.668250
146.676800
146.682300
146.689550
146.693900
147.049650
147.495650
148.026000
148.282500
148.284750
148.354600
148.363850
148.366650
148.560550
149.041100
149.049050
150.468750
150.476850
150.989100
150.993250
151.000800
151.004700
151.011950
151.205850
151.358500
151.819950
152.561700
152.571950
152.947100
153.070550
153.074100
153.629600
153.633600
153.635900
153.638150
153.643050
153.647550
153.652900
153.657600
153.662000
153.666200
153.668350
153.671100
153.701600
154.358100
154.573400
154.578700
154.605200
155.109400
155.543200
155.869500
156.551950
156.562050
156.567900
156.574150
156.586700
157.436600
157.440900
157.450550
158.418000
158.423650
158.978100
158.982750
158.993500
158.998500
159.281200
159.605850
161.169150
161.171300
161.175500
161.187050
161.192850
161.633450
162.318300
163.480550
163.489550
163.494100
163.496550
163.498800
163.501100
163.509650
163.655350
163.975150
163.995150
164.000400
164.003400
164.009150
164.014100
164.024950
164.035200
164.131050
164.313050
164.318550
165.601150
165.606000
165.651050
165.867200
166.476850
166.481800
167.030400
167.184600
167.412850
167.422850
168.187400
168.607000
170.104850
170.107950
170.112250
170.117600
171.209200
171.213750
171.937100
171.941400
171.949100
172.154650
172.161250
172.176200
172.183350
172.412500
173.584900
173.772850
173.786950
173.791800
173.796450
173.803600
174.325900
174.846000
176.659250
176.664550
176.674250
177.121850
177.364900
177.491050
177.728550
178.461550
179.342250
179.350200
179.354400
179.356800
179.360750
179.365100
179.777400
179.785600
179.956450
180.035150
180.039350
180.167550
180.996300
181.000450
181.625650
181.629950
181.904950
182.410800
182.415100
182.436700
182.452550
182.458800
182.641100
182.645700
182.967400
183.066650
183.827100
183.837350
183.863650
183.999400
184.769100
184.785900
185.666850
186.592550
186.599500
186.844900
187.600150
187.604050
187.614950
187.619400
187.835500
188.675150
188.680250
188.688700
188.691200
190.340850
190.499300
190.504400
190.509100
190.517700
190.844150
190.858750
190.863400
190.868350
190.877750
190.881550
191.995600
192.000700
192.018050
192.022600
192.105050
192.456050
192.588950
192.643450
193.224450
193.228450
193.234550
193.959400
193.964800
194.327950
194.333150
194.344500
194.350800
194.356900
194.364300
194.372150
194.380250
194.557550
196.240500
196.245350
196.304400
196.862850
196.867050
197.215150
197.219950
197.434900
197.508950
197.513400
197.988200
198.399500
198.406000
198.552400
198.559700
198.830650
198.833600
198.974550
199.372750
199.540200
199.888700
199.895850
200.100550
200.120450
201.045150
201.050050
201.075600
201.083700
202.260050
202.263600
202.306750
202.311150
202.316100
202.324900
203.202400
203.662600
204.405200
204.709100
204.712750
204.717250
204.722550
204.728400
204.740150
204.838050
204.854250
205.314050
205.466100
206.143700
206.147600
206.158250
206.161050
206.164200
206.272750
206.290450
207.965250
208.235250
208.247750
208.251800
208.256750
208.260000
208.300000
208.302250
208.307700
208.383500
208.434300
209.286900
209.346300
209.350750
209.356400
209.369150
209.776000
209.779650
209.786550
209.794100
210.284300
210.302450
210.350650
210.486250
210.713800
210.718750
210.723350
210.734400
210.853050
210.858100
211.859450
212.294650
212.299700
212.492750
212.572850
212.775550
213.071350
213.090800
213.241700
213.246550
213.580900
213.585900
213.591100
213.597100
213.700050
213.705050
213.824250
213.828150
214.419200
214.423250
214.459550
214.465400
214.475750
214.481450
214.600350
214.677900
214.857350
214.861250
215.267750
215.446800
215.466650
215.474150
215.478150
215.484150
215.599900
215.943900
216.890300
216.917500
216.998050
217.002500
217.016300
217.021800
217.555950
218.083900
218.109100
218.137200
218.412250
218.418100
218.425550
219.145000
219.148900
219.585250
219.590050
219.612050
220.519650
221.308650
221.313150
221.483500
221.555750
222.125100
222.643950
222.651000
222.658950
222.676350
222.682450
223.056550
223.896900
223.908350
223.912150
223.916600
223.933450
224.095400
224.142650
225.069550
225.125900
225.132100
225.195800
225.305300
225.422750
225.437350
225.440750
225.445900
225.463000
225.823250
225.831750
226.922900
226.927550
227.125850
227.202250
227.214800
227.847150
227.892450
228.640650
228.836300
228.840550
228.844400
228.930850
228.944550
229.410550
229.415700
229.563800
229.871400
230.176800
230.327550
230.334050
230.337050
230.344200
230.352850
230.466350
230.497800
231.398100
232.209750
232.216750
232.226300
232.283800
232.290050
232.315650
232.320300
233.027650
233.031950
233.330000
233.334600
233.383400
233.388250
233.420050
233.425900
233.430850
233.449100
235.248150
235.252200
235.257850
235.264750
235.368950
235.808250
235.813450
235.818250
236.543100
236.860100
236.864550
237.098300
237.101400
237.105600
237.120700
237.127050
237.133950
237.142050
237.157850
237.169000
237.214450
237.223200
237.381350
237.384800
237.459600
239.373250
239.378300
239.384250
239.663400
239.682100
239.698850
239.812300
240.010500
240.015550
240.023000
240.033550
240.306300
240.349250
240.816750
240.884650
240.899950
241.523000
241.528350
241.847300
241.868100
242.096750
242.100550
242.105550
242.234150
242.901150
242.906550
243.211400
243.220400
243.224200
243.227950
243.233200
243.366550
243.711050
243.722350
243.918150
244.154350
244.172200
245.024700
245.153400
245.157850
245.163550
245.169900
245.176500
245.448350
245.452250
245.784550
245.832800
245.836150
245.840150
245.844050
245.849100
245.860700
245.867500
245.985850
246.024650
246.027450
246.169150
246.174500
246.178250
246.187600
246.192850
247.101200
247.108100
247.579150
248.327000
248.943700
249.495950
249.500450
249.508900
249.511100
249.513450
249.518850
249.728400
249.752450
250.477100
250.481500
250.521450
250.525550
250.530100
250.541650
250.545750
251.086150
251.091900
251.792200
251.794250
251.797500
251.805800
251.826200
251.832450
251.838300
251.846600
251.852350
251.858800
251.969600
252.160300
253.040600
253.045450
253.048100
253.052300
253.059300
253.064350
253.067850
253.077950
253.083150
253.095200
253.098850
253.117600
253.386700
253.431750
253.724300
253.867650
254.019550
254.025300
254.043450
254.727300
255.268800
255.273850
255.284900
255.289950
255.306200
255.309550
255.512950
255.774500
255.783300
255.867900
256.090700
256.096200
256.196700
256.426200
256.433600
256.436800
256.503600
257.425950
257.430800
257.626200
257.633000
257.642800
257.649700
257.653150
257.658000
257.675350
257.743150
257.955500
257.965750
257.979100
257.993900
258.132100
258.211600
258.368350
258.374250
258.381400
259.225650
259.230600
259.237400
259.291700
259.331150
259.821450
259.826250
259.834650
259.844950
259.850900
260.165500
260.444100
260.604000
260.650800
260.656050
260.828100
260.859300
262.285950
262.337850
262.671150
262.761100
262.766000
263.018200
263.174200
263.370050
263.376600
263.722200
263.728200
263.864650
263.872450
263.877750
263.880850
263.882950
264.522700
264.963850
264.976300
265.616250
265.621750
265.627500
265.635000
265.746800
265.751050
265.755550
265.759800
265.764100
265.766250
265.773900
265.779250
265.963550
266.421550
266.579300
267.141800
267.222300
267.225750
267.227900
267.230750
267.241000
267.252900
267.258950
267.314250
267.325250
267.334000
267.338200
267.348050
267.350250
267.422400
267.530850
267.535650
267.546900
267.584900
267.759400
267.768750
267.778250
267.831950
267.883200
268.087200
268.091850
268.100500
268.108350
268.114750
268.341250
268.464100
269.002850
269.011050
269.396450
269.398900
269.402400
269.406500
269.414400
269.419100
269.423450
270.018450
270.023100
270.042750
270.198350
270.206050
270.212000
270.559650
270.569100
270.573150
270.799550
270.861550
270.947500
270.952250
270.956200
270.961700
270.969600
270.973450
270.989450
271.288050
271.495550
271.510050
271.750600
271.918050
271.923800
271.928400
271.939550
271.945050
271.949850
271.954850
271.962350
272.339600
272.541950
273.103000
273.130550
273.143950
273.148650
273.153450
273.158450
273.167050
273.192600
273.275950
273.507350
273.847800
274.017900
274.056850
274.265850
274.270850
274.479750
274.484850
274.488950
274.525750
275.162750
275.181050
275.523500
275.534950
276.699850
277.320150
277.473700
277.489500
278.347500
278.354950
278.678850
278.728550
279.124400
279.133300
279.168550
279.172950
279.183600
279.216300
279.229000
279.233100
279.236350
279.241900
279.494150
279.612450
279.615650
279.621000
280.116650
280.236550
280.241700
280.256050
280.261200
280.274500
280.482150
280.496650
280.637650
280.643100
280.737250
281.594050
281.804650
281.934850
281.939700
282.055250
282.506850
282.512750
282.518450
283.119150
283.123700
283.132800
283.138350
283.142800
283.185950
283.438800
284.002850
284.291550
284.301150
284.332800
284.468050
284.473150
284.727700
285.265250
285.466050
285.478050
285.486400
285.493550
285.507350
285.675200
285.789400
285.859050
285.868000
285.986450
286.609900
286.860550
286.872050
286.875350
287.691500
287.724050
287.728500
287.732250
287.737400
287.741000
287.999750
288.011250
288.015350
288.019650
288.026650
288.041700
289.223950
289.353300
289.357900
289.453100
289.686800
289.694200
289.703750
289.708200
289.937050
290.035400
291.086650
292.024650
292.223250
292.231150
292.236400
292.241400
292.423550
292.444650
292.579600
292.588700
292.595700
292.708400
292.713700
292.736900
292.852750
292.857600
292.902250
292.921600
293.504200
293.511050
293.529100
293.655050
294.196050
294.412900
294.443200
294.878150
294.882850
294.902200
294.914700
295.622500
295.801650
295.852000
295.857900
296.088900
296.106750
296.186700
296.379950
296.418400
296.422400
296.433500
296.944200
296.949850
297.025550
297.746600
297.750800
297.772250
297.776600
297.797050
297.863850
297.870200
297.876000
297.886300
298.047700
298.059050
298.205450
298.224050
298.287950
298.521650
299.018600
299.068400
299.150800
299.156100
299.176800
299.192950
299.237050
299.242450
299.359550
299.379350
299.552150
299.559300
300.121550
300.252500
300.288750
300.902000
301.129150
301.132850
301.138800
301.346500
301.668350
301.695950
302.107000
302.120600
302.128750
302.135350
302.428600
302.445250
302.677300
302.957200
303.379950
303.395550
304.126600
304.205050
304.208950
304.221800
304.226700
304.232550
304.583150
304.990550
304.997850
305.002750
305.019850
305.021950
305.219950
305.703150
305.748650
305.754750
305.855250
305.904550
306.159350
306.590350
306.673750
306.680500
306.785900
306.937150
306.943100
306.955300
307.709950
307.800450
307.806350
307.811450
307.820450
307.989600
308.266600
308.274200
308.695700
308.909050
308.912550
308.916750
308.925150
308.927750
308.932700
308.940050
308.946450
308.950100
309.312500
309.316950
309.321700
309.324100
309.475700
309.797400
309.842300
309.860900
309.897500
310.061500
310.226400
310.434150
310.438250
310.735800
310.910100
310.914400
310.918750
310.921150
310.926500
310.938100
310.961450
311.203650
311.208500
311.211800
311.223350
311.410350
311.780000
311.786000
311.791950
312.347600
312.370600
312.523300
313.040200
313.044800
313.253450
313.444350
314.339700
314.344250
314.349300
314.360050
314.365750
314.422850
315.175700
315.303950
315.313350
315.596300
315.602450
315.696500
315.709500
315.840600
316.677250
316.682350
316.803100
316.967550
316.981050
316.985600
317.055300
317.068000
317.077250
317.871750
317.876700
317.987600
318.604100
318.610350
318.615350
318.618150
318.631350
318.743850
318.756550
318.822400
320.276850
320.280550
320.285700
320.290200
320.292700
320.295000
320.303300
320.471550
320.476550
320.482000
320.808300
320.858250
320.864000
320.985850
321.957300
321.961200
321.964850
322.438000
322.443000
322.446050
322.452800
322.607900
322.766450
322.770900
322.779100
323.088400
323.093650
323.099750
323.105400
323.122450
323.202150
323.222700
323.519450
324.084900
324.103150
324.114850
324.116900
324.365950
324.430300
324.751150
324.754050
324.758800
324.763050
324.924400
325.269700
325.274200
325.279950
325.285600
325.291700
325.597600
325.601700
325.610250
325.615150
325.619350
325.856750
326.406050
326.419950
326.431700
326.435800
326.823750
326.915500
327.318300
327.345150
327.350300
327.827850
328.134550
328.278350
328.291950
328.661650
328.678650
328.684450
328.885100
328.898700
328.904000
328.926000
329.431500
329.644050
329.651800
330.185800
330.214150
330.218050
330.223550
330.228450
330.234400
330.240450
330.314800
331.056400
331.060600
331.066600
331.077400
331.082350
331.876450
331.887650
331.950500
332.463150
332.468300
332.470950
332.473650
332.480300
332.484200
332.603100
332.976750
333.048650
333.056000
333.252000
333.256250
333.408750
333.414900
333.427350
333.448150
333.887700
334.404050
334.501500
335.316950
335.321400
335.328750
335.333400
335.337650
335.344850
335.398250
335.405050
335.409150
335.422900
335.942200
336.376550
336.384250
336.386950
336.390150
336.396800
336.401100
336.427450
337.008600
337.033500
337.098600
337.161550
337.592600
337.726350
337.732750
337.786300
337.806250
337.820000
337.823950
338.168950
338.186900
338.438350
338.848450
338.876650
339.108150
339.112450
339.685250
339.700450
339.753600
340.069250
340.079400
340.084700
340.090250
341.282600
341.290700
341.305900
341.510650
341.530450
341.813900
342.295550
342.301000
342.306500
342.311850
342.883200
342.895450
343.064400
343.069000
343.074150
343.080150
343.084950
344.081950
344.102550
344.301200
344.306800
344.554400
344.702150
344.717400
344.844250
344.849600
344.853600
344.863450
344.867000
345.007600
345.465550
345.794900
345.889850
345.997500
346.317550
346.321800
346.435700
346.445150
346.761350
346.773300
347.520950
347.525200
347.666550
347.673400
348.583250
348.875550
349.071950
349.079700
349.086000
349.106750
349.754700
349.770350
349.781300
349.785950
349.790550
349.806250
349.820300
349.853650
349.859000
350.808850
350.813150
350.818850
351.097400
351.261250
351.266450
351.353550
351.357850
351.362450
351.367800
351.373250
351.386550
352.110700
352.127150
352.325150
352.397600
353.128700
353.306800
353.316250
353.321150
353.325850
353.330300
353.335000
353.365200
353.450750
353.581000
353.626650
355.370600
355.374600
355.378700
355.387150
355.392000
355.397650
355.403500
355.408100
355.483800
356.268400
357.262900
357.430600
357.434800
357.568900
357.574550
357.699000
357.844900
358.504200
358.508250
358.816950
358.822050
359.358350
359.364600
359.643300
359.649400
359.658650
359.661500
359.666850
359.675700
359.686000
360.079300
360.209400
360.923600
361.151700
361.157100
361.164150
361.474750
361.641050
361.653450
361.660200
361.923100
361.927300
362.055950
362.443450
362.451300
362.464050
362.468300
362.473250
362.477450
362.482800
362.806300
362.812750
363.256350
363.287800
363.490900
363.494950
363.499400
364.223450
364.227950
364.231650
364.235400
364.755950
364.976050
364.980900
364.992450
364.997450
365.184450
365.844700
366.275050
366.323200
366.327600
366.429500
366.642900
367.018450
368.017700
368.023200
368.028850
368.036400
368.093800
368.098950
368.104750
368.108250
368.127200
368.131950
368.161250
368.462900
368.584650
368.589700
368.594750
369.210450
369.214300
369.217150
369.219600
369.223500
369.229150
369.231750
369.237350
369.240300
369.362750
369.368800
369.377750
369.746850
369.847250
369.851800
369.863850
371.516950
371.520950
371.547400
371.552200
371.565000
371.888750
371.894150
371.950500
371.956550
372.074000
372.078000
372.677200
372.682950
372.723000
372.848250
372.860500
372.912550
372.918200
372.994150
373.151950
373.378950
374.353000
374.363100
374.525850
375.096750
375.244600
375.248150
375.478000
375.482950
375.489150
375.628200
375.720050
375.725100
375.825750
375.961750
375.965350
375.972300
376.225800
376.682650
376.707850
376.719650
376.726500
376.736300
376.873350
377.432850
377.437900
377.443000
377.452950
377.478750
377.487850
377.888400
378.139600
378.736100
378.742250
378.878050
378.882550
378.884700
379.092150
379.122000
379.369250
379.374050
379.379800
379.386500
379.393050
379.404200
379.408300
379.412550
379.421300
379.503600
379.544350
379.581950
379.733500
379.738300
380.274500
380.424050
380.430750
380.440400
380.444900
382.433050
382.437050
382.443500
382.598800
382.611800
382.753450
382.987700
383.078950
383.395750
383.400250
383.489900
383.663800
383.763900
383.769850
384.408050
384.532500
384.596350
385.502000
385.507100
385.539850
385.718850
385.725700
385.845900
386.016050
386.179000
386.922950
386.928200
387.015500
387.019700
387.033600
387.541500
387.975500
387.981900
388.252750
388.274200
388.317200
388.528950
388.533700
388.538150
388.541650
388.769300
388.774200
388.780900
388.971450
388.975200
388.979500
388.992050
389.122450
389.160650
389.753050
389.959850
390.034750
390.040650
390.059000
390.963000
391.023200
391.026350
391.041550
391.178800
391.184050
391.192950
391.295050
391.477850
391.489200
391.498200
391.649550
391.738650
391.751750
392.362050
392.368700
392.598300
393.228500
393.232800
393.347100
393.354400
393.359600
393.370300
393.427300
393.431600
393.442950
393.740750
394.185500
394.299550
394.703450
394.708900
394.772000
394.776450
394.810200
394.823250
394.827250
394.860650
394.864350
395.062400
396.233800
396.679900
396.894450
397.062200
397.487150
397.832250
397.837950
398.054600
398.062050
398.065400
398.068500
398.070600
398.074900
398.079000
398.090800
398.507400
398.725300
398.853800
398.895050
398.899650
398.984700
399.006700
399.011450
399.219800
399.720600
399.729800
399.735700
399.756500
399.951150
399.969850
400.313750
400.335950
400.557600
400.561850
400.601000
400.610500
400.911850
401.204450
401.209350
401.430450
401.641000
401.766900
401.869900
401.874200
402.446050
402.455200
402.457950
402.461950
403.828550
403.870750
403.890200
403.916000
403.919750
404.275350
404.284200
404.290800
404.782900
404.912850
405.226150
405.240750
405.246650
405.258350
405.263600
405.269050
406.090850
406.139900
406.143050
406.153550
406.852600
406.866000
407.051100
407.061850
407.066500
407.079350
407.141150
407.643550
407.862950
407.875450
407.881900
407.914550
407.919050
407.924250
408.058900
408.288550
408.292800
408.994300
409.258000
409.558650
409.655250
409.709800
409.718100
409.727250
409.802800
409.807400
409.831600
410.519000
410.524400
410.527600
410.535350
410.547200
410.816650
411.040950
411.126750
411.132600
411.361800
411.640100
411.650500
411.804800
412.007850
412.026900
412.088450
412.351200
413.081050
413.084750
413.088250
413.398550
413.506650
413.511350
413.517550
413.832600
413.844700
414.056300
414.058900
414.116200
414.326950
415.051700
415.056950
415.092600
415.097250
415.116750
415.119050
415.122350
415.127650
415.339450
415.743700
415.748150
415.770600
415.794300
415.805650
415.813300
415.829750
415.833550
416.416500
416.421350
416.427400
416.433100
416.553550
416.773650
416.844600
418.745200
419.082600
419.088400
419.213200
419.217350
419.224000
419.453600
419.457750
419.560700
419.566250
419.622550
419.626850
419.636450
419.662250
419.740650
420.224650
420.319400
420.473950
420.478700
420.706400
420.809950
420.838150
421.979900
422.222350
422.227050
422.233300
422.247800
422.559950
422.672100
422.937850
424.111100
424.114550
424.128500
424.386450
424.712650
425.406750
425.412300
425.728750
425.733050
425.736950
425.742150
425.754100
425.967200
426.105400
426.155300
426.170650
426.246400
426.252850
426.843400
426.848100
427.083100
427.086600
427.092500
427.104150
427.258450
427.523600
427.896200
427.900850
427.905300
427.911150
427.917150
427.940600
427.950300
427.982000
428.055400
428.061200
428.074300
428.175950
429.032350
429.037050
429.353100
429.360800
429.371850
429.378050
429.389400
430.240950
430.468100
430.475750
430.480650
430.496150
430.525450
430.624100
430.634650
430.940150
430.944600
431.208900
431.343150
431.349850
431.447550
431.451050
431.461300
431.572000
431.700800
431.708500
431.868250
432.105800
432.838750
432.844400
433.045550
433.054500
433.062600
433.236250
433.970900
433.998150
434.123900
434.418850
434.420900
434.424600
434.867750
435.537950
435.542750
435.546000
435.558600
435.604850
435.607300
435.619100
435.624350
435.628400
435.631200
435.744200
435.818150
436.172000
436.239750
436.242750
436.245000
436.261550
436.409850
436.485950
436.691100
436.707500
436.710450
436.715350
436.893500
437.195750
437.198150
437.203150
437.211650
437.312350
437.795950
437.800300
437.811300
437.822500
438.874600
439.158950
439.700550
439.968350
439.984500
439.988850
440.047950
440.052250
440.180650
440.236700
441.289450
441.395400
441.400350
441.413100
441.418000
441.627500
441.827750
442.094250
442.098250
442.621000
442.626350
442.633150
442.636450
443.270750
443.279900
444.217300
444.223300
444.228100
444.230850
444.633300
444.650050
444.778950
444.788850
445.159800
445.164200
445.168750
445.171500
445.177500
445.182150
445.351150
445.357600
445.803550
445.813250
445.818200
445.831400
445.885400
445.896750
445.940150
446.550600
446.572400
446.578350
446.633950
446.638600
446.722400
446.728450
446.741600
446.747900
446.752650
446.762750
446.767500
446.894600
446.920300
447.119600
447.155400
447.166400
447.594350
448.005500
448.009700
448.014550
448.975850
448.980850
449.154100
449.158500
449.168350
449.349300
449.398900
449.405100
449.410850
449.849050
450.162500
450.498050
450.506650
450.513650
450.526650
450.852900
450.857500
450.864450
450.870000
451.079050
451.258400
451.409300
451.411550
451.418150
451.619450
452.673300
452.698300
452.717950
453.305050
453.342400
453.562050
453.567200
453.937450
453.964200
454.026400
454.322450
454.460800
454.465450
454.476550
454.638700
454.646650
454.704050
454.757100
454.762150
454.768900
454.961550
455.117350
455.432150
455.438650
456.822100
456.831550
456.836700
457.219500
457.240250
457.396050
458.244150
459.067250
459.106300
459.113100
459.118400
459.124000
459.128750
459.134900
459.142150
459.640500
459.644750
459.854350
460.386700
460.513900
460.523750
461.194250
461.199850
461.205750
461.208300
461.685900
461.780400
461.952400
461.982200
461.998850
462.005100
462.139100
462.383600
462.812000
462.814100
462.818550
462.823600
462.828900
462.945800
462.960900
462.971950
462.977100
463.053400
464.908750
464.915150
465.010150
465.024250
465.038200
466.067600
466.199700
466.203850
466.226500
466.591050
467.283550
467.861650
467.869100
467.874950
468.048700
468.175450
468.290550
469.569850
469.574800
469.751100
470.091150
470.363450
470.377750
470.382100
470.389100
470.399800
470.406550
470.412300
470.442150
470.444700
470.447600
470.450700
470.455600
470.463100
470.522350
470.546050
470.580850
470.636700
471.904650
471.908700
471.913750
471.919550
472.128500
472.133650
472.541850
472.544200
473.055400
473.059200
473.062450
473.066850
473.073500
473.350550
473.371650
473.622150
474.075600
474.927000
474.937050
474.939500
474.942000
474.951250
474.955900
474.961000
474.967400
475.009000
475.751700
475.757550
476.022050
476.510650
476.518850
477.790250
477.802450
478.606850
478.999000
479.038500
479.050600
479.068150
479.693700
480.270900
480.274600
480.278900
480.287600
480.293650
480.465250
481.286200
481.544550
481.551500
481.561050
481.569950
481.575600
481.594300
481.603550
481.617550
481.623650
481.628450
481.641250
481.743850
481.791650
481.915950
481.993800
482.527600
482.821350
482.826800
483.277400
483.288500
483.298350
483.319900
483.343100
483.678700
483.685400
483.711550
484.234400
484.238850
484.247550
484.268900
484.905350
484.909700
484.916550
484.925050
485.087350
485.091750
485.096200
485.107450
485.451200
485.453500
485.461500
485.463600
485.470700
485.475350
485.964100
485.975750
486.674600
486.701900
486.756000
486.760850
487.012150
487.025050
487.027950
487.036750
487.042450
488.370850
488.499800
488.504250
488.574800
488.579750
488.618650
488.775600
488.782100
490.354950
490.358800
491.084150
491.729550
491.733900
491.779050
491.983050
492.316250
492.402200
492.625000
492.866450
492.963350
493.482400
493.543150
494.282950
494.289650
494.291900
494.296000
494.299300
494.311400
494.934550
494.939250
494.951950
494.965100
494.972850
495.538600
495.683700
495.691000
495.871800
497.240700
497.272350
497.345250
497.355450
497.366300
497.374800
497.378800
497.454600
498.225250
498.231000
498.281850
498.285600
498.666200
498.680200
499.666950
499.671950
499.706700
499.711250
499.716200
499.727300
499.732050
499.750250
500.742350
501.225950
501.231750
501.247550
502.791550
503.473800
503.485450
503.491300
504.095600
504.170550
504.202100
504.348950
504.899600
504.909850
504.918400
505.052350
505.156000
505.160050
505.170450
505.906650
505.909550
505.914450
505.916900
505.920950
505.925600
505.930200
505.934900
505.938150
506.076000
506.603200
506.608300
506.694700
506.745900
506.775700
507.604800
507.874650
507.888850
508.004100
508.019750
508.367900
508.849050
508.854800
508.902800
508.908850
509.196700
509.208550
509.433300
509.867700
509.918800
510.409750
510.740900
510.746450
510.751800
510.759150
510.778350
510.783650
510.786500
511.396750
511.401000
511.406400
511.419050
511.428600
511.433450
511.442650
511.447800
511.652550
511.844450
512.356200
512.369500
512.881400
512.888500
513.010800
513.012950
513.329550
513.354700
513.752400
514.333750
514.339900
514.798700
514.811200
514.860200
514.864500
514.875050
515.004950
515.030150
515.214200
515.438000
515.445900
516.820150
516.824750
517.236050
517.241650
517.555700
517.561650
518.317000
518.336500
518.941200
518.948400
518.952400
518.968050
519.099550
519.105000
519.119150
519.125900
519.137850
519.233300
519.568900
519.576450
519.585350
520.441650
520.492800
520.508450
520.641650
520.656400
520.662100
520.669400
520.674850
520.690150
520.695750
520.703300
521.008600
521.039900
521.213800
521.218450
521.223750
521.230050
521.271250
521.608450
521.611950
521.694350
521.707550
521.939400
523.390500
523.395300
523.403450
523.729350
523.759700
523.764700
523.770350
523.775500
523.784850
523.925500
524.072900
524.116250
524.127900
524.133750
524.245750
524.296750
524.369700
524.596450
525.423450
525.437350
525.442750
526.086250
526.091100
526.099850
526.111300
526.501200
526.506250
527.659950
527.669150
527.674900
528.000000
528.477450
528.697200
528.702050
530.270600
530.369900
530.376150
530.387950
531.091700
531.095500
531.097600
531.105850
531.113600
531.124250
531.128800
531.604800
531.619600
531.645000
532.522700
533.021150
533.026450
533.072400
533.186550
533.287150
533.292150
533.300400
533.327700
533.401250
533.977500
534.581600
534.780300
534.785550
535.146200
535.150750
535.153350
535.156850
535.161950
535.171200
535.213950
535.722300
536.197300
536.921950
536.968100
536.974600
537.216050
537.513550
537.519100
538.022800
538.487850
538.491900
538.495300
538.499200
538.628200
538.742300
538.833900
538.840600
539.513100
540.041350
540.071050
540.901550
540.911400
540.928400
540.949350
540.954900
541.702400
542.177250
542.198350
542.437700
542.442250
542.514900
542.773300
542.784050
543.017150
543.661250
543.666150
543.861850
544.028700
544.035550
544.042150
544.203950
544.264050
544.343650
544.530350
544.534150
544.552350
545.212750
545.788500
545.876150
546.050050
546.054150
546.062950
546.089000
546.111600
546.123000
546.323650
546.333450
546.358150
546.599900
546.607950
546.747900
546.751900
546.757500
546.992050
547.027850
547.072250
547.596150
547.602000
548.107050
548.330000
548.584300
548.863600
548.867400
548.876800
548.882850
548.895650
549.095050
549.159300
549.167450
550.184200
550.188650
550.193450
551.043600
551.048550
551.054050
551.748250
551.752300
551.757500
551.903500
553.422850
553.440400
554.181900
554.185850
554.862050
554.866800
554.872750
554.878850
554.889850
554.903850
554.906500
554.910400
554.913050
555.095050
555.237350
555.650250
555.654800
555.658200
555.660600
555.667000
555.675350
555.796200
556.452700
556.521600
556.527400
557.692050
557.696100
557.724900
558.003950
558.110950
558.429000
558.433500
558.469450
558.495100
558.506250
558.562600
558.568150
558.586050
558.704200
558.709400
558.963250
558.978450
559.255100
559.265550
559.340150
559.363600
559.648100
559.741400
559.824400
559.836050
559.841650
559.851100
560.206950
560.211550
560.227650
560.501950
560.527400
560.662500
560.748900
560.755400
560.774450
560.787300
560.833950
561.790200
561.803500
561.808100
561.810250
562.377750
562.600650
562.785600
563.249500
563.396800
563.409000
563.474950
563.537950
564.013900
564.019300
564.075550
564.079550
564.084100
564.089800
564.094950
564.109450
564.125250
564.131300
564.136200
564.143000
564.327000
564.769850
564.773500
564.783400
565.187300
565.243300
565.248050
565.269850
565.277050
565.280800
565.291650
565.376950
565.379550
565.383500
565.389000
565.403500
566.525900
567.280250
567.283950
567.288200
567.298250
568.833200
568.853550
568.974050
568.988100
569.828600
569.832600
569.838150
569.843600
570.069350
570.762900
570.766900
570.783900
571.201050
571.910000
572.136300
572.206450
572.210900
572.217750
572.223850
572.239250
572.244900
572.441700
572.641450
573.000450
573.005400
573.010800
573.054550
573.060500
573.162550
573.176250
573.186000
573.268700
573.483850
573.489650
573.594450
573.623050
573.755400
573.848150
574.235500
574.326350
574.331750
575.440600
575.450050
575.667700
575.847400
576.096200
576.125350
576.163000
576.503850
576.516950
576.630700
576.948850
576.996350
577.002300
577.097350
577.167750
577.194850
577.650250
577.655750
577.665400
577.697800
577.708400
577.846400
577.856000
578.148950
578.303250
578.315350
578.414050
578.442450
578.675650
578.703500
579.832650
580.150550
581.232850
581.242900
581.893750
581.904550
581.909900
581.916400
583.355100
583.427950
583.455900
584.112700
588.889400
590.603850
595.408850
597.989150
599.174350
599.989950
600.849850
601.521500
602.629250
602.673700
603.588900
603.868450
612.325050
612.575850
612.588450
612.599350
612.616500
612.776150
613.125100
613.134600
613.141150
613.155100
613.171450
613.390400
613.396300
613.399550
613.403950
613.455300
613.676900
613.686850
613.690550
613.699700
613.808150
614.262650
614.300200
614.316400
614.583750
614.590450
615.104150
615.107350
615.111000
615.114000
615.118150
615.124350
615.128800
615.138600
615.335950
615.340300
615.344600
615.346850
615.467050
615.511200
615.525550
615.550950
615.811900
616.019850
616.024000
616.072900
616.077200
616.569450
616.658750
616.738750
616.771800
616.786400
616.790950
617.078100
617.083250
617.249650
617.271650
617.431600
617.441350
617.752800
617.758550
617.772750
617.779300
617.781550
617.844050
617.859800
618.374950
619.013550
619.019850
619.267500
620.027700
620.035800
620.922850
622.203100
622.222700
623.243100
623.251700
623.259650
623.388800
623.797850
623.803650
624.477400
624.481900
624.486400
624.495700
624.505950
624.780500
625.140500
625.193750
625.477500
625.566550
626.117950
626.120700
626.129150
626.138700
626.161900
626.368750
626.842300
626.847800
626.854700
627.507700
627.559550
627.928900
627.958900
628.118650
628.123950
628.133650
628.651950
628.930600
629.084500
629.088250
629.092650
629.099000
629.119550
629.228850
629.238600
629.669050
629.725450
629.729550
630.070800
630.084800
630.226000
630.664500
630.673650
630.684500
630.692600
630.697950
630.995550
631.467400
631.477600
631.525200
631.827400
632.084700
632.088700
632.096150
632.694400
633.623000
634.017500
634.042400
634.053550
634.187400
634.191800
634.205150
634.499550
634.503750
634.509000
634.525300
635.894400
635.904650
636.509500
636.513850
636.557150
636.957400
636.962100
637.317450
637.322300
638.482400
638.487650
638.936550
638.941750
639.183600
639.189500
639.295500
639.395200
639.401450
639.429850
639.526300
639.533950
639.546450
639.560550
639.614550
639.618750
639.629450
639.695900
639.927800
640.012250
640.674650
640.678550
641.061050
641.078700
641.490100
641.494950
641.502250
641.512200
641.518400
641.522700
641.543350
641.654200
641.669950
641.764100
641.836300
641.967400
641.987950
641.996250
642.143300
642.463500
642.473000
642.658850
642.672200
642.676750
642.693650
642.704150
642.715450
642.813250
642.984150
643.002800
643.010350
643.316850
643.662050
645.772050
646.053000
646.057800
646.061400
646.068900
646.071350
646.076250
646.082000
646.088800
646.091900
647.272400
648.004800
648.437600
648.441700
648.448850
648.451850
648.464150
648.473900
648.632600
648.637200
649.436800
649.974300
649.994850
650.290400
650.482650
650.490500
651.138900
651.525450
651.682350
651.870950
651.877450
651.978000
651.985550
652.011700
652.286550
652.291300
652.313650
652.372250
652.376200
652.382000
652.398650
652.409150
652.595450
652.988250
653.571150
653.576150
653.703450
653.730100
653.742850
653.968200
653.998700
654.016300
654.036700
654.040800
654.282800
654.313250
654.705050
654.796250
654.875650
654.881700
654.889300
655.447300
655.471400
655.490150
655.562450
655.567650
655.723900
655.877250
655.968450
655.972800
655.992500
655.997800
656.651050
656.655500
656.680300
656.684300
656.694750
656.729200
656.741100
656.758650
656.844300
656.868600
656.892050
657.095750
657.128000
657.156200
657.585850
657.601750
657.641050
657.962850
657.999300
658.009350
658.016400
658.115250
658.123600
658.293600
658.774300
658.776400
658.862250
658.877500
658.881700
658.886050
658.890000
658.939850
658.946750
658.955650
660.216500
660.227800
660.781500
661.358300
661.362700
661.406950
661.581200
661.601500
661.722200
662.151100
663.023700
663.721200
663.805100
663.810600
664.432400
664.784850
664.808700
664.921900
665.521650
665.683100
665.687950
665.693050
665.807900
666.178650
666.196100
666.208900
666.347750
666.508400
666.597600
666.657650
666.684200
666.737250
666.850650
666.922400
667.092400
667.098600
667.259500
667.286500
667.310750
667.334900
668.054850
668.147900
668.152250
668.157550
668.172500
668.175300
668.710350
668.714850
668.722100
668.987200
668.997900
669.003900
669.006750
669.035650
669.040400
669.046950
669.195500
669.213550
669.442700
669.459050
669.619600
669.822700
670.434550
670.446500
670.448850
670.519250
670.534750
671.565250
671.579950
671.665000
671.669450
671.678450
671.690550
671.698150
671.805900
672.034150
672.039350
672.049950
672.065800
672.377500
672.943450
673.013050
673.179300
673.190250
673.193000
673.371700
673.375600
673.381600
673.406750
673.415650
673.422350
673.426300
673.825850
673.841350
675.049100
675.355900
675.369150
675.371950
675.388950
675.499300
675.504700
675.513200
676.612950
676.617350
678.102900
678.115900
678.121350
678.172150
678.176750
678.242550
678.897350
678.902750
679.063750
679.394050
679.735050
679.751200
679.796900
679.813500
680.198200
680.221900
680.327050
680.802000
681.172800
681.411700
681.442650
681.450000
681.588450
681.615700
681.728450
681.809700
681.847550
682.087550
682.135250
682.147650
682.203400
682.208050
682.840550
682.847750
682.933350
683.095600
683.114150
683.160400
683.416900
683.633500
683.673050
683.678800
683.687450
683.751050
683.755300
683.763950
683.839250
683.887200
683.912250
683.925250
684.023100
684.309450
684.315750
684.360300
684.635000
684.639900
684.693350
684.816300
684.859200
684.992950
685.138350
685.199300
685.217950
685.224100
685.766850
686.047250
686.358700
686.400400
686.538850
686.548150
686.559550
686.745500
686.760100
686.855300
687.348750
687.352950
687.372650
687.554750
687.973100
688.113700
688.131450
688.266300
688.288600
688.449500
688.454600
689.055200
689.061600
690.044400
690.058000
690.062550
690.067300
690.072550
690.204550
690.208650
690.535300
690.549000
690.610850
691.016000
691.024200
691.031150
691.033600
691.044650
691.721550
692.025550
692.034800
692.048250
692.056000
692.068500
692.343750
692.681550
692.692850
693.512800
693.517400
693.530000
693.532800
693.715050
693.823750
693.965850
694.047500
694.566600
694.570350
694.574900
694.592900
694.600650
695.515500
695.572700
696.276950
696.282550
696.374050
696.382950
696.527250
696.532700
696.558400
696.934600
696.954550
697.207200
697.223900
697.246650
697.251850
697.549350
697.554700
697.630700
697.997850
698.002550
698.352950
698.377050
698.499850
698.533250
698.815200
698.828550
698.832950
699.245150
699.251750
700.036500
700.040150
700.537300
700.792650
700.799000
700.977850
700.982750
701.003250
701.009950
701.478150
701.491000
701.518850
702.108900
702.119650
702.167000
702.170250
702.172600
702.174850
702.189850
702.202300
702.209500
702.365200
702.376450
702.440300
702.821750
702.837400
702.914050
703.189850
703.194550
703.198900
703.210100
703.469750
703.711300
703.955250
703.973550
703.989700
704.188900
704.208100
704.719050
704.775200
704.783100
704.821250
705.098350
705.111250
705.302350
705.306250
705.316700
705.323450
705.336050
705.346250
705.354850
706.526200
706.531050
706.581350
706.585100
706.591500
706.854300
707.690100
707.697000
707.702600
708.070500
708.517050
709.691950
709.696300
709.700900
709.705350
709.724450
709.745750
709.751550
710.128950
710.247050
711.150950
711.474800
711.758300
711.763250
711.779450
712.038900
712.090900
712.706100
713.010550
713.166500
713.186250
713.208800
713.930550
713.956650
714.013500
714.025850
714.030200
714.036400
714.041500
714.044850
714.050400
714.059850
714.062600
714.198350
714.200950
714.206100
714.215300
714.220750
714.227300
714.232000
714.242750
714.440100
714.474800
714.488300
714.765850
714.769850
714.881950
714.896900
715.023650
715.041050
715.060100
715.197200
715.225000
715.227500
715.396550
715.508600
715.513150
715.532000
715.845100
715.870750
715.924950
715.961850
716.040600
716.258550
716.274350
716.502850
716.507700
716.513200
716.519700
717.316050
717.320750
717.515950
717.743250
717.811600
718.010400
718.040850
718.085250
718.662750
718.823850
718.840350
718.859200
718.898100
719.135500
719.198050
719.527450
719.531850
719.536300
719.539300
719.545200
719.550700
719.851400
720.084400
720.088850
720.331650
720.336750
720.354550
720.374250
720.451550
720.488350
720.524350
720.535500
720.858850
720.863050
720.868400
720.881250
720.909850
721.152350
721.158200
722.127900
722.137000
723.651500
723.655250
724.715650
724.719850
724.726600
724.732550
724.769550
724.809900
725.888500
726.021500
726.031750
726.364050
726.368850
726.372900
726.389550
726.583150
727.017600
727.038500
727.881250
727.886750
727.891550
727.896250
727.903100
727.910900
727.989700
727.995850
727.999300
728.486800
728.491250
728.497100
728.502250
728.516550
731.356300
731.360450
731.639000
731.789450
731.794100
732.073450
732.087200
732.091950
732.106550
732.642450
732.859950
732.990250
732.994550
734.283200
734.570250
734.574900
734.595250
734.606150
735.638650
735.643100
735.655250
736.522100
736.535700
736.620350
736.627500
737.040450
737.047150
738.757800
738.763000
738.773450
738.785150
738.794150
738.861850
740.478700
740.856700
741.074250
741.197200
741.948000
742.762150
742.772300
742.784000
742.788400
742.984100
742.989750
743.256850
743.278700
743.290850
743.298950
743.442550
743.451250
743.458550
743.834050
743.838500
743.915700
744.204500
744.437950
744.442200
744.447000
744.449200
744.456000
744.459200
744.464000
744.471250
745.491450
745.816400
745.829050
745.835900
746.277600
746.817750
747.883900
748.042600
748.053650
748.057200
749.051700
749.056950
749.072650
749.110150
749.114300
749.484700
749.489050
749.495000
750.456200
750.528650
750.554600
750.560550
750.919750
750.961850
751.071500
751.085300
751.093700
751.182500
751.189700
751.457350
751.462500
751.478850
751.482050
751.502600
751.508450
751.576000
751.753450
751.776450
751.782550
751.828150
751.841000
751.974150
751.979100
752.068700
752.206550
752.221300
753.017650
753.028850
753.250350
753.266800
753.289650
753.863500
753.867100
753.886150
754.232700
754.264300
754.269450
754.273000
754.279750
754.340900
754.356900
754.694600
755.058950
755.947050
755.951950
755.997200
756.064150
756.067950
756.073500
756.080200
756.093750
756.408300
756.750350
756.755400
756.775500
757.574650
757.579050
757.585900
757.593350
757.604850
757.607700
757.780500
757.787350
758.228400
758.233050
758.387350
758.401750
758.678900
758.683750
758.825050
759.133100
759.140200
759.924350
760.071900
760.076650
760.115500
760.120550
760.132900
760.206900
760.210200
760.218100
760.261900
760.437250
760.749700
761.065000
761.159300
761.166050
761.179950
761.185700
761.215000
761.220350
761.233300
761.248200
761.252200
762.258100
762.298550
762.479100
762.494500
763.011950
763.218750
763.284750
763.549150
764.360500
764.368950
764.376950
764.384600
764.583700
764.605400
764.665100
764.919550
765.004750
765.010200
765.163850
765.174450
765.400450
765.787800
766.002550
766.150100
766.176950
766.189950
766.940150
766.959600
767.862550
767.865400
767.872550
767.876450
767.880400
767.885750
767.891000
767.894450
767.907300
767.913700
768.143050
768.239650
768.803550
768.813000
769.188600
769.375250
769.437050
769.764650
769.768200
769.773800
769.781450
769.785100
770.316100
770.350300
770.387650
770.395750
771.284750
771.617750
771.663150
771.788650
771.793550
771.796000
771.977300
771.982850
771.990900
772.004850
772.044350
772.050000
772.058100
772.168700
772.280500
772.937150
772.943700
773.074050
773.329700
773.334450
773.955050
773.973800
775.081300
776.041700
777.276800
777.322800
777.327850
778.357850
778.374750
778.955700
779.133250
779.151850
779.483600
779.488300
780.667300
780.671500
780.678250
780.688050
780.709000
780.975250
781.257450
782.324850
782.330100
782.352050
782.977000
782.982300
782.987800
782.991150
783.171450
783.539800
783.543000
783.550450
783.776550
783.786300
784.287050
784.449650
784.567400
784.929950
784.935950
785.000250
785.606050
785.624700
786.862350
786.878500
786.889600
786.895400
787.235550
787.253450
787.494200
787.521000
788.828300
788.840400
788.891100
788.908350
788.930300
788.935750
788.941700
788.943800
789.122050
789.126550
789.129000
789.136950
790.537650
793.198750
793.209200
793.213600
793.219700
793.676250
793.680650
793.684300
793.691350
793.695750
793.701350
793.892550
793.914150
793.951550
793.967550
795.086900
795.130550
795.148150
795.154000
795.321200
795.350300
795.357150
795.622000
795.627450
795.631850
795.636900
795.871200
795.876900
795.891900
796.654750
796.792050
796.836800
796.872500
796.884550
797.485050
797.611350
798.746900
798.754750
798.930850
798.940300
798.951250
798.960400
799.067350
799.074900
800.753800
800.757850
800.761950
800.767050
800.769900
800.772150
800.777050
800.779600
801.036750
801.052400
801.063150
801.485000
801.496350
801.500950
801.505850
801.621400
802.334050
802.344000
802.390200
803.114700
803.145350
803.151500
803.216200
803.221150
803.450050
803.525100
803.543650
803.561900
803.691850
803.705350
803.730400
803.759100
804.110200
804.115350
804.545100
804.850000
805.105450
805.110850
805.735400
805.823350
805.862900
806.210200
806.213850
806.223050
806.260200
806.264650
806.281150
807.600800
807.605550
807.936300
808.508900
809.143200
809.196550
809.215400
809.432700
809.878300
809.884650
810.217150
810.231400
810.236250
810.244000
810.250250
810.492550
811.205050
811.220250
811.226250
811.234250
811.333700
811.448000
811.803750
812.285050
812.290000
812.414900
812.430100
812.454550
812.983600
813.117250
813.141850
813.364950
813.369650
813.379800
813.392850
813.402150
813.412200
814.689850
814.974050
815.034900
815.357100
815.918750
815.922700
816.003950
816.144350
816.276300
816.296450
816.313750
816.444850
816.855750
816.859750
816.863750
816.893100
816.905850
816.916350
817.079450
817.127250
817.356150
817.501550
817.507050
817.796200
817.804800
817.876300
817.880500
817.885350
817.892050
817.898000
817.910400
817.921700
818.091100
818.309550
818.367500
818.810050
819.353900
819.357700
819.362450
819.795600
820.008200
820.509900
820.514800
820.520350
820.525750
820.860850
821.379350
822.071700
822.076700
822.220650
822.225900
822.229300
822.234350
822.238600
822.554450
822.613200
822.755250
822.767100
822.933350
822.942850
822.947000
822.951100
822.960850
822.963550
822.967350
822.972800
822.985900
823.572000
823.577400
823.583100
823.678550
824.124700
824.129850
824.135500
824.149900
824.839100
824.884300
824.888400
824.969550
824.981050
824.986450
824.989250
824.996800
825.235200
825.542500
825.607900
825.670550
825.950050
826.036600
826.041850
827.145550
827.149850
827.190500
827.433400
827.438100
827.633550
827.639700
828.040850
828.065150
828.071100
828.074250
828.365050
828.370750
828.376450
828.387700
828.401950
828.419500
828.545300
828.849200
828.920700
829.095900
829.143250
829.311700
829.514550
829.529400
829.552800
829.567900
829.767650
829.819300
830.441800
830.783000
830.786450
830.789150
830.801000
830.819400
830.849450
830.854800
830.858950
830.864300
831.023600
831.041650
831.098600
831.103550
831.109150
831.120200
831.141450
832.323600
832.337250
832.343050
832.347550
832.405300
832.410000
832.430650
832.496500
832.591100
832.596450
832.620350
832.652950
832.721800
832.728900
833.445500
833.481550
833.490200
833.565500
833.722200
833.734950
833.750000
833.755700
834.152900
834.460550
834.487050
834.685650
834.692450
834.821200
834.850750
834.859700
834.882950
835.680700
835.711450
835.777900
836.018500
836.320750
836.326450
836.769850
836.778000
836.791400
836.793800
836.796350
836.802800
837.206300
837.452900
837.901750
837.906700
838.032350
838.036450
838.253050
838.258200
838.286600
839.067900
839.090550
839.125000
839.976400
840.197550
840.202550
840.218650
840.739000
841.035850
841.069550
841.091050
841.108850
841.384400
841.388200
841.399500
841.722300
841.738800
842.740350
842.779650
842.816650
843.202000
843.631200
843.649050
843.851550
844.184950
844.214350
844.295900
844.511350
844.516350
844.826500
844.831050
844.836750
844.842400
845.033150
845.060500
845.087200
845.091950
845.109600
845.754750
845.760000
845.962750
846.412900
847.128000
847.130250
847.134200
847.139250
847.147700
847.259800
847.277500
847.353050
847.508750
847.978350
847.984850
848.003100
848.142900
848.179750
848.939400
848.953250
848.958500
848.972150
849.295450
849.302700
849.308950
849.514400
849.524850
849.693400
849.829500
851.040800
851.059200
851.095100
851.159950
851.174100
851.178550
851.183100
851.190100
851.194900
851.201050
851.664500
851.682850
851.767250
851.883000
852.083850
852.255150
852.270300
852.461750
852.466750
852.627350
852.685900
852.690950
852.693750
852.697350
853.454200
853.474950
853.939850
854.295250
854.363600
854.374800
854.517050
854.569900
854.597350
854.959450
854.977300
855.070250
855.861100
855.868800
855.908250
855.912050
855.917250
855.931650
855.950950
855.956800
856.056950
856.095000
856.707900
856.918100
856.930350
857.357200
857.456700
857.481250
857.486600
857.496350
857.504250
857.515100
857.522650
857.555200
857.871200
857.875650
857.896100
857.944200
857.959800
857.965300
857.967600
857.995350
858.391700
858.831850
858.836700
858.846100
859.529150
859.647450
859.656350
859.782450
859.792900
859.797600
859.801400
859.808150
859.810850
860.383150
860.403700
860.711750
860.715900
860.825600
861.351900
861.440850
861.444950
861.450050
861.461650
861.505400
861.517350
862.388650
862.597950
862.744350
862.749200
863.430350
863.460050
863.468400
863.474050
863.485750
863.512300
863.557950
863.815500
863.855500
863.876350
864.704650
864.711050
864.885250
865.139300
866.260600
866.270950
866.275950
866.701700
866.719950
866.842900
866.847250
866.860650
868.054300
868.070650
868.269350
868.468700
868.475200
868.479750
868.486850
868.493050
868.497000
868.771750
868.899400
868.911850
868.965450
868.993050
869.024000
869.606150
869.726550
869.752850
869.778800
870.035200
870.117900
870.575850
870.599600
870.602900
870.694400
870.699700
870.706050
870.708150
870.902200
870.957950
870.970950
870.981650
871.131400
871.137300
871.143600
871.150650
871.157050
871.168450
871.179600
871.186400
871.220600
871.345700
871.394800
871.404350
871.827850
871.841500
872.316950
873.542750
873.556600
873.618250
873.628650
874.780850
874.787800
874.793350
874.795750
875.439950
875.444600
875.455850
875.462050
875.481800
875.664550
875.670850
875.717400
875.724400
875.739200
875.872250
875.959450
875.972450
875.989350
876.301450
876.702250
876.896850
876.916600
876.934150
876.940600
876.949000
877.068200
877.252050
877.257600
877.459800
877.760400
877.775350
878.390000
878.524700
878.531200
879.007650
879.016200
879.026850
879.030050
879.034150
879.052950
879.573700
879.750250
879.755200
879.776700
879.795500
879.861700
879.888850
879.929100
879.946900
880.045750
880.055150
880.064500
880.069200
880.081350
880.088400
880.098400
880.147900
880.291950
880.320450
880.906600
881.020200
881.038550
881.040700
881.671500
881.721000
881.768850
881.882550
882.153900
882.290000
882.294100
882.322750
882.497700
882.504950
882.740100
882.743750
882.748950
882.758250
882.830400
882.834100
883.640450
883.647350
883.819050
884.551000
886.415000
886.424950
886.718650
886.729200
886.820650
886.825200
886.858300
887.396550
887.476850
887.827250
887.936850
888.507550
888.513550
888.577000
888.588250
888.591900
888.813350
888.836050
888.911300
888.915700
888.920450
888.925900
889.211500
889.233650
889.265300
889.294950
889.866900
889.868950
889.872850
889.877450
889.889300
890.394700
890.401750
890.697450
890.702400
890.706500
890.712500
890.717100
891.079450
891.084200
891.088600
891.098800
891.109050
891.790550
891.811100
892.188950
892.316500
892.380550
892.391100
892.777700
892.781950
894.041700
894.068250
894.450150
894.472250
894.491000
894.511400
894.531250
894.536200
894.542550
894.553450
894.878150
895.011200
895.016950
895.025700
895.038000
895.042650
895.044900
895.047950
895.059000
895.328300
895.333500
895.343900
895.418950
895.544150
895.553600
895.904800
896.309350
896.548200
896.552550
896.727600
896.880250
896.885650
896.890000
896.895600
896.897850
897.256100
898.190350
898.982800
898.991700
898.996650
899.002550
899.008600
899.020150
899.030950
899.283300
899.298450
899.971850
900.028800
900.144650
900.147400
900.152500
900.159950
900.163000
900.170450
900.189500
900.276800
900.328000
900.334050
900.336800
900.664000
900.687000
901.251050
901.333150
901.339550
901.613700
901.617800
901.626900
901.632000
901.692150
901.696850
901.852300
901.871000
901.877400
902.238050
902.710800
902.713250
902.719600
902.898200
902.916600
904.120900
904.142350
904.715650
904.717850
904.721850
904.936700
905.123100
905.132900
905.139400
905.232250
905.237900
905.249800
905.255150
905.771900
905.778300
905.809600
905.814900
906.132350
906.494750
906.498800
906.832050
906.874800
906.885000
907.354900
907.358850
907.365800
907.371150
907.426900
907.432900
907.733700
907.743950
907.747050
907.760500
907.788700
908.021550
908.261650
908.371150
908.545650
908.586050
908.705650
908.710950
908.717200
909.237100
909.978000
909.982750
909.988000
909.993000
909.998500
910.169850
910.217200
910.806350
910.810500
910.813000
910.815900
910.819500
910.825700
911.086500
911.094150
911.109200
911.145600
911.150500
911.356550
911.444250
911.748600
911.755950
911.761350
911.983900
912.331500
912.779950
913.252900
913.257200
913.262800
913.276200
913.374350
913.506100
913.566250
913.571950
913.936700
914.117650
914.127300
914.134150
914.509200
915.443850
915.448900
915.455150
915.760000
915.769750
916.017450
916.043550
916.719300
916.980550
917.026300
917.528900
917.545000
917.556500
917.594000
917.849800
917.858100
917.872450
917.876550
917.948400
917.952350
917.961800
917.975250
917.980250
917.985900
918.219750
918.236750
918.249600
919.180650
919.184500
919.194650
919.200150
919.204550
919.209000
919.214600
919.492250
919.633500
919.877750
919.884250
919.900400
919.905350
919.920400
919.960900
919.967150
920.109400
920.746600
920.754400
920.763250
920.875300
920.974950
921.017900
921.856900
921.865200
922.206550
922.224400
922.244250
922.277350
922.311950
922.316850
922.659350
922.682550
922.693750
923.279300
924.187900
924.444650
924.808800
924.813650
925.453950
925.596000
925.602350
925.615750
925.891550
925.899800
926.570100
926.574550
926.582850
926.838250
926.923100
926.927550
926.938000
927.043850
927.058350
928.331650
928.624550
928.634900
928.639250
928.666900
928.741650
928.751350
928.758000
928.769050
929.069650
929.268500
929.557350
929.567250
930.682050
930.696850
930.740050
930.750150
930.757900
930.768500
930.782250
931.019350
931.043900
931.075450
931.181900
931.187300
931.199650
931.343950
931.358850
931.543700
931.547100
931.552900
931.960200
931.962500
931.979350
932.008700
932.321900
932.334750
932.365200
932.693650
932.703700
933.537150
933.543800
933.582900
933.834050
933.841100
933.852500
933.858550
933.861150
933.867700
934.038500
934.235350
934.245850
934.250050
934.254550
934.264200
934.266500
934.273650
934.282450
935.139450
935.156350
935.187350
935.611500
935.617350
935.737500
935.741650
935.747000
935.761800
935.847150
936.027850
936.307100
936.516500
936.530700
936.976400
937.067900
937.078100
937.335300
937.339100
938.164900
938.169050
938.174900
938.296050
938.373400
938.938750
938.943300
939.794300
939.803000
939.812800
939.817800
939.823050
940.244200
940.322650
940.327200
940.339700
940.350450
940.377500
940.592350
940.875350
941.039450
941.057650
941.749400
941.960100
942.224650
942.236500
942.252900
942.260050
942.268450
942.277800
942.298100
942.305900
942.666000
942.820100
943.182550
943.187600
943.577700
943.657950
943.663150
943.674300
943.772750
944.263000
944.267350
944.273100
944.276150
944.280800
944.357050
944.363400
944.369750
944.380050
944.829100
944.834700
944.869900
944.873850
944.880700
945.188950
946.527050
946.531850
946.589550
947.068750
947.110800
947.961850
947.965850
947.971250
947.976900
947.981800
947.996900
948.190900
948.240000
948.558250
948.587950
949.899000
949.912700
949.924150
949.933100
949.946050
949.952100
949.962150
950.284300
950.295350
950.355500
950.372900
950.432550
950.437300
950.758750
950.798100
951.002050
951.006650
951.009400
951.012200
951.694600
951.872550
951.915100
952.060750
952.065650
952.077550
952.607150
952.912800
953.054650
953.073300
953.529550
953.534450
954.161600
954.186050
954.250750
954.411100
954.420600
954.606150
954.608350
954.621600
954.726900
954.731600
954.744900
954.937600
954.953200
954.975850
955.306550
955.317850
955.436850
955.706100
955.719900
956.073350
956.587750
956.593200
956.608550
956.803900
956.834600
956.841500
957.478150
957.486100
957.652350
957.779800
957.784900
957.845000
957.848500
958.091750
958.122800
958.131750
958.369750
958.967600
959.284300
959.518350
960.347000
960.689250
960.695100
960.732800
960.740400
960.748950
960.982750
960.995600
961.002800
961.007750
961.025450
961.037300
961.067350
961.085000
961.263450
961.402500
961.516800
961.519400
961.525350
961.538550
962.101100
962.512650
962.624600
963.955950
964.005550
964.256900
964.260650
964.267400
964.272650
964.306900
964.373350
964.383050
964.389000
965.040250
965.055850
965.061900
965.309050
965.775500
965.783250
965.804950
965.837400
966.254150
966.399500
967.341450
967.345600
967.352400
967.354750
967.364050
967.367850
967.482950
967.488150
967.500350
967.508350
968.103700
968.109300
968.222900
968.229900
968.236250
968.238350
968.254350
968.371250
968.396250
968.754950
968.905900
968.910750
968.922200
968.932500
969.114100
969.117650
969.167300
969.331950
969.714600
970.307250
970.616800
970.634250
970.950600
972.866150
972.883950
972.987900
973.004650
973.033100
973.958750
973.979100
974.021450
974.327200
974.341500
974.351400
975.044050
975.048200
975.066000
975.108700
975.114250
975.119900
975.155000
975.157350
975.312450
975.828200
976.760400
976.765000
976.773000
976.782200
976.796250
976.811600
977.351300
977.356850
977.605300
977.691900
977.718450
978.296150
978.511450
978.578750
978.849100
978.852900
978.856700
978.866950
978.903800
979.163600
979.625450
979.739600
979.856900
979.864150
980.012550
980.017250
980.489550
980.493950
980.512000
980.523950
980.536200
980.547250
980.850400
980.854400
981.043100
981.073900
981.131600
981.462050
981.470900
981.841550
981.846200
981.854350
982.342800
982.354450
982.360300
982.580550
982.593000
982.795600
982.817050
982.829150
982.858000
982.897650
982.909300
983.586750
983.590550
983.600800
983.612350
984.554300
985.966600
986.154450
986.164450
986.438350
986.523500
987.238850
987.462450
987.467100
988.012800
988.074500
988.079900
988.086700
988.297050
988.301600
988.311150
988.644500
988.652300
988.679850
988.685250
989.147350
989.240150
989.256400
989.265550
989.319900
989.509550
989.523600
989.622850
990.699500
990.706100
990.914000
990.935000
990.949350
990.972450
991.995150
992.000100
992.129800
992.136650
992.191200
992.315400
992.362200
992.589650
992.795600
992.895500
993.186100
993.218550
993.242500
993.985750
994.132500
994.320500
994.343450
994.367150
994.375350
994.398350
994.851350
995.167650
995.172700
995.217450
995.221150
995.227150
995.232450
995.236950
995.276350
995.395350
995.410650
997.508500
998.005950
998.049650
998.060300
998.066000
998.072400
999.591700
1000.803550
1000.809850
1000.854100
1000.857550
1002.056550
1002.060550
1002.086750
1002.125400
1002.272150
1002.471800
1002.690900
1002.696400
1003.334400
1003.350850
1003.354000
1004.106650
1004.119250
1004.122750
1004.130300
1004.259800
1004.278750
1004.513800
1004.536150
1004.554450
1005.043900
1005.047900
1005.083050
1005.086850
1005.091800
1005.117850
1006.160550
1006.172800
1006.228800
1006.528100
1007.522450
1007.767500
1007.849300
1007.905900
1008.524650
1008.530800
1009.744600
1009.754700
1009.759050
1009.762450
1009.774500
1009.821450
1009.829200
1010.019850
1011.068650
1012.212150
1013.267300
1013.272850
1013.781200
1013.785400
1013.801950
1014.735750
1014.748450
1015.308500
1015.409800
1015.414750
1015.693150
1015.753400
1015.779200
1016.048500
1016.224400
1016.470050
1016.473250
1016.475350
1016.478600
1016.485950
1016.490550
1016.504700
1016.778750
1016.790850
1017.002850
1017.190250
1017.417100
1017.422200
1017.775150
1017.895200
1018.006850
1018.011550
1018.022400
1018.066500
1018.079150
1018.154950
1018.589700
1018.693250
1019.074150
1019.084900
1019.534750
1020.059450
1020.064650
1020.071550
1020.354400
1020.371250
1020.374600
1020.439450
1020.499500
1020.511650
1020.585100
1020.635750
1020.681600
1020.896850
1020.901500
1020.916050
1021.360200
1022.152550
1022.157350
1022.450100
1022.456550
1022.475050
1022.522800
1022.528100
1022.762050
1022.766050
1022.775650
1022.786500
1022.791900
1022.800450
1022.805050
1022.815850
1022.825450
1022.837350
1022.960200
1022.975500
1023.024750
1023.074950
1023.306450
1023.313700
1023.321100
1023.327800
1023.330000
1023.344850
1023.355700
1025.503800
1025.508000
1025.521450
1026.850150
1026.855300
1026.971550
1027.045300
1027.051500
1027.056750
1027.079100
1027.432950
1028.234550
1028.287450
1028.291400
1028.294850
1028.300550
1028.716950
1028.721800
1029.189600
1029.389050
1029.506300
1029.541600
1029.737150
1029.763650
1029.947050
1029.955550
1030.041300
1030.492000
1030.497400
1030.500400
1030.581500
1030.586700
1030.973400
1030.996300
