0.332350
0.918950
3.547200
5.236600
5.247000
6.818400
7.574000
8.315000
10.313500
11.648250
13.090950
13.182150
14.234250
14.379650
14.455500
15.687300
17.611500
17.632700
19.284750
19.542550
20.187550
20.223050
21.246200
21.744550
21.771550
22.458200
23.763050
23.767800
23.773400
23.784750
23.912300
24.128300
24.757550
25.277100
26.016400
26.050550
26.058550
26.068350
26.399800
26.897850
27.531650
27.543000
28.250700
28.313850
28.369300
29.384800
30.396350
31.904500
32.851800
34.104100
34.128900
34.244400
34.422750
35.370250
36.060650
38.574200
38.654300
38.689750
39.057950
39.071550
39.936300
41.422750
42.087150
43.134250
44.242250
44.264700
44.271150
45.052250
47.681550
47.729650
47.914550
48.513700
49.067600
49.974600
50.267450
52.829100
53.288750
54.164250
54.927350
55.981600
55.992400
56.660250
56.834100
57.110000
58.309900
58.691550
60.303500
62.047550
62.100350
62.307500
63.910150
64.182150
65.540850
66.548150
66.559600
68.591250
68.630850
69.623800
69.638950
69.837100
70.069600
80.112350
87.962850
87.983300
88.855700
90.643500
91.004550
95.261300
95.460150
95.620650
95.973450
96.159600
96.172000
97.274250
98.387250
98.515050
99.393850
100.055400
100.675600
102.600300
102.672650
105.343250
107.713550
109.086950
109.603800
109.610800
110.522750
112.953700
112.958450
114.364550
116.248000
117.811950
118.186300
118.293900
120.495700
122.330550
122.579050
122.657300
122.660600
123.307100
124.931900
124.958600
126.485750
129.212400
130.887800
134.254000
136.667050
138.504000
140.600000
141.677950
142.431650
142.674750
142.907550
143.593800
144.242250
144.879850
146.359050
146.422050
150.624950
152.230050
153.249800
153.801800
153.916550
156.252250
157.232400
157.323850
157.447400
157.458300
159.187650
161.093800
161.123850
162.393600
162.862950
163.502500
163.799550
165.545400
165.795650
166.154400
167.526350
169.551250
170.461700
171.397750
174.341550
175.935750
176.396350
179.601750
179.606650
179.624750
179.658100
180.663200
180.670800
180.677750
180.864100
181.205500
181.534950
182.211450
184.353750
184.513150
184.520150
187.616650
187.717950
188.391250
194.830900
196.242050
198.587650
198.595050
201.055750
203.760150
205.677000
205.704600
221.258450
225.873550
227.012600
228.643600
228.667000
228.706600
229.789650
229.795350
229.816600
230.024650
232.250250
232.257300
233.690800
237.210250
237.217050
238.032600
242.134900
242.137300
242.140250
242.158400
242.176650
246.399850
249.568100
251.556650
253.899850
255.534150
255.536750
256.203900
258.795450
259.210650
262.159550
267.041150
267.775400
271.161150
271.188300
271.832850
273.005850
275.719700
277.493600
280.755600
281.194350
281.313450
284.879600
284.885000
289.784500
289.941400
290.038100
290.297850
292.178900
297.081900
297.087900
297.476700
299.651350
299.794950
299.826300
300.191250
302.910050
302.912800
305.658700
305.667500
305.687650
307.613750
315.544300
315.549750
318.619100
319.435400
323.538050
324.478450
324.500800
324.613400
326.172750
326.206400
328.138850
329.703700
331.918750
335.668000
335.670550
335.673600
339.812000
339.816650
339.822750
339.838350
343.355700
346.612650
349.061300
356.385550
356.389300
359.966150
359.968750
369.418150
373.162600
375.215150
377.214500
378.740050
380.734250
381.458700
381.621450
381.628050
382.166950
386.370450
388.768200
389.083500
389.088950
391.139600
391.744100
399.479250
404.616250
404.725100
404.731150
406.611650
409.160500
410.222450
412.876100
418.339350
423.722450
426.893050
427.824850
429.953500
430.204350
430.214050
430.500700
437.123100
439.334650
451.809300
451.814550
453.034150
456.818300
463.810700
464.872550
469.146600
469.149400
472.703050
476.049600
480.026300
482.562000
493.241850
494.238250
501.829050
504.365600
504.518500
505.257650
506.518400
506.521100
506.524600
520.041950
520.047050
520.070300
520.788650
522.089650
522.109000
522.111750
527.017600
527.190500
527.196900
527.742200
535.174950
548.390450
548.691800
550.003400
555.503700
558.048600
560.203400
561.155150
564.001150
565.554750
567.362750
567.454800
569.250500
571.260400
572.862950
574.138650
582.224750
599.953950
608.982750
609.456600
615.310000
628.649450
631.007600
632.291700
640.408500
643.508650
647.050300
648.576150
649.507300
649.512250
651.209400
655.263800
655.665600
655.671250
659.218300
669.079100
671.813700
675.712100
676.271350
679.049200
681.468650
684.547050
684.554100
685.599500
686.426850
691.493900
691.496450
691.500050
701.330700
701.336050
714.215650
714.220000
714.598750
714.605650
715.942750
715.956100
718.235700
743.605350
743.611700
747.050200
751.386250
752.966400
752.968850
757.163850
757.226850
759.858250
781.240200
799.735150
799.737600
813.119650
813.131400
814.749450
826.841550
835.512150
835.514650
835.517950
835.527950
837.092600
839.554650
849.043550
849.715000
852.916350
853.628750
856.343050
863.587500
870.544900
876.404800
879.636150
883.307750
891.674550
902.889900
902.894900
907.874000
908.488800
917.459750
921.352400
928.076650
928.079200
930.888150
947.275700
961.402600
964.693500
977.374400
988.147750
993.816150
999.978650
1002.879900
1003.639100
1016.479300
1017.738250
