0.078850
0.337300
0.749400
1.253300
2.290000
2.928950
3.331850
3.528850
3.647900
4.401400
4.505200
5.127950
5.147250
7.253550
9.632900
10.194800
10.261300
10.270450
10.547950
10.834800
12.149300
12.901950
14.078250
14.723100
17.888550
19.200800
19.470250
20.770850
20.800200
21.052200
21.085000
22.138950
23.079750
23.336950
23.860350
24.141550
25.256150
25.991850
26.225900
27.204300
28.676850
30.014250
30.042750
31.130200
31.263850
32.872400
33.941650
34.497700
37.008800
37.585800
39.097100
39.422800
40.012700
41.376750
41.548250
43.207450
44.966850
45.982150
48.275100
48.616250
51.918700
52.387800
52.650850
53.455300
54.137450
54.860200
55.318950
56.905050
57.437700
57.674450
58.629700
60.057650
60.539100
61.075350
61.630600
62.004450
62.197150
62.314100
62.807000
63.446550
63.801950
64.114400
65.643750
65.931650
66.747250
67.039100
68.285850
69.126550
90.438500
91.580050
92.004700
92.923150
93.340200
97.631750
99.103550
99.109550
99.115650
99.504300
100.413100
101.421000
101.953550
102.399500
103.543800
104.851900
105.543450
106.401350
107.617750
108.114650
108.794250
111.377500
111.418300
111.422700
112.331550
113.157250
113.636050
113.833400
115.814650
116.427400
118.378400
118.380900
118.516000
118.961550
121.864850
122.827200
123.526350
124.674200
124.688500
124.794100
125.764250
126.579950
129.413500
130.854800
130.873750
131.271750
132.104850
132.843700
133.178850
134.966700
136.276050
136.582750
138.280750
138.286550
139.070750
139.824050
140.679700
141.042900
141.446100
141.562500
142.520000
142.526000
142.606900
142.794150
142.984950
145.054600
145.130400
145.169300
145.519950
146.053300
146.059400
147.168850
148.360550
148.366850
148.372750
149.166850
149.564400
150.825100
151.107900
152.435850
153.819400
153.925750
154.758050
155.486750
155.756800
155.865100
157.186050
158.316000
158.998650
159.791350
160.979800
161.767250
162.579950
162.984100
163.410650
163.691150
163.744000
164.401800
164.692300
164.793900
165.243150
165.266400
166.273750
166.394300
166.579600
168.715200
169.524500
170.412350
170.657650
171.135200
171.274800
172.433500
174.024100
174.097000
174.398850
174.480400
175.021200
175.066000
175.145150
175.422000
176.388400
176.596600
177.443600
177.449300
177.756250
177.761600
178.120100
178.310250
178.317800
178.480850
178.486700
178.626400
180.623050
181.763250
181.778500
182.157350
182.577450
183.091800
183.694450
183.859050
183.926400
184.386250
184.649650
186.574600
187.182000
187.190500
187.921750
187.926550
188.813200
188.817700
188.822600
188.904900
189.080450
189.681200
189.925400
190.072300
190.918750
190.936550
190.997100
191.002950
192.676000
192.688000
192.697000
193.081300
193.152200
194.079100
194.468150
194.473300
194.486700
194.491450
194.498850
194.870550
195.128450
195.377950
195.403600
195.509500
195.642700
196.154650
196.957200
197.463350
197.469750
197.488550
197.962550
198.702950
198.901100
199.031200
200.347700
200.412800
200.991100
201.139450
202.309800
202.579200
202.584250
202.590850
204.033250
204.183100
205.423050
206.080150
206.102000
207.148800
207.447200
207.567200
208.307800
209.360500
209.956100
210.124550
210.353050
210.359250
210.831800
210.908700
211.178700
211.483000
211.804500
211.984000
211.988900
212.409400
216.974800
217.018500
217.263000
219.244900
219.479850
219.504650
219.853850
219.866050
220.624750
221.237600
221.326900
221.634050
221.639300
222.927500
224.237300
224.550650
224.622000
224.681350
225.932550
226.222250
226.527900
228.558600
228.924250
228.935200
229.871000
230.155300
232.027250
232.080200
232.091750
232.105700
232.139450
232.485600
232.706050
232.769000
232.842100
233.188050
233.866300
234.428400
234.614900
234.666750
236.950600
236.957500
236.959750
236.989150
237.103550
239.001650
239.630550
241.034850
241.258650
241.388950
241.393250
241.590150
241.867300
242.397200
242.547450
243.533050
244.015450
244.847600
245.272550
245.805200
246.038200
246.043050
246.157300
246.192750
246.214300
246.223450
247.474850
247.657750
247.663400
247.952150
248.078350
248.083300
248.695000
248.709350
249.315100
249.824600
250.533550
250.536050
250.538700
250.562700
250.866600
250.901450
251.367600
252.677950
252.689900
252.845900
253.037000
253.845900
254.319450
254.451250
254.618950
254.684900
254.689750
254.790900
254.801650
255.175700
255.527250
255.653950
255.719350
255.878500
257.462550
258.513750
259.127950
259.138450
259.460300
260.540100
261.152750
261.157350
261.393350
261.775750
262.500250
262.505100
262.574300
262.670300
263.507050
264.042900
264.098800
264.377150
264.382950
264.400350
264.541150
264.544800
264.561050
264.738600
264.842250
264.847350
264.860750
265.369450
265.765150
265.770100
265.786500
266.226000
266.443100
266.537050
266.984350
267.334450
267.420950
268.158250
268.583100
269.034100
269.077550
269.457650
269.474650
269.637400
269.693600
269.880900
270.552650
270.594300
270.799050
271.327450
271.332550
271.666450
271.715800
272.266450
272.876550
274.473200
274.483450
274.778300
275.305050
275.352200
276.032800
276.445400
277.539500
277.544150
277.551900
277.663550
277.775250
278.035600
278.426750
280.109650
280.390000
281.348150
281.567350
282.366650
282.371850
282.585650
283.165100
283.170450
283.490850
283.687950
284.380700
284.440050
284.806850
285.448850
285.453900
285.522400
285.641200
285.963450
286.688750
286.852400
286.858750
286.932000
287.152200
287.724900
288.603000
288.608550
288.644200
288.712900
288.751950
289.503300
291.261800
292.056200
292.207500
292.520650
293.718450
293.754350
293.769000
293.834100
293.869350
293.875350
294.555600
294.760350
294.963950
295.003700
295.147550
295.332650
295.337600
295.448250
295.453250
295.463700
295.469200
296.389200
296.393850
296.527850
296.650850
297.474100
297.480900
297.548550
297.555000
297.709850
298.622100
299.118100
299.123100
299.208300
299.671500
300.033350
300.265250
300.276800
301.138700
301.489150
301.961900
302.501600
302.636100
302.651150
302.655750
303.441050
303.596700
303.786700
304.483150
304.488350
304.503500
304.739250
306.060300
306.065450
308.064150
308.239150
308.244000
309.317450
310.517700
310.524600
311.018350
311.025450
311.118150
311.398150
312.043000
312.818400
312.861350
313.411650
313.912650
314.126400
314.783700
314.788050
314.797550
314.804750
315.187900
315.228050
315.262900
315.314500
315.319500
315.428600
315.501900
315.842950
316.449150
316.724550
317.579000
317.583850
317.595900
317.602500
318.286350
319.308500
319.313250
320.013000
320.026200
320.136500
321.703450
321.768850
323.354200
323.823800
323.829650
324.317650
324.375750
324.381900
324.574350
325.534850
326.028850
326.280600
326.720900
326.950450
326.954600
326.970300
327.067600
327.959400
327.966350
328.125000
328.607000
328.613850
328.629550
328.695450
328.935850
329.163050
329.387850
330.579050
331.405900
331.497350
331.502150
331.717900
332.368450
332.459850
334.356900
334.361950
335.016350
335.065200
335.275850
335.406600
336.133850
336.327550
336.333500
336.445400
336.553000
337.899450
338.422800
338.427800
338.563550
339.304850
340.687100
340.693300
340.965950
341.430500
341.729650
342.529100
343.193550
343.455650
343.712450
343.995900
344.021300
344.187800
344.298350
344.743250
344.748100
344.819000
345.510150
345.951900
346.028350
346.214750
346.268500
346.543950
347.227600
347.288000
347.645200
347.656500
347.858750
348.470050
349.236500
349.242350
349.253000
349.360250
349.508500
350.731200
350.785100
351.169550
351.970100
352.659100
352.678200
353.379750
353.386300
354.324050
354.329550
354.400250
354.411350
354.989750
355.401100
356.290550
357.245900
357.366500
357.439000
357.442250
357.467800
357.540150
357.642100
358.008450
358.012850
358.020300
358.252350
358.619100
358.641650
359.178400
359.603650
361.013850
361.593200
361.945950
362.843450
363.312200
363.378250
363.894500
365.128750
365.301950
365.546100
366.063600
366.242550
366.723650
367.266600
367.272900
367.814050
368.380650
369.134850
369.140150
369.190150
370.286950
370.749200
370.870850
371.039600
371.355550
371.360750
371.554800
371.635050
372.602550
372.677500
373.032950
373.634850
374.004400
374.622550
374.870800
374.880950
374.893750
375.062550
375.950200
376.245100
377.567750
378.547550
378.557300
378.594100
378.681000
379.257250
379.431700
379.578150
379.584050
380.551000
381.868900
381.987900
382.000400
382.006100
382.271600
382.797700
383.022600
383.028200
383.344300
383.436800
383.827050
384.193700
384.409800
384.727450
384.732450
384.919500
384.925500
385.423050
387.053200
387.615600
387.890250
388.641300
388.689900
388.849600
388.855800
389.094150
389.442600
390.410600
390.831250
390.836950
391.056350
391.499600
391.504400
391.527600
391.543600
391.737500
391.991650
392.494200
392.501350
392.882550
393.156450
393.189050
393.658400
393.713650
393.728650
393.942600
394.356150
394.362500
394.619450
395.186050
396.483550
396.816900
396.820000
396.834050
396.922550
398.466050
398.680150
399.169150
399.500300
399.532550
399.766550
400.118800
400.463950
400.508000
401.294650
401.675750
401.701000
402.487100
402.839950
403.734850
403.772050
404.367400
404.628050
405.011150
405.017850
405.745250
405.972150
406.366000
406.371750
406.761150
407.541500
408.602900
408.607950
408.613300
408.711200
408.800700
408.817800
409.296500
409.314750
409.343150
409.437300
409.487450
409.614550
410.422050
411.012250
411.905200
412.039000
412.704850
412.844500
413.066700
413.223250
413.229500
413.733450
414.303600
414.309750
414.633350
414.749600
415.342950
415.425650
415.618500
416.780250
416.785350
416.990900
417.023850
417.046050
417.415250
417.860350
419.330300
419.541600
419.914800
419.920750
420.139150
420.314700
420.393150
420.476700
420.743600
420.852850
420.857850
420.956250
421.961950
422.544850
422.550300
422.571750
422.579550
422.773200
423.213100
423.225450
423.338050
423.442350
423.472300
423.798050
423.958200
424.293450
424.483500
424.661400
424.865800
425.143350
425.781000
426.110200
427.511200
427.654150
427.792350
427.903350
427.959000
428.305600
428.752650
429.036750
429.041350
429.371750
429.384900
429.426700
429.596550
430.232950
430.765300
431.429950
431.536050
431.868200
432.105750
432.132550
432.137450
432.326600
433.174650
433.401300
434.109950
434.363850
434.427300
434.432100
434.442800
434.515750
434.541950
434.585700
435.345850
436.004100
436.065000
436.432350
436.467300
436.855350
436.866250
437.120650
437.658300
437.908050
438.119650
438.148800
438.674800
439.298450
439.668450
439.690000
439.728200
440.346700
440.361300
441.110200
441.383200
442.234350
442.338950
442.486400
442.508150
442.522250
442.623700
443.109300
443.175650
443.440300
443.700200
443.785150
444.252950
444.340200
444.344650
444.350950
444.995750
445.419650
445.627250
446.091500
446.699000
447.234550
447.701750
447.718300
448.025450
448.354700
449.102700
449.108800
449.439200
449.853550
450.487000
451.241850
451.246650
451.305150
451.910400
452.616500
452.826200
452.990550
453.974150
455.643750
455.993900
456.037500
456.598800
456.805750
457.104850
458.332600
458.672100
458.991100
459.033850
459.040900
459.052200
461.429300
461.435700
461.536900
461.541850
461.548550
461.995750
462.754650
463.695350
463.942450
464.284250
464.289350
464.294500
464.429900
464.533850
464.625600
465.038700
465.560450
466.975100
466.993700
467.233650
467.694550
467.706000
467.936000
468.487550
468.508800
468.719750
468.728800
469.889050
470.234000
470.563800
470.569900
471.135700
471.456800
471.966300
471.985100
472.117300
472.159450
472.399350
472.564850
473.212000
473.389250
473.635850
473.877900
474.158150
474.177200
474.184650
474.263850
474.312000
475.229800
475.805000
475.810350
475.816200
476.007500
476.039900
476.375500
476.843050
477.059850
477.178900
477.193100
477.429400
477.454750
477.556850
477.715800
478.307600
478.960800
479.351600
479.518700
481.049300
481.532100
481.747800
482.025150
482.594550
482.709050
482.742800
482.884400
483.353500
483.807150
484.118100
484.395750
484.952300
485.067500
486.490650
486.494900
486.506350
487.102300
487.583950
487.865150
488.088300
488.155750
488.161600
488.167550
488.171150
488.176300
488.683500
488.689550
489.181250
489.320000
489.753350
489.760800
490.495100
490.765600
490.883950
491.048900
491.813650
492.063350
492.355850
492.361800
492.409450
492.529800
492.617700
493.090450
493.650850
493.904900
493.911750
494.209950
494.371850
494.723050
494.939100
494.943950
494.950400
495.411300
496.423800
496.846500
496.906700
497.027450
497.260900
497.505200
497.519850
498.047750
498.393850
499.039900
499.206400
499.739450
500.101550
500.106200
500.655200
500.998500
501.327150
502.399150
502.423600
502.449500
502.927400
503.454850
504.090050
504.232850
504.465450
505.000500
505.005650
505.156400
505.184350
505.415800
505.420500
505.425400
505.677050
505.692450
505.869400
505.904050
506.563750
506.763600
506.864100
507.228300
508.243850
508.448550
508.629700
508.675450
508.907600
509.342700
510.030950
510.035450
510.277300
510.580200
510.582300
510.909000
511.059850
511.462100
511.506500
512.005250
512.010400
512.087000
512.321450
512.831150
512.946600
513.126750
513.548800
513.628800
514.585050
514.587750
514.593600
514.721000
515.440050
515.462450
515.496850
515.909650
515.938500
516.486750
516.607150
516.612550
516.617650
516.751950
517.345550
517.350100
519.393000
519.398750
519.424450
520.015400
520.342150
520.347900
520.516550
520.796050
521.001350
521.336450
521.342600
521.415800
521.650700
522.002900
522.187050
523.560850
523.580800
523.583200
523.585600
523.593450
523.925250
524.366150
524.488600
524.509400
524.777600
524.782900
524.876850
525.193450
525.213550
525.730150
525.868700
525.874150
526.132800
526.857250
526.902950
527.108550
527.288300
527.377050
527.504100
528.337550
528.564150
528.823050
529.003100
529.931300
530.332550
530.406400
530.459500
530.876750
530.882100
531.135100
531.551100
531.936200
531.973900
532.332900
532.387800
533.161050
533.199150
533.537300
533.589600
534.194500
534.475250
534.502350
534.506800
535.808950
536.015150
536.435850
536.527400
536.548200
536.661550
536.667400
536.964150
537.080600
537.086400
537.089550
537.255400
537.584750
537.667750
537.932250
538.043250
538.449650
538.456150
538.577200
538.643650
538.903950
538.911750
538.917300
539.156950
539.211250
540.280250
540.702050
540.707300
540.713650
540.963150
541.067150
541.284450
542.423800
542.548200
542.952950
543.344150
543.349700
543.463750
543.820350
544.150500
544.227800
544.364200
544.769350
545.328400
545.836550
547.272750
547.870050
548.104450
548.815850
549.079500
549.205300
549.455050
549.832650
549.837900
550.028500
550.230150
550.630050
550.789800
550.809550
551.011700
551.017800
551.344400
552.202850
552.392600
552.904200
553.041600
553.051800
553.156150
553.176600
553.275950
553.672450
553.933350
554.018650
554.186850
555.180950
555.241600
555.396100
555.923300
556.203900
556.390150
556.688300
556.987550
557.352350
557.443750
557.455350
557.468650
557.515750
558.048350
558.053250
558.290000
558.370000
558.542650
558.568050
559.009000
560.030850
560.126000
560.846250
561.241200
561.246700
561.636450
561.774900
562.307650
562.645350
562.954350
563.145300
563.488950
563.567500
563.576500
563.582750
563.896200
564.237350
564.461700
564.542250
564.661200
564.877200
564.885700
565.197150
565.301000
565.350000
565.945800
566.386150
566.920550
567.018950
567.169750
567.295450
567.809150
568.285100
568.826400
569.246550
569.325600
569.338200
569.816650
569.987450
570.449500
570.534500
570.541900
570.851200
571.146700
571.153300
571.193250
571.223600
572.170050
573.207450
573.211850
573.300900
573.369850
574.692550
574.697000
575.884900
576.802950
577.430750
577.478550
577.889200
577.895800
578.177300
578.474600
578.480900
578.704950
580.067400
580.545850
580.698300
580.971050
581.270050
581.324450
581.742150
581.850700
581.867700
581.878100
582.127950
582.197200
582.203150
582.664150
583.709850
583.718700
583.755500
609.456600
611.420900
612.678600
613.931350
615.522050
615.719250
615.958300
616.295800
616.443600
617.079250
617.191600
617.196650
617.213000
618.043000
618.274000
618.418100
618.866850
618.968250
619.059900
619.133700
619.294650
619.300350
619.542950
619.820900
620.022950
622.774150
622.779650
623.816050
623.969000
623.975700
624.401250
624.655300
624.715250
624.767100
625.051600
625.263600
625.849950
626.255250
626.589650
626.729300
626.747100
626.750600
626.756650
627.008700
627.804650
627.833900
627.912250
628.525850
628.628750
629.149950
629.856400
630.144900
630.320500
631.404150
631.410150
631.652500
631.682700
631.836850
631.960550
631.972400
632.298700
632.424600
632.816200
632.882500
633.169300
633.858700
636.230100
636.336850
636.631300
636.864450
636.969950
637.838300
637.957950
638.002450
638.007900
638.170000
638.763850
638.796050
639.077000
639.082300
639.090600
639.112500
639.248450
639.260850
640.461250
640.473250
640.591800
641.336800
641.342600
641.350350
641.956000
641.963800
642.249350
642.430100
642.864200
642.869200
643.249400
643.269900
643.383250
643.636650
644.029050
644.043900
644.231200
644.237500
644.415850
644.755750
645.003550
645.043600
645.175750
645.296750
645.735550
646.044050
646.048750
648.304100
650.064600
650.491400
650.527800
650.541100
650.697350
650.750050
650.965150
650.970750
651.161350
651.350600
651.511050
651.642200
651.752600
652.371400
652.432700
652.990750
653.093800
653.594300
653.934700
653.942050
654.103300
654.211950
654.444400
654.784650
655.010150
655.684350
655.735550
656.279750
656.381250
656.443750
656.544450
656.943600
656.951650
656.956400
656.962750
656.997100
657.136600
657.264900
657.888050
657.961350
657.987950
658.103150
658.147250
658.502300
659.042000
659.686150
659.880550
660.430050
661.530700
662.764850
662.769550
663.570300
665.130200
665.176100
665.712900
665.900200
666.048700
666.227300
666.748950
666.767600
667.227800
667.232250
667.422850
667.752350
668.079000
668.261900
668.408250
669.056550
669.060900
669.088950
669.367950
669.421250
669.752850
669.819200
670.047400
671.313500
671.963100
672.161200
672.167000
672.220550
672.303450
672.533300
672.710150
672.900000
673.417450
675.525350
677.153450
677.195450
678.470300
679.793900
679.954050
680.733950
681.501600
682.048050
682.236500
682.697050
682.701600
682.708500
682.799300
683.191550
683.207700
683.299200
683.420500
683.686500
683.903300
684.034350
684.052550
684.171450
684.639350
684.651550
684.767700
685.511300
686.132600
686.219400
686.481800
686.487800
686.507250
686.722850
686.771800
686.823050
686.992750
687.007850
687.030150
687.115900
687.534550
687.747050
687.811200
688.111700
688.418900
688.759600
689.101550
689.123300
689.128950
690.367400
695.088350
695.255400
695.260950
695.711550
696.438200
696.458850
696.766350
696.772100
696.998650
697.174200
697.178100
697.289050
697.350650
697.782350
697.788450
698.042050
698.115950
698.119650
699.012000
699.239350
699.647250
700.035700
700.073900
700.615650
700.833350
700.835900
700.880350
701.165350
701.573250
701.579350
701.684100
701.917300
701.923650
702.155650
702.647300
703.103200
703.110950
703.295900
703.423250
704.129700
704.258850
704.451400
705.074550
705.601500
706.402800
706.407450
708.004150
708.010700
708.712300
708.716500
708.727950
710.566250
710.571450
710.576900
710.582400
710.588200
711.606000
711.820300
711.889150
711.926900
712.007450
712.176650
712.375600
713.221850
713.443600
713.672550
713.957500
713.969000
714.061800
714.278500
714.462550
714.543500
714.620450
714.838150
715.051800
715.313950
715.320000
715.324500
715.475350
715.504150
715.660150
715.663900
715.909400
716.060000
716.066400
716.113900
716.545500
716.951250
717.234100
717.239350
717.528150
717.583800
717.890150
718.430000
718.690250
718.699550
719.169200
719.715100
719.956950
719.962100
720.061900
724.234650
724.294000
726.764800
726.876200
731.011050
731.023900
734.466950
734.472850
735.066350
735.443250
736.036300
736.040650
736.046300
738.566600
740.776600
743.149150
743.486750
746.880550
746.885350
746.966650
748.129400
748.197950
748.339500
748.852900
749.739050
749.998850
750.046650
750.149450
750.363850
750.462850
750.536450
750.662900
751.163200
751.512150
751.928000
752.446450
752.602750
752.647600
752.714300
752.933000
753.086450
753.437300
753.444350
753.644900
753.684550
753.888350
754.025050
754.171500
754.354900
754.594700
754.665350
754.906150
755.042400
755.386800
755.548000
755.557850
755.763650
755.767750
756.103300
756.361350
756.457700
756.715000
756.937500
757.260250
757.369950
757.409350
757.498650
757.892800
758.024700
758.067900
759.191750
759.455700
761.600900
761.948050
762.131900
762.592650
762.885650
762.910600
763.468450
765.588100
765.592450
765.613950
766.667800
766.672150
770.763350
770.768100
770.778400
771.004400
773.556600
774.474900
774.480600
775.836650
775.841400
777.101100
777.281850
777.288300
777.317800
778.739400
778.744000
778.772550
778.786000
778.791950
778.883200
780.103450
780.773750
781.375450
785.154600
785.882550
786.110150
786.692200
786.697650
786.721100
786.731100
786.761300
786.815250
786.922850
787.756800
788.075550
789.678150
790.086100
790.610700
791.056900
792.315000
793.347000
793.402200
794.469450
794.486100
795.728450
796.213900
796.806350
796.812300
797.232350
797.301350
797.313300
797.503700
797.778750
798.724000
798.816150
799.782800
800.316200
801.162950
802.185100
802.664900
802.980100
804.188650
805.120600
805.736450
806.564450
807.530250
807.938300
808.026250
808.346450
808.411850
808.593100
808.746300
808.751750
809.205700
809.227250
809.676200
809.743500
809.947850
810.163750
810.397500
810.622650
810.627900
810.651750
811.269850
811.613750
812.789300
813.302250
813.709600
814.103150
814.866750
814.872900
814.890000
815.109700
815.173300
815.189850
815.198300
815.888500
816.194150
816.269500
816.491400
816.496000
816.785800
816.942600
816.998150
817.004000
817.406900
818.394100
818.784750
819.137400
819.373800
820.022950
821.364350
821.370000
821.561450
821.622150
822.496300
822.655300
822.894150
823.096650
823.638800
824.561600
824.565950
824.571500
824.584200
824.679000
824.702650
824.756950
824.913450
825.191650
825.619750
825.651500
826.052800
826.456800
826.993500
827.090100
827.095150
827.339200
828.429100
828.790600
829.008900
829.685200
829.867900
830.346150
831.302600
831.307200
831.310350
831.316950
831.894600
832.237450
832.386300
833.902500
833.907650
833.990500
834.291850
834.710750
834.735800
836.210250
837.220850
837.252500
837.683750
837.721950
838.178500
838.582700
838.690150
839.008350
839.107800
839.277200
839.961750
840.210900
840.231250
840.254650
840.269150
840.297000
840.344250
840.403350
840.595500
840.686550
841.130600
841.136250
841.726750
841.840800
841.847200
841.987250
842.118200
842.215450
842.585350
842.843150
842.994050
843.379900
843.921450
844.344200
844.737000
844.743100
844.811200
845.561900
846.674300
847.049950
847.591150
847.788400
848.032500
848.187200
848.406400
848.411600
848.573050
849.187000
849.731800
849.737800
850.255500
850.417850
850.523550
851.472150
851.611700
851.732500
851.755750
851.898450
852.417000
852.648650
853.016250
853.064100
853.102050
853.170050
853.387900
853.613900
853.989450
854.001900
854.008250
854.015750
854.039250
854.183950
854.226950
855.102150
855.105000
855.188600
855.314150
855.584700
855.706800
856.013700
856.018600
856.025000
856.317000
856.480500
856.573600
857.032250
857.294400
857.584650
857.723050
858.384200
858.427350
858.646600
858.694800
858.699800
858.710400
858.854150
858.860550
859.388700
859.713000
860.154500
860.184700
860.629750
860.744700
860.809150
860.885850
860.891050
861.041450
861.621850
861.629350
862.651700
862.686400
862.880500
863.125450
863.131050
863.134100
863.276700
864.077700
864.540500
864.613200
865.293900
865.483700
865.730900
865.969550
866.391200
867.524100
867.891600
868.072650
868.671800
868.689800
868.823600
869.996550
870.009400
870.251150
870.548350
871.228750
871.233150
871.272250
871.513400
873.001400
873.003650
873.992950
874.044050
874.064100
874.258150
874.612250
874.790550
874.795100
874.804300
875.118650
875.237050
875.872400
875.877650
875.883650
876.052000
876.791200
876.794100
876.796300
876.802650
878.971200
878.975000
878.980900
879.349150
879.721250
880.015800
880.407950
880.662900
880.828850
881.115800
881.125700
881.330100
881.446050
881.946600
882.383100
882.410000
882.687750
882.702550
883.299100
883.602800
883.898050
884.475700
884.543650
884.568900
884.813900
884.834500
885.112450
885.971050
886.553900
886.785300
886.908950
887.397500
887.761150
887.881250
888.226050
888.230300
888.240150
889.256650
889.262100
889.705350
891.167050
891.173300
891.233100
891.991450
893.397400
893.663900
893.669050
893.749000
893.922250
894.256350
894.286800
894.610750
895.566300
895.799600
896.612350
897.283700
897.292200
897.638500
898.195600
898.359500
899.063100
899.509000
900.024650
900.550450
900.745300
900.749850
900.755500
903.108550
903.113650
904.260600
904.266300
904.742700
904.748450
904.802000
904.823950
904.826900
904.905400
905.489250
905.618150
906.041800
906.046700
906.541700
907.613050
907.655800
907.677050
907.681950
908.555900
908.795000
908.801000
909.722650
909.727650
909.765050
909.787600
910.136850
910.735950
912.852100
913.911400
913.923700
914.414950
915.541900
915.780000
915.807300
915.959950
916.147450
916.284850
916.541450
916.870400
917.014150
917.184100
917.696950
917.719950
917.730450
917.876600
918.121050
918.126500
918.130750
918.190950
918.350400
918.533850
918.840900
919.761000
920.787050
923.196500
923.201150
923.206650
924.435150
925.183450
925.213100
925.229600
926.129350
926.136200
926.703000
926.861150
926.914750
927.209500
928.316050
928.617750
928.622400
928.632300
928.681800
928.962400
928.975050
929.316500
929.603850
929.691850
929.916850
929.980300
930.054500
931.447950
931.453550
932.037900
932.194900
932.295550
932.527100
932.532750
932.537900
932.547800
934.981450
935.592300
936.855350
936.860500
938.396300
938.969150
938.973900
939.054150
939.281650
939.293550
939.537750
939.998850
940.132600
940.144250
940.158650
940.203050
940.869650
941.258600
942.004400
942.009450
942.571800
943.645800
943.832150
945.833050
945.839350
949.589300
949.631750
949.944100
950.260350
950.434200
950.534400
950.553650
950.617950
950.629500
951.325300
951.802600
951.807350
952.069600
952.260600
952.266000
952.269350
952.333600
952.360050
952.619650
952.803450
954.444300
954.917800
955.027200
955.274150
957.323450
957.328700
957.381850
958.973500
958.980100
960.162100
960.167500
960.187500
960.193700
961.626700
963.168750
963.173700
963.576050
963.725500
964.051950
964.243800
964.413700
964.680900
964.717050
964.880500
965.326400
965.346550
965.513000
965.957050
966.112900
966.788850
966.817500
967.514550
967.623700
967.813100
968.440650
968.512450
969.994650
971.245100
972.117400
972.288350
972.303650
972.327150
974.794550
975.539650
975.544500
975.716250
975.790150
976.008650
976.302650
976.731650
979.510150
979.695050
979.990850
980.829050
980.911900
981.008700
981.563250
981.872950
984.651900
984.659550
986.609950
986.615400
987.038250
988.454550
989.053950
989.075200
989.159150
989.441950
990.158150
990.396700
990.402200
990.428050
990.681250
990.776300
991.668500
991.810350
992.089650
992.308000
992.575150
992.581200
993.336700
993.342150
993.442350
994.000350
994.067400
994.304500
994.525250
994.764100
995.381050
995.757850
995.764550
995.790450
995.796000
996.270000
996.274900
997.229100
997.234150
999.855200
1000.229500
1000.234300
1001.098650
1001.103550
1002.565600
1002.570800
1002.836450
1003.001700
1003.413900
1003.687200
1004.130900
1004.192100
1004.195150
1004.321250
1004.818550
1005.474850
1005.482000
1005.562800
1005.567600
1005.577700
1006.040600
1006.124250
1006.556400
1006.724000
1006.750650
1007.191500
1007.329100
1007.709350
1014.033850
1014.380400
1014.387250
1015.528300
1015.543650
1015.565200
1015.663200
1015.674200
1016.234000
1016.636700
1016.655650
1016.792700
1017.115650
1017.559000
1017.564750
1018.302450
1018.357300
1018.936250
1019.055150
1019.315150
1019.371900
1020.811000
1021.196400
1021.203600
1021.260550
1021.267150
1021.586700
1021.873800
1022.024450
1024.150400
1027.421300
1027.426300
1027.494950
1027.922750
1027.928200
1028.965550
1028.972500
1029.747600
1029.752150
1030.520600
