7.679950
10.199250
10.205850
10.209100
10.214150
10.235950
10.243200
10.248000
10.264250
13.145750
17.821000
18.185600
24.894350
32.481400
42.735200
52.104350
54.670050
55.484350
58.831050
63.177000
67.152250
68.023900
68.558300
68.939950
68.943850
69.704800
70.137300
70.236950
78.336900
79.596200
87.302100
87.317350
91.650100
92.858300
100.241050
101.756400
101.760700
108.072350
108.076850
108.084550
110.219450
123.569100
125.689350
133.836100
146.036850
147.052900
150.335550
155.852900
156.265850
156.292250
157.547550
160.692650
162.669000
162.679550
170.454650
170.825350
170.860800
171.006800
173.524650
176.223450
178.578150
179.824050
180.229750
180.245750
182.023400
189.549150
189.629750
194.201000
195.119200
198.618050
199.346950
199.349900
199.353850
199.359100
199.361900
204.217050
205.889150
207.950300
209.195750
211.193600
211.322750
211.525850
213.517050
213.520800
214.447350
218.894150
220.883150
222.842600
222.851300
222.854500
230.660100
230.664100
232.878500
233.425350
240.648550
242.118150
242.121700
246.069650
246.652350
246.675100
255.465600
256.352950
260.042300
260.158400
261.172850
261.895950
270.360650
270.727400
271.062800
271.279450
274.189600
274.224100
275.051050
276.057950
276.173750
277.322200
281.029000
283.464350
283.466650
283.485600
283.489950
287.608750
287.775350
288.037800
298.564650
301.177150
303.962600
305.907950
308.782000
308.891450
308.894450
309.767450
318.909550
319.067950
319.243150
330.045400
334.044600
334.048500
334.453150
337.083650
339.040900
339.145250
341.751800
343.782250
345.383250
345.777850
349.119100
350.512350
356.319250
358.007900
361.790750
363.900200
363.926800
364.220550
372.166700
372.171850
375.037600
379.293150
386.259450
386.998500
388.103050
390.657600
390.973900
391.875350
399.014800
400.915650
402.572700
407.832450
409.152850
412.352250
414.155450
414.510800
419.969250
420.480400
422.383350
427.674400
432.602700
435.456400
437.662700
438.864650
445.100400
450.564850
450.568150
455.602750
457.172650
466.620500
468.667050
471.211300
472.864050
473.819450
473.834500
473.838050
473.843350
477.761250
481.596300
484.104950
484.917300
486.682800
488.116350
488.515800
488.795950
488.868500
489.196450
489.523550
489.876100
490.516600
490.696150
491.296450
491.345450
491.660050
491.906900
495.986800
496.103800
499.813300
500.301350
500.813700
501.242250
501.728050
502.555100
504.624550
507.563900
512.761250
517.437150
518.835550
519.142250
524.343050
526.775050
528.764850
529.463600
536.148050
537.287450
538.057100
540.356000
540.711900
542.444000
544.398550
550.232900
553.704900
555.203900
556.983550
557.043100
557.175400
557.595250
560.255250
566.652550
569.349350
571.253650
574.953850
575.305900
577.779000
578.208900
578.723150
580.047200
581.113750
583.128950
583.144900
585.642950
586.409100
586.910350
589.508600
589.524200
591.532450
592.191800
594.188550
594.508800
595.689000
598.728950
600.672750
601.029250
601.149150
606.325900
606.981600
608.215800
609.998750
612.080450
612.180250
612.471500
614.830800
615.451600
616.154800
616.189750
616.227650
618.393650
618.647150
625.654000
626.263600
631.376750
632.304750
637.203300
639.627500
639.763250
641.208300
643.312550
644.668300
645.336350
646.071650
650.470850
650.803400
650.824700
656.052500
657.714700
659.832750
661.052300
661.738200
665.483850
665.507850
665.742250
667.227200
668.602550
669.554700
670.019450
670.859350
671.813950
672.618150
672.833400
673.745850
673.790350
674.172900
675.671800
678.576500
679.154450
679.629100
680.608600
681.208750
682.367650
682.433400
682.727700
683.887200
684.167500
685.687150
686.087000
686.300750
692.960450
693.714600
697.386850
699.326100
700.288200
706.671150
711.994000
717.461100
718.748500
736.300850
737.614550
748.988550
750.878950
750.886950
753.298800
755.561000
757.910350
758.249300
758.656250
760.466150
763.441900
775.470950
786.880700
791.214550
801.678700
807.874000
811.847900
817.373150
819.363200
821.343800
821.353650
823.076100
823.430750
825.196650
827.506450
828.956050
828.994100
829.540600
830.666450
831.443150
853.756750
854.126250
855.498250
856.349000
856.495700
862.512150
863.634850
870.786900
872.016000
872.794550
877.665100
877.673500
882.938250
890.580450
891.989600
896.780950
898.278600
898.660300
898.921750
900.573300
900.586300
907.613300
908.042350
908.313100
915.313350
916.623900
916.629250
920.607900
921.098200
926.762800
928.270400
928.866400
930.207100
930.830350
930.906500
932.271250
934.212350
940.031450
940.685250
944.270650
946.916200
946.920550
952.650200
965.130450
966.757650
968.167750
970.074550
977.063150
982.374000
989.381100
990.719200
994.357750
994.854350
994.918800
1006.602150
1007.230150
1016.332200
1017.144550
1018.208100
1018.595550
1018.631550
1020.933850
