75.200250
75.320550
76.179850
77.997100
78.976300
79.895800
80.116300
80.215700
82.675850
82.695850
83.075950
84.275850
84.296000
85.016950
85.156150
85.176250
85.356650
85.876650
86.157050
86.177550
86.197450
86.537650
86.677950
584.772450
584.792200
584.809900
590.689250
591.034450
601.589650
602.634650
602.649550
603.309250
603.908800
603.969000
604.008500
604.048500
604.388450
605.567350
605.587400
605.607200
605.647400
605.767300
605.846800
605.986700
606.006700
606.026800
606.046850
606.066900
606.086800
606.166550
606.186650
606.366050
606.466050
606.526550
606.546000
606.786100
606.826050
606.865900
606.906300
606.965650
606.985550
607.105800
607.145500
607.185200
607.265350
607.285800
607.443100
607.565200
607.605050
607.625500
607.984700
608.005050
608.064450
608.084950
608.104550
608.144350
608.304300
608.324750
608.384100
608.423150
608.483950
608.504100
609.303600
609.343350
609.503050
610.022400
610.062900
610.402000
610.422550
610.646150
