5.340150
10.195800
10.206850
10.220850
10.240300
10.243500
10.248300
10.371450
10.428800
10.713700
10.786600
10.890200
11.031750
11.140500
11.407500
12.931850
14.070000
14.585800
14.771350
14.896350
22.763900
27.154150
27.290500
28.183500
28.198650
30.370550
30.387400
32.730900
34.242400
40.560450
41.865300
42.642650
42.735500
45.100900
49.629900
49.954700
52.990000
53.015700
53.718100
56.616350
57.398000
58.449100
60.952800
63.967850
63.982500
68.372300
69.964450
70.005550
70.044550
70.181800
70.229900
70.297550
70.644450
70.863700
72.061450
73.480950
77.935150
77.956400
78.076450
78.675550
79.514500
81.014850
81.973150
82.294950
83.555500
84.353800
84.873950
85.694850
85.775800
85.796100
86.653750
86.681700
86.861200
86.874300
87.074000
89.904600
89.928750
90.119700
90.131200
90.918850
92.721850
92.724450
93.358100
95.332950
95.975350
97.353950
98.397850
102.102700
102.809100
105.102750
105.160450
105.428050
107.437250
107.446550
116.097450
116.123000
120.973800
121.740300
122.408450
122.491800
126.685950
127.961500
129.679000
129.700550
130.301100
131.741500
132.438550
132.744100
132.749500
133.383700
133.703300
135.585100
136.506950
138.486350
139.939850
140.188900
140.676750
141.727650
142.759100
143.324200
144.647700
144.765600
145.039250
146.674950
147.064750
147.611350
147.820700
149.066050
149.749200
149.753150
153.001750
155.058000
155.061900
157.057350
157.060000
159.038550
159.157800
160.455450
162.114850
163.025900
163.775150
164.326600
164.342800
164.761650
166.196800
168.180000
170.435650
170.720250
171.176300
172.078900
172.099000
173.925150
175.870700
175.993000
179.610500
179.858850
180.880200
181.235400
183.323950
183.385650
184.430650
185.832150
185.849700
185.863350
185.930700
186.718800
186.851700
187.060000
187.117550
187.764200
188.262800
189.532200
189.618950
190.257250
190.488150
191.611950
191.963350
192.772700
194.528550
198.070350
198.825800
199.406500
200.355950
200.593050
201.215250
201.260450
202.346000
202.371350
202.402550
202.406750
203.848250
205.178450
207.045200
208.148350
209.137850
209.972050
209.988600
210.319250
210.622150
212.554800
212.784500
214.276650
214.279350
214.297600
214.308850
214.385550
217.662300
217.672100
221.806150
222.561100
222.697300
223.303300
223.365150
224.364250
224.691850
224.866150
224.923150
224.929400
228.947350
229.702400
230.451750
230.538650
233.285800
233.666650
234.287250
234.292600
234.346250
235.668250
235.793650
237.273950
238.782450
238.809300
238.862100
238.950950
239.019150
239.192500
239.220300
239.483500
239.488100
239.833100
240.070550
240.535850
241.091650
241.647550
242.150750
242.950050
243.468900
243.486700
243.741800
245.122200
245.362650
245.738450
245.985100
246.097550
246.749250
247.400100
247.623250
247.627200
249.092700
250.558850
250.561450
250.685200
250.817400
253.056600
253.485450
253.892450
254.080950
256.852400
256.990250
257.000000
258.650900
259.975950
261.774450
262.982800
263.948250
265.854300
266.445800
266.561900
266.571650
266.735700
267.688700
267.973800
268.028500
268.190150
270.107350
270.373400
270.569650
270.574750
270.774150
270.796350
271.289650
272.101700
273.808900
274.789150
275.025650
275.073300
276.946400
278.984100
279.090500
279.122550
280.145000
281.230800
281.261250
281.756600
282.181600
282.466050
282.612800
282.681750
283.428850
283.801350
283.819950
284.883100
284.941050
284.968950
285.531850
287.273400
289.998900
290.500550
292.669150
293.027700
294.595450
294.610250
294.806900
294.837800
294.840350
295.533550
296.062150
296.519800
296.852300
297.670150
297.677200
297.990850
298.316550
298.478000
298.507950
299.494050
299.964400
300.337250
300.783350
300.794450
301.081300
302.130100
302.292850
303.076200
303.631000
304.029250
304.260800
304.783950
305.111200
305.498200
305.561350
306.446850
306.706150
306.719900
307.462050
307.881100
308.097200
308.197300
308.904200
309.608800
309.664250
309.969950
310.703850
311.984750
312.048750
312.134900
312.188100
312.621100
313.325800
313.467450
316.287900
317.150200
317.155150
317.365900
317.600500
318.111600
318.148150
319.304550
319.659650
320.726850
321.409150
321.762600
322.185750
322.254450
324.147450
326.898100
327.207650
327.280650
328.301450
328.437000
328.932850
330.761700
332.503900
333.776000
333.831000
334.269950
334.453400
334.470100
336.504800
337.411350
338.044000
338.068900
338.072850
339.220400
339.406150
339.479950
339.504050
340.218850
340.679550
341.465250
342.018800
342.475400
344.141600
345.867300
347.925800
348.148800
348.525550
349.680050
349.905350
350.601250
351.821500
351.862150
352.129100
352.434250
353.165900
355.093200
355.757650
356.158150
356.521300
356.609850
356.932850
357.012850
357.543350
358.500650
358.672300
359.493250
359.760450
359.833800
360.614000
360.991550
361.003550
361.373400
362.458700
363.085400
364.725250
365.215950
366.853200
368.763650
368.845950
370.229800
370.842600
371.794100
372.455100
373.727250
374.340400
376.499800
377.566150
379.373850
380.548550
381.932300
382.351150
382.391250
382.528700
383.560750
383.596650
385.134850
385.453350
385.546750
386.593900
387.052900
387.644100
388.324050
388.382950
389.453000
389.471750
389.474850
390.343150
391.846800
393.050700
394.271700
394.962500
395.652950
395.924350
397.171000
397.290000
399.019050
399.281500
402.587850
404.070150
404.988650
405.938050
405.996300
406.499250
407.158100
407.161900
407.979100
408.969550
410.052550
412.478850
414.487150
415.034550
415.185700
415.262550
416.157700
416.208500
416.224900
419.765750
419.780150
419.975900
421.278600
421.285700
421.677200
421.796250
422.437600
422.457700
422.741700
423.524900
423.943750
424.069400
424.073700
424.159850
424.317100
425.512000
425.528900
425.747950
425.755950
426.303800
427.266000
427.278100
427.772750
428.004300
428.069350
429.879850
429.895850
431.065050
431.776750
432.578650
432.583550
434.174100
434.836700
434.841800
435.427650
436.357550
437.548300
438.459900
438.464150
441.980150
442.046100
444.202650
444.393350
444.720300
444.935750
445.927900
448.240050
450.699850
453.127550
454.681250
456.250750
456.253550
456.256550
456.305300
456.494500
456.846800
457.771900
458.824200
459.828000
464.070600
464.092200
465.055050
466.093850
466.659200
466.819650
469.042150
469.416950
470.130900
470.573650
470.582250
471.829050
472.337400
472.643950
472.699600
474.171400
474.744050
476.870200
477.130550
479.351400
479.978950
479.999200
480.226250
480.256900
480.832500
482.941100
483.013500
483.326100
484.273500
486.490200
486.746800
486.949900
487.537600
487.552650
488.255350
488.442050
489.334400
489.509500
489.843950
489.861150
491.182400
492.308150
492.360850
492.481500
492.485850
493.606050
493.677400
493.742950
493.762850
493.772800
494.303300
495.017000
495.475500
496.970500
497.172500
497.439100
497.668400
499.120900
499.480900
500.246950
500.350950
500.688900
501.134050
501.366600
502.635150
503.171700
503.185850
504.384300
505.296300
505.334800
507.751500
508.299150
508.876650
509.322550
510.521900
510.695850
512.013350
512.765850
513.008300
513.612800
516.079250
516.310050
517.537700
518.688150
519.582300
519.601300
519.675500
519.995750
521.860550
523.062550
523.236950
524.344450
525.309950
525.362300
526.245300
526.547500
527.808700
527.842550
528.377750
528.621900
529.150800
530.838100
531.156650
532.373350
534.651400
535.476150
536.287450
537.923100
537.944050
538.055700
538.267900
538.819400
539.914850
540.423850
541.050150
542.036650
544.152200
544.624050
544.697850
545.283200
545.670000
546.348850
546.361800
548.551200
549.719050
551.942200
554.111350
555.324050
558.114700
558.128150
558.134000
558.141250
558.889950
558.902650
560.042900
562.022250
563.055850
565.654600
568.101000
568.690850
570.993750
571.228550
571.546900
572.515750
572.694600
572.697500
572.703050
572.716050
572.725300
573.341700
573.804350
574.959500
575.525600
576.045400
576.336600
578.014600
578.243850
579.081100
579.820950
580.455200
581.426000
584.291250
584.671250
584.708650
585.789250
588.149500
588.228550
588.608650
588.768600
590.228800
590.308200
590.792850
590.913450
591.112750
591.287950
591.628200
592.628200
593.006750
593.067650
593.087700
593.327650
594.806700
595.008150
595.548450
595.928100
596.528150
597.147200
597.308650
597.627350
598.168700
598.187550
598.233550
598.329200
598.349450
598.888400
599.109550
599.168850
599.688850
600.073700
600.087900
600.706350
600.848900
600.968500
601.048750
601.388250
602.067750
603.472850
604.247650
604.726100
605.485200
606.422550
606.822150
608.642450
609.456700
609.499350
610.200400
610.458450
610.625750
611.140950
611.225250
611.300500
611.440350
611.639950
611.839600
612.279300
614.091000
614.150850
615.198000
616.299600
616.557400
618.131550
618.154000
618.158550
618.265700
618.438450
619.168650
619.222700
620.621650
624.702800
624.886300
625.952350
625.954650
626.703900
627.444650
628.444800
628.695900
629.509950
630.225050
630.273400
630.284950
630.332100
631.184550
631.978250
632.197050
632.724850
635.015650
636.650050
636.851300
638.007700
638.270700
638.464700
638.627900
638.716400
639.115300
639.426950
639.431950
639.843050
640.420350
640.879650
641.603050
642.742750
643.614850
644.215350
644.477250
644.482450
644.867500
644.902800
649.293100
649.722400
650.065000
650.926300
650.933150
651.432850
652.225650
652.925000
653.365750
654.013900
654.062800
654.253750
654.634600
654.825100
655.262650
657.782550
658.135550
658.294750
659.113050
659.262950
659.953100
660.632750
660.792800
661.271900
663.325300
663.723550
666.177400
666.520900
667.456100
668.260050
668.814400
669.075150
669.186250
669.274700
669.279650
669.293750
669.474800
669.802500
669.826450
670.161050
670.501000
670.514900
671.187700
671.670300
672.273850
673.326200
678.155000
679.380450
679.389000
679.989450
680.285000
681.148550
681.276450
681.352100
681.653400
682.140200
682.485750
684.052700
685.999550
686.359750
686.892100
687.633750
688.228400
693.418900
693.432450
693.435400
693.558800
693.567750
694.033550
695.944550
696.027300
699.327900
700.616450
701.809900
702.137650
702.230950
704.137300
704.544600
704.737450
705.419450
705.882000
707.739900
710.452650
711.379350
712.302350
712.487950
713.127850
713.651550
714.738800
715.138850
715.338350
718.012300
718.014900
718.211800
718.396050
718.876550
719.628250
721.632200
721.805500
725.368750
725.449950
725.490600
726.182150
726.697200
726.761150
727.265800
728.479800
729.621850
729.652550
736.196450
740.002650
740.607900
743.123800
744.252700
747.751800
749.017650
749.056200
750.325550
750.836600
750.974400
751.158100
751.690650
751.989250
753.458800
753.975400
754.226300
757.058450
757.113350
759.375550
760.544500
761.375050
761.543250
765.748550
766.028250
767.419550
770.655150
773.128050
775.505800
779.050450
780.632700
780.868500
783.244350
783.273950
787.455700
787.469000
788.187450
789.702650
791.207700
791.222100
792.216300
793.047750
795.146200
797.953750
798.051200
798.666400
799.239700
801.236800
804.504900
804.930950
809.033600
809.098700
809.141550
811.155150
813.865250
814.899450
815.095350
815.700950
815.812900
817.514900
817.528100
819.313550
819.344400
819.557150
820.102900
820.728750
821.560350
822.415700
823.203050
823.360850
823.903200
824.631500
825.578850
825.642350
826.247200
826.776700
827.625850
827.759950
827.850400
828.573600
829.281100
830.681500
830.687200
830.857350
832.997600
833.566500
834.048350
834.831550
834.853550
834.871250
836.067350
836.327450
837.453100
839.672750
840.891900
841.193450
842.725200
842.933750
847.798900
848.386050
849.029400
849.546400
851.764800
852.302300
854.060000
854.329350
855.319450
855.950600
858.488750
860.492600
860.524100
861.233300
861.283750
862.696300
863.602200
863.616150
865.110150
865.802300
866.594800
867.874650
868.926550
869.850350
870.060600
870.093800
870.097000
870.120600
870.519200
872.758150
875.785550
876.288800
877.056550
877.676350
879.732550
881.154300
881.159850
883.013650
883.209600
884.210550
884.588700
885.090350
886.206200
888.619100
889.701350
889.705650
889.722250
889.948500
890.863200
891.509200
892.734300
895.988250
897.182150
897.268900
897.799750
902.084400
907.578950
908.155750
909.159600
909.752350
910.143400
911.501300
917.325350
917.753050
918.082700
918.533800
918.562400
919.496950
919.834300
919.934850
920.120750
922.694050
922.710250
923.240500
924.087350
924.238600
924.258550
927.194950
927.539800
929.796900
931.437550
932.351100
933.079250
933.927350
934.811700
938.241950
938.907500
941.703050
942.363500
942.850350
945.478000
946.301350
949.577950
950.144000
950.691450
951.096600
956.879900
957.356500
957.362150
958.390700
958.401750
959.429250
963.676850
964.088400
966.292950
966.683450
968.229900
968.282700
968.284850
969.200350
969.807700
969.815850
970.173400
974.775200
978.372450
979.270950
981.051750
981.164750
981.651450
981.965900
981.974050
985.596250
985.829700
987.792050
988.340900
989.045300
990.806500
991.774950
992.303050
992.374900
992.406800
994.676050
994.854200
998.231550
998.660800
999.436850
999.460350
1000.506150
1001.938350
1002.720950
1003.088650
1005.595700
1006.218800
1006.901600
1009.514000
1009.573750
1010.996950
1011.627850
1011.668500
1011.874500
1012.756550
1013.739900
1014.454250
1014.465850
1014.474650
1015.558150
1016.463550
1017.664450
1017.855400
1017.930950
1018.268150
1019.571450
1020.458850
1020.783300
1021.400600
1021.416100
1023.628150
1025.821800
