71.584100
72.602900
79.337000
79.376900
79.397000
80.116350
82.115650
82.135200
82.615650
82.655800
82.695900
83.075600
84.115750
85.416500
85.816800
86.177800
86.197500
125.795250
377.890550
584.199250
590.549150
591.109450
592.148500
592.348750
592.488600
600.389550
602.670050
604.068450
604.388550
605.587050
605.647700
605.667500
605.687250
605.826750
606.026750
606.146500
606.166350
606.226850
606.366200
606.406650
606.446550
606.466550
606.486500
606.526150
606.606450
606.826350
606.865750
607.066000
607.125700
607.165900
607.185650
607.205450
607.265500
607.305800
607.391150
607.485800
607.604900
607.625300
607.665100
608.044450
608.064700
608.104950
608.124850
608.184350
608.296050
608.344150
608.384300
608.484350
609.288850
609.303550
609.323450
609.443000
609.483400
610.402200
610.541650
611.680900
