16.912350
18.444950
25.838850
26.067000
30.646800
30.654000
30.674400
35.377050
42.283400
47.080300
47.085350
47.090550
47.096050
47.101450
47.116150
49.524900
52.513200
52.537550
52.553450
52.565400
53.960700
54.918800
54.927350
55.057950
55.069650
55.076600
55.741300
59.348600
63.058800
63.066950
63.082250
63.545800
64.976850
64.982100
64.997000
65.003400
69.466800
87.507800
91.668500
94.518150
94.524100
95.429000
95.435300
98.243500
98.250550
98.258500
98.271650
98.390300
98.401450
100.578800
101.624600
101.635050
101.655250
102.417150
103.602350
104.792950
105.083300
105.091650
105.421200
107.291950
107.297600
108.170200
108.178100
108.227550
108.693350
110.851850
110.860950
110.869250
113.095650
117.817950
117.824300
117.832350
118.446100
119.139300
121.568550
121.574200
121.586150
122.333050
122.980050
122.987250
124.912050
125.563000
125.570700
125.711850
126.573500
126.584050
127.001350
127.222200
127.232100
129.189100
129.200400
129.218400
129.365550
132.210050
134.896350
134.903900
135.603350
135.611900
135.631700
135.647250
136.296400
136.303300
137.559800
137.564250
138.468900
138.474950
138.495350
138.675400
140.470750
140.605300
140.611000
140.922900
141.866900
141.872950
142.208950
143.376100
145.267950
146.048000
146.055550
146.416300
146.425050
146.438500
147.936700
147.941850
147.963750
147.973400
147.991350
148.127650
148.132850
150.182050
150.187600
150.228050
151.401900
151.599900
152.511250
152.516950
153.497250
153.502550
153.507750
153.524150
153.925800
154.153350
154.600000
154.604900
154.621100
156.782250
156.788350
157.277950
157.958700
157.964050
158.140650
158.145950
158.672900
160.142850
160.148650
160.196550
161.068900
161.208850
161.257100
161.263100
161.270150
161.904400
162.243950
162.498050
162.510600
164.044150
164.644700
164.653050
164.659750
164.669250
164.986800
165.039250
165.044600
165.053300
165.324600
165.341800
167.531400
168.400250
168.411050
168.675950
168.686500
169.642350
169.647100
171.636350
172.105900
172.111400
172.421500
172.426900
172.436550
172.447100
173.771700
173.776850
173.787100
175.711200
176.599000
177.203300
177.210450
178.487800
179.412900
179.799650
179.806600
180.542900
181.828800
181.926250
183.585450
183.690900
184.103200
184.112800
184.208100
184.213800
184.225800
184.238600
184.813050
185.702850
185.708500
185.719950
186.170850
186.198450
186.242100
186.251950
186.288400
187.624000
187.631650
187.802300
187.811400
191.138500
191.144750
191.637000
191.644650
191.660000
191.685650
193.024600
193.030950
193.582450
193.588250
193.593950
193.602800
194.063100
194.084000
194.890500
194.921000
195.693000
195.700400
196.414400
197.010150
197.020950
198.269250
198.412450
201.081400
202.059200
202.102850
203.115250
203.129850
203.521450
203.532400
203.748400
203.769850
203.958350
204.098200
204.370650
204.379100
205.720400
205.727150
206.338400
207.171900
207.178050
207.191750
207.198250
207.247350
208.263550
208.284800
210.210500
211.502500
211.508550
211.515800
212.046650
212.052500
212.069950
212.863200
212.873900
213.743450
213.750550
213.765100
213.777900
213.785450
213.792550
214.652450
215.254700
215.261050
215.770450
215.776750
216.599400
216.622500
216.794200
217.827950
218.082050
218.092200
218.778300
218.985950
219.565850
219.574050
219.647700
219.661750
221.260850
221.273600
221.733400
221.743750
222.108900
222.120400
224.622450
224.645550
226.060400
226.072000
227.211200
227.217700
227.603800
227.610050
227.616750
227.630250
227.638550
227.792050
228.458150
228.665250
229.148450
229.155850
229.537700
229.545300
230.343650
230.365400
230.553300
230.562850
230.604700
231.546100
231.551850
231.564100
232.115400
232.122400
232.744650
232.751450
233.387100
233.871800
233.878000
234.236800
234.243650
234.782050
235.196500
235.745500
235.750800
236.152100
236.157800
237.268300
237.292050
237.565700
237.573700
238.055250
239.461200
239.469750
239.921650
239.930750
240.848850
241.388250
241.394050
241.418950
242.155700
242.425100
242.432150
242.582750
242.591100
242.906400
242.916800
244.896050
244.902850
244.910000
245.092450
245.098750
245.744950
245.763100
246.557950
246.567200
247.021650
247.772000
247.777800
248.918200
248.935350
248.942850
249.434250
249.724900
249.733450
249.757050
249.833350
251.078350
251.316700
253.104700
253.297000
253.577250
253.585100
254.090500
254.329900
255.452750
255.458350
255.465550
256.005200
256.872050
256.876950
257.100450
258.330900
258.360200
258.421200
259.043600
259.050300
259.058100
259.207700
260.284800
260.291400
260.470800
260.655000
260.662400
260.781300
260.788350
260.801300
260.831100
260.839250
260.850400
261.883800
262.104100
262.198650
263.167400
263.173700
263.184350
263.485800
263.491500
263.849100
263.892150
264.857200
265.702900
265.708700
266.287300
266.326750
266.598550
266.604500
266.724550
266.730100
266.739450
267.583950
267.589550
267.605250
267.618800
267.780450
268.062900
268.070800
268.081600
268.089100
268.149600
268.158650
270.475350
270.495350
270.607700
270.621000
270.637200
270.728200
271.111750
271.117450
271.133900
271.142700
271.158500
271.166500
271.177750
271.184450
271.962600
272.149800
272.157450
272.289750
272.296550
272.502650
273.144950
273.155400
273.286200
273.344700
273.361600
273.609100
273.620400
273.689200
274.042250
274.515100
274.521900
275.397700
275.409800
275.434200
275.454300
275.794550
276.054050
276.961150
276.968000
276.974300
276.991450
276.996400
277.297400
277.302900
278.535000
278.541250
279.098650
279.360100
279.367400
279.430250
279.459000
280.870900
280.877350
282.364400
283.724800
283.730300
283.744350
283.761350
283.782400
284.037450
284.042450
284.049250
284.057250
284.067150
284.074150
284.669050
284.707950
285.110300
285.120600
285.132800
285.140550
285.149150
285.699250
285.706150
286.564450
286.570550
286.993150
287.590600
287.856900
287.862550
288.995550
289.002400
289.021800
289.253050
290.302650
290.770000
290.776850
291.289750
291.300000
291.701850
291.710350
292.046150
292.412700
292.427100
294.680700
294.686600
295.239400
296.105250
296.114850
296.528100
296.841850
296.847550
296.877800
296.885450
296.900750
297.197650
297.206100
298.295850
298.301050
298.563800
298.580850
299.446350
299.662050
301.862600
301.874550
302.603800
303.301550
304.521000
304.528500
304.545250
304.556850
304.567000
304.577200
304.584900
304.980350
304.991550
305.008350
306.103050
306.107950
306.113250
306.843900
307.598350
307.611450
307.623050
308.620050
308.626900
309.008750
309.014000
309.036000
309.632300
310.222050
310.230350
311.381450
311.390900
311.397800
311.406000
311.416200
311.562150
311.567850
311.594350
311.790450
313.845350
313.850450
313.971000
313.983350
313.990600
314.358600
314.387950
314.638800
314.645900
315.016350
315.539200
315.546700
316.066650
317.759200
317.836400
319.244450
319.250100
319.261050
319.268850
320.247100
320.730000
320.735250
320.745300
320.787900
320.796000
321.401600
321.409050
321.421600
321.844950
321.855100
322.017050
322.023250
322.042600
323.482750
323.488850
324.609050
325.921400
325.942000
326.019000
326.134150
326.139500
326.220950
326.863550
326.904000
326.912450
326.920250
326.951750
326.961000
329.284900
329.310450
330.728850
331.042750
331.220350
331.234800
332.449050
332.453100
332.458100
332.473850
332.497750
332.651300
333.442950
335.578400
335.586850
335.598300
335.668150
335.680000
336.060250
336.078550
336.108800
337.083550
338.161100
339.607900
339.617400
341.096100
341.101750
341.309500
342.691400
342.700300
343.315150
343.524300
343.532500
344.197250
344.207350
344.233300
344.244950
344.959850
344.974600
344.983650
344.991700
345.044350
347.498900
347.505600
348.351200
348.356550
349.273800
349.329350
349.353400
349.365900
349.392600
349.401600
349.596750
350.234900
350.792750
350.800300
350.948300
351.891750
353.372750
353.377650
353.396350
354.301900
356.868200
357.430850
358.014350
358.032550
358.667700
358.672900
358.705650
359.194350
359.233300
359.240250
361.282550
361.301250
361.314900
362.372550
362.730400
362.895500
363.365300
363.923500
366.438850
366.448750
366.842050
366.851050
366.987050
366.992550
367.703850
367.713050
369.677650
370.229850
370.239250
370.487850
370.791950
370.797100
371.139200
371.163050
373.332750
374.296100
374.769600
374.777700
374.786500
374.914100
375.024650
375.045500
376.395850
376.517500
376.529050
377.211100
377.533750
377.542150
377.735950
378.396250
378.918650
378.924100
378.935500
379.987250
381.461250
381.627350
381.634600
381.641350
382.171500
382.299500
382.305750
382.314450
383.083500
383.094600
383.741650
385.212400
385.223000
385.293600
385.771950
386.101100
387.333000
387.907100
388.603400
388.620500
388.758300
388.766450
388.806500
388.814700
388.840650
388.886950
388.908150
388.919250
388.928250
388.939350
389.059400
389.071850
390.107800
390.114900
390.442050
390.451000
391.735450
393.972850
393.977700
393.984100
393.993200
394.005600
395.235000
395.240600
395.247000
395.259700
395.719400
395.830350
395.838400
396.847950
396.853600
396.871850
396.884850
398.060800
398.711800
398.719650
399.763350
399.770650
399.982650
400.008000
400.963450
401.629000
401.641500
401.653100
401.659500
402.447800
402.682050
402.691150
404.414200
404.494050
404.499400
404.608050
406.611300
406.637150
406.647050
406.663050
406.676950
406.701000
406.841900
408.964100
409.038150
409.046300
410.218900
410.993150
411.477250
411.739050
412.726950
414.360450
414.770050
416.902650
416.908100
417.182500
417.191200
419.007050
419.018050
419.028900
421.929550
421.939900
422.035800
422.045000
422.811950
422.817450
423.997050
424.869150
425.553000
425.741950
425.755600
426.156700
426.906050
427.277650
428.071100
428.416950
428.470200
430.200850
430.207100
430.222350
430.695050
430.958150
430.965950
431.686850
433.583900
433.589650
433.721150
433.726650
433.737700
433.781600
433.793350
433.983200
434.002700
434.251300
434.952000
434.959100
435.098450
435.336250
436.307200
436.314200
437.088550
437.093350
437.100200
437.116750
437.126250
437.131400
437.187800
437.196000
438.339650
438.664700
439.304900
439.310450
439.316650
439.338600
439.433200
439.439600
439.454750
440.356150
440.361200
441.163450
441.169950
441.183150
441.468400
442.532300
442.541100
444.999850
445.501750
446.086800
446.092350
446.099300
446.271800
446.295250
447.743900
447.749700
449.305250
449.453000
449.464500
450.898150
451.948200
452.357500
453.813400
453.820650
454.702850
454.710850
454.718000
454.735400
454.742700
455.126600
455.131550
455.139300
456.203950
456.209400
456.217400
457.950850
458.144250
458.151600
458.398000
458.405200
458.441100
459.053850
459.692950
459.701350
459.842150
459.848650
460.661600
462.666450
462.674650
462.862350
464.156700
464.165100
465.144950
465.150900
465.391550
465.451150
466.447100
466.453950
467.201000
468.142350
468.551550
469.522500
469.702450
469.710900
472.285100
472.292650
473.779950
473.786650
473.802400
475.381150
475.386800
475.393750
475.398900
475.412300
476.162250
476.448750
476.457150
476.475400
477.432250
477.438750
477.734450
479.836600
480.161700
480.657800
481.547950
483.204100
483.211050
483.233350
483.632200
484.684400
484.691100
485.913650
486.220850
486.228800
486.249250
486.967450
486.991850
487.024350
487.037600
487.047000
487.060450
487.104600
488.437850
489.083700
489.121750
489.694950
489.703350
489.716600
490.092450
490.112800
491.134750
491.141800
491.158150
491.227550
491.543100
491.562650
491.795400
491.801200
491.809250
492.549700
493.415550
493.425400
493.432500
493.570500
494.640100
495.101800
496.332600
498.946950
498.953000
498.959150
500.545050
500.550500
500.950950
500.966400
500.999350
501.574150
501.596650
501.848350
501.861100
504.611150
505.228450
505.242250
505.868700
506.004450
506.010450
506.498550
506.548300
507.078450
507.085600
507.093200
507.108100
507.323950
508.020300
508.036250
508.047800
508.532750
508.673950
508.720400
508.728200
510.514150
510.523800
510.552350
511.595750
513.587050
513.799150
514.221900
514.234100
515.224750
515.231100
515.380450
516.647150
518.364850
519.028650
519.286350
519.293850
519.653550
519.664950
519.834200
519.846800
520.200450
522.577400
522.583550
522.915300
522.920900
522.937300
524.491000
524.948450
525.373750
525.380700
525.388750
526.004000
526.025700
527.997550
528.025550
528.167150
528.181350
531.775100
531.813950
531.905100
532.121950
532.229150
532.243700
532.255300
533.445500
533.520700
533.527200
533.717650
533.731200
535.770200
535.778900
536.857900
536.863800
536.877750
538.384500
538.513000
538.535700
538.675550
538.683750
540.212300
540.231700
541.567900
541.576100
542.006800
542.017600
542.042800
542.054000
542.061850
542.103200
542.117250
542.836850
542.879200
542.921050
544.092050
544.101250
544.139950
544.950050
544.963150
545.166050
545.174450
545.296200
546.379450
546.387150
546.952650
546.959450
547.453900
547.903700
548.600300
549.973300
549.980900
550.856000
550.863200
551.422550
551.433200
553.014250
553.021100
553.042600
553.050950
554.800400
554.835900
555.222150
555.229200
555.237700
555.984600
558.194400
558.200200
558.210000
558.963250
559.896350
559.901400
559.923100
562.637900
562.645350
562.699350
563.679400
565.113900
566.928200
566.937550
567.012150
568.749150
568.755050
570.108500
570.275850
570.283400
570.293250
570.300050
570.316200
570.328000
572.099150
572.104500
572.120350
572.327200
573.187450
573.201200
573.208000
573.647200
574.132700
574.145100
574.154150
574.614500
574.623700
574.637150
574.644900
574.680300
575.650550
575.655500
575.662250
575.722650
578.590000
579.217750
579.427250
579.468450
580.532600
580.541400
580.550800
580.619050
580.823800
582.241450
582.249200
582.338450
582.351450
582.524050
583.910200
583.927900
584.072350
584.077950
584.084000
589.219100
603.463850
609.456550
612.781200
612.789600
613.543600
613.550400
613.569150
613.900550
613.907750
614.143050
614.586000
614.842400
615.776450
616.715400
616.725050
617.816700
617.822800
617.832050
617.843350
617.852150
617.865550
619.254550
619.442850
622.477950
622.486200
622.675250
622.709800
623.261200
624.404450
624.409950
625.099150
625.104500
625.124550
625.603650
627.507700
627.512350
627.518450
627.529800
627.687550
627.695750
628.410750
628.643900
628.687850
628.696850
628.706050
629.514600
629.692250
631.508050
631.577900
631.743050
631.756450
633.732650
634.757300
635.042800
635.637400
635.645450
636.668050
636.677700
636.868100
636.875250
637.377850
638.125100
638.135600
639.129100
639.145300
639.162050
639.173350
639.421400
640.091850
640.099100
640.262900
640.326000
640.331650
641.155500
641.173850
641.577000
642.161700
642.167600
643.440900
645.420250
646.497600
646.505500
647.255700
648.671300
649.668150
649.673600
649.686500
649.699950
649.853850
650.140350
650.718050
650.725000
651.031950
651.038200
651.051500
651.056250
651.074800
651.113200
651.751750
651.777650
653.188500
654.939900
654.946850
654.956750
654.969900
655.048300
655.055300
655.062350
655.081600
657.973050
657.978500
657.992550
659.197550
659.205600
659.225350
659.234650
659.247900
659.542950
662.976550
664.335100
664.350700
665.802050
668.587000
670.066500
670.075700
670.336600
670.955050
670.963200
671.302750
671.315000
671.782550
671.814300
672.551250
672.567850
673.156450
673.162550
673.170850
673.183200
673.213050
673.222600
675.077400
675.081950
675.095000
675.101600
675.166050
675.171200
679.176850
679.724200
679.777150
683.308000
683.384300
683.544600
683.558350
683.885150
684.483350
684.494400
684.538250
684.545550
684.713200
684.961800
685.312300
685.318350
685.599500
685.663550
685.674400
686.079850
686.098250
686.123950
686.135350
686.139150
686.409400
686.741000
689.492250
689.497800
689.504050
689.511550
689.531850
691.502750
691.508350
692.548350
692.761300
692.767350
692.833200
692.839550
692.848950
692.913050
695.504800
696.533700
696.539800
696.550000
696.559500
696.569900
696.594050
696.631500
696.642100
696.688850
697.477750
697.485900
698.210250
698.216700
698.482350
698.501900
699.294250
699.550950
700.763750
700.769850
701.022000
701.038850
701.059750
702.832450
702.841700
703.137550
704.388050
704.398050
704.416100
704.436300
705.158050
705.170050
705.193350
706.663200
708.879950
708.887800
710.266750
710.272000
710.280200
710.521200
711.265050
711.271750
711.668350
711.673300
711.689750
713.223050
713.236000
714.461500
714.467200
714.474900
714.481550
714.708250
714.754500
715.628950
715.634950
715.643450
715.657050
715.982850
715.991800
717.387200
717.395900
717.405200
717.420150
717.658200
717.667200
718.091000
718.108000
720.251650
720.256650
720.263100
720.451450
722.648050
722.701150
722.712300
724.639650
726.172350
726.212850
726.974800
726.987350
727.346850
727.365700
728.760950
728.767500
728.781050
729.128450
729.136450
729.209700
729.236100
731.155250
731.162900
732.357500
732.363650
733.260800
733.269750
736.473500
737.593400
737.600800
737.610600
737.635200
737.645500
737.660400
739.466000
739.471350
739.486300
739.495050
741.593050
741.598450
741.975500
742.002000
742.303550
742.828050
744.658300
745.927550
745.933850
745.946050
745.997350
747.937300
747.942350
747.951200
748.172700
749.948550
750.398900
750.406600
750.880250
750.886950
750.920200
751.862400
751.878300
753.533400
754.605300
754.612700
756.022950
756.028550
756.120450
756.129300
756.138900
759.279550
759.284500
759.292000
761.285150
761.290250
761.299200
762.575850
762.592400
763.491100
763.505800
763.537600
763.567050
764.021350
764.144200
767.250400
767.738600
769.344600
771.216100
771.222100
772.674400
772.684850
773.735500
773.748900
774.921500
774.927050
774.941300
776.458150
777.588450
777.593850
781.153150
781.160450
781.168250
781.813400
781.820200
781.858500
782.278850
784.244250
784.251850
784.260250
784.518300
784.533050
784.655600
784.668250
785.146150
787.377100
789.105000
789.395800
789.404700
789.412700
789.931450
789.940300
790.815150
790.822600
790.828050
790.838550
791.266200
793.263900
793.270000
793.278550
793.292200
793.389450
794.388150
794.403750
794.570400
794.867200
794.873650
794.886750
794.921000
795.766150
795.772550
796.393400
796.399200
799.757200
799.763900
802.165750
802.677900
802.683200
802.689400
802.698750
802.717200
803.547650
803.559350
804.328450
804.334400
804.342400
804.354900
804.368550
804.379200
804.429950
804.439400
806.132700
808.285200
811.657400
811.662900
812.456700
813.027500
813.035450
813.139600
816.901400
817.088500
818.075150
818.401600
818.410700
819.854100
820.058050
820.064400
820.667800
822.214050
822.220050
822.233450
822.251250
822.697700
822.702050
822.707400
822.713700
822.726100
823.761400
824.444500
824.453700
824.487750
824.497400
827.557500
828.913150
829.642250
829.647650
829.942350
830.252450
830.266950
830.551650
830.562350
831.272000
831.285850
831.999650
832.005850
832.319350
832.328800
832.581950
833.341100
833.375100
833.382900
833.767900
833.794050
834.529650
835.323100
836.075500
837.094750
837.119250
837.128750
838.357550
838.869850
839.061600
839.077850
839.094100
840.873450
841.158900
841.167850
841.413550
842.419150
843.233750
843.248000
843.547450
843.558250
845.223000
845.237300
845.258000
845.270050
845.985350
846.002600
846.994750
846.999250
847.009600
847.820950
847.838800
848.028000
848.038400
850.076950
850.088450
850.809150
850.814200
850.850400
850.865250
851.489350
853.967100
855.349400
855.630800
856.303750
856.311550
856.948800
858.142850
858.675800
859.568950
859.576600
859.847950
860.009900
860.182750
860.190450
860.467950
860.474100
860.483700
861.462150
861.470300
863.094550
863.601650
863.617850
863.646850
864.092300
864.096850
864.102600
864.123400
864.743550
865.054100
865.853250
865.861800
867.508900
868.523750
868.531800
868.953550
868.960550
869.354550
869.361050
870.974050
870.983750
871.302900
871.387250
872.772350
872.779200
873.130650
873.140050
873.223300
875.062500
875.244250
875.250750
875.854400
875.865450
876.600850
876.859950
876.872850
877.530700
877.535650
877.547900
878.953400
878.969200
880.045200
880.142400
881.496450
881.502350
881.901300
881.906700
882.359600
883.665300
883.672350
885.122700
885.127850
885.144800
885.153800
885.538250
885.544200
886.127900
886.183350
887.497800
887.530300
889.497100
889.502500
889.529100
889.602900
889.616800
889.622950
893.306800
893.325450
894.322450
894.333650
895.030700
895.047950
896.606850
896.991350
897.431000
898.447300
898.455450
898.470400
898.481650
901.086000
901.094550
902.717500
902.730350
902.757000
902.763550
902.770750
903.296300
903.312950
904.314850
904.322000
904.341100
904.996050
905.002950
905.819850
905.830450
907.800950
907.816700
907.841850
908.306450
909.446150
909.453100
911.622700
913.341800
915.471350
915.640300
915.654950
916.022500
916.180650
916.186350
916.204600
916.208350
916.211600
916.456000
916.659950
916.975050
916.985950
917.012900
917.571400
917.577900
917.591150
919.119550
919.292200
919.606700
919.619500
920.550300
920.670450
920.676450
922.000250
922.595800
922.618400
922.629950
922.638050
922.650600
922.670950
923.352450
926.519900
926.530000
927.346550
928.448350
929.275550
929.281450
929.289300
930.229400
930.886650
930.893750
930.933950
931.163000
931.169700
931.182500
931.189600
931.294600
931.303550
933.641500
934.038450
935.345500
935.352250
935.369900
936.332200
936.364500
936.376500
936.417850
936.443850
937.178500
937.242600
938.724950
939.203400
940.178150
941.443350
941.454250
943.859000
944.134000
944.139700
944.331950
944.636300
946.345600
948.066800
948.073050
948.191650
948.974600
950.484800
950.496350
951.179350
951.182700
951.188650
951.646050
951.652050
951.936100
952.391750
952.402950
953.076700
953.082800
953.097600
954.172600
954.179750
954.235600
954.401700
954.412150
955.083650
956.479500
956.487900
957.191100
958.252200
958.261300
958.269600
958.726450
958.968400
964.118700
964.374000
964.399650
964.479300
965.090150
966.624950
966.636650
967.217450
968.166700
968.174700
970.168950
970.179100
970.188350
972.274550
972.285600
974.896450
976.046250
976.052850
977.337750
977.355700
978.022400
979.850650
980.607000
981.160800
981.177250
981.280550
981.433900
981.440800
981.478250
982.497600
983.659200
986.747050
986.758000
987.107750
987.553700
988.133050
988.140500
989.586900
989.619300
989.652000
990.679650
990.687650
992.003550
992.335850
992.350500
992.359800
992.607150
993.539850
993.555100
995.347950
997.790500
997.796850
998.119000
998.128900
998.463400
998.480650
999.549250
1002.417250
1004.386100
1004.389700
1006.392850
1006.398250
1006.425200
1008.230300
1008.523250
1008.527950
1008.533750
1008.542800
1009.703650
1009.709450
1009.715900
1009.771850
1009.901100
1009.907250
1010.854700
1010.877800
1012.060250
1014.824350
1014.894400
1014.906050
1015.221050
1015.229100
1015.551000
1015.558650
1015.819450
1015.827200
1015.845250
1016.954300
1016.960900
1017.289250
1017.295900
1017.340000
1018.361100
1018.366950
1018.384750
1018.426200
1019.878250
1019.884400
1019.890450
1019.950850
1019.962500
1021.968500
1022.099550
1022.105600
1023.149850
1024.118400
1024.522050
1026.913750
1028.682650
1028.687600
1028.693900
1028.735750
1028.745400
1029.352950
1029.855900
1029.863850
1030.094550
1030.101700
1031.706450
