6.936900
10.218850
16.879450
16.882600
16.886450
16.893250
16.912550
16.931400
18.432050
18.434650
18.437700
20.203650
20.206350
20.209300
25.811550
25.814100
25.817000
25.833050
26.083400
27.510800
27.513300
27.517050
27.548450
28.308000
28.311200
28.325200
29.389200
29.391850
29.424350
29.427700
29.432150
29.449350
30.649000
30.653000
30.657050
30.660400
30.662900
30.672800
30.679100
30.686550
30.698650
35.371650
35.374350
35.381500
40.893650
40.896100
40.903700
40.907300
40.911050
40.913850
40.989500
42.306500
42.309900
42.314300
42.321750
42.371900
42.382000
44.280350
44.282900
44.286100
45.268100
45.270700
45.958050
45.972400
45.974850
45.981800
45.989150
45.993450
45.999350
46.007400
47.070200
47.072650
47.083700
47.087950
47.090650
47.101850
47.887000
47.889550
47.892650
47.908150
49.496400
49.498950
49.502200
52.505600
52.508150
52.511250
52.528500
52.535400
52.540250
52.552200
52.564050
52.567950
53.982150
54.718300
54.775000
54.778700
54.783900
55.074850
55.084600
55.737450
55.740900
55.751500
55.754200
55.757150
55.767200
58.301650
58.304400
58.308400
58.408200
59.336300
59.338900
59.341800
60.969750
61.732350
61.734850
61.737950
61.754250
63.103050
64.979800
64.985950
66.967350
67.002650
67.112200
67.939800
69.451450
69.454100
69.457050
69.461150
69.469350
69.471850
69.474350
69.481450
69.485800
69.494000
70.792350
75.304500
80.119950
87.596650
87.599350
87.610250
87.613150
87.616200
87.626500
87.635250
87.640500
87.782650
91.215850
91.218300
91.221400
91.243450
91.272850
91.656850
92.535350
92.537850
92.819700
92.826050
94.506700
94.509350
94.512850
94.536550
95.423350
95.426150
95.432700
95.434900
95.445250
95.448300
95.452750
95.459300
95.466550
95.470200
96.165000
96.167700
96.174950
96.187050
96.189950
97.061650
97.075950
98.172300
98.179950
98.260400
98.281300
98.381550
98.384250
98.387650
98.432850
98.961650
98.964900
98.970000
99.381300
99.384000
99.392450
99.396750
99.400450
99.402600
99.411400
99.432300
100.321500
100.340350
100.601450
100.608150
100.632500
101.614750
101.617350
101.620500
101.624600
101.638300
101.660000
101.676800
102.695500
103.037950
103.040850
103.063000
103.088950
103.141150
103.568050
103.571400
103.578400
103.583250
103.587750
103.596000
103.608800
104.112850
104.122950
105.392500
105.395350
107.266850
107.269550
107.281100
107.290300
107.575350
107.580350
107.601550
107.797900
108.149150
108.151900
108.155650
108.173600
108.178150
108.182350
108.216750
108.245000
108.682150
108.687400
109.106200
109.109150
109.121050
109.142800
109.153600
110.869200
110.873350
110.878950
110.881300
110.887850
110.901800
111.840700
111.843900
113.430700
113.451300
113.718050
113.720850
115.087400
115.090250
115.093800
115.150500
115.466900
115.470950
115.480900
115.483600
116.601500
116.604400
118.163650
118.166850
118.448650
118.475250
118.478550
118.482850
119.120850
119.123400
119.126800
119.130950
119.139400
119.729700
119.733300
120.765150
120.767900
121.575750
121.578300
121.581300
121.584650
121.600600
122.669300
123.409050
124.884550
125.090900
125.093600
125.096800
125.116900
125.485500
125.488300
125.548150
125.552150
125.574000
125.577250
125.582950
126.561950
126.565000
126.568500
126.573850
126.592850
126.995200
126.997800
127.005600
127.013050
127.048400
127.082800
127.217250
127.220500
128.664550
128.667350
128.670750
128.762200
129.144500
129.155650
129.216400
129.219500
129.223300
129.225900
130.132250
130.134800
131.107250
131.110450
132.114400
132.128250
132.997150
133.008350
133.026150
134.881350
134.883900
134.887250
134.890600
134.911900
134.916250
135.628150
135.631400
135.640850
136.281200
136.283550
136.286650
136.291000
136.308400
136.312550
137.411050
137.413800
137.424500
137.551050
137.584350
137.587400
137.592100
137.927150
137.930050
138.457350
138.460200
138.465150
138.479450
138.486900
138.664900
138.667850
138.678950
140.470850
140.474000
140.476800
140.929700
140.932700
140.936450
141.874100
141.876800
141.880750
142.178900
142.181800
142.186000
142.200700
142.963900
142.968150
143.663300
143.911600
143.914350
143.918400
143.923800
143.929600
143.935500
143.950550
144.619250
144.622650
145.260950
145.263550
145.995050
146.053650
146.056750
146.083000
146.086450
146.411050
146.414200
146.419150
146.431300
146.435050
146.447200
146.470550
147.932950
147.935900
147.941000
148.125550
148.128500
148.174600
149.155550
150.084850
150.089450
150.145500
150.149300
150.180450
150.601400
151.381600
151.384200
151.387400
151.410750
151.426200
152.513900
152.808700
152.825200
153.301250
153.304050
153.492650
153.495650
153.498950
153.507800
153.519800
153.888500
153.891450
153.895600
154.140350
154.143800
154.595750
154.598150
154.617950
154.622600
154.638900
154.649250
154.654100
155.306650
155.309500
155.316400
156.780150
156.799600
157.269250
157.312200
157.315100
157.322300
158.163500
158.270150
158.273150
158.285250
158.669100
158.672200
158.713150
159.089650
159.092800
160.118350
160.120800
160.131100
160.134500
160.145050
160.148950
160.162450
160.164850
160.174750
160.178100
160.499050
161.017250
161.020300
161.205850
161.209450
161.211800
161.250750
161.253800
161.317000
161.825050
161.827650
161.888050
161.895100
161.902950
162.652550
162.655200
162.662000
162.674100
162.710450
162.712650
163.345650
163.755450
164.242100
164.244850
164.262850
164.266650
164.269850
164.278950
164.307250
164.612950
164.690700
164.984150
164.987350
165.006800
165.015600
165.024650
165.034800
165.922900
165.925900
166.674500
166.677250
166.685800
166.695800
166.702050
166.704950
168.409450
168.445850
168.662100
168.664450
168.667750
168.676950
168.685400
168.697200
168.711750
169.545700
169.549200
169.700250
169.704000
170.676000
170.829700
171.608150
172.228100
172.230850
172.425100
172.429300
172.431950
172.436150
172.441450
172.448100
173.091750
173.094500
173.100000
173.771800
173.781150
173.784350
174.282450
175.489700
176.459150
176.577700
176.580250
176.583900
176.595550
177.194700
177.197650
177.691350
178.099000
178.485200
178.771600
178.774350
178.789600
178.828550
180.214650
180.217550
180.221250
180.538600
181.060050
181.809750
181.812550
181.822600
181.825850
181.929050
181.951850
182.313350
182.316450
183.574850
183.585450
183.588350
183.607750
183.712400
184.109350
184.119550
184.205750
184.208150
184.212450
184.228100
184.235450
184.370600
184.398050
184.401000
184.404350
184.807350
184.810000
185.676350
185.679950
185.701100
185.722800
186.080750
186.084350
186.087800
186.201400
186.214600
186.218700
186.235350
187.076350
187.079100
187.802450
187.806950
187.824400
188.074650
188.077400
188.093850
188.852050
188.854850
189.373300
189.377250
189.380700
189.390000
189.398150
189.733550
190.263200
190.266350
191.146150
191.627350
191.630250
191.634100
191.636350
191.639000
191.643450
191.647400
192.231850
193.040150
193.584300
193.624600
193.723650
193.739600
193.768900
194.905650
194.908500
194.922000
195.684500
195.687500
196.360500
196.363250
196.387200
197.007350
197.671050
198.416850
198.419300
198.422350
198.444550
198.825300
198.828350
199.293800
199.296600
200.199850
200.202300
200.206300
200.253550
200.346600
200.349850
200.352750
200.356050
200.363600
200.892500
201.042350
201.045150
201.053700
201.057150
201.071800
201.094100
201.643850
201.646800
201.660450
201.692300
202.077650
202.080350
202.109750
203.109250
203.112300
203.280050
203.284200
203.704000
203.707050
203.710800
203.780750
203.930200
203.933300
203.938700
203.952950
204.515150
204.519950
205.526100
205.530150
205.540800
205.557250
206.794100
206.797250
206.811700
207.185250
207.187950
207.203850
207.224500
207.227600
207.849100
207.851750
208.231200
208.234150
208.250900
208.539750
208.542350
210.189250
210.192250
210.196200
210.961100
210.964100
211.247850
211.497800
211.513400
211.654800
211.780600
211.783650
211.802000
212.045550
212.904200
212.907600
213.758300
213.770050
213.783100
214.234350
214.237050
214.638000
214.914250
214.924300
215.236100
215.258050
215.268300
215.304900
216.599500
216.614850
216.617450
216.620900
216.873200
216.876150
216.886600
216.927250
216.931050
216.944200
217.061550
217.445850
217.448450
217.989150
218.179350
219.583950
219.588050
219.641200
219.644450
219.659050
219.664100
219.675300
219.688050
220.133500
220.136750
221.247000
221.249550
221.265500
221.999100
222.002700
222.040900
222.044200
222.051400
222.055600
222.070250
222.105250
222.111300
222.120150
223.325850
223.632700
224.225900
224.228600
224.553700
224.562250
224.572800
224.618800
225.088850
225.095850
225.546250
225.548800
225.557600
226.089750
226.103750
226.114200
226.248750
227.048350
227.206800
227.209700
227.213350
227.225350
227.234750
227.258000
227.600800
227.605200
227.789850
227.814600
227.818150
228.451850
228.454500
228.458350
228.462950
228.745600
228.839150
229.151400
229.249650
229.255200
229.521100
229.523650
229.536950
229.541150
230.345900
230.353950
230.357300
230.361850
230.373100
230.381050
230.562900
231.258000
231.289500
231.292550
231.297300
231.307150
231.309850
231.324550
231.341700
231.344100
231.347050
231.353400
231.552100
231.806950
231.810000
231.823850
231.827600
232.081550
232.139350
232.770400
232.951450
233.384150
233.386950
233.390400
233.654150
233.657450
233.695450
233.702850
233.868050
233.870950
233.880700
234.230650
234.233450
234.236850
234.699000
234.701850
235.149100
235.737200
235.740000
235.747600
236.170150
237.041550
237.044700
237.281400
237.284050
237.287600
238.037500
238.041650
238.047300
238.050000
238.053250
238.065300
239.134500
239.347100
239.350150
239.450300
239.468950
239.912600
240.370550
240.373550
240.888100
241.394500
241.397600
241.400350
241.416300
242.132300
242.134950
242.140050
242.148150
242.160250
242.773350
242.776500
242.785800
242.788450
243.238850
244.327600
244.331000
244.349050
244.352850
244.457700
244.527850
244.901500
244.904300
244.922950
244.927850
246.008850
246.413750
247.018700
247.021350
247.025400
247.047350
247.064400
247.067550
247.315450
247.325000
247.780200
247.782800
247.832650
247.873650
248.161200
248.164500
248.189800
248.196300
248.954950
249.164800
249.167850
249.715050
249.734500
249.737400
249.740850
249.751350
249.792350
249.795750
250.436600
250.439800
250.449800
250.679550
250.682750
251.069450
251.072250
251.083100
251.307900
251.310650
251.751900
251.755000
251.953100
252.172200
252.175750
253.305100
253.349150
253.669400
253.672600
253.710000
254.079700
254.083400
254.109800
254.146500
254.317550
254.320550
254.324600
254.340850
254.343250
254.360100
254.368200
254.584300
254.587000
255.417600
255.504350
255.507100
255.518500
255.683400
256.173500
256.176550
256.188250
256.199300
256.261000
256.891400
256.894450
257.706200
257.775050
257.777650
257.781750
258.352050
258.423100
259.048200
259.060700
259.073600
259.077400
259.094150
259.133100
259.162500
259.174400
259.197200
259.200800
259.213800
260.233250
260.235850
260.247400
260.250700
260.254500
260.290100
260.743250
260.763050
260.766200
260.790600
260.822150
261.177150
261.180000
261.183850
261.198300
261.893850
261.896900
262.136200
262.138850
262.151350
262.678200
262.681650
262.844950
263.148550
263.152350
263.158600
263.162650
263.169000
263.172300
263.175200
263.182600
263.194550
263.483900
263.487350
263.518300
263.884400
264.850050
264.852900
264.886100
264.890250
265.293400
265.296150
265.301750
265.365800
265.488050
265.491150
265.504900
265.988400
265.991900
266.273550
266.276250
266.727100
266.730350
266.896600
267.622650
267.634450
267.681400
268.059050
268.061800
268.084550
268.563150
268.565800
268.569000
268.579950
268.585300
270.401500
270.404000
270.408100
270.473050
270.723800
270.726500
270.730600
271.124200
271.127200
271.140000
271.147850
271.164950
271.170500
271.194450
271.843950
271.848100
272.489000
272.491800
272.499100
272.509450
272.821350
273.114000
273.116650
273.129700
273.131950
273.140500
273.155700
273.346750
273.350950
273.457350
273.707800
273.711300
273.715700
273.889200
274.040150
274.510600
274.513500
274.676900
275.010700
275.395850
275.435750
275.439150
275.780900
275.783900
276.241650
276.246150
277.250750
277.253400
277.261750
277.264600
277.285400
277.296450
277.308600
277.404700
277.407750
277.415450
277.423700
277.427650
277.435700
278.044650
278.047300
278.054800
278.067200
278.512350
278.522550
278.553450
278.568650
279.176650
279.353550
279.356050
279.365650
279.391200
279.395400
280.081200
280.084150
280.459150
280.461650
280.662850
281.157250
281.160300
281.173250
281.178600
281.673700
281.979250
282.250100
282.262300
282.648550
282.651250
282.655050
283.543650
283.546350
283.782500
284.042550
284.053250
284.056350
284.060350
284.076450
284.079650
284.726400
284.728850
285.089300
285.092250
285.108600
285.112650
285.151400
285.157050
285.753000
286.558150
286.560800
286.964600
286.967150
286.970100
287.557600
287.560250
287.850500
288.920700
288.923200
288.996400
288.999300
289.002500
289.014900
290.289000
290.292050
290.297150
290.582700
290.759350
290.762500
291.705950
291.741700
292.673950
292.676700
292.680800
294.375600
294.675150
294.677850
295.143700
295.321100
295.324050
295.331800
295.585650
296.100550
296.116300
296.119350
296.123400
296.249150
296.251850
296.863600
296.869050
296.872250
296.897400
296.901000
296.912850
297.343350
297.346250
297.591550
297.594850
298.560350
298.562950
298.565900
298.569800
298.581750
299.367700
299.651850
300.697450
300.700650
301.086550
301.494900
301.497800
301.505700
301.523200
301.533400
302.588700
302.600200
302.612200
302.852650
302.856300
303.196800
303.199500
303.581600
304.153850
304.601700
304.850350
304.853050
304.984950
304.987950
305.211200
305.214150
306.127200
306.820550
306.823300
306.827000
306.848650
306.869200
306.942350
307.400550
307.403150
307.426200
307.430100
307.576450
307.579400
307.758800
307.762700
307.767300
308.635750
308.704500
308.711100
308.714300
309.001100
309.017400
309.020100
309.033400
309.099150
309.615400
309.618100
309.621100
309.625150
310.273150
310.276100
310.716850
310.902750
311.376250
311.378950
311.381750
311.392350
311.405650
311.420200
311.601850
311.605050
311.625050
311.633550
312.445000
312.447700
312.451200
312.466950
312.884650
312.891750
312.903000
312.910800
313.064900
313.069050
313.094000
313.096950
313.843400
313.941150
313.944750
313.981900
314.353950
314.356700
314.371300
315.000450
315.003200
315.047150
315.521200
315.524550
315.535900
315.539300
315.544650
316.371500
316.374500
316.434950
316.438100
317.603650
317.607000
317.747700
317.981350
317.984600
318.499600
319.241800
319.244200
319.251000
319.262750
319.266350
320.716050
320.718800
320.721600
320.731150
320.733650
320.738100
321.386100
321.388750
321.406100
322.029500
322.032100
322.035550
322.045100
322.058600
322.384050
322.388450
322.418250
322.421100
322.736150
322.738950
322.742800
323.477850
323.480850
323.491450
323.495150
323.503650
323.523400
323.526700
324.271200
324.274350
324.661700
325.904950
325.917450
325.931050
325.933900
326.121950
326.190000
326.197650
326.218950
326.456500
326.578300
326.936350
326.939300
327.267300
327.290800
327.890200
327.905200
327.908300
327.930900
328.238750
328.241800
328.399200
328.402250
328.437050
328.471350
328.979000
329.696850
329.707550
329.711500
329.714600
330.512100
330.514950
330.518250
330.538850
330.543700
330.733650
330.740000
330.744200
330.750400
330.756750
330.775600
330.819300
331.192650
331.944450
331.947000
331.949250
331.963750
332.459200
332.485300
332.488300
332.643450
332.685500
333.392550
333.395600
333.406300
334.783100
334.785700
335.322100
335.325150
335.329500
335.662450
335.665000
335.669400
335.691400
336.059050
336.061900
336.064350
336.067600
337.345550
338.176900
338.179550
338.218850
338.221550
338.244600
339.595850
339.662100
339.678950
339.718000
339.916800
339.924350
340.687100
340.689650
341.113850
341.125950
341.129650
342.204700
342.207350
342.223500
343.296600
343.299400
343.307300
343.529300
343.532350
343.536500
343.613750
343.617600
343.634400
344.217950
344.220400
344.225750
344.232800
344.715850
344.718450
344.722200
344.983800
344.993600
345.019750
346.734750
346.737600
346.747100
346.805850
346.930100
346.933400
346.954000
346.956300
346.971550
347.488850
347.491750
347.495500
347.508950
347.539550
347.543100
347.843850
347.846700
347.908950
347.911950
347.920500
347.926300
347.934150
347.948700
348.305750
348.805150
348.808000
349.339400
349.342250
349.347450
349.372100
349.390000
349.591300
349.603250
350.956750
350.960200
350.964950
350.988550
350.991700
350.995900
351.002450
351.030850
351.066950
351.283300
351.286200
352.236900
352.241000
352.263200
352.800000
352.805650
352.817050
352.905400
353.382850
353.385100
353.387700
353.407400
353.418100
353.439200
353.755250
354.271350
354.274150
354.278400
354.858400
354.860750
354.864000
354.893000
354.897000
355.401750
355.923900
355.926800
357.005400
358.717500
358.720250
358.724500
359.212300
359.215100
359.233400
359.238250
359.945000
359.947700
359.963950
359.968850
360.150200
360.848050
360.850600
360.853800
360.894550
361.276350
361.279350
361.291350
361.295550
361.311750
361.317800
361.882450
361.885400
361.919350
362.364350
362.367350
362.723450
362.740150
362.789950
362.806600
363.326250
363.328900
363.332750
363.911900
363.925900
363.938000
364.514600
364.517550
364.521200
364.524550
365.383450
366.407900
366.410650
366.413900
366.429400
366.451800
366.826100
366.828700
366.832350
366.852200
366.865350
366.918150
369.286550
369.289100
369.292650
369.413850
369.417300
369.580850
370.773550
370.776250
370.779200
370.787100
370.793550
370.822750
371.124400
371.127150
371.149900
372.245100
372.248050
372.251950
373.126800
373.130050
373.151100
373.154500
373.160750
373.754200
373.923200
373.926950
374.277850
374.280800
374.318500
375.236200
375.674350
375.677100
375.681400
376.380950
376.383550
376.387250
376.497350
376.515300
376.518000
376.522350
376.538400
377.211800
377.214350
377.218150
377.718350
377.721450
377.740000
378.399150
378.402750
378.596200
378.601700
378.605300
378.615300
378.669700
378.911750
378.914600
378.922200
379.497750
379.501450
379.937850
379.940850
380.224800
380.231050
380.582600
380.788000
380.791300
381.064150
381.067300
381.439650
381.442150
381.445250
381.450800
381.634300
381.932550
381.935500
381.939400
382.174850
382.309400
382.852000
382.854600
383.030650
383.033850
383.083550
383.087950
383.109950
383.931250
383.949350
385.202900
385.205450
385.209500
385.765600
385.768850
386.372000
386.375350
386.409100
386.423650
387.496400
387.511700
388.743400
388.746100
388.875450
388.894900
388.900900
388.933900
388.936700
388.940550
389.241900
389.245050
389.673250
390.092350
390.094950
390.443750
391.133250
391.136850
391.143600
391.612600
391.636100
392.293300
392.296250
392.788150
392.790800
392.794650
393.729400
393.732150
393.740800
393.984500
393.987650
393.991700
393.997750
394.402700
394.405650
395.025750
395.030250
395.037100
395.049900
395.051950
395.056000
395.234600
395.249900
395.813850
395.816750
395.825250
396.166000
396.844350
396.847150
397.805350
397.808500
398.736250
398.738650
398.742650
398.788450
399.137400
399.140650
399.479400
399.482400
399.964800
400.952650
400.972050
400.974650
400.997350
401.076700
401.616300
401.618750
401.621800
401.628850
401.641750
401.645200
401.658050
403.084700
403.087550
403.455550
403.458250
403.462300
403.843100
403.845650
403.848900
403.877200
404.124350
404.127050
404.491550
404.633750
404.685100
404.688250
404.705900
405.254650
405.257350
405.495200
406.148850
406.151750
406.628450
406.631500
406.635850
406.639300
406.651450
406.656350
406.673950
406.692550
406.825500
406.837050
408.257500
408.260100
408.284900
408.300000
408.720750
408.723500
409.002150
409.082900
409.085800
409.148850
409.175450
409.178650
409.214950
409.218200
410.199300
410.202100
410.868750
410.871550
411.323850
411.479200
411.553950
412.177850
412.180700
412.190750
412.622050
412.624950
412.730850
412.733750
413.657350
413.659800
413.664000
414.172150
414.174950
414.646750
414.649400
414.653400
414.703600
414.746800
414.750400
414.760000
414.764150
416.889600
416.892300
416.896050
416.898450
416.901400
416.903750
416.919000
417.217800
417.220900
417.239250
417.467000
417.969450
418.331450
418.334100
418.339500
418.342800
418.355750
418.368500
420.591750
420.594450
420.606700
420.852300
420.855100
421.637100
421.640650
421.656300
421.924350
421.927350
421.992450
422.809950
422.812600
423.948550
423.951500
423.980050
423.993750
424.008450
424.222900
424.225750
424.238550
424.806950
425.621550
425.749200
426.285000
426.601700
426.604250
426.617400
426.667300
426.685750
426.888400
426.890950
427.274600
427.277750
428.414650
428.417250
428.436150
428.440850
428.923850
428.930300
429.332600
429.335600
430.216150
430.219250
430.703150
430.706200
430.727450
431.282800
431.285700
431.644600
431.648250
432.379250
432.382000
432.386000
432.720200
432.723450
433.755600
433.773800
434.130950
434.511600
434.514450
434.519300
434.532150
434.535800
435.186000
435.188700
437.047250
437.064700
437.088400
437.091050
437.097950
437.108400
437.113050
437.122400
439.308450
439.373000
439.872800
439.875600
439.879050
439.907600
440.341900
440.344400
440.347150
440.356200
440.361300
440.364800
440.995300
440.998150
441.018600
441.066100
441.181100
441.197700
441.201050
441.206000
441.612850
441.628400
441.633350
441.746300
441.750950
441.770200
442.538600
443.514350
443.516950
443.522500
445.435800
445.438950
446.070400
446.073050
446.076300
446.089950
446.103250
447.735900
447.753500
447.904250
447.907250
448.195800
448.216000
448.219100
448.223450
448.230750
448.434750
448.437650
448.440900
448.453050
449.252550
449.255050
449.464500
449.948500
449.951450
449.955450
449.984500
450.446100
450.453750
451.003600
451.110700
451.169350
451.172400
451.632750
451.654900
451.658650
452.288200
453.061850
453.064800
453.091900
453.839900
453.843300
454.264350
454.285350
454.288500
454.692100
454.694800
454.713400
454.723850
455.062200
455.065250
455.527550
455.543800
456.190150
456.193200
456.220350
457.987750
458.104250
458.107250
458.112500
458.121850
458.124600
458.149100
458.159600
458.164550
458.464950
458.701250
458.704300
458.718850
458.723100
459.075650
459.639500
459.643150
459.844950
461.054250
461.056900
461.062700
462.453100
462.842050
462.844850
462.861150
463.688050
463.690450
464.150650
464.153700
464.797900
464.800800
464.832800
464.876200
465.373950
465.376800
465.380750
465.389750
465.401100
467.191750
467.213900
467.232800
467.446850
467.899200
468.127550
468.130750
468.133850
468.141200
468.145200
469.520350
469.522750
469.525950
469.553400
469.586850
469.596850
469.717800
470.713800
470.716950
471.657900
471.660250
471.664250
471.671900
471.684100
471.741650
472.291050
472.989750
473.771700
473.774350
473.793900
474.105250
474.184900
474.187950
474.576300
475.139500
475.142300
477.419400
477.422250
477.425300
477.442800
477.463950
477.489800
477.498000
477.503250
477.584150
477.608000
477.653800
477.736400
478.373150
479.138950
479.662950
479.811100
479.813800
480.161700
480.164900
480.171650
480.187700
480.648200
481.038150
481.041000
481.064000
481.523350
481.731600
481.734900
481.766900
482.013650
482.017200
482.031600
483.210800
483.609100
483.611950
484.620450
484.623200
485.900200
485.903900
485.910800
487.000650
487.015850
487.018900
487.034200
487.099600
487.905250
487.908000
487.956950
488.007900
488.397000
488.399850
488.414950
488.437650
489.110600
489.666750
489.669400
489.685850
489.703300
489.706850
489.716300
489.720750
489.734550
490.909800
491.119850
491.124100
491.565750
491.593900
491.786100
491.803200
491.805900
491.988700
492.203900
492.547800
492.551050
492.554900
493.260900
493.268550
493.273400
493.431400
493.434150
493.464250
495.084900
495.088500
495.098950
495.117350
495.985950
495.988750
495.996500
495.999400
496.321600
496.324400
496.327950
496.337950
496.412800
497.669000
497.672350
497.680700
498.197950
498.200900
498.934450
498.937100
498.940250
498.948350
498.952650
498.954900
499.293600
500.554000
500.970250
500.973050
500.986300
500.995250
502.003900
502.006550
502.271200
502.365650
502.368550
502.450400
502.453600
503.663300
503.665950
503.668600
504.368300
504.381000
505.198350
505.200850
505.235800
505.238750
506.011550
506.014200
506.463250
506.466000
506.479900
506.488950
506.501850
506.505400
506.510750
506.520500
506.997550
507.000650
507.077150
507.081800
507.482500
508.020300
508.025000
508.043150
508.102050
508.124500
508.715900
508.719200
508.723200
508.734550
508.927200
510.077300
510.080150
510.533650
510.536250
510.553400
513.587150
513.763750
513.766700
513.797600
513.801200
514.231750
514.241250
514.288150
514.292450
514.411750
514.424600
514.432900
514.439000
515.228350
515.231850
515.386650
515.389450
515.403750
515.845700
518.156800
518.161100
518.178150
518.180750
518.184450
518.325050
518.330050
518.341100
518.344250
518.994050
519.005850
519.297050
519.299700
519.847800
519.851100
520.191950
520.195300
520.200600
520.205450
520.208850
520.212300
520.218050
521.051050
521.054050
521.073750
521.078150
521.115450
521.539200
521.580450
521.583900
521.635850
522.086800
522.089500
522.108950
522.578850
522.912400
522.915150
522.930300
522.966950
522.985350
522.997500
523.833100
523.836150
524.481200
524.483900
524.941450
525.374500
525.377050
525.389900
525.393450
525.425250
525.428450
525.983150
526.014500
526.334350
526.337850
526.343150
526.696100
527.051250
527.061800
527.989700
528.010700
528.017950
528.022150
528.167800
528.171500
528.896450
528.899300
529.325850
529.328650
529.332150
530.599300
530.679350
530.691050
531.968150
531.971300
531.987100
532.044600
532.105050
532.120050
532.980550
532.990600
533.004800
533.395550
533.398350
533.428300
533.431900
534.568000
534.570600
535.869850
535.872600
535.875950
535.899750
535.904100
536.858950
536.861650
537.091500
538.481250
538.483750
538.487150
538.492300
538.668250
538.671300
538.682750
538.687150
539.613950
540.790200
540.793450
541.112550
541.115200
541.118550
541.573150
541.576050
541.595850
541.608250
541.619800
542.032000
542.035250
542.422150
542.425350
542.568200
542.570950
542.575500
542.579650
542.593750
542.849150
543.311750
543.404500
543.471250
543.474000
543.477400
544.384500
544.387150
544.390700
544.401150
544.419350
544.452450
544.680750
544.926250
544.929300
544.947600
545.602400
546.074100
546.077350
546.373350
546.376250
547.399700
547.402450
547.406350
547.427400
547.456050
547.929500
547.941850
547.964500
548.338600
548.341750
548.583800
548.611600
548.777000
549.194700
549.230200
549.250550
549.263700
549.758150
549.760950
549.961100
549.963900
551.413400
551.416200
551.433300
551.437200
553.025300
553.031400
553.059350
553.614850
553.617550
555.216850
555.219650
555.229150
555.984650
555.991300
555.995250
555.998700
556.982500
556.985300
557.016850
558.207900
558.223700
559.003450
559.846650
559.849050
559.892400
559.895700
559.941500
561.297300
561.299650
561.306350
561.315800
561.880950
562.569150
562.571700
562.629500
562.633350
562.655750
563.707850
563.716550
563.719600
563.723500
563.846700
563.849550
564.186600
564.189200
564.192700
564.213300
564.390300
564.394050
564.398500
565.268950
565.272050
567.413100
567.418750
567.433750
567.444350
567.947250
567.958100
568.648450
568.652700
568.732450
568.741650
568.788000
568.795200
569.249250
569.252200
569.263600
570.268200
570.275950
570.366900
570.661500
570.675150
571.229550
571.233450
571.237800
571.251900
571.279950
572.012000
572.016750
572.859650
572.862200
572.870600
572.877700
572.892100
572.906650
572.941800
573.208300
573.229150
573.236600
573.623250
573.626050
573.640000
573.647300
573.914100
573.917200
573.926900
574.154300
574.220000
574.621000
574.623800
574.635300
574.638700
574.651350
575.645400
575.648050
576.504050
576.507350
576.858750
577.931350
577.934650
577.940000
577.955500
577.977250
578.148500
578.157550
578.598150
578.604800
579.396850
579.478350
579.481000
579.484350
580.083300
580.086050
580.547000
580.611250
580.613800
580.619150
580.940900
580.944050
582.181200
582.184350
582.211450
582.524200
582.526900
583.344200
583.347000
583.349400
583.358950
583.361950
583.545600
583.550950
583.567750
583.908250
583.943400
584.085950
584.088850
584.091300
584.099850
584.107950
584.112300
584.119550
584.123700
597.678850
600.219500
602.504350
609.456600
611.261200
612.745050
612.747800
612.777900
613.434650
613.449850
613.552100
613.556000
613.899650
613.904350
613.916300
613.924000
613.949450
614.172000
614.175300
614.179700
614.840250
614.842950
614.900900
614.908550
615.291000
615.293950
615.297050
615.302300
616.708750
616.712150
616.727200
616.742350
616.781050
617.312200
617.315150
617.490850
618.314000
618.317200
618.731250
618.759100
619.048700
619.051750
621.459600
621.462800
621.664150
621.671700
621.946650
621.951200
622.700250
622.703650
622.724150
623.232250
623.234900
623.244850
623.249700
623.256400
623.265050
623.276800
624.408100
624.414500
625.056850
625.059600
625.093250
625.101400
625.127900
625.133000
625.796050
625.851100
625.854750
626.671750
626.682900
626.685850
626.695700
626.721350
626.921700
626.924850
627.217850
627.220450
627.225150
627.476900
627.485000
627.672050
627.682350
628.637350
628.653950
628.671850
628.682700
628.697850
628.712950
629.243700
629.517150
629.520500
629.525150
630.851950
631.005550
631.008100
631.025600
631.381900
631.384600
631.576700
631.580150
631.896750
631.902900
631.906450
631.912750
631.922350
632.288800
632.291650
633.164000
633.167150
633.194900
633.410150
633.418050
633.914250
633.917250
633.929500
634.757500
634.760250
634.769150
634.801850
635.645500
635.759350
635.848300
636.640550
636.643300
636.659750
636.662950
636.681500
636.685400
636.864200
636.870750
637.258900
637.261750
637.364350
638.124050
638.770400
638.775150
638.836400
638.912650
639.146600
639.149350
639.156600
639.160900
639.401400
639.404500
639.447700
640.084850
640.087550
640.101350
640.113950
640.117250
640.121600
640.131800
640.246100
640.249700
640.254000
640.444250
640.788050
641.144750
641.147450
641.178400
641.462650
641.555800
641.558750
642.127400
642.130100
642.141800
642.145300
642.154750
642.178100
643.406400
643.409100
643.419250
643.776750
643.792050
643.794750
643.798650
644.770600
647.032000
647.035000
647.038950
647.196300
647.264150
647.583550
647.586500
647.874700
647.877250
648.192800
648.655000
648.665500
648.676250
648.916450
649.352050
649.355100
649.359950
649.371200
649.685400
649.688500
649.709900
649.729850
651.026450
651.029400
651.032450
651.037700
651.048850
651.056200
651.069550
651.080550
651.088650
651.110500
651.357900
651.728600
651.731850
651.909850
651.913250
652.266900
652.641700
652.644550
652.946650
652.949900
653.172100
653.304800
653.792800
653.797900
654.121450
654.124200
654.127300
654.131400
654.135250
654.149850
654.152950
654.157050
654.584350
654.956650
654.961950
654.965750
655.071100
655.078200
655.664500
655.678800
655.682100
655.838850
655.842050
657.579500
657.582250
657.586500
657.591750
657.984150
657.991100
658.022550
658.959850
658.962500
658.966350
659.013850
659.213200
659.216100
659.221000
659.248000
659.558950
659.649850
659.669700
659.672550
660.975600
661.386950
661.390550
661.678650
662.436800
662.439600
662.990650
662.998050
663.111700
663.114700
663.971450
663.974500
663.986550
663.990800
664.900550
664.903350
665.541000
665.790600
665.793350
665.796400
665.800750
665.808750
666.227350
666.670000
666.672900
667.134050
667.259450
667.262000
667.266800
668.557850
668.560550
668.564600
668.579250
668.755350
669.095150
669.098100
669.107100
669.304700
669.307500
669.693300
669.696150
671.078700
671.313700
671.318500
671.426300
671.437850
671.446000
671.786650
672.013300
672.016000
672.369250
672.381900
672.539150
673.173050
673.178500
673.217500
674.206300
674.884600
674.887050
674.898600
674.903550
674.913300
675.073700
675.076900
675.091750
675.094850
675.948300
675.951600
676.550200
676.838900
679.153750
679.156500
679.160300
679.182350
680.147350
680.150200
680.155950
680.165850
680.816850
681.776500
681.780900
681.852800
681.857750
681.872250
681.874900
681.880200
681.890400
682.405300
682.407800
682.411450
682.901300
683.168100
683.170700
683.173850
684.484700
684.487650
684.547950
684.756050
684.963000
684.965850
685.607850
685.662600
685.665200
685.668350
685.672000
685.682500
686.059000
686.115950
686.118950
686.121500
686.132900
686.418750
686.422600
686.426400
686.619850
686.622950
686.746850
686.749900
686.753800
686.760300
687.574100
687.576750
687.579950
687.600950
688.446200
688.449050
688.542400
688.545250
689.035100
689.409050
689.510850
689.513700
689.525300
689.532400
689.541200
689.549550
689.840200
689.913500
689.916350
690.370550
690.374300
690.683800
690.686800
691.003050
691.005750
691.470900
691.473700
691.477850
691.490350
691.493650
691.505100
691.507550
691.514250
691.519350
692.670250
692.747800
692.910550
692.913400
693.010200
693.036000
693.044800
693.052550
694.399400
694.402900
694.947200
694.950000
695.438850
695.657500
696.416950
696.419850
696.698750
697.041450
697.045700
697.465700
697.468400
697.471750
697.486600
697.836350
698.153750
698.157000
698.191850
698.874900
698.877400
698.880600
698.898250
699.223850
699.226600
699.268050
699.271550
699.283350
699.292100
699.304650
699.549750
700.106100
700.985950
701.000150
701.017850
701.055850
701.061850
701.095450
701.220450
702.503600
702.506350
702.510050
702.836350
702.850650
702.853300
703.125400
703.128250
703.132200
703.897350
703.900300
704.463300
705.148800
705.154950
705.166800
705.183950
705.343000
705.484550
706.213700
706.217050
706.241250
706.252750
706.268850
706.664200
706.667250
707.189000
707.191400
707.194450
707.208450
707.715850
707.718500
708.406350
708.877550
708.879950
708.883250
708.892600
709.422950
709.425800
710.319250
710.322750
710.334550
710.533150
711.272600
711.275300
711.545100
711.555650
711.671800
711.674850
711.688500
711.983300
712.008150
712.967900
712.970600
712.980900
712.985100
712.996000
713.247300
713.455050
713.460850
714.207300
714.210250
714.222950
714.229300
714.317150
714.319800
714.328650
715.390900
715.393800
715.406550
715.423400
715.629050
715.632250
715.641850
715.644550
715.651900
715.788450
715.794750
715.977550
715.980700
716.458250
716.825850
717.381100
717.384050
717.399200
717.402500
717.406850
717.409850
718.077600
718.080200
718.083500
718.091050
718.093400
718.106700
718.126600
718.889550
720.034850
720.037750
720.250000
720.252800
720.265100
720.481400
721.985400
721.987800
721.991550
722.645250
722.648000
722.671550
722.687750
723.135350
723.137900
723.141650
723.147500
723.654250
724.662600
725.259400
725.275050
725.280950
725.286450
725.294350
726.251300
726.254500
726.847650
726.850200
726.853450
726.865750
728.475800
728.478700
728.511400
728.515550
728.762750
728.765850
728.777050
728.783150
728.957550
728.976650
729.136600
729.223600
729.226200
729.229300
729.662250
729.677250
729.921450
729.924550
729.936650
731.148150
731.154400
731.533700
731.536500
731.840550
731.843000
731.864950
731.874100
733.065700
733.068300
733.097350
733.114300
733.258400
733.262150
735.736200
735.738750
735.741600
735.762550
736.466150
736.469400
736.473350
736.479150
737.291600
737.294150
737.607850
737.611900
737.625350
737.628200
737.632500
737.644100
737.659400
739.058150
739.060650
739.064050
739.079000
739.082500
739.095400
739.097550
739.099700
739.112700
739.458550
739.461250
739.473400
739.475550
739.498800
740.272900
740.276250
740.336300
741.326100
741.328400
741.331600
741.352900
741.356150
741.557000
741.560350
742.794800
742.801100
742.815600
742.827650
743.203300
743.206450
743.210100
743.224500
743.230300
743.576250
743.579450
744.620950
744.623800
744.652300
744.694400
744.699650
745.361150
745.740850
745.743750
745.927650
746.737300
747.357400
747.943300
747.946850
748.164350
748.223500
748.984600
748.987400
749.032250
749.708700
749.711650
749.860250
749.891950
750.387800
750.400500
750.403150
750.407450
750.872100
750.874900
750.878000
750.884500
750.921650
751.400450
751.650250
751.653050
752.547850
752.551500
752.956050
752.958500
752.970450
752.986500
753.464800
753.467850
753.532950
753.872100
753.877750
754.411700
754.414300
754.418300
754.634350
754.681500
754.685200
754.688800
754.714700
754.727900
754.792500
754.796900
755.060050
755.063500
756.014800
756.017600
756.031050
756.065550
756.069150
756.086350
756.117150
756.476650
757.129450
757.132350
757.159050
757.162200
757.186200
757.190500
757.355150
757.359400
758.363150
758.366700
758.380650
759.012050
759.014550
759.024750
759.063450
759.067600
759.289800
759.292300
759.299300
759.377450
760.480400
760.483150
760.696400
761.200500
761.203600
761.232650
761.235500
761.239800
762.099800
762.375500
762.378550
762.688000
762.691250
763.126200
763.129500
764.025850
764.028900
764.093050
764.149100
764.152350
764.710750
764.715000
765.715050
766.224200
766.245200
766.247800
766.731000
766.734150
767.234750
767.237250
767.248300
767.251200
767.263650
767.267000
767.723600
767.726200
767.733550
769.208900
769.211600
769.241500
770.356450
770.359050
770.361800
770.382050
770.609600
771.149350
772.550450
772.553750
772.557000
772.560000
772.592500
772.766600
772.769650
773.121750
773.124500
773.262450
773.719750
773.723150
773.737150
774.193050
774.195550
774.900250
774.903100
774.913850
774.917100
774.931350
774.940650
775.964800
776.370150
776.372950
776.444600
776.449250
776.477150
776.495650
776.507500
776.790450
777.446050
777.591150
777.593800
777.597950
777.758000
777.992500
778.498550
778.515000
779.070150
779.072850
779.076250
779.610100
779.612800
779.720000
780.776100
781.205050
781.207600
781.210600
781.218500
781.228100
781.240700
781.315000
781.731000
781.735850
781.822450
781.829300
781.851700
781.854950
781.921650
781.968550
781.973600
782.281350
782.284150
782.510500
782.513100
782.523050
783.273300
783.390050
783.393650
783.911750
783.915000
784.215900
784.218400
784.222650
784.235850
784.244350
784.262850
784.696150
784.710000
785.148050
785.150700
786.535600
786.538400
786.541750
787.379200
787.381950
787.401050
787.863000
788.140550
788.143250
788.803950
788.806800
788.993000
789.099900
789.404450
789.407800
789.411650
789.414600
789.418700
789.426450
789.438900
789.954800
789.957700
789.962000
789.980100
790.460150
790.468550
790.471550
790.497150
790.580600
790.583250
790.825400
790.830550
791.653850
791.657050
791.686950
791.690150
793.263850
793.266500
793.273200
793.277300
793.285750
793.288300
794.387250
794.400000
794.859350
794.862150
794.865950
795.451400
795.454200
795.512400
795.568550
795.571800
795.786350
796.029900
796.032900
796.386350
796.389050
797.393250
797.938000
797.941200
797.944450
797.979450
797.982550
798.051450
799.732550
799.735050
799.739150
799.748800
799.781600
799.876100
801.791300
801.793800
802.174550
802.177300
802.498000
802.500600
802.678500
802.681400
802.687800
804.326450
804.329400
804.365250
804.375100
804.804800
804.808350
805.143650
805.174800
805.589600
805.592600
806.107300
806.110100
806.131600
806.135000
807.217550
807.271050
807.274050
807.281000
807.285300
807.344900
807.586300
807.589650
808.790550
809.430800
809.434200
811.681050
811.685800
811.690900
811.718600
811.721700
811.751600
811.754800
812.238650
812.745900
812.749300
813.068150
813.071500
813.355650
813.361100
813.366550
813.656600
813.659000
813.674600
814.635700
814.638450
815.451000
815.453500
815.457300
815.461600
815.617200
815.620200
816.327800
816.334950
816.356750
816.391300
816.429000
816.437000
816.878050
816.881650
816.997450
817.002750
817.376050
817.504000
817.506600
818.045150
818.075050
818.567550
818.879450
818.881950
818.885400
819.156950
819.159550
819.177750
819.182200
819.816000
819.818950
819.822550
819.836050
819.860150
819.889850
820.084650
820.092550
821.260650
821.263500
821.405450
821.407950
821.411450
821.463450
821.486700
821.542400
821.556250
821.559550
821.581300
821.889750
822.211550
822.250400
822.691650
822.694200
822.697350
822.705250
822.714050
822.890850
823.262700
823.275250
824.478250
824.486450
824.489300
824.857950
824.860800
824.865100
825.298850
825.473250
825.476750
826.167000
826.169850
826.202600
826.685050
826.687300
826.724400
826.734250
826.737450
826.743700
826.749850
826.856150
826.859150
827.272650
827.275950
827.853150
827.855950
828.709600
828.911700
828.914350
828.918000
828.931700
829.636300
829.639050
829.938900
829.941500
829.945900
830.235250
830.238600
830.245950
830.258550
830.261450
830.265400
830.565000
830.863050
831.851950
831.854650
832.007850
832.014800
832.342350
832.411150
832.414200
833.303500
833.306850
833.373400
833.376150
833.379300
833.393500
833.398700
833.401650
833.934300
834.531300
834.535450
834.581850
835.492750
835.495700
835.499800
836.223550
836.235700
836.238950
836.243100
836.253000
836.274050
836.557850
836.693050
837.080550
837.082850
837.103900
837.109000
837.120350
837.667550
837.670500
838.350300
838.352950
838.356400
838.379300
838.900900
838.904000
838.908300
839.051700
839.055100
839.059400
839.081700
839.084250
839.197800
839.384700
839.387600
839.405450
839.452000
839.584350
839.594250
840.253450
840.257000
840.808150
840.889600
840.893650
841.192000
841.205700
841.471850
841.513100
841.516350
841.535200
842.797350
842.799850
842.802900
842.819300
843.278450
843.281200
843.285450
843.522550
843.526000
844.438550
844.441200
844.444700
845.272100
845.274950
845.296650
845.305500
845.975900
845.985100
845.989200
846.001000
846.007900
846.717850
846.728450
846.731400
846.735150
846.745750
846.796050
846.798750
846.997450
847.338200
847.814800
847.817600
848.014600
848.017150
848.020850
848.198600
849.678450
849.681150
849.803150
850.063200
850.658700
850.661400
850.802250
850.814050
850.847800
850.868150
851.689850
852.101750
852.602500
852.605250
852.608750
854.134950
854.146900
854.152400
854.164100
855.287050
855.289800
855.626850
855.648350
855.654850
855.657750
855.861050
855.864550
856.300800
856.303600
856.307500
856.326550
856.331100
856.938300
856.941050
857.161900
857.745250
857.747650
857.750750
857.759050
857.943700
857.946450
857.968850
859.367550
859.563350
859.566100
859.570050
859.992450
859.995200
859.998850
860.006600
860.020300
860.022550
860.120700
860.207050
860.477250
861.456550
861.458800
861.461750
861.472350
861.480600
861.492950
861.498550
861.517000
862.677100
862.680150
864.133050
864.153950
864.172550
864.175300
864.185300
864.718900
864.721400
864.732250
864.735350
864.737550
864.740300
864.757800
865.496700
865.499900
865.559050
865.581700
865.585150
865.588850
865.642950
865.653750
865.971050
865.973650
865.977850
865.992150
866.926200
866.928800
866.933250
866.943150
866.959700
866.976450
867.014400
867.456200
867.458950
867.784900
868.865400
868.941850
868.944550
868.947600
869.384400
869.387600
870.443800
870.446650
870.957350
870.960150
871.570950
871.573650
871.577300
873.523750
873.526950
874.310500
874.313100
874.316350
875.064500
875.067300
875.238300
875.241400
875.381100
875.684600
875.699000
875.847250
875.850400
875.858000
876.539750
876.543400
876.628050
876.639350
876.674850
877.528450
877.531750
877.535650
878.929950
878.933400
878.956950
878.963550
879.622450
879.625650
879.671850
880.028850
880.032300
880.131200
880.134250
880.144450
880.156100
880.431150
880.440550
880.443200
880.513000
880.545750
881.094150
881.247950
881.493950
881.498650
881.500700
881.506000
881.512650
882.340400
882.359700
883.510650
883.514300
883.518700
884.150700
884.153350
884.181300
884.664100
884.667100
884.991400
884.994450
885.133650
885.136600
885.294700
885.297750
885.301400
886.168200
886.171150
886.175300
886.183400
886.986800
887.005550
887.376100
887.379100
887.383050
887.486500
887.739600
887.966650
888.386700
888.389650
888.394500
888.399150
888.405350
889.593750
889.596300
889.599600
889.611550
889.617750
889.634100
889.647400
889.656000
889.676100
890.530050
890.532850
890.551700
890.569250
890.573300
890.955200
890.958050
891.951300
891.980250
891.984000
892.164550
892.167300
892.200200
892.529800
892.768050
892.770800
892.776400
892.780500
892.794400
893.304150
893.320750
895.009850
895.012550
895.018300
895.040450
895.057500
895.063050
895.387600
895.390600
896.188500
896.602400
896.625400
896.628050
896.631250
896.641300
896.645700
896.660750
897.466150
897.468950
897.472550
897.485450
898.061100
898.065200
898.456200
898.459250
898.475850
898.480350
899.196650
899.199150
899.203650
899.270850
899.273600
899.682750
899.685850
900.362000
900.384950
900.406600
901.064250
901.080750
901.263650
901.266200
901.451200
901.453850
901.457200
901.479800
902.758200
902.766600
902.769550
903.167500
903.170500
903.294300
903.480150
903.487250
903.489850
903.494250
903.496800
903.507050
904.988900
904.991600
904.994850
905.211950
905.214650
905.218400
905.774500
905.821950
906.746650
906.749500
907.403250
907.406100
907.474100
907.757650
907.760250
907.801700
907.817550
907.889450
907.947800
908.487250
908.489950
908.806600
909.441900
909.444500
909.455050
909.917800
909.920800
909.927550
909.935600
909.938900
909.948600
909.956900
912.504600
912.507400
912.961100
912.963650
913.336250
913.339200
915.758950
915.762100
916.030050
916.034550
916.037650
916.041550
916.151100
916.154100
916.157850
916.167150
916.178350
916.202000
916.221650
916.227450
916.427400
916.430400
916.443350
916.668650
916.672350
916.679400
916.754500
916.757100
916.761750
916.773850
917.014100
917.016800
919.064600
919.306350
919.309250
919.312100
919.368300
919.371600
919.595250
919.598000
920.456150
920.663600
920.678050
920.682200
920.684450
920.687250
920.689650
920.704900
920.710950
920.994950
920.997550
921.001100
921.007400
921.019400
921.030150
921.033350
921.118650
921.121900
921.969950
921.972650
922.010850
922.014800
922.139350
922.656100
923.342650
923.345850
923.693600
923.886550
923.894650
924.279600
924.283450
924.295950
926.365000
926.367750
927.209450
927.212550
927.228200
927.364650
928.066550
928.069900
928.425950
928.428700
928.432650
928.447100
928.459550
928.464700
928.472750
929.287150
929.486400
930.056700
930.059350
930.080450
930.083750
930.097550
930.872300
930.874850
930.878700
930.890450
930.911300
931.282950
931.285450
931.294650
931.297750
931.301950
931.333150
932.065100
932.068250
932.664950
932.667600
932.671000
932.680700
932.961250
932.978250
932.981950
933.646750
934.015200
934.017750
934.022250
934.040550
934.248600
934.251650
934.265500
934.517650
934.522600
934.946600
934.949950
934.958150
934.967950
934.982750
935.355200
936.309050
936.713850
936.716400
936.728900
937.166600
937.169650
937.187300
937.235500
937.611750
937.615650
937.705100
937.989450
939.203300
939.205800
939.209250
939.862450
939.865000
939.916350
940.112100
940.155150
940.158000
940.810300
940.813850
940.816800
940.838350
940.880100
940.923100
941.473050
941.476550
941.917000
941.919650
941.923700
942.002950
942.585000
942.593850
942.604100
942.610650
942.616250
943.832650
943.835150
944.827800
945.368400
945.723100
945.727100
946.062600
946.065350
947.844950
947.847500
947.850800
947.871500
947.888350
948.371500
948.696350
948.699450
948.989400
948.992150
949.007950
949.039600
949.554500
949.557150
949.561300
950.191200
950.193850
950.489400
950.496450
951.071350
951.074250
951.076750
951.091900
951.118500
951.178900
951.774800
952.401200
952.404000
952.407250
952.411800
952.424450
952.513300
953.112100
953.114950
953.119350
953.137600
954.142100
954.144750
954.211000
954.234050
954.237150
954.239900
955.076950
955.079600
955.087600
955.113050
955.533900
955.536600
955.827350
955.830250
955.834150
955.846800
955.868400
955.881950
956.467750
956.470850
956.478050
956.490000
957.183700
957.186500
957.190800
958.103700
958.106600
958.129150
958.146200
958.159950
958.953800
958.956400
958.960200
958.970050
958.973800
958.988700
959.853700
959.856800
960.876050
960.884100
961.035300
961.384600
961.387850
961.399350
961.419850
961.908700
961.912950
962.120600
962.275300
962.622050
962.630250
963.969600
963.972400
964.365950
964.370300
964.493700
965.509450
965.512200
965.515750
966.054100
966.070350
966.340650
966.555850
966.558750
966.605100
966.608800
966.624850
967.217400
967.220450
968.417650
968.491000
968.493950
968.660650
968.663450
968.666850
968.681850
969.253600
969.360550
970.130200
970.132650
970.135500
970.139600
970.167500
970.171100
970.919100
970.921550
970.931150
970.946600
970.956450
971.193150
971.405100
971.987850
971.990750
972.659500
972.662500
973.120950
973.128500
973.640800
973.643750
973.928200
973.948800
974.886550
974.889100
974.910450
974.921300
975.569200
975.571800
975.588500
975.817300
975.820300
975.981250
976.092200
977.110200
977.785300
977.808800
977.814300
978.001200
978.004150
978.976700
979.213550
979.216300
979.220000
979.247150
979.285950
979.295150
979.768900
979.771450
979.776450
980.565200
980.567750
980.659450
980.936900
980.939500
981.300900
981.319550
982.375000
982.381900
983.584250
983.587000
983.589450
984.975350
984.978100
984.981450
985.010100
985.013900
985.030750
985.397600
985.889450
985.892100
985.895650
986.750950
986.753900
987.027500
987.030200
987.101950
987.551300
987.554300
987.999350
988.002100
988.782500
988.798900
989.622150
989.643950
989.646950
990.347400
990.840850
991.279850
991.559800
991.562550
991.585550
992.352700
992.951650
992.954450
992.997800
993.001400
993.014950
993.250550
993.506450
993.527550
993.530150
993.835600
994.028850
994.032350
994.193000
994.223450
996.546800
996.549150
996.570850
997.398250
998.103250
998.105800
998.109150
998.751550
998.754050
998.757200
998.779450
998.786900
999.517600
999.520450
999.531750
999.565400
999.967350
999.972500
1000.848800
1000.851950
1001.157800
1001.544200
1002.325200
1002.327800
1002.332700
1002.952550
1002.955250
1002.959950
1002.963900
1003.076450
1003.079900
1003.693700
1003.863350
1003.865950
1003.902800
1003.967100
1004.018750
1004.022250
1004.329250
1004.332100
1004.350050
1004.352550
1004.378550
1004.390450
1004.402400
1005.007600
1005.113700
1005.421850
1005.424600
1005.428500
1005.577050
1005.579900
1005.996450
1005.999600
1006.398400
1006.401350
1006.956950
1006.959500
1006.962900
1007.112650
1008.213150
1008.227650
1008.230900
1008.510300
1008.520800
1008.523200
1008.526650
1008.531150
1008.541350
1008.905650
1008.908500
1008.968100
1008.970950
1009.706650
1010.524300
1010.527050
1010.822900
1010.826050
1010.855450
1010.858750
1013.246350
1013.421550
1013.424050
1013.427450
1013.447100
1013.484850
1013.487950
1013.977300
1014.000000
1014.865400
1014.868000
1014.898900
1015.042950
1015.046250
1015.192000
1015.195600
1015.200750
1015.815300
1016.371100
1016.374000
1016.377450
1016.397450
1016.402750
1016.407450
1016.463500
1016.466850
1016.499550
1016.506050
1016.837700
1016.840800
1016.865550
1016.876400
1017.320250
1017.743200
1017.746300
1017.772400
1018.232200
1018.362500
1018.365100
1018.370500
1018.382050
1018.435950
1018.440500
1019.572150
1019.574650
1019.876650
1019.932500
1019.935350
1019.959900
1020.279300
1020.282450
1020.733250
1020.914950
1020.917950
1020.934950
1021.976100
1021.978900
1021.991600
1022.273300
1022.316550
1023.180600
1023.183700
1024.106250
1024.109300
1024.129900
1024.491350
1024.494650
1024.514900
1025.293500
1026.080400
1026.083500
1026.112150
1026.115300
1026.450750
1026.858750
1026.871150
1027.276900
1027.282150
1027.284800
1027.299850
1027.331100
1027.465500
1027.468450
1028.168750
1028.171650
1028.175300
1028.182850
1028.218700
1028.222650
1028.626000
1028.628500
1028.675500
1028.678850
1028.704850
1028.740250
1028.967050
1029.326700
1029.331700
1029.358200
1030.083750
1030.087100
1030.362100
1030.713050
1030.922750
1030.925500
1031.701450
1031.704200
1031.708800
1031.718700
1031.723300
1031.730850
