70.320950
70.336000
70.360800
70.376000
70.396000
70.435750
70.455750
70.495700
70.515650
70.535700
70.555550
70.560400
70.575600
70.580400
70.595700
70.615650
70.635500
70.640400
70.655600
70.675600
70.715550
70.720350
70.735450
70.755550
70.768250
70.775450
70.780400
70.795450
70.815350
70.820250
70.835400
70.855400
70.860250
70.875350
70.895250
70.908100
70.915350
70.935200
70.955350
70.960050
70.975250
70.980000
70.995350
71.015200
71.035150
71.055150
71.075250
71.095150
71.100100
71.115000
71.135050
71.140150
71.155150
71.175000
71.180000
71.195100
71.215000
71.235150
71.255150
71.275150
71.294850
71.314800
71.334950
71.339800
71.355000
71.359850
71.374850
71.379900
71.394950
71.414950
71.419750
71.427400
71.434750
71.439750
71.447250
71.454750
71.459800
71.474850
71.479800
71.494700
71.499600
71.514700
71.519400
71.534800
71.539750
71.554750
71.559600
71.574750
71.579550
71.587600
71.594850
71.614550
71.619700
71.634750
71.639650
71.654600
71.659500
71.667400
71.674550
71.687250
71.694800
71.700300
71.707500
71.714700
71.720000
71.727100
71.734550
71.747150
71.754650
71.759600
71.774450
71.779450
71.794550
71.799450
71.807450
71.814650
71.819400
71.834450
71.839350
71.854400
71.859350
71.874350
71.879400
71.894400
71.899250
71.914550
71.919200
71.927000
71.934350
71.939350
71.954350
71.959200
71.966900
71.974250
71.979250
71.994400
72.014250
72.019200
72.034450
72.039350
72.054300
72.059100
72.074300
72.094350
72.099250
72.114350
72.134300
72.147000
72.154100
72.159300
72.174200
72.179250
72.186750
72.194100
72.199300
72.214100
72.218950
72.234050
72.239050
72.254100
72.258900
72.274150
72.278950
72.294100
72.314150
72.319000
72.327050
72.334150
72.354000
72.358850
72.374150
72.378950
72.394100
72.398950
72.413900
72.418850
72.434000
72.439000
72.453900
72.473850
72.494000
72.498900
72.514000
72.518750
72.533800
72.538850
72.553950
72.558600
72.573950
72.578800
72.593800
72.598750
72.613850
72.653700
72.673800
72.693700
72.713600
72.733800
72.773850
72.778650
72.793700
72.813600
72.826100
72.833600
72.838550
72.853600
72.858450
72.866400
72.873650
72.893450
72.913550
72.933550
72.946100
72.953600
72.973350
72.993400
72.998300
73.013350
73.033300
73.038250
73.053400
73.058100
73.065900
73.073350
73.093300
73.098250
73.113400
73.118250
73.133400
73.153350
73.173300
73.193300
73.198150
73.213150
73.218200
73.233250
73.238200
73.253300
73.257950
73.273200
73.293400
73.313200
73.333150
73.353050
73.373150
73.377900
73.393050
73.413000
73.432950
73.437850
73.453050
73.457750
73.473000
73.492950
73.498050
73.513100
73.533100
73.553050
73.573000
73.577800
73.592750
73.612800
73.617850
73.632900
73.652750
73.672850
73.677700
73.692850
73.725450
73.732750
73.752850
73.765350
73.772800
73.786050
73.797150
73.812750
73.817700
73.832650
73.837500
73.852750
73.857600
73.872550
73.892650
73.897550
73.912400
73.917550
73.932500
73.952500
73.957600
73.972450
73.977400
73.992500
73.997400
74.012300
74.017250
74.032450
74.037250
74.052350
74.057400
74.072400
74.077400
74.092500
74.105100
74.112250
74.132450
74.152400
74.157100
74.164500
74.172350
74.177200
74.192250
74.197250
74.212200
74.217150
74.232350
74.237200
74.252150
74.272100
74.285000
74.292100
74.297000
74.312300
74.316950
74.332100
74.352050
74.372200
74.376950
74.392100
74.396850
74.404650
74.412000
74.417000
74.424500
74.432000
74.436750
74.444800
74.451900
74.456750
74.471950
74.491900
74.496800
74.504700
74.512000
74.516700
74.524600
74.531950
74.536850
74.551900
74.556750
74.564700
74.571800
74.576800
74.591750
74.596850
74.604200
74.611750
74.616600
74.631800
74.651850
74.656600
74.664100
74.671950
74.676550
74.691750
74.696650
74.711750
74.716600
74.731850
74.736650
74.751700
74.756600
74.764400
74.771800
74.776500
74.784500
74.791600
74.796500
74.811550
74.831600
74.836700
74.851650
74.871550
74.876500
74.891550
74.911500
74.931500
74.936400
74.951600
74.971500
74.991450
74.996250
75.011450
75.031350
75.051300
75.071450
75.083800
75.091300
75.096350
75.111250
75.115950
75.131400
75.136200
75.151400
75.156200
75.164000
75.171250
75.176100
75.191250
75.196000
75.211250
75.216100
75.231250
75.236100
75.251300
75.255950
75.271250
75.279050
75.283900
75.291200
75.311400
75.351150
75.371250
75.391200
75.410950
75.423850
75.430950
75.450900
75.455850
75.470900
75.475950
75.490900
75.495750
75.511050
75.515850
75.523650
75.530950
75.555650
75.570800
75.590850
75.595600
75.610950
75.615900
75.623450
75.630750
75.635800
75.650750
75.655550
75.663250
75.670800
75.675450
75.690750
75.695650
75.710700
75.715450
75.723550
75.730750
75.750600
75.755550
75.770600
75.775450
75.783350
75.790600
75.795150
75.810550
75.830550
75.835450
75.850400
75.855550
75.870500
75.875450
75.890450
75.910400
75.915150
75.930500
75.950550
75.955350
75.970350
75.990400
76.010200
76.030350
76.035400
76.050400
76.070350
76.075150
76.090350
76.103100
76.110200
76.115050
76.130200
76.135300
76.138400
76.143050
76.154900
76.162700
76.170550
76.175650
76.183050
76.190400
76.195500
76.203050
76.210300
76.223000
76.230200
76.234450
76.242250
76.250400
76.254500
76.270050
76.274750
76.282750
76.290000
76.310000
76.330150
76.334950
76.350000
76.354700
76.362800
76.369950
76.389800
76.410050
76.414650
76.429850
76.435000
76.449900
76.454750
76.469950
76.489900
76.509950
76.514800
76.529700
76.534650
76.549650
76.554500
76.569750
76.594650
76.602400
76.609650
76.614750
76.622250
76.634800
76.642550
76.649650
76.654200
76.669600
76.674700
76.689650
76.694400
76.702400
76.709600
76.714700
76.729750
76.734300
76.749600
76.754350
76.769550
76.789450
76.794450
76.809500
76.814200
76.822150
76.829450
76.834350
76.842050
76.849450
76.854250
76.869400
76.874350
76.889300
76.894400
76.909200
76.914200
76.929300
76.949350
76.954200
76.969550
76.989150
76.994050
77.009250
77.014000
77.029200
77.049150
77.054100
77.069100
77.089150
77.109150
77.129000
77.134200
77.142050
77.149250
77.154000
77.169150
77.174000
77.181550
77.189000
77.193850
77.208950
77.228850
77.248950
77.253850
77.268900
77.273800
77.288950
77.293750
77.301650
77.309000
77.314100
77.329050
77.348800
77.353900
77.368750
77.373850
77.388700
77.408800
77.413550
77.428750
77.433500
77.448700
77.473500
77.488650
77.508800
77.513500
77.528700
77.533450
77.548700
77.553600
77.568550
77.588700
77.593500
77.608600
77.613450
77.633450
77.648550
77.668600
77.673300
77.688400
77.693200
77.708450
77.713400
77.728550
77.733450
77.740850
77.748400
77.768350
77.788350
77.801250
77.808400
77.828350
77.848450
77.868350
77.873200
77.888350
77.893250
77.908200
77.913150
77.948250
77.953200
77.968250
77.988250
78.008200
78.028150
78.033100
78.048100
78.068050
78.088100
78.108150
78.112900
78.128050
78.148000
78.168000
78.173000
78.188000
78.207950
78.232750
78.247900
78.267850
78.272950
78.288000
78.307950
78.327850
78.332750
78.347850
78.368000
78.387700
78.420450
78.447850
78.467850
78.472600
78.487650
78.527700
78.547650
78.567650
78.592550
78.600150
78.607700
78.627600
78.647700
78.667650
78.687550
78.707550
78.727700
78.732500
78.747500
78.767500
78.787500
78.792400
78.807450
78.812550
78.827400
78.832300
78.847300
78.867400
78.872400
78.887600
78.907350
78.912500
78.927350
78.947300
78.967450
78.972450
78.987300
78.999700
79.013150
79.027000
79.032300
79.047250
79.052200
79.059950
79.067250
79.072100
79.079850
79.087250
79.092200
79.107150
79.111950
79.127250
79.131900
79.147250
79.152000
79.167150
79.172050
79.187200
79.192150
79.207050
79.212100
79.227150
79.231950
79.247150
79.259650
79.267050
79.271850
79.287250
79.307100
79.311900
79.327150
79.332400
79.339900
79.347250
79.352250
79.359900
79.367200
79.372450
79.379800
79.387200
79.392400
79.406800
79.411950
79.426950
79.431650
79.447050
79.467050
79.479550
79.487000
79.507000
79.511650
79.527000
79.539700
79.546850
79.551800
79.566900
79.571700
79.586850
79.591900
79.606900
79.611750
79.626850
79.631800
79.646900
79.667000
79.671700
79.686800
79.691900
79.706950
79.719650
79.726900
79.739650
79.746850
79.766950
79.779600
79.787000
79.806600
79.811650
79.826750
79.831750
79.846750
79.851700
79.866650
79.871350
79.886800
79.891600
79.906600
79.926800
79.931700
79.946700
79.951450
79.966750
79.971300
79.986700
79.991500
80.006600
80.011400
80.026700
80.031400
80.046550
80.051450
80.066700
80.071550
80.086700
80.106750
80.114150
80.126550
80.131300
80.146500
80.166450
80.179600
80.199350
80.206750
80.226550
80.246500
80.286700
80.291200
80.306450
80.319200
80.326300
80.331100
80.346500
80.351350
80.366350
80.371200
80.386450
80.391350
80.406400
80.411300
80.426350
80.446300
80.451700
80.459150
80.466250
80.471150
80.486350
80.491150
80.506300
80.526350
80.531650
80.539200
80.546400
80.551650
80.559100
80.566400
80.571600
80.586400
80.599250
80.610850
80.626300
80.631000
80.646350
80.651150
80.666300
80.671300
80.686300
80.691000
80.706300
80.711300
80.726500
80.731250
80.751150
80.766100
80.771200
80.786150
80.791150
80.806200
80.826250
80.831200
80.838500
80.846150
80.851050
80.866250
80.871000
80.886250
80.891250
80.898650
80.906150
80.910950
80.918700
80.926450
80.933200
80.938950
80.946350
80.951450
80.959050
80.966200
80.971500
80.979000
80.986000
80.998950
81.006400
81.019050
81.026400
81.031050
81.046100
81.066200
81.086200
81.106050
81.111000
81.126200
81.146250
81.151100
81.166200
81.171200
81.186300
81.206250
81.211200
81.226100
81.231200
81.246250
81.251150
81.266400
81.286150
81.306150
81.326050
81.346150
81.386250
81.398950
81.406150
81.411850
81.418000
81.426250
81.431250
81.446000
81.450800
81.466100
81.470800
81.486000
81.490900
81.506200
81.526100
81.546100
81.566000
81.586050
81.606250
81.626050
81.645950
81.651350
81.666000
81.671150
81.705950
81.725800
81.731000
81.746050
81.766000
81.785950
81.790850
81.806000
81.826000
81.838850
81.845900
81.850800
81.866050
81.870950
81.878750
81.886050
81.905850
81.910750
81.926000
81.945950
81.965950
81.970850
81.985950
81.990750
82.005950
82.010900
82.025900
82.031050
82.046050
82.050850
82.058700
82.066050
82.070950
82.086050
82.091000
82.098300
82.106150
82.118950
82.126200
82.138900
82.150450
82.165900
82.170950
82.186200
82.199050
82.210900
82.226100
82.230900
82.246000
82.251000
82.265950
82.270850
82.286150
82.290950
82.298700
82.306100
82.311050
82.325950
82.330900
82.346000
82.366000
82.371000
82.385950
82.398800
82.405950
82.410750
82.418350
82.426050
82.438800
82.445950
82.450650
82.466150
82.470900
82.486200
82.506050
82.526050
82.546200
82.566100
82.586000
82.594300
82.598600
82.606250
82.611400
82.618950
82.626250
82.638950
82.646300
82.651350
82.659250
82.666200
82.670950
82.686100
82.691550
82.699050
82.706150
82.710800
82.718750
82.726050
82.738950
82.746250
82.750950
82.758700
82.766100
82.770950
82.785950
82.790900
82.806100
82.811000
82.826200
82.846050
82.866100
82.886150
82.891050
82.906200
82.918750
82.926200
82.931050
82.938450
82.946250
82.966100
82.971050
82.986050
82.991150
82.999000
83.006250
83.018500
83.026100
83.031100
83.046300
83.051000
83.053900
83.058700
83.071450
83.086100
83.091000
83.106000
83.118800
83.126050
83.138900
83.146000
83.150850
83.166150
83.170750
83.186100
83.198900
83.206050
83.226050
83.246150
83.251100
83.266200
83.286100
83.306200
83.311200
83.319000
83.326300
83.331000
83.346200
83.351100
83.366250
83.371200
83.378900
83.386200
83.391100
83.399050
83.406250
83.426200
83.431100
83.446400
83.451200
83.459050
83.466300
83.471200
83.486150
83.491000
83.506100
83.511100
83.519100
83.526250
83.531200
83.546250
83.551050
83.566200
83.571200
83.586250
83.591400
83.606200
83.611200
83.619000
83.626350
83.631200
83.646250
83.651400
83.666200
83.671250
83.686300
83.691150
83.706200
83.711150
83.726300
83.746250
83.758800
83.766600
83.786100
83.799000
83.806500
83.811250
83.826400
83.846350
83.859000
83.866450
83.871300
83.886400
83.899200
83.906400
83.926400
83.931350
83.946600
83.951000
83.966350
83.986400
84.006450
84.019200
84.026450
84.031250
84.046350
84.066400
84.086500
84.091300
84.106350
84.111250
84.119250
84.126500
84.139250
84.146500
84.151350
84.166500
84.186400
84.206500
84.219250
84.226500
84.231450
84.245650
84.252150
84.259300
84.266500
84.271950
84.286600
84.306550
84.311650
84.319250
84.326550
84.331500
84.346550
84.366600
84.386550
84.411350
84.426700
84.431650
84.446650
84.451600
84.466600
84.479250
84.486600
84.506700
84.511400
84.546600
84.566750
84.571700
84.586600
84.591650
84.606950
84.611750
84.619100
84.626850
84.631500
84.646700
84.651700
84.666700
84.671850
84.686800
84.691600
84.706750
84.711650
84.726800
84.746800
84.751550
84.759600
84.766700
84.771650
84.786800
84.806850
84.826900
84.831850
84.839400
84.846950
84.851500
84.859700
84.866900
84.871700
84.886900
84.891900
84.906850
84.912050
84.926950
84.931850
84.939750
84.946950
84.951750
84.959850
84.966800
84.971950
84.986900
85.006300
85.014500
85.019400
85.031550
85.047000
85.052050
85.067100
85.071950
85.087050
85.092200
85.106950
85.127150
85.147000
85.151950
85.167050
85.171900
85.179800
85.187100
85.191800
85.200000
85.207000
85.212100
85.219800
85.227100
85.231950
85.247100
85.252100
85.267400
85.272400
85.287350
85.292300
85.307250
85.312250
85.327400
85.347200
85.360450
85.367650
85.371700
85.380050
85.387400
85.407400
85.412900
85.423450
85.432100
85.447300
85.451950
85.467350
85.472350
85.487250
85.492100
85.500250
85.507300
85.527200
85.547400
85.567450
85.587350
85.592350
85.607500
85.627450
85.632400
85.647400
85.652150
85.667450
85.672650
85.680350
85.687600
85.692400
85.707550
85.712500
85.727650
85.747750
85.760150
85.767500
85.787600
85.792400
85.807600
85.812550
85.827750
85.832650
85.847550
85.852750
85.867550
85.872650
85.880450
85.887500
85.892600
85.907600
85.912350
85.927550
85.932400
85.947650
85.952550
85.967700
85.972650
85.987700
85.992700
86.007850
86.012750
86.020450
86.027700
86.032550
86.047700
86.052550
86.067800
86.072750
86.092400
86.100800
86.107750
86.112750
86.127800
86.132950
86.147700
86.155800
86.173100
86.180750
86.188100
86.193350
86.200750
86.208200
86.220750
86.228050
86.233100
86.247850
86.268050
86.273000
86.288000
86.292900
86.308100
86.312800
86.320850
86.328150
86.348150
86.368350
86.468350
86.508650
86.528250
86.548450
86.675950
87.048900
87.249150
87.289050
584.207750
584.216000
584.223300
584.243350
584.282950
584.288200
584.303100
584.323350
584.343000
584.348100
584.368000
584.375350
584.383150
584.403050
584.408000
584.423000
584.443000
584.447950
584.463000
584.467850
584.483100
584.488000
584.503100
584.523150
584.543000
584.562950
584.567850
584.582900
584.587950
584.602800
584.622950
584.627900
584.642900
584.662900
584.667650
584.702950
584.715750
584.722950
584.735800
584.742850
584.755650
584.762950
584.782950
584.803100
584.815100
584.862850
584.882850
584.915400
584.922850
584.927600
584.942800
584.982800
585.002650
585.022750
585.042500
585.062600
585.067350
585.082550
585.102550
585.107600
585.122600
585.142800
585.162550
585.182000
585.202550
585.215350
585.222500
585.242400
585.247500
585.262650
585.282550
585.287250
585.302550
585.322650
585.342600
585.347350
585.382400
585.402700
585.422500
585.427250
585.442550
585.447350
585.462400
585.467150
585.482300
585.502500
585.522350
585.527250
585.535200
585.542300
585.562500
585.582350
585.602350
585.622250
585.635500
585.647100
585.662250
585.682250
585.694750
585.702450
585.727050
585.742250
585.747400
585.762350
585.782200
585.802250
585.842200
585.847000
585.854900
585.862250
585.867100
585.882150
585.902100
585.907100
585.922100
585.927200
585.942100
585.947100
585.982050
585.986950
585.994450
586.002000
586.022150
586.027050
586.041950
586.046950
586.062100
586.074850
586.082250
586.107000
586.122000
586.127000
586.142150
586.162100
586.166950
586.182150
586.202100
586.226900
586.242050
586.261800
586.266900
586.281900
586.286800
586.302150
586.306800
586.322000
586.342050
586.361950
586.381900
586.441850
586.461850
586.482000
586.501800
586.521850
586.526550
586.541700
586.546800
586.561800
586.566600
586.581750
586.601750
586.621850
586.641850
586.646500
586.661700
586.701750
586.721600
586.726600
586.741550
586.746650
586.761600
586.766550
586.801700
586.821750
586.841750
586.861550
586.881500
586.901750
586.921550
586.941500
586.961500
586.981500
587.021500
587.041450
587.061500
587.066400
587.081500
587.094250
587.101550
587.121650
587.141550
587.161650
587.181450
587.201500
587.221350
587.241450
587.246350
587.261300
587.281350
587.301200
587.314200
587.321450
587.326050
587.361450
587.401200
587.426100
587.441250
587.446300
587.481300
587.501300
587.506100
587.521350
587.541100
587.546200
587.561150
587.566250
587.581300
587.601250
587.621400
587.641200
587.661100
587.666150
587.681100
587.701250
587.721100
587.741300
587.746100
587.754000
587.761150
587.780950
587.801050
587.821000
587.833850
587.841000
587.845950
587.861300
587.881100
587.886200
587.900900
587.921000
587.941150
587.961000
587.980850
588.001150
588.005900
588.021050
588.040850
588.060800
588.081100
588.100900
588.105650
588.120800
588.125900
588.133500
588.140800
588.160850
588.180800
588.185900
588.200900
588.220750
588.225700
588.240950
588.245850
588.253650
588.260800
588.280800
588.300850
588.320700
588.325500
588.333750
588.340650
588.360700
588.380700
588.400600
588.405800
588.420600
588.425700
588.440700
588.460750
588.465550
588.480650
588.485600
588.500600
588.520550
588.525500
588.540450
588.545550
588.560700
588.580600
588.600550
588.620500
588.640750
588.660600
588.680500
588.685500
588.700550
588.720600
588.740550
588.753450
588.760550
588.780650
588.785500
588.800650
588.820550
588.840550
588.860450
588.880550
588.900550
588.920400
588.940400
588.960400
588.973200
588.980650
589.000450
589.020450
589.040300
589.045250
589.060450
589.080400
589.085450
589.100500
589.140550
589.160400
589.180350
589.185450
589.200300
589.220400
589.260300
589.300400
589.320400
589.340250
589.360150
589.365250
589.380150
589.400300
589.405100
589.420300
589.425300
589.440300
589.460200
589.480200
589.500250
589.520200
589.528100
589.540250
589.545100
589.560200
589.565000
589.580050
589.600250
589.605150
589.620150
589.625250
589.640100
589.660200
589.665200
589.680050
589.685150
589.692850
589.700200
589.705050
589.720200
589.724900
589.739950
589.760100
589.765200
589.772850
589.779900
589.785050
589.800100
589.805000
589.820000
589.840200
589.845000
589.860000
589.880050
589.885100
589.900150
589.920150
589.925000
589.940100
589.944950
589.960200
589.964900
589.979950
589.985100
590.000000
590.004900
590.019900
590.024850
590.040150
590.045050
590.060050
590.079950
590.084850
590.100000
590.104850
590.119950
590.124900
590.139900
590.160050
590.164900
590.179800
590.185000
590.200000
590.212700
590.219900
590.232400
590.239900
590.244900
590.260000
590.279900
590.285050
590.300000
590.304850
590.319800
590.324900
590.339850
590.359950
590.380050
590.399850
590.419750
590.425100
590.439950
590.459800
590.479800
590.484750
590.499900
590.519900
590.524500
590.539900
590.544750
590.559950
590.564950
590.579800
590.599900
590.619800
590.624750
590.639950
590.672750
590.680050
590.699950
590.705050
590.719850
590.744750
590.759700
590.779700
590.799900
590.819850
590.839850
590.879950
590.884700
590.899750
590.919800
590.939800
590.959800
590.979650
590.984600
590.999650
591.026950
591.032100
591.052650
591.066800
591.072600
591.079900
591.084550
591.091950
591.119650
591.139550
591.159500
591.164400
591.179600
591.184400
591.199700
591.219650
591.239550
591.244400
591.252450
591.259600
591.264400
591.279650
591.299550
591.304500
591.319600
591.324500
591.339600
591.359550
591.379700
591.399700
591.419450
591.439550
591.459550
591.464500
591.479500
591.499750
591.519650
591.527200
591.544450
591.559550
591.564550
591.579650
591.599550
591.619600
591.624400
591.659800
591.679500
591.699650
591.704450
591.719500
591.739550
591.759600
591.779350
591.799550
591.812050
591.819600
591.839550
591.852300
591.859450
591.879400
591.899500
591.911700
591.939650
591.952300
591.999500
592.004550
592.019500
592.024450
592.039650
592.044300
592.059550
592.079550
592.099500
592.139500
592.159700
592.179450
592.199550
592.219600
592.224450
592.239650
592.264350
592.299600
592.307200
592.319700
592.327650
592.339400
592.359450
592.364050
592.379600
592.399500
592.404400
592.412350
592.419650
592.439500
592.459550
592.464450
592.479650
592.499600
592.519400
592.524450
592.539500
592.559350
592.599400
592.619450
592.624350
592.639400
592.659550
592.679400
592.699300
592.719500
592.739550
592.759450
592.779450
592.819550
592.839500
592.844250
592.859500
592.879300
592.884250
592.899650
592.904200
592.912150
592.979550
592.999550
593.004350
593.019400
593.024600
593.039400
593.059500
593.079550
593.084450
593.099500
593.119550
593.159450
593.179500
593.199550
593.224350
593.239600
593.264300
593.279450
593.299450
593.319450
593.339500
593.359600
593.379500
593.399600
593.412350
593.419600
593.432200
593.439550
593.459400
593.479650
593.499550
593.504300
593.519500
593.539650
593.559450
593.572200
593.579450
593.592500
593.599600
593.619500
593.624600
593.639550
593.679700
593.699550
593.719500
593.739650
593.759550
593.779700
593.784450
593.819600
593.839600
593.859600
593.879500
593.899500
593.904550
593.919600
593.939500
593.959600
593.979600
593.992050
593.999750
594.019500
594.039500
594.059600
594.079600
594.099600
594.119350
594.124650
594.159450
594.179650
594.199550
594.239600
594.244550
594.259550
594.279500
594.299650
594.319600
594.339550
594.359500
594.379650
594.399850
594.419650
594.439400
594.444300
594.459550
594.479800
594.499750
594.519800
594.539700
594.544550
594.559700
594.579650
594.624550
594.639700
594.679700
594.699550
594.719650
594.739600
594.759600
594.779700
594.784650
594.792200
594.799750
594.819750
594.824750
594.839750
594.859700
594.879700
594.899650
594.919700
594.959750
594.999750
595.019750
595.039850
595.059800
595.099850
595.104550
595.119750
595.139700
595.159800
595.179800
595.199700
595.220000
595.239700
595.259750
595.279800
595.299850
595.319950
595.339850
595.359750
595.379900
595.399800
595.419850
595.439750
595.444850
595.459800
595.479800
595.499950
595.519800
595.539850
595.559850
595.579950
595.619750
595.639900
595.659950
595.672450
595.680000
595.699850
595.719800
595.739800
595.759950
595.779750
595.799850
595.819950
595.839800
595.859950
595.884800
595.899900
595.919950
595.939800
595.944750
595.979800
595.999950
596.019950
596.039950
596.059850
596.080050
596.099850
596.120000
596.139900
596.159900
596.185050
596.199950
596.204650
596.220050
596.239850
596.245000
596.260050
596.280150
596.292500
596.300000
596.319800
596.324700
596.379900
596.400050
596.420100
596.439950
596.500050
596.520200
596.525100
596.540050
596.560050
596.580050
596.600150
596.620250
596.640250
596.680150
596.700000
596.720150
596.740250
596.760150
596.765100
596.800150
596.820050
596.840050
596.880250
596.900200
596.920250
596.960300
596.980300
597.000150
597.020150
597.040250
597.045000
597.060250
597.065150
597.080200
597.100150
597.180150
597.200150
597.205100
597.220200
597.240200
597.260350
597.280200
597.300250
597.320300
597.340150
597.360300
597.380200
597.385050
597.400000
597.420200
597.440300
597.460250
597.480250
597.500400
597.520300
597.560300
597.580500
597.600250
597.620200
597.640350
597.645100
597.680300
597.685450
597.700250
597.720250
597.740250
597.780350
597.800400
597.860450
597.880400
597.900400
597.920350
597.980350
598.000350
598.020350
598.040300
598.052900
598.060350
598.080350
598.100350
598.120350
598.140350
598.160500
598.180350
598.200250
598.220350
598.253100
598.320450
598.340600
598.380400
598.400500
598.420600
598.440500
598.460450
598.480500
598.485150
598.500300
598.540600
598.560450
598.580550
598.600450
598.620500
598.640600
598.680600
598.713450
598.733150
598.740650
598.760550
598.765100
598.780650
598.785550
598.800500
598.840550
598.860450
598.880650
598.885250
598.893250
598.900500
598.920650
598.940450
598.945400
598.980450
599.000400
599.020650
599.060550
599.065500
599.080550
599.085600
599.100550
599.105400
599.120500
599.140400
599.160650
599.165450
599.200550
599.220600
599.225750
599.240650
599.245350
599.260700
599.280550
599.285550
599.300750
599.313350
599.320750
599.333450
599.353450
599.360700
599.380550
599.385400
599.400500
599.413350
599.420500
599.425550
599.440600
599.460750
599.465550
599.480550
599.485400
599.500600
599.505300
599.520650
599.540600
599.545400
599.560600
599.585400
599.600650
599.620700
599.640750
599.660650
599.665300
599.700650
599.740650
599.760650
599.800550
599.813250
599.820700
599.840650
599.860800
599.880600
599.900600
599.920700
599.940850
599.960850
599.965750
599.980850
599.985500
600.000700
600.025650
600.040600
600.053550
600.060700
600.065500
600.073300
600.080750
600.100700
600.120800
600.140750
600.153600
600.165300
600.180750
600.200800
600.205750
600.220800
600.240550
600.260850
600.300750
600.320750
600.360750
600.365700
600.380700
600.420550
600.440700
600.460600
600.465650
600.480650
600.500700
600.505650
600.520550
600.540650
600.560650
600.580750
600.600600
600.620650
600.640650
600.660550
600.700450
600.720600
600.725750
600.740500
600.760650
600.780550
600.785650
600.820650
600.840700
600.845650
600.860650
600.865300
600.880550
600.900600
600.920550
600.925700
600.960550
600.980600
601.000600
601.025500
601.040700
601.080650
601.100550
601.120800
601.125650
601.140500
601.180550
601.220500
601.240650
601.260550
601.300650
601.320550
601.360500
601.365350
601.380500
601.385450
601.400400
601.425400
601.440600
601.460600
601.525150
601.540400
601.545550
601.560600
601.580500
601.600450
601.605450
601.620500
601.625550
601.640350
601.680300
601.700550
601.720450
601.725350
601.740350
601.760650
601.780500
601.800500
601.805300
601.820550
601.840450
601.860550
601.880500
601.905300
601.940400
601.980200
601.985250
602.000400
602.020350
602.040450
602.060550
602.080450
602.085350
602.100600
602.120300
602.140350
602.145350
602.160350
602.180300
602.200400
602.213150
602.220550
602.240300
602.260350
602.265350
602.300300
602.320350
602.332650
602.340300
602.345300
602.360300
602.365200
602.380350
602.385100
602.400100
602.405100
602.420350
602.440150
602.460250
602.480300
602.500100
602.505150
602.525200
602.540200
602.545000
602.560150
602.580150
602.620050
602.632350
602.645850
602.652850
602.660250
602.680100
602.700100
602.705050
602.712450
602.725100
602.740050
602.760200
602.764950
602.780000
602.800200
602.820050
602.840150
602.860100
602.865100
602.880050
602.920150
602.924900
602.945000
602.960050
602.980100
602.985000
603.000000
603.005000
603.020200
603.040050
603.045000
603.060050
603.065000
603.092800
603.099950
603.127800
603.139950
603.160150
603.199950
603.220050
603.259700
603.279950
603.312600
603.319850
603.359950
603.379800
603.384600
603.399700
603.419800
603.439800
603.479750
603.519800
603.539850
603.551950
603.559650
603.564550
603.579650
603.584800
603.599600
603.604550
603.612650
603.619550
603.624550
603.639700
603.644550
603.659600
603.664500
603.679800
603.684550
603.719600
603.739700
603.744500
603.759500
603.799300
603.804350
603.812200
603.819250
603.839600
603.844450
603.879400
603.891900
603.899450
603.912100
603.919700
603.939250
603.952100
603.959450
603.972200
603.979550
603.992100
603.999550
604.019300
604.079250
604.099500
604.111900
604.119350
604.124250
604.144150
604.159250
604.179150
604.199050
604.219150
604.239200
604.259200
604.278950
604.299050
604.305350
604.312250
604.319300
604.331850
604.339150
604.344550
604.351750
604.359250
604.364600
604.371900
604.379050
604.384350
604.391800
604.399100
604.404350
604.411750
604.419150
604.431700
604.439150
604.444350
604.451750
604.459050
604.466650
604.478850
604.498850
604.503800
604.538800
604.543800
604.558750
604.578800
604.598800
604.618850
604.623950
604.638900
604.658800
604.678850
604.698900
604.718650
604.738700
604.778800
604.791450
604.818600
604.838650
604.858650
604.863500
604.878500
604.883500
604.891100
604.898450
604.903600
604.918650
604.938550
604.951200
604.958550
604.978300
604.998450
605.018250
605.038550
605.078500
605.083350
605.098400
605.118550
605.138350
605.158400
605.178350
605.198300
605.218300
605.258350
605.262850
605.278250
605.298200
605.318050
605.338100
605.358150
605.370900
605.378200
605.390550
605.398150
605.417950
605.438200
605.457950
605.477850
605.497750
605.510800
605.518200
605.523350
605.530700
605.538150
605.550850
605.558150
605.578150
605.610750
605.618050
605.630700
605.637950
605.650700
605.658000
605.670700
605.677900
605.690500
605.697950
605.710750
605.737850
605.750500
605.758050
605.778200
605.790500
605.797900
605.810500
605.817750
605.830600
605.837750
605.850350
605.862050
605.877550
605.890200
605.897700
605.917500
605.929900
605.937750
605.949850
605.957750
605.970400
605.977800
606.010400
606.037700
606.050250
606.057650
606.070250
606.077600
606.090400
606.097450
606.117650
606.137600
606.150150
606.157550
606.177500
606.190300
606.197450
606.210300
606.217450
606.241650
606.262150
606.277100
606.297250
606.302300
606.316950
606.337250
606.370000
606.377350
606.430100
606.437300
606.449900
606.469950
606.477200
606.509950
606.517150
606.529900
606.537200
606.596950
606.621400
606.636800
606.676800
606.696750
606.716750
606.729150
606.776850
606.789400
606.809500
606.816750
606.849500
606.869100
606.876800
606.889500
606.896800
606.909400
606.916800
606.922550
606.929500
606.936750
606.949100
606.956600
606.963200
606.969350
606.976700
606.989200
607.003300
607.009150
607.029250
607.036550
607.056300
607.076550
607.081400
607.089200
607.096550
607.109150
607.116400
607.129050
607.136500
607.149150
607.156550
607.169050
607.176400
607.196400
607.209250
607.216400
607.223750
607.229150
607.248750
607.256250
607.276300
607.288800
607.296150
607.308900
607.316250
607.328950
607.341150
607.356000
607.376050
607.388450
607.396350
607.400550
607.416050
607.441000
607.495950
607.501650
607.508800
607.516100
607.528650
607.536250
607.568550
607.576050
607.588800
607.596000
607.608050
607.616050
607.628650
607.635850
607.648550
607.655750
607.661150
607.680600
607.695700
607.700450
607.715750
607.720650
607.735600
607.755700
607.795750
607.815500
607.820550
607.835500
607.855500
607.875750
607.915550
607.935550
607.955550
607.963300
608.015650
608.035450
608.048150
608.055650
608.088350
608.095500
608.115500
608.128100
608.135550
608.175250
608.195000
608.219600
608.275100
608.347750
608.355250
608.375150
608.387850
608.455050
608.475000
608.481650
608.487650
608.494850
608.500150
608.514800
608.554800
608.594650
608.614650
608.634750
608.654650
608.674550
608.754650
608.774400
608.779300
608.794600
608.807350
608.814650
608.867300
608.874350
608.934250
608.954200
608.959350
608.974200
608.994250
609.014050
609.034250
609.054250
609.066550
609.114150
609.134150
609.174100
609.194100
609.213950
609.219000
609.233950
609.253900
609.281750
609.286550
609.299200
609.306850
609.314150
609.326800
609.334050
609.339800
609.393900
609.433900
609.441450
609.453900
609.466500
609.474000
609.513900
609.533650
609.553750
609.558600
609.573800
609.593750
609.598400
609.633750
609.653700
609.677950
609.685350
609.693500
609.713500
609.766050
609.773450
609.793350
609.833400
609.853300
609.858250
609.873350
609.893400
609.913400
609.933300
609.953300
609.973400
609.978350
609.986000
610.013300
610.033400
610.046000
610.053300
610.066100
610.085750
610.097850
610.113250
610.133100
610.172950
610.193050
610.232950
610.272900
610.292900
610.312900
610.357750
610.372850
610.432900
610.452650
610.492850
610.525550
610.552550
610.592500
610.612400
610.652500
610.672350
610.677250
610.717700
610.732450
610.737400
610.752700
610.772300
610.812450
610.832400
610.852350
610.872450
610.892400
610.912350
610.952300
610.972400
611.072250
611.112200
611.212200
611.237050
611.252100
611.271950
611.292100
611.304700
611.332150
611.371850
611.391950
611.412000
611.416750
611.431950
611.436950
611.452000
611.491700
611.551750
611.564050
611.571800
611.591650
611.596700
611.611700
611.631550
611.651650
611.656550
611.671700
611.691650
611.711650
611.731700
611.751550
611.771750
611.791450
611.871550
611.891550
611.911450
611.931600
611.951600
611.991600
612.051350
612.071450
612.091450
612.131500
612.151400
612.171300
612.191400
612.231200
612.251350
612.291350
612.311300
612.331350
612.351300
612.411150
612.431200
612.451100
