71.224000
71.724500
71.736850
72.143550
73.382150
74.321400
74.480850
74.521050
74.598750
74.860650
75.819600
76.200100
77.197950
78.397100
78.816650
79.324400
79.356800
79.416150
79.536000
80.096050
80.315500
80.576300
80.603850
80.695150
81.594950
82.215100
82.334850
82.596000
82.655900
82.774900
83.075950
84.435800
84.635600
84.836000
85.976750
86.256800
86.677750
584.651600
584.792300
584.810150
586.290900
586.675150
587.935000
588.090000
589.649350
590.389300
590.669550
590.689500
590.709050
590.829000
590.889000
591.034350
591.094650
591.528800
593.628350
597.769000
602.274500
602.489200
602.670050
603.248950
603.908850
603.948650
603.988750
604.267900
604.308900
604.348400
604.388550
604.428600
604.468750
605.507650
605.607600
605.726600
605.746800
605.806950
605.986650
606.006450
606.027200
606.067000
606.126750
606.146500
606.186600
606.446350
606.466200
606.526500
606.545900
606.585950
606.805800
606.946200
607.025600
607.146050
607.185750
607.225700
607.265400
607.305650
607.325550
607.365350
607.505650
607.525300
607.565200
607.605100
607.984800
608.004600
608.024450
608.044700
608.064450
608.084800
608.104750
608.184400
608.324150
608.363950
608.384400
608.424150
608.444250
608.484250
608.504250
609.083200
609.107650
609.463450
610.022150
610.082550
610.502500
610.521550
611.640600
