0.219450
2.355650
10.223800
10.227700
10.303700
10.308100
11.019350
14.799200
15.096000
17.569350
40.904600
40.920200
59.540750
61.843000
64.621600
68.006050
69.645400
69.964600
70.025050
70.064300
70.104200
70.109850
70.129850
70.197000
70.222300
70.224500
70.281750
72.740800
78.195350
83.113300
83.693300
83.954000
84.053500
85.174300
86.936650
86.997350
87.142200
87.302550
92.766050
99.680900
100.635550
104.134350
120.308550
120.628750
128.731200
138.994900
139.461850
140.379700
147.950400
173.122450
186.291800
209.598250
224.214850
224.862850
242.594300
244.504550
262.539750
267.581300
270.412800
272.769600
279.215750
280.748450
287.309000
287.316500
292.332250
299.103550
301.690250
304.076150
308.028300
308.987150
321.411800
328.148650
333.210250
342.209800
356.331300
356.945200
361.267950
363.339400
365.401350
382.187500
382.211600
389.389050
392.122100
403.343950
411.773150
418.199800
426.650300
429.225500
432.004000
473.771800
474.419200
475.836450
482.542200
484.240250
489.357000
495.465350
501.489900
504.863900
509.409850
512.661300
514.366650
517.150600
531.344400
546.149000
551.906800
561.810750
561.937750
565.181350
565.495200
565.514950
566.345900
572.882550
578.141550
579.026150
581.345550
582.205150
583.024400
584.204050
585.329600
589.524050
593.687600
594.946750
595.028250
596.008850
596.189000
596.569050
599.827750
602.625700
604.304600
608.719900
609.456600
609.620900
609.998400
610.282100
610.478000
611.619800
611.940200
616.736300
623.621100
624.715650
628.904950
630.705050
638.168200
641.023200
651.077600
651.285100
655.304550
655.504800
658.015250
658.281750
659.201100
661.711500
665.061800
667.295100
668.374650
669.566550
669.982250
672.293300
672.473100
672.673400
673.053700
674.272600
675.492200
679.993950
681.208600
682.048000
685.426850
691.499650
695.185850
697.081550
702.074900
702.337700
702.792750
704.324500
751.173550
753.074700
753.473000
754.701450
755.652200
763.556800
816.238850
817.606800
818.218700
825.971250
833.310500
834.224400
834.345950
841.804450
845.628050
873.142550
876.065900
906.513000
913.328100
916.966800
953.795300
954.038150
954.530400
965.122750
966.578750
966.632450
967.087350
967.653550
979.888100
1005.362050
1005.913650
1016.963450
1017.378050
