2.388050
3.939650
5.019700
5.461700
5.799300
10.206450
18.601850
19.310700
22.900700
36.943400
36.985200
43.374600
49.917850
52.946850
53.804250
59.324200
66.592300
70.281650
85.428000
87.415050
88.689750
88.942500
96.070650
99.548200
100.400350
109.382550
115.051950
115.059700
116.463550
120.694300
120.801650
123.287300
123.963600
127.541500
159.017050
159.116600
162.580400
165.007900
168.402550
171.511150
172.651850
173.650400
177.386400
180.023800
182.179600
183.014050
185.566200
186.216050
190.353000
192.516850
192.549700
198.137550
199.705200
206.370050
208.993050
215.992000
217.482700
218.994350
222.958550
234.452750
236.285850
245.853150
253.410900
258.059600
260.115950
260.661650
264.627500
271.914750
272.279450
281.894150
294.670100
305.951600
309.069150
310.947600
310.957650
318.051300
319.004650
319.307850
320.764200
327.229650
329.580800
332.284150
332.418100
339.668350
340.138200
343.390850
345.368650
346.432950
352.242850
353.485800
355.951100
359.757650
360.019100
361.790700
374.466000
379.279050
390.639350
399.351250
406.233050
410.273250
420.533000
427.136750
433.776350
434.546400
443.611150
444.980550
458.962100
460.286700
461.022050
467.209150
469.521200
470.114750
475.565050
476.527400
483.885700
484.938850
486.597650
493.217600
499.914300
501.772350
505.583950
508.663600
519.136050
520.776200
522.289650
523.901100
524.821800
528.630200
535.963000
536.542650
536.957450
538.303850
542.303550
543.876350
551.316550
553.032350
553.038050
553.297900
558.282350
565.674700
567.663150
570.235850
570.879550
575.000150
576.683350
577.383500
579.073500
580.523000
613.637250
616.109900
616.131250
616.143400
616.436550
617.846100
620.196850
621.174350
621.737950
621.858500
622.201050
622.626000
629.777750
630.277600
632.932100
633.450550
634.156500
634.682650
635.429750
638.263350
639.147650
640.070450
644.236000
646.629750
646.743750
648.136600
648.297050
648.416800
649.237600
650.422200
651.210600
652.017050
657.922300
658.175350
658.180250
659.061500
661.070950
661.907100
664.422250
664.956000
665.028000
665.943950
666.775200
666.860300
669.905900
671.119600
671.813750
671.833950
672.513200
675.145900
675.436550
675.731600
677.690350
677.890050
678.150900
678.730100
678.787200
681.253650
682.852850
685.073500
687.052350
694.632250
695.265200
696.879050
707.010150
708.445900
710.829600
715.849550
715.889400
719.247450
722.451650
723.355550
725.488500
725.676400
725.858800
726.188600
727.593200
729.516550
730.887250
732.720750
736.298750
736.793500
737.951750
738.060300
738.065200
738.399900
738.580400
739.671300
741.596200
747.475250
749.131900
750.529900
752.127250
758.713950
762.088850
765.343300
766.270450
766.835550
766.979550
769.473850
769.710000
769.751300
769.910000
771.116500
771.648900
772.099200
772.770600
774.575900
778.914050
782.476950
782.958600
783.954800
784.631100
786.379750
786.822850
788.128200
788.993950
790.672150
791.885100
793.750800
797.477800
798.778950
802.585900
803.704400
805.283400
805.923100
808.007950
810.288700
811.568200
814.975000
819.300950
822.746150
826.957850
830.385300
831.177950
836.303500
837.029050
841.627100
841.827450
842.795500
848.772300
853.430800
858.415200
861.514950
864.230950
870.136100
870.623100
875.637650
886.339300
898.687700
899.439750
902.628450
910.055750
914.528150
914.778450
919.800100
927.949950
935.597300
940.933200
941.324050
944.002600
946.109900
946.723500
946.949750
951.388700
952.120650
953.194100
957.166750
958.140400
958.551400
959.401350
963.931850
964.952100
967.041000
967.630450
969.451350
969.798600
969.854050
970.497050
970.623400
970.845100
972.112200
974.787000
977.834250
980.054150
984.419450
985.990900
987.551100
996.913900
998.303100
998.918250
999.422150
1004.387050
1008.536050
1009.441950
1011.341950
1011.921700
1011.977600
1012.489750
1013.024050
1013.716250
1015.127050
1018.904250
1022.514450
1023.625150
1024.889750
1026.225450
1026.345900
1028.355500
