69.850400
70.124500
70.142850
70.176600
70.183850
70.236650
70.269500
70.303850
70.316700
70.321450
70.328900
70.336300
70.341900
70.348800
70.356100
70.360950
70.363100
70.368650
70.376200
70.381250
70.388900
70.395850
70.401100
70.404400
70.408600
70.416000
70.420700
70.428800
70.435800
70.440600
70.448700
70.456050
70.460850
70.463900
70.468650
70.475750
70.481000
70.488600
70.495850
70.500650
70.504300
70.508300
70.515700
70.520650
70.523900
70.528700
70.535700
70.540450
70.544250
70.548400
70.555600
70.560500
70.568450
70.575500
70.580700
70.588450
70.595650
70.600850
70.603600
70.608300
70.615700
70.623500
70.628450
70.635500
70.640450
70.648300
70.655600
70.660650
70.668450
70.675650
70.680600
70.688200
70.695550
70.700500
70.708350
70.715550
70.720250
70.728350
70.735450
70.740450
70.744000
70.748250
70.755600
70.760650
70.763400
70.768300
70.775500
70.780400
70.788300
70.795600
70.800450
70.803950
70.808050
70.820400
70.823600
70.828350
70.835450
70.840350
70.843950
70.848150
70.855350
70.860650
70.868250
70.875600
70.880400
70.888200
70.895400
70.900350
70.908200
70.915350
70.928250
70.940400
70.948500
70.955450
70.960350
70.967850
70.975300
70.980350
70.988200
70.995150
70.999900
71.002200
71.008250
71.015350
71.020750
71.023150
71.028350
71.035250
71.040350
71.043650
71.048050
71.055250
71.060400
71.063550
71.068250
71.075150
71.080050
71.088150
71.095300
71.100200
71.108100
71.115100
71.120050
71.123400
71.128050
71.140100
71.143400
71.148050
71.155150
71.160200
71.162400
71.167950
71.180200
71.182500
71.188300
71.200300
71.203550
71.207850
71.215150
71.220050
71.223600
71.227850
71.234900
71.240000
71.243050
71.248050
71.255150
71.260050
71.267800
71.275150
71.280150
71.288000
71.295000
71.300100
71.303500
71.307700
71.314950
71.320000
71.328000
71.335000
71.340150
71.343100
71.347900
71.355000
71.359900
71.367900
71.374900
71.379950
71.387800
71.394900
71.399950
71.407800
71.415250
71.419700
71.422450
71.434900
71.439700
71.442000
71.447750
71.459800
71.461850
71.467650
71.474850
71.479750
71.481850
71.487550
71.494850
71.499700
71.502150
71.507750
71.514750
71.519700
71.522900
71.527900
71.534850
71.539650
71.542850
71.547700
71.554800
71.559600
71.563200
71.567750
71.579900
71.582900
71.587600
71.594800
71.599500
71.602950
71.607700
71.614750
71.619600
71.622600
71.627450
71.634600
71.639650
71.642050
71.647550
71.659550
71.661600
71.667500
71.680000
71.683200
71.687550
71.700300
71.720050
71.739700
71.742950
71.747400
71.759500
71.761750
71.767050
71.774500
71.779550
71.782700
71.787450
71.799600
71.803000
71.807400
71.819600
71.822150
71.827450
71.834450
71.839500
71.847400
71.854500
71.859250
71.861600
71.867350
71.874350
71.879400
71.887100
71.894350
71.899400
71.903200
71.907250
71.914500
71.919500
71.927150
71.934400
71.939400
71.941550
71.947200
71.954500
71.959400
71.962700
71.967300
71.974350
71.979200
71.981450
71.987250
71.994350
71.999250
72.002050
72.007200
72.014450
72.019150
72.022400
72.027400
72.039350
72.041900
72.047250
72.054400
72.059450
72.062050
72.067150
72.074500
72.079400
72.082350
72.087250
72.094250
72.099450
72.102150
72.107250
72.114350
72.119400
72.122350
72.127300
72.139250
72.141950
72.147050
72.154200
72.159400
72.161650
72.167000
72.179150
72.182500
72.187150
72.194150
72.198900
72.202050
72.219100
72.227050
72.239100
72.241650
72.247100
72.259050
72.261500
72.266900
72.279000
72.287050
72.294150
72.299200
72.302200
72.307150
72.314000
72.319050
72.322400
72.327150
72.334000
72.339050
72.341500
72.346950
72.354000
72.358950
72.361500
72.367000
72.374100
72.378900
72.381300
72.386650
72.394000
72.399000
72.401150
72.406900
72.414050
72.418850
72.421950
72.426800
72.434100
72.438950
72.441900
72.446750
72.453850
72.458850
72.479100
72.481800
72.486800
72.494050
72.499000
72.502050
72.506750
72.513950
72.519250
72.521300
72.526750
72.534050
72.538900
72.541050
72.546750
72.554000
72.558550
72.562300
72.566550
72.578850
72.581050
72.586800
72.593850
72.598750
72.601650
72.606650
72.613850
72.618900
72.622150
72.626600
72.634400
72.638500
72.646650
72.653650
72.659050
72.661950
72.666700
72.678750
72.686700
72.693900
72.698950
72.706550
72.713900
72.719000
72.726800
72.733750
72.738750
72.742050
72.746550
72.753750
72.758800
72.761700
72.766700
72.773700
72.778700
72.780850
72.786500
72.794000
72.798600
72.800750
72.806600
72.813550
72.818750
72.826550
72.833600
72.838700
72.846350
72.853500
72.858850
72.861400
72.866500
72.873600
72.878750
72.881950
72.886600
72.893600
72.898600
72.901800
72.906500
72.913600
72.918550
72.920750
72.926500
72.933750
72.938600
72.941300
72.946400
72.953550
72.958550
72.966400
72.973550
72.978700
72.981650
72.986000
72.993500
72.998900
73.001700
73.006100
73.013500
73.018550
73.026350
73.038250
73.058400
73.066050
73.073300
73.078400
73.086250
73.093350
73.098050
73.106250
73.113300
73.118150
73.121800
73.126200
73.133250
73.138450
73.141800
73.146300
73.153400
73.158400
73.160450
73.166000
73.173250
73.178300
73.181200
73.186250
73.193200
73.198300
73.201850
73.206050
73.213350
73.218100
73.220300
73.225750
73.233250
73.238250
73.241600
73.246000
73.253300
73.258250
73.260350
73.266100
73.273250
73.277950
73.285800
73.293450
73.298150
73.301700
73.306050
73.313250
73.318350
73.321250
73.326100
73.333150
73.338000
73.345900
73.353150
73.358250
73.366150
73.373200
73.378150
73.380850
73.386300
73.393150
73.398350
73.401100
73.406050
73.413050
73.418150
73.426100
73.432950
73.438050
73.441200
73.445700
73.453150
73.458000
73.461200
73.465900
73.472950
73.478150
73.481400
73.486050
73.492950
73.497950
73.501550
73.505850
73.513050
73.517900
73.519950
73.526000
73.533000
73.537850
73.545700
73.557950
73.565700
73.573300
73.577800
73.586050
73.593000
73.597950
73.601250
73.605900
73.618400
73.620900
73.625700
73.632850
73.638250
73.640550
73.645750
73.652750
73.658050
73.661250
73.665700
73.672800
73.678000
73.685650
73.692800
73.697850
73.700800
73.705650
73.712800
73.717750
73.720700
73.725850
73.733050
73.737800
73.745500
73.752800
73.760700
73.765550
73.772850
73.777950
73.780550
73.786000
73.800400
73.805600
73.812650
73.817600
73.820150
73.825500
73.837550
73.841050
73.845400
73.852700
73.857550
73.860250
73.865450
73.872500
73.877550
73.880300
73.885450
73.892550
73.897600
73.901150
73.905650
73.917500
73.925400
73.937400
73.940700
73.945550
73.952450
73.957450
73.959850
73.965350
73.977600
73.980700
73.985350
73.992500
73.997600
74.000500
74.005500
74.012450
74.017750
74.020900
74.025050
74.032500
74.037050
74.041000
74.045450
74.057350
74.059450
74.065200
74.072350
74.077350
74.080750
74.085250
74.097550
74.100300
74.105050
74.112600
74.117150
74.120500
74.125250
74.132300
74.137500
74.145400
74.152550
74.157400
74.164450
74.177100
74.179450
74.185250
74.192300
74.197100
74.200800
74.212250
74.217300
74.219350
74.225150
74.232250
74.237350
74.240150
74.245050
74.252150
74.257300
74.260400
74.265050
74.277100
74.279350
74.285150
74.297000
74.300250
74.305050
74.312150
74.317000
74.320450
74.324950
74.332200
74.336950
74.339500
74.345000
74.352300
74.357000
74.359100
74.365000
74.377100
74.380100
74.384800
74.397000
74.400600
74.404550
74.412100
74.419350
74.424900
74.432000
74.436950
74.445150
74.457000
74.460250
74.464800
74.476850
74.479050
74.484850
74.492100
74.496850
74.500350
74.504800
74.516950
74.519150
74.524650
74.536950
74.540200
74.544800
74.556900
74.560050
74.564700
74.571950
74.576600
74.580500
74.584600
74.591900
74.596800
74.599200
74.604800
74.612000
74.616850
74.624850
74.631750
74.636700
74.638850
74.644650
74.656700
74.659900
74.664600
74.671750
74.676700
74.679600
74.684700
74.696800
74.699150
74.704650
74.711700
74.716850
74.719900
74.724550
74.736550
74.740050
74.744600
74.756700
74.760050
74.764450
74.771700
74.776550
74.780000
74.784800
74.791650
74.796800
74.799350
74.804600
74.816500
74.819200
74.824300
74.831650
74.836550
74.839550
74.844400
74.856400
74.858450
74.864500
74.871650
74.876750
74.878800
74.884350
74.891750
74.896500
74.900000
74.904500
74.911400
74.916600
74.919550
74.924300
74.931750
74.936700
74.944450
74.951600
74.956900
74.959550
74.964450
74.971400
74.976450
74.984200
74.991350
74.996650
74.999900
75.004300
75.011400
75.016550
75.018950
75.024250
75.031400
75.036800
75.039700
75.044500
75.051350
75.056550
75.059950
75.064000
75.076250
75.083800
75.096400
75.099950
75.104250
75.111450
75.116500
75.119900
75.124250
75.131250
75.136350
75.144100
75.151350
75.156350
75.159450
75.163950
75.171300
75.176000
75.178200
75.184050
75.196150
75.198300
75.203850
75.211450
75.216100
75.219650
75.224050
75.231150
75.236150
75.244000
75.251100
75.255900
75.259550
75.263950
75.271300
75.311450
75.316650
75.331050
75.336300
75.339650
75.344200
75.351200
75.356200
75.359200
75.363950
75.371200
75.376100
75.378150
75.383800
75.391150
75.396200
75.398950
75.403750
75.411250
75.416550
75.418800
75.423900
75.436000
75.439300
75.444100
75.455900
75.458000
75.463950
75.475900
75.478200
75.483700
75.491150
75.495900
75.498750
75.503800
75.510800
75.515850
75.523800
75.531000
75.535850
75.538950
75.543900
75.551100
75.555950
75.559200
75.563700
75.570750
75.575950
75.578900
75.583700
75.590900
75.595550
75.604100
75.610800
75.615650
75.619100
75.623450
75.635750
75.638700
75.643600
75.650750
75.655800
75.657950
75.663950
75.675750
75.677800
75.683500
75.690700
75.695850
75.699250
75.703550
75.710700
75.715700
75.717950
75.723200
75.730850
75.735700
75.738050
75.743500
75.755650
75.758650
75.763450
75.770600
75.775700
75.778400
75.783450
75.790500
75.795400
75.798900
75.803450
75.815700
75.818950
75.823350
75.830500
75.835700
75.837800
75.843300
75.850550
75.855550
75.858500
75.863250
75.870550
75.875400
75.878900
75.883300
75.890400
75.895600
75.897800
75.903350
75.910450
75.915650
75.918750
75.923300
75.930400
75.935750
75.943250
75.950500
75.955650
75.963350
75.975500
75.977600
75.983200
75.995500
76.003300
76.010450
76.015300
76.018800
76.023150
76.030150
76.035350
76.037500
76.043550
76.050350
76.055350
76.058750
76.063200
76.075300
76.078200
76.082950
76.090400
76.095350
76.098450
76.103300
76.110300
76.115150
76.118350
76.123100
76.135150
76.137550
76.150850
76.170550
76.175600
76.182900
76.195550
76.215700
76.223000
76.254550
76.263000
76.270000
76.275100
76.277350
76.283000
76.289900
76.295150
76.297500
76.303050
76.310100
76.315000
76.322750
76.330000
76.335100
76.338550
76.343000
76.350000
76.354950
76.362750
76.369950
76.375000
76.377200
76.382450
76.390000
76.394950
76.398100
76.402950
76.414800
76.418150
76.422650
76.429850
76.434850
76.437950
76.442700
76.449850
76.455050
76.458200
76.462650
76.469850
76.474700
76.482650
76.490000
76.494550
76.497500
76.502650
76.529850
76.534700
76.537450
76.542750
76.549800
76.554800
76.558150
76.562700
76.574650
76.577050
76.582450
76.654300
76.656500
76.663000
76.669700
76.674450
76.677150
76.682450
76.689700
76.694550
76.702550
76.709600
76.714350
76.717900
76.722550
76.729550
76.734650
76.737900
76.742450
76.749500
76.754350
76.757850
76.762150
76.769450
76.774400
76.778100
76.782450
76.789450
76.794350
76.797300
76.802450
76.809500
76.814250
76.817650
76.822250
76.829500
76.834250
76.838000
76.842250
76.849500
76.854450
76.857350
76.862150
76.869450
76.874200
76.877700
76.882250
76.894550
76.897750
76.902150
76.914300
76.916950
76.922200
76.929400
76.934250
76.938100
76.942250
76.949350
76.954400
76.957600
76.962150
76.969600
76.974300
76.976450
76.982150
76.989200
76.994150
76.996650
77.002050
77.009400
77.014250
77.017350
77.022250
77.029250
77.034100
77.037350
77.042100
77.049200
77.054050
77.056100
77.061950
77.069100
77.074300
77.077000
77.082200
77.089100
77.094250
77.097300
77.102150
77.109300
77.114000
77.117150
77.122050
77.129100
77.134000
77.142100
77.149150
77.154000
77.157150
77.161950
77.169100
77.173900
77.176950
77.181900
77.189100
77.193750
77.197500
77.201900
77.209100
77.213950
77.217300
77.221950
77.228950
77.234100
77.237200
77.241800
77.249050
77.253800
77.257450
77.261850
77.269050
77.281850
77.289300
77.293950
77.301650
77.309000
77.314150
77.316950
77.321750
77.328950
77.333900
77.336200
77.341800
77.348800
77.353950
77.361700
77.368850
77.373900
77.376900
77.381700
77.388750
77.393700
77.396700
77.401850
77.408800
77.414100
77.417000
77.421600
77.428850
77.433700
77.437500
77.453500
77.455850
77.461600
77.468950
77.473550
77.481750
77.488700
77.493900
77.496600
77.501600
77.508750
77.513700
77.521500
77.528650
77.533700
77.536850
77.541450
77.548600
77.553850
77.556750
77.561650
77.568800
77.573700
77.581850
77.593350
77.596850
77.601600
77.608650
77.613600
77.621550
77.628550
77.633600
77.637250
77.641450
77.648650
77.653850
77.656750
77.661300
77.668500
77.673500
77.681400
77.688500
77.693550
77.701150
77.708500
77.713400
77.716600
77.721400
77.728450
77.733500
77.735700
77.741350
77.748450
77.753400
77.761150
77.768450
77.773400
77.775700
77.781450
77.788550
77.793300
77.796950
77.801250
77.808550
77.813400
77.816650
77.821350
77.828450
77.833450
77.835500
77.841000
77.848550
77.853350
77.861300
77.868300
77.873450
77.876750
77.881500
77.888300
77.893200
77.895250
77.901150
77.908250
77.913350
77.921250
77.928250
77.933000
77.936400
77.941150
77.948300
77.953250
77.961400
77.968250
77.973200
77.976500
77.981100
77.988300
77.993700
77.995800
78.001250
78.008200
78.013350
78.016400
78.021250
78.028250
78.032900
78.041050
78.048150
78.053350
78.055950
78.061100
78.068150
78.073100
78.076450
78.081100
78.088100
78.093050
78.096400
78.101250
78.108100
78.113100
78.121000
78.128100
78.133150
78.135200
78.140700
78.148050
78.153000
78.155900
78.161000
78.168100
78.172900
78.176500
78.180550
78.188000
78.192750
78.201000
78.208100
78.213600
78.215950
78.220850
78.228150
78.233150
78.236500
78.240900
78.248000
78.253150
78.255250
78.260900
78.273000
78.275100
78.281000
78.295350
78.301050
78.307950
78.313050
78.316550
78.320950
78.327950
78.332950
78.335250
78.340800
78.347800
78.353000
78.356300
78.360750
78.368000
78.373050
78.376050
78.380750
78.387850
78.392900
78.396100
78.400800
78.407850
78.412950
78.420900
78.427850
78.432950
78.435050
78.441000
78.447900
78.452950
78.460900
78.467800
78.472850
78.480800
78.487950
78.494800
78.500450
78.507800
78.515400
78.532700
78.540800
78.552550
78.560900
78.567750
78.572550
78.580400
78.592850
78.595950
78.600550
78.607650
78.613150
78.615500
78.620650
78.627600
78.632900
78.636000
78.647800
78.652600
78.655400
78.660650
78.667600
78.672550
78.676000
78.680450
78.687700
78.692500
78.695950
78.700600
78.707500
78.712500
78.714650
78.720500
78.727650
78.732550
78.734600
78.740700
78.747800
78.752500
78.755600
78.760450
78.767600
78.772550
78.775950
78.780350
78.787500
78.792450
78.795100
78.800400
78.812500
78.814700
78.820400
78.827400
78.832450
78.835650
78.840250
78.847450
78.852250
78.855950
78.859950
78.867450
78.872300
78.880050
78.887400
78.892500
78.895650
78.900700
78.912200
78.920250
78.927400
78.932300
78.934400
78.940150
78.947350
78.952150
78.954350
78.960200
78.967650
78.972600
78.975250
78.980250
78.987350
78.992550
78.999900
79.032450
79.035600
79.040250
79.052150
79.055700
79.060000
79.067250
79.072050
79.075350
79.080000
79.087200
79.092300
79.094550
79.100200
79.112100
79.115400
79.120250
79.132000
79.135450
79.140150
79.147300
79.151850
79.155200
79.160050
79.167250
79.172050
79.174100
79.180100
79.187200
79.192050
79.195100
79.200150
79.207250
79.212100
79.214700
79.220000
79.227200
79.232000
79.235550
79.240000
79.252050
79.255150
79.259950
79.271900
79.274800
79.280050
79.287150
79.292050
79.295200
79.299950
79.307050
79.311950
79.314100
79.320000
79.327150
79.352450
79.372350
79.392350
79.412050
79.414100
79.419900
79.427100
79.432000
79.434050
79.439950
79.451950
79.455250
79.459800
79.466900
79.472050
79.474850
79.479900
79.492000
79.494200
79.499900
79.511650
79.515300
79.519800
79.526950
79.531950
79.535350
79.539800
79.546900
79.551800
79.555200
79.559800
79.566900
79.571900
79.574950
79.579700
79.587100
79.591900
79.599800
79.606850
79.611600
79.615050
79.619850
79.626900
79.631800
79.635000
79.639850
79.652000
79.654850
79.659750
79.671750
79.675400
79.679900
79.686800
79.692000
79.695100
79.699750
79.712050
79.714900
79.719800
79.726900
79.732100
79.734650
79.739600
79.747000
79.752200
79.754750
79.759750
79.766750
79.772000
79.774400
79.780150
79.786850
79.791800
79.794350
79.799750
79.811700
79.815150
79.819600
79.826950
79.831900
79.834750
79.839750
79.851550
79.855000
79.859600
79.871650
79.874950
79.879800
79.886700
79.891700
79.894850
79.899650
79.906800
79.911700
79.914700
79.919600
79.926750
79.931600
79.933750
79.939400
79.946650
79.951750
79.953800
79.959550
79.966650
79.971550
79.974450
79.979650
79.986800
79.991600
79.999650
80.006700
80.011500
80.014200
80.019700
80.026650
80.031600
80.034900
80.039500
80.046650
80.051950
80.054600
80.059750
80.066800
80.071600
80.074050
80.079500
80.091650
80.094700
80.099450
80.106750
80.131600
80.133750
80.139350
80.151450
80.154850
80.159050
80.171600
80.173800
80.191950
80.199450
80.206750
80.211850
80.214100
80.226550
80.239300
80.246450
80.251450
80.253700
80.259450
80.266450
80.271300
80.273650
80.279600
80.286650
80.291250
80.293600
80.299300
80.306450
80.311300
80.313500
80.319450
80.326450
80.331400
80.334400
80.339450
80.351450
80.354850
80.358850
80.371350
80.374550
80.378950
80.391350
80.393650
80.399300
80.411500
80.414700
80.419300
80.426350
80.431250
80.433350
80.439200
80.446500
80.451400
80.454550
80.459300
80.471400
80.474500
80.478950
80.491200
80.493400
80.499400
80.514600
80.519200
80.531950
80.571650
80.591450
80.593500
80.599250
80.603100
80.610900
80.613700
80.619450
80.626400
80.631400
80.633450
80.639100
80.646350
80.651150
80.654450
80.659350
80.666300
80.671450
80.673550
80.679100
80.691050
80.693600
80.699150
80.711300
80.713450
80.719050
80.726250
80.731200
80.733350
80.739200
80.746350
80.750950
80.753250
80.759400
80.766350
80.771250
80.773500
80.779150
80.791300
80.794450
80.799100
80.811150
80.814250
80.819000
80.826250
80.831200
80.834250
80.839100
80.851450
80.854450
80.859050
80.866350
80.871100
80.873400
80.879100
80.886200
80.891150
80.894000
80.898700
80.906200
80.911150
80.919250
80.926500
80.991550
80.994800
80.999000
81.006450
81.011150
81.014600
81.019200
81.026150
81.031050
81.034500
81.039300
81.046350
81.051400
81.053750
81.059250
81.066200
81.071400
81.074300
81.079450
81.086200
81.091100
81.093400
81.098950
81.106400
81.111050
81.114400
81.119150
81.126300
81.131150
81.139150
81.146250
81.151250
81.159200
81.166400
81.174100
81.178950
81.191000
81.198800
81.206250
81.211150
81.219200
81.226300
81.231000
81.234150
81.239050
81.246400
81.251200
81.254000
81.258950
81.266600
81.273100
81.279150
81.286200
81.291050
81.298950
81.306200
81.311350
81.313950
81.319250
81.326150
81.331100
81.334150
81.339000
81.346300
81.351700
81.354100
81.359600
81.366100
81.371050
81.373150
81.378850
81.391200
81.394050
81.399050
81.406200
81.411800
81.451100
81.453600
81.459250
81.471250
81.473300
81.478900
81.486100
81.490900
81.493000
81.499150
81.505950
81.511050
81.513450
81.518950
81.526050
81.531900
81.534000
81.539100
81.546050
81.551100
81.554400
81.558850
81.570900
81.573050
81.585950
81.591200
81.594650
81.598900
81.606150
81.611000
81.614400
81.618950
81.626100
81.630950
81.634200
81.638900
81.646000
81.651450
81.653750
81.658950
81.666000
81.670900
81.674250
81.679000
81.686050
81.691100
81.693250
81.699200
81.706050
81.711050
81.718900
81.725900
81.730900
81.739050
81.746150
81.750800
81.754250
81.759000
81.766100
81.770900
81.779050
81.786100
81.790850
81.798900
81.806050
81.811250
81.814400
81.819050
81.825950
81.831300
81.833450
81.838800
81.850700
81.858900
81.866000
81.871050
81.873250
81.878750
81.891050
81.894200
81.899100
81.906000
81.910900
81.914050
81.918950
81.926000
81.931100
81.934250
81.938850
81.946000
81.951100
81.954500
81.958850
81.971150
81.974350
81.978850
81.986000
81.991100
81.994200
81.999000
82.006050
82.011050
82.013450
82.019000
82.026050
82.031150
82.034300
82.039500
82.046050
82.051300
82.054000
82.059050
82.066000
82.070900
82.074100
82.078950
82.086150
82.091050
82.098700
82.106200
82.111500
82.113750
82.118900
82.126200
82.131550
82.138950
82.146550
82.150600
82.158850
82.165950
82.171250
82.173300
82.179500
82.186500
82.191550
82.198950
82.206400
82.210750
82.214250
82.219050
82.226000
82.231050
82.233300
82.238950
82.246000
82.250950
82.254350
82.258850
82.266100
82.271050
82.274200
82.278700
82.286300
82.290900
82.294750
82.298800
82.306000
82.310850
82.313150
82.318800
82.331050
82.338950
82.346000
82.351350
82.354500
82.359150
82.366050
82.371100
82.373400
82.378850
82.386000
82.391250
82.394450
82.398800
82.406000
82.411350
82.414100
82.418350
82.431000
82.434650
82.439050
82.446100
82.451000
82.454350
82.459050
82.466050
82.471000
82.473400
82.478900
82.486150
82.491200
82.493250
82.499050
82.511050
82.518750
82.526000
82.531100
82.533250
82.538700
82.546100
82.551300
82.554200
82.559250
82.571150
82.574050
82.579150
82.586000
82.594150
82.611600
82.626250
82.631450
82.651550
82.679050
82.691500
82.699050
82.710750
82.718900
82.726350
82.731250
82.733550
82.739150
82.746050
82.750900
82.752950
82.758550
82.766200
82.770700
82.772950
82.779200
82.786300
82.791150
82.793650
82.798600
82.806150
82.811050
82.813500
82.819050
82.830950
82.834300
82.839150
82.846100
82.851000
82.853200
82.858850
82.866100
82.871000
82.873350
82.878950
82.886100
82.891000
82.893850
82.899150
82.906150
82.911300
82.914700
82.918950
82.926250
82.934200
82.946200
82.951300
82.953800
82.959100
82.966100
82.971250
82.974350
82.979100
82.986200
82.990950
82.993150
82.998550
83.006200
83.011250
83.014550
83.018900
83.026000
83.031300
83.033500
83.038850
83.046100
83.051200
83.054000
83.066600
83.071450
83.078950
83.090950
83.093000
83.098600
83.111050
83.114100
83.119050
83.126250
83.131000
83.138800
83.146000
83.150800
83.153100
83.159250
83.166150
83.174400
83.179250
83.186150
83.191000
83.193200
83.198900
83.206250
83.211250
83.214450
83.218750
83.226150
83.231250
83.233700
83.239250
83.246200
83.251050
83.254400
83.259050
83.266200
83.271150
83.274600
83.279150
83.286150
83.291250
83.293350
83.299000
83.306300
83.310950
83.313000
83.319100
83.326300
83.331200
83.334300
83.339150
83.346350
83.351350
83.354500
83.359050
83.366200
83.371100
83.373350
83.379050
83.386400
83.391400
83.393900
83.399150
83.406250
83.411350
83.413550
83.419250
83.426250
83.431300
83.434650
83.439150
83.451150
83.453200
83.459200
83.471050
83.473250
83.479250
83.491300
83.494650
83.499000
83.506200
83.511050
83.514450
83.519300
83.531250
83.534450
83.539050
83.546200
83.551200
83.554200
83.559150
83.571100
83.573150
83.579300
83.586300
83.591150
83.599400
83.606200
83.611450
83.614000
83.619200
83.626300
83.631050
83.633600
83.639100
83.646300
83.651450
83.653600
83.659150
83.671500
83.674650
83.679200
83.686250
83.691050
83.693300
83.699300
83.706350
83.711200
83.714250
83.719100
83.726300
83.731400
83.733700
83.739200
83.746300
83.751300
83.753600
83.759200
83.771300
83.774650
83.779250
83.791550
83.793700
83.799250
83.811650
83.813950
83.819250
83.826550
83.831300
83.833400
83.839300
83.851500
83.853850
83.859050
83.871400
83.875250
83.878800
83.886450
83.891350
83.894600
83.899300
83.906400
83.911300
83.915050
83.919100
83.926650
83.931500
83.934550
83.939600
83.946850
83.950950
83.959300
83.966250
83.971650
83.978950
83.986400
83.991550
83.993700
83.999300
84.006600
84.011550
84.018850
84.026700
84.031450
84.035150
84.039300
84.046500
84.051450
84.054550
84.059350
84.066500
84.071400
84.079300
84.091600
84.094600
84.099300
84.106650
84.111500
84.119300
84.126450
84.131400
84.135050
84.139450
84.146450
84.151500
84.159300
84.166500
84.171400
84.173750
84.179350
84.186600
84.191550
84.193700
84.198850
84.206500
84.211550
84.213850
84.219550
84.226600
84.231750
84.234750
84.239250
84.272000
84.279700
84.286700
84.291850
84.294550
84.299400
84.311450
84.314650
84.319300
84.331250
84.334550
84.339500
84.346500
84.351600
84.354900
84.359400
84.366700
84.371800
84.375000
84.379450
84.386550
84.391500
84.399500
84.406700
84.411650
84.414000
84.419400
84.431600
84.439200
84.446600
84.451550
84.453700
84.459550
84.466750
84.471800
84.473950
84.479700
84.491700
84.494950
84.499500
84.506750
84.511700
84.515200
84.519700
84.526700
84.531600
84.534750
84.539800
84.551950
84.555050
84.559650
84.566800
84.571800
84.574700
84.579550
84.586700
84.591650
84.593700
84.599800
84.606850
84.611950
84.614450
84.626850
84.639850
84.651850
84.653900
84.659700
84.666750
84.671950
84.675200
84.679850
84.686800
84.691650
84.694800
84.699700
84.706700
84.711850
84.719450
84.731950
84.735300
84.739850
84.751800
84.759450
84.766750
84.771750
84.775150
84.780050
84.786900
84.791600
84.794850
84.799850
84.806900
84.811750
84.815400
84.819950
84.826950
84.831900
84.834150
84.839750
84.847150
84.851600
84.859700
84.866950
84.871700
84.879700
84.886900
84.892050
84.895050
84.899850
84.907050
84.912250
84.915050
84.919850
84.926850
84.931950
84.934400
84.939700
84.946900
84.951950
84.954850
84.960100
84.966950
84.971900
84.975400
84.979950
84.986850
84.992000
84.995650
84.999750
85.014650
85.019800
85.027400
85.034950
85.040050
85.047000
85.052050
85.055200
85.060050
85.072100
85.075250
85.079700
85.087050
85.092100
85.094250
85.099800
85.112250
85.114950
85.120050
85.127100
85.131850
85.135300
85.140000
85.147000
85.151900
85.154350
85.160000
85.171750
85.174750
85.180100
85.192000
85.195150
85.200050
85.212200
85.214800
85.220100
85.232200
85.234750
85.239950
85.252000
85.254550
85.259850
85.272350
85.274900
85.280250
85.287300
85.292400
85.294450
85.300150
85.307400
85.312400
85.314950
85.320100
85.327400
85.332500
85.335100
85.340250
85.347400
85.352750
85.355050
85.360350
85.367850
85.372050
85.375750
85.380100
85.387400
85.392450
85.394600
85.400450
85.407500
85.413000
85.440550
85.452100
85.454200
85.460250
85.467450
85.472500
85.474650
85.487450
85.492500
85.495550
85.500550
85.512450
85.520250
85.527400
85.532550
85.534700
85.540400
85.547500
85.552450
85.555250
85.560400
85.572900
85.574950
85.580300
85.587400
85.592400
85.595900
85.600150
85.607450
85.612400
85.615650
85.620550
85.627600
85.632350
85.634450
85.640050
85.652500
85.655800
85.660250
85.667450
85.672500
85.675050
85.679950
85.687500
85.692200
85.694750
85.700500
85.712700
85.716150
85.720300
85.727600
85.732600
85.735900
85.740500
85.747650
85.752600
85.754700
85.760250
85.767800
85.772650
85.774850
85.780350
85.787650
85.792700
85.795950
85.800300
85.807550
85.812700
85.814900
85.820550
85.827800
85.832600
85.836050
85.840600
85.847700
85.852650
85.854750
85.860600
85.872650
85.875900
85.880400
85.887700
85.892400
85.896250
85.900550
85.907700
85.912300
85.915650
85.920450
85.932550
85.935850
85.940400
85.947650
85.952550
85.955100
85.960650
85.967800
85.972550
85.975850
85.980650
85.987750
85.992750
85.995750
86.000600
86.007750
86.012800
86.016250
86.020700
86.027750
86.032700
86.035200
86.040850
86.052500
86.055050
86.060750
86.067850
86.072700
86.080400
86.092800
86.094900
86.100500
86.107800
86.112850
86.115500
86.120700
86.127850
86.132850
86.135150
86.140850
86.153650
86.156100
86.160850
86.168400
86.173250
86.193400
86.200800
86.208300
86.212700
86.216300
86.220650
86.228050
86.233100
86.235850
86.241100
86.247950
86.253150
86.256300
86.260850
86.268050
86.273000
86.276300
86.280900
86.288050
86.292950
86.295100
86.300900
86.313200
86.316250
86.320950
86.328100
86.333200
86.341400
86.348200
86.352800
86.356150
86.361250
86.368350
86.373600
86.381250
86.388400
86.393350
86.408600
86.413400
86.421300
86.428500
86.433500
86.435650
86.448500
86.453700
86.461200
86.468350
86.473700
86.476450
86.481600
86.488650
86.494050
86.496550
86.501350
86.508750
86.513350
86.516350
86.521650
86.528300
86.535250
86.541600
86.548550
86.553900
86.556300
86.561900
86.574650
86.576950
86.581550
86.588600
86.593850
86.596150
86.601600
86.608650
86.613950
86.616750
86.621800
86.629000
86.634100
86.636750
86.642250
86.655100
86.661700
86.668750
86.675950
86.689100
86.694200
86.701500
86.709150
86.716400
86.729450
86.748850
86.753800
86.768900
86.776150
86.781850
86.789250
86.793600
86.802150
86.809250
86.813800
86.816650
86.821650
86.829150
86.834250
86.848950
86.856900
86.874550
86.876800
86.889150
86.893900
86.897000
86.908950
86.914050
86.929050
86.934150
86.949450
86.969600
86.974200
86.976850
86.989250
86.993800
86.996150
87.009050
87.014150
87.029150
87.034400
87.037350
87.049100
87.054050
87.062150
87.069400
87.074900
87.081850
87.089100
87.102050
87.109050
87.116750
87.122200
87.129300
87.149350
87.154450
87.157050
87.161950
87.169200
87.174600
87.182400
87.189750
87.194450
87.209200
87.214350
87.236000
87.241950
87.249500
87.254750
87.269300
87.274400
87.276500
87.289550
87.302050
87.309450
90.659950
348.768450
349.550000
510.833900
546.681200
584.203950
584.208000
584.211450
584.216350
584.223200
584.228650
584.230800
584.236200
584.243350
584.248350
584.250500
584.256300
584.263400
584.268100
584.271350
584.276200
584.283350
584.288250
584.291350
584.296000
584.309700
584.327900
584.331400
584.335900
584.343150
584.348100
584.351450
584.356250
584.363200
584.368250
584.376100
584.388100
584.391450
584.396150
584.403050
584.408150
584.411050
584.423150
584.428200
584.430550
584.443300
584.451100
584.455950
584.467950
584.475800
584.483000
584.488050
584.491300
584.496050
584.503050
584.508300
584.511750
584.515900
584.523000
584.530150
584.536150
584.548250
584.555950
584.563050
584.567900
584.571200
584.576000
584.583100
584.588300
584.590600
584.596050
584.603150
584.608050
584.611200
584.616100
584.622950
584.627950
584.630900
584.635900
584.643000
584.647950
584.650950
584.656050
584.667750
584.675800
584.682800
584.688100
584.690750
584.695850
584.711000
584.715750
584.735850
584.748350
584.750400
584.755700
584.763100
584.768450
584.775750
584.783050
584.788200
584.790350
584.796050
584.803150
584.808100
584.815050
584.823350
584.828200
584.830650
584.835950
584.843000
584.848300
584.850600
584.863100
584.868300
584.871000
584.875600
584.882900
584.888000
584.890950
584.896050
584.903150
584.907900
584.910200
584.915600
584.922800
584.927750
584.930000
584.935550
584.942750
584.947850
584.950800
584.956000
584.968000
584.970700
584.976100
584.982900
584.987850
584.991050
584.995650
585.007800
585.010150
585.015450
585.022900
585.027450
585.030700
585.035500
585.042700
585.047450
585.049650
585.055500
585.062750
585.067950
585.070850
585.075750
585.082600
585.087700
585.107750
585.110100
585.115400
585.122650
585.127550
585.131350
585.135650
585.147700
585.150950
585.155650
585.162600
585.167700
585.169800
585.175550
585.187900
585.202700
585.207500
585.210600
585.215600
585.222550
585.227400
585.229500
585.235450
585.242800
585.247600
585.250500
585.255450
585.267550
585.270550
585.275450
585.282500
585.287450
585.289500
585.295400
585.302500
585.307600
585.309950
585.315350
585.322550
585.327650
585.331050
585.335500
585.342400
585.347450
585.350600
585.355350
585.362350
585.367400
585.369500
585.375200
585.382500
585.387400
585.389850
585.395500
585.402650
585.407900
585.410650
585.415500
585.422300
585.427700
585.430300
585.435450
585.442300
585.447450
585.449600
585.469450
585.475450
585.487450
585.495350
585.502500
585.507250
585.510600
585.515200
585.522400
585.527500
585.529650
585.535200
585.542350
585.547500
585.555350
585.562300
585.567550
585.570500
585.575450
585.582400
585.587400
585.590350
585.595450
585.602450
585.607300
585.609350
585.615500
585.622350
585.627400
585.629500
585.647200
585.649750
585.655500
585.667500
585.670650
585.675300
585.682350
585.690200
585.695200
585.702550
585.707800
585.710300
585.715050
585.722600
585.727150
585.729650
585.735350
585.747100
585.755250
585.762350
585.767300
585.770450
585.775000
585.782250
585.787450
585.790050
585.795050
585.802300
585.807250
585.815450
585.822200
585.827200
585.830800
585.835550
585.842350
585.847400
585.850500
585.855250
585.862300
585.867200
585.870450
585.875050
585.882250
585.887200
585.890550
585.895050
585.902100
585.907050
585.910200
585.915150
585.922200
585.927450
585.929600
585.935550
585.947300
585.949700
585.955000
585.962100
585.967200
585.969450
585.975000
585.982300
585.987200
585.989750
585.995050
586.002200
586.007150
586.010100
586.015000
586.022100
586.027550
586.030350
586.034850
586.042300
586.047300
586.050300
586.055100
586.062000
586.067050
586.069100
586.074600
586.082050
586.087450
586.090450
586.094950
586.102250
586.108550
586.114550
586.122250
586.127300
586.135100
586.142050
586.147100
586.169150
586.175000
586.182150
586.187100
586.190400
586.195100
586.202050
586.207050
586.210300
586.215050
586.222200
586.227200
586.230550
586.235150
586.242000
586.247050
586.249850
586.255050
586.262100
586.267000
586.270100
586.274750
586.282000
586.287150
586.290400
586.295000
586.302050
586.307250
586.310300
586.314900
586.322150
586.326700
586.328950
586.334850
586.341950
586.347150
586.354900
586.362050
586.367300
586.374700
586.381850
586.387000
586.390500
586.395200
586.401800
586.406900
586.409150
586.414900
586.422000
586.427100
586.430050
586.435100
586.441950
586.447050
586.455050
586.461850
586.466750
586.469100
586.474900
586.481850
586.487100
586.489850
586.494650
586.501750
586.507200
586.510100
586.514750
586.521750
586.527000
586.530150
586.534750
586.541750
586.546650
586.554500
586.561800
586.567050
586.581800
586.588700
586.594800
586.601950
586.606800
586.614700
586.621800
586.626900
586.629650
586.634800
586.641700
586.646900
586.649300
586.654950
586.667000
586.669750
586.674650
586.681800
586.686850
586.694900
586.701850
586.706600
586.709900
586.714400
586.721600
586.726550
586.728600
586.734650
586.741650
586.747000
586.749850
586.754700
586.761700
586.768450
586.781600
586.794750
586.801550
586.806950
586.809800
586.814950
586.821550
586.827050
586.834350
586.841500
586.846750
586.850000
586.854650
586.861600
586.866550
586.874450
586.881600
586.886450
586.889850
586.894550
586.901650
586.906900
586.909800
586.914550
586.921500
586.926800
586.929750
586.934400
586.941600
586.946600
586.949800
586.954600
586.961700
586.966550
586.969650
586.974550
586.981700
586.986500
586.994350
587.001550
587.006550
587.009900
587.014550
587.021450
587.026750
587.029750
587.034500
587.041550
587.046750
587.049450
587.054350
587.061700
587.066350
587.073950
587.086450
587.090100
587.094500
587.101900
587.106650
587.114450
587.121500
587.134350
587.141450
587.146550
587.149450
587.154600
587.161550
587.166600
587.169500
587.174400
587.181550
587.186450
587.188600
587.194300
587.201300
587.206450
587.209350
587.214150
587.221650
587.226850
587.229450
587.234250
587.241450
587.246350
587.254200
587.261350
587.266700
587.269000
587.274150
587.281300
587.286350
587.289600
587.294300
587.301350
587.306550
587.309750
587.314250
587.327050
587.334300
587.346400
587.348450
587.354300
587.361500
587.366450
587.374450
587.386400
587.394450
587.401600
587.406800
587.409600
587.414550
587.421300
587.426150
587.428350
587.434500
587.441450
587.446200
587.454250
587.461450
587.466350
587.468950
587.474200
587.481250
587.486200
587.489500
587.494150
587.501200
587.509500
587.514400
587.521250
587.526300
587.534550
587.541350
587.546100
587.549400
587.554400
587.561300
587.566400
587.569600
587.574050
587.586150
587.588400
587.594350
587.601400
587.606000
587.609500
587.614200
587.621500
587.626500
587.629000
587.634200
587.641400
587.646300
587.649400
587.654250
587.666150
587.669500
587.674200
587.681150
587.686250
587.689650
587.694200
587.701100
587.706250
587.709450
587.714350
587.721250
587.726050
587.734050
587.741200
587.746800
587.749300
587.754100
587.766350
587.769350
587.774200
587.781200
587.786000
587.788200
587.793750
587.806250
587.809250
587.814150
587.821150
587.826150
587.829000
587.833900
587.841350
587.846300
587.849400
587.854050
587.861150
587.866150
587.868550
587.873800
587.881150
587.886150
587.889450
587.894200
587.901150
587.913900
587.921050
587.926150
587.934200
587.941050
587.945900
587.948400
587.953950
587.961000
587.966300
587.968550
587.974050
587.981050
587.985900
587.994000
588.001200
588.006400
588.008950
588.013950
588.021150
588.025900
588.029350
588.033950
588.041150
588.046300
588.049450
588.054000
588.060850
588.066000
588.068900
588.073900
588.080800
588.086100
588.088500
588.093850
588.101050
588.105950
588.108100
588.113900
588.120900
588.125900
588.133600
588.140850
588.145950
588.153900
588.160850
588.166200
588.168900
588.173800
588.180850
588.185900
588.193650
588.200850
588.205950
588.208050
588.214000
588.220800
588.226350
588.229000
588.233700
588.240850
588.246150
588.253550
588.260950
588.265850
588.268450
588.273650
588.280750
588.285700
588.293550
588.300750
588.305700
588.308800
588.313550
588.320700
588.325750
588.328750
588.333750
588.340750
588.346350
588.348950
588.353750
588.365900
588.373700
588.380750
588.386500
588.388600
588.393700
588.405800
588.408950
588.413050
588.420550
588.425650
588.427700
588.433700
588.440650
588.445800
588.453650
588.460750
588.465950
588.473600
588.480550
588.485800
588.488400
588.493900
588.500800
588.506150
588.508750
588.513550
588.520800
588.525800
588.528850
588.533600
588.540650
588.545700
588.553700
588.560700
588.565850
588.568400
588.573850
588.580750
588.585750
588.589100
588.593750
588.605750
588.613400
588.620500
588.625750
588.627800
588.633500
588.640650
588.645500
588.647700
588.653700
588.660600
588.665750
588.667900
588.673700
588.685950
588.688850
588.693600
588.700850
588.705350
588.713650
588.720750
588.725550
588.733900
588.740600
588.747550
588.753400
588.760650
588.766100
588.773550
588.780550
588.786000
588.789000
588.800450
588.806000
588.808600
588.813600
588.820450
588.825500
588.828850
588.833850
588.840500
588.845450
588.848700
588.853450
588.860500
588.865400
588.873400
588.880550
588.893450
588.900550
588.905700
588.913650
588.920400
588.925850
588.928800
588.933400
588.940450
588.945500
588.948100
588.953550
588.960550
588.965600
588.973300
588.980500
588.985550
588.988600
588.993400
589.000400
589.005450
589.007750
589.013550
589.020500
589.026150
589.028250
589.033450
589.040450
589.045250
589.047300
589.053450
589.060550
589.065500
589.073100
589.080400
589.085350
589.088350
589.093550
589.100450
589.105300
589.108650
589.113250
589.120550
589.125350
589.128550
589.133250
589.140400
589.145350
589.148600
589.153550
589.160400
589.165750
589.168550
589.173100
589.180400
589.185350
589.188450
589.193550
589.205950
589.213550
589.220350
589.226300
589.228500
589.233100
589.240350
589.245300
589.248650
589.253400
589.260600
589.267400
589.273350
589.280300
589.285400
589.288600
589.293350
589.300350
589.305600
589.313150
589.320350
589.325350
589.333200
589.340300
589.345550
589.360150
589.365550
589.367600
589.373100
589.380250
589.385450
589.393050
589.400350
589.405450
589.413150
589.420500
589.425500
589.428450
589.433200
589.440100
589.445400
589.453250
589.460150
589.465250
589.468350
589.480350
589.485100
589.488500
589.493250
589.505150
589.513400
589.520300
589.528350
589.533150
589.540350
589.545100
589.548150
589.553250
589.560250
589.565100
589.567200
589.573250
589.580150
589.585350
589.588600
589.593450
589.600150
589.605150
589.608300
589.613100
589.620100
589.625050
589.628500
589.633150
589.640200
589.645400
589.648750
589.653200
589.665350
589.667450
589.673200
589.680100
589.685200
589.688750
589.693350
589.705250
589.708050
589.713000
589.725250
589.728500
589.733050
589.740200
589.745100
589.748650
589.753000
589.766650
589.772950
589.780000
589.785100
589.787450
589.792750
589.800150
589.805000
589.808350
589.812800
589.820150
589.825100
589.827200
589.833250
589.840150
589.845200
589.847300
589.853100
589.865250
589.868050
589.885000
589.888300
589.892750
589.900000
589.905100
589.907950
589.912750
589.920100
589.924950
589.927000
589.932950
589.940050
589.944950
589.947000
589.953000
589.965250
589.967750
589.973100
589.980100
589.985150
589.988100
589.992750
589.999950
590.004850
590.008500
590.012850
590.025250
590.027900
590.032800
590.040200
590.053200
590.059900
590.065100
590.068450
590.073350
590.084850
590.088400
590.092800
590.105300
590.108050
590.113300
590.120050
590.125100
590.127650
590.132450
590.139800
590.144600
590.152400
590.159900
590.165250
590.167700
590.173050
590.180050
590.185250
590.188100
590.193000
590.199950
590.204950
590.208300
590.213050
590.219900
590.232800
590.240200
590.247300
590.252950
590.260050
590.264750
590.266850
590.272850
590.280050
590.285050
590.288300
590.292850
590.299950
590.304800
590.312650
590.320150
590.324650
590.327950
590.333200
590.345100
590.348000
590.364650
590.367500
590.372900
590.379950
590.384750
590.388350
590.392950
590.399850
590.404950
590.408050
590.412850
590.419950
590.425250
590.428150
590.432950
590.439750
590.444750
590.448050
590.452950
590.464950
590.472550
590.479850
590.484950
590.488100
590.493050
590.504800
590.507800
590.512750
590.519900
590.524900
590.528050
590.532650
590.544800
590.552900
590.559900
590.564800
590.568150
590.572850
590.580050
590.585000
590.588050
590.592750
590.599900
590.604900
590.606950
590.612850
590.619950
590.624800
590.628400
590.632950
590.639800
590.644850
590.648300
590.660300
590.665250
590.672650
590.680100
590.685300
590.692650
590.700100
590.705200
590.719850
590.725250
590.728150
590.732700
590.739850
590.745150
590.748050
590.752650
590.759900
590.765200
590.767800
590.772950
590.779850
590.784850
590.786950
590.804750
590.812800
590.820000
590.824850
590.827900
590.832950
590.839900
590.845000
590.848000
590.853050
590.859750
590.864950
590.867700
590.872800
590.885000
590.892600
590.906550
590.919800
590.924900
590.932700
590.939800
590.945000
590.948100
590.952500
590.959600
590.964700
590.967350
590.972850
590.979700
590.984600
590.987000
590.993000
590.999750
591.005100
591.012500
591.019750
591.025000
591.045150
591.047450
591.052650
591.059950
591.067450
591.072650
591.080000
591.084650
591.099850
591.119800
591.125550
591.127950
591.132750
591.139600
591.144600
591.146850
591.152850
591.159900
591.164900
591.167600
591.172500
591.179500
591.184900
591.187850
591.192800
591.199550
591.204700
591.212700
591.219550
591.224500
591.227950
591.232400
591.239600
591.244850
591.246950
591.252650
591.259600
591.264600
591.272650
591.279650
591.284700
591.287550
591.292850
591.299650
591.305200
591.307650
591.319750
591.324900
591.327150
591.332550
591.339650
591.344650
591.346850
591.352600
591.359550
591.364850
591.372400
591.379700
591.384850
591.388000
591.392750
591.399700
591.405050
591.407650
591.412300
591.419550
591.427000
591.439750
591.447600
591.452350
591.459450
591.464450
591.467500
591.472350
591.479600
591.484900
591.492450
591.499650
591.508050
591.512550
591.519500
591.525100
591.540050
591.544300
591.546450
591.552400
591.559500
591.564500
591.566950
591.572550
591.584600
591.587900
591.592650
591.599450
591.604600
591.612650
591.619550
591.624800
591.639700
591.644750
591.659800
591.664550
591.667950
591.672650
591.679550
591.684900
591.692400
591.700050
591.704450
591.712450
591.719600
591.725000
591.727050
591.732750
591.739350
591.744550
591.747950
591.752600
591.764800
591.772450
591.779400
591.784850
591.788200
591.792250
591.799650
591.804650
591.807600
591.812350
591.819600
591.824700
591.827550
591.839500
591.844550
591.847450
591.852400
591.859500
591.865050
591.872300
591.884450
591.888250
591.892750
591.899550
591.904800
591.907750
591.924450
591.926550
591.932650
591.939650
591.944900
591.947450
591.952500
591.959850
591.964950
591.967600
591.972300
591.980100
591.984700
591.987900
591.992450
591.999700
592.006450
592.024950
592.027350
592.032500
592.039700
592.044650
592.046950
592.052650
592.064600
592.067800
592.072450
592.079500
592.084750
592.087850
592.092350
592.099650
592.104450
592.112300
592.119600
592.124950
592.127800
592.132350
592.139550
592.144800
592.146900
592.152150
592.159450
592.164700
592.167250
592.172700
592.179700
592.184750
592.199700
592.204700
592.207550
592.212850
592.219800
592.224650
592.232300
592.239650
592.244800
592.247550
592.252450
592.259700
592.264850
592.279650
592.284750
592.287550
592.299600
592.307100
592.312500
592.319700
592.327950
592.339500
592.344600
592.347600
592.352500
592.364500
592.366650
592.372650
592.379550
592.384600
592.387600
592.392400
592.399500
592.404450
592.406600
592.412300
592.419450
592.426400
592.431850
592.439500
592.444300
592.447650
592.452400
592.459650
592.464500
592.466700
592.472400
592.484400
592.487800
592.492300
592.499600
592.504550
592.506600
592.512750
592.519350
592.524700
592.527600
592.532350
592.539450
592.544700
592.546800
592.552250
592.559450
592.564600
592.567250
592.572650
592.579550
592.584400
592.587650
592.592600
592.599600
592.604700
592.607650
592.619400
592.624900
592.627250
592.632350
592.639450
592.644500
592.652450
592.659450
592.666300
592.672200
592.679400
592.684700
592.691800
592.699650
592.704300
592.706450
592.712350
592.719450
592.724600
592.726650
592.732300
592.739450
592.744400
592.746550
592.752350
592.759550
592.764550
592.767700
592.771950
592.784450
592.787650
592.792500
592.799550
592.804350
592.812300
592.819550
592.824750
592.828050
592.832500
592.839450
592.844400
592.847050
592.852100
592.864300
592.867650
592.872650
592.879600
592.884700
592.891850
592.899650
592.904300
592.912650
592.919450
592.924400
592.927600
592.932400
592.939500
592.944600
592.947900
592.959650
592.964400
592.967700
592.972700
592.984550
592.986800
592.992150
592.999600
593.004650
593.006850
593.012300
593.024350
593.032500
593.039550
593.044850
593.048150
593.052550
593.064650
593.066750
593.072800
593.084600
593.092350
593.099400
593.104700
593.107750
593.112300
593.126150
593.144350
593.147500
593.152000
593.164600
593.172400
593.179600
593.184600
593.192400
593.204800
593.212700
593.219400
593.224650
593.227800
593.232400
593.244700
593.247700
593.252350
593.259450
593.264450
593.272400
593.279400
593.284850
593.287400
593.292500
593.307750
593.312600
593.319400
593.324600
593.332400
593.339900
593.344650
593.346900
593.352550
593.364800
593.367700
593.372450
593.379500
593.384550
593.387600
593.392650
593.399600
593.404650
593.412700
593.419500
593.424950
593.427800
593.432550
593.439500
593.445150
593.447850
593.452500
593.459700
593.464950
593.467200
593.472550
593.479700
593.484700
593.487300
593.492450
593.499650
593.504750
593.507450
593.512600
593.519650
593.527250
593.539400
593.544850
593.547800
593.552550
593.559600
593.564850
593.567900
593.572750
593.579400
593.584550
593.586600
593.592400
593.599500
593.604800
593.606900
593.612500
593.619450
593.624800
593.632400
593.639650
593.652400
593.659550
593.664650
593.667650
593.672700
593.679500
593.684850
593.692750
593.699550
593.704600
593.707700
593.712450
593.719700
593.724700
593.727150
593.732450
593.739600
593.744800
593.747750
593.752400
593.759500
593.764650
593.767800
593.772400
593.779800
593.785000
593.788000
593.792600
593.799700
593.804750
593.812600
593.819750
593.824800
593.827800
593.832750
593.839700
593.844650
593.847650
593.852650
593.859700
593.864400
593.867850
593.872550
593.879650
593.884750
593.892500
593.899500
593.904500
593.912600
593.919550
593.924900
593.932400
593.944550
593.947400
593.959600
593.964700
593.972400
593.979500
593.984700
593.986800
593.992300
593.999650
594.004700
594.012550
594.019700
594.024650
594.027750
594.032600
594.039700
594.044550
594.047900
594.052450
594.059550
594.064550
594.068200
594.072450
594.079650
594.084600
594.092400
594.099650
594.104850
594.107650
594.112650
594.119700
594.124500
594.132650
594.139600
594.144700
594.146750
594.152700
594.159750
594.164950
594.167750
594.172750
594.179550
594.184700
594.186750
594.192550
594.199650
594.212550
594.219600
594.224750
594.232600
594.239650
594.244850
594.252700
594.259750
594.264600
594.272500
594.279600
594.284900
594.292800
594.299550
594.304900
594.312700
594.319550
594.324850
594.327950
594.332700
594.339650
594.344600
594.352500
594.359650
594.364700
594.367700
594.372500
594.379800
594.384750
594.392600
594.399600
594.404750
594.407950
594.412500
594.419700
594.424900
594.432950
594.452850
594.459650
594.464650
594.468150
594.472600
594.479600
594.485000
594.492400
594.499700
594.504800
594.512300
594.519550
594.524650
594.527850
594.532750
594.539800
594.544850
594.548000
594.552700
594.559650
594.564450
594.572600
594.584800
594.592600
594.599600
594.604800
594.612600
594.624900
594.627850
594.632600
594.639750
594.644750
594.648450
594.652600
594.659600
594.664850
594.672600
594.679750
594.685000
594.692450
594.699700
594.704650
594.706750
594.719700
594.724850
594.732600
594.740050
594.744700
594.752800
594.759750
594.764750
594.772550
594.779700
594.785100
594.787600
594.792700
594.799750
594.805250
594.807750
594.812450
594.819650
594.824550
594.832600
594.839750
594.845200
594.847350
594.852750
594.864550
594.867700
594.872500
594.879600
594.884850
594.892800
594.899750
594.904800
594.908200
594.912750
594.919600
594.924650
594.926900
594.932600
594.939900
594.944600
594.948100
594.952850
594.959850
594.964600
594.967700
594.972650
594.979750
594.984850
594.992700
595.004800
595.012850
595.019900
595.024750
595.028100
595.032650
595.039900
595.044900
595.048050
595.052900
595.060150
595.064950
595.067800
595.072850
595.079850
595.084950
595.087750
595.092550
595.099850
595.104700
595.112700
595.119900
595.124850
595.128200
595.132700
595.139950
595.145200
595.152900
595.159750
595.164950
595.167500
595.172700
595.179850
595.185050
595.187250
595.199750
595.204800
595.207950
595.212550
595.219700
595.225000
595.227800
595.232750
595.244950
595.247900
595.252950
595.259900
595.265000
595.279900
595.284900
595.292800
595.299800
595.304850
595.307900
595.313100
595.319800
595.324850
595.328100
595.332850
595.339900
595.344850
595.352650
595.359900
595.364750
595.368350
595.372750
595.379750
595.385050
595.388000
595.392900
595.399800
595.404950
595.412850
595.419900
595.425050
595.433050
595.439950
595.445200
595.452500
595.459800
595.466700
595.472950
595.479900
595.484700
595.486850
595.492950
595.499950
595.504950
595.513000
595.519850
595.524800
595.528300
595.532350
595.540000
595.544850
595.552800
595.559950
595.564850
595.568200
595.573000
595.579850
595.584800
595.592600
595.599950
595.605050
595.612500
595.619750
595.624950
595.633000
595.639900
595.644950
595.648200
595.652850
595.659850
595.664850
595.672800
595.679850
595.685300
595.688250
595.692900
595.699750
595.705200
595.708000
595.712850
595.719850
595.724650
595.732950
595.745050
595.748100
595.753200
595.759850
595.765000
595.768100
595.773000
595.779900
595.785100
595.792700
595.799900
595.804800
595.812700
595.819900
595.825050
595.833050
595.840000
595.844850
595.852850
595.864850
595.872850
595.879850
595.884950
595.893300
595.899900
595.904800
595.908200
595.912850
595.920050
595.924900
595.932950
595.940000
595.945000
595.952800
595.959900
595.967100
595.973000
595.979900
595.985300
595.988300
595.992700
595.999950
596.005000
596.012950
596.019900
596.025000
596.033200
596.039850
596.045050
596.053050
596.059950
596.064900
596.072800
596.080050
596.085300
596.088250
596.093150
596.100050
596.104950
596.108300
596.112900
596.120200
596.125300
596.128400
596.132850
596.140150
596.145000
596.148100
596.152650
596.159900
596.167100
596.173150
596.180050
596.185000
596.188350
596.192850
596.199900
596.205400
596.212800
596.220150
596.225300
596.228100
596.233000
596.240050
596.244900
596.247000
596.253000
596.260100
596.265500
596.272900
596.280000
596.285250
596.292750
596.300000
596.308550
596.326800
596.332800
596.340000
596.345150
596.348050
596.353200
596.360250
596.365000
596.372900
596.380000
596.385000
596.393200
596.400100
596.405350
596.413350
596.420050
596.424850
596.428400
596.433300
596.440100
596.445150
596.452850
596.460200
596.464900
596.466950
596.473400
596.480200
596.485300
596.488350
596.493000
596.500000
596.505050
596.508450
596.512950
596.520050
596.525200
596.533000
596.540100
596.545150
596.548300
596.552850
596.560100
596.565400
596.573050
596.580050
596.585500
596.592900
596.600100
596.605250
596.608650
596.612900
596.620150
596.625350
596.628450
596.632900
596.640200
596.645200
596.648350
596.660150
596.665350
596.673000
596.680300
596.685550
596.692950
596.700300
596.705550
596.720200
596.725400
596.733500
596.740400
596.745050
596.753150
596.760300
596.765300
596.773100
596.780050
596.785200
596.793100
596.800100
596.805450
596.807750
596.813200
596.820250
596.825100
596.827150
596.833050
596.840100
596.845150
596.847350
596.853100
596.860200
596.865500
596.873300
596.880150
596.885100
596.887500
596.893100
596.900550
596.905350
596.908100
596.913150
596.920400
596.925150
596.927350
596.933300
596.940350
596.945650
596.948550
596.953250
596.965300
596.968300
596.973400
596.980500
596.985200
596.988500
596.993250
597.000300
597.005450
597.013300
597.025150
597.028100
597.033300
597.040250
597.045650
597.047700
597.053100
597.060150
597.065600
597.073100
597.080250
597.085600
597.088300
597.093250
597.100200
597.105600
597.108400
597.113000
597.120250
597.125300
597.127700
597.133200
597.140150
597.145150
597.153200
597.160200
597.165550
597.168200
597.173100
597.180250
597.185400
597.188150
597.192950
597.200250
597.205200
597.208200
597.225400
597.233350
597.240200
597.245050
597.248700
597.253350
597.260400
597.265200
597.280200
597.285400
597.288450
597.293350
597.300400
597.305200
597.308350
597.313400
597.320350
597.325600
597.328350
597.333300
597.340300
597.345550
597.353150
597.360400
597.365100
597.380200
597.392650
597.405750
597.408400
597.425150
597.428700
597.433200
597.440300
597.445450
597.448500
597.453100
597.465500
597.468550
597.473200
597.480400
597.485400
597.488650
597.493250
597.500350
597.505100
597.508800
597.513000
597.520200
597.525300
597.528350
597.533150
597.540500
597.545400
597.553150
597.560400
597.565200
597.568500
597.573200
597.580500
597.585600
597.593450
597.600450
597.605400
597.608250
597.613300
597.620300
597.625300
597.633400
597.640300
597.645150
597.653350
597.660400
597.666150
597.668350
597.673200
597.680300
597.685200
597.688650
597.693300
597.700400
597.708500
597.713100
597.720250
597.725950
597.733550
597.740400
597.745400
597.748450
597.753400
597.760450
597.765550
597.768650
597.773150
597.780400
597.785450
597.788600
597.793250
597.800200
597.805150
597.813350
597.820500
597.825200
597.827300
597.833600
597.845450
597.853500
597.860550
597.865500
597.868850
597.873350
597.880350
597.885350
597.893150
597.900400
597.905300
597.920600
597.925700
597.928450
597.933900
597.940650
597.945850
597.948900
597.953650
597.960450
597.965700
597.973300
597.980350
597.985600
597.989000
598.000450
598.005550
598.007850
598.013100
598.020450
598.025550
598.033200
598.040550
598.045250
598.048500
598.053300
598.060550
598.065450
598.073150
598.080400
598.085350
598.087650
598.093200
598.100250
598.105850
598.108200
598.113500
598.120350
598.125550
598.128500
598.133250
598.140350
598.145400
598.148700
598.153450
598.160600
598.165450
598.173400
598.180500
598.185250
598.189050
598.193500
598.205450
598.208350
598.213550
598.220350
598.225750
598.233250
598.240450
598.245650
598.247850
598.253300
598.260500
598.265400
598.268550
598.273250
598.280550
598.285500
598.287650
598.293600
598.300350
598.305500
598.313550
598.328700
598.333400
598.340550
598.345700
598.348600
598.353750
598.360600
598.365600
598.368700
598.373350
598.380450
598.385700
598.388750
598.393450
598.400400
598.405400
598.408850
598.413500
598.420550
598.425650
598.428650
598.433400
598.440550
598.445250
598.448200
598.453500
598.460450
598.465700
598.473700
598.485900
598.493600
598.500550
598.505800
598.508550
598.513350
598.520550
598.525550
598.527600
598.533300
598.540650
598.545850
598.548500
598.560750
598.565300
598.573500
598.580600
598.585650
598.588850
598.600650
598.605850
598.613700
598.626100
598.633400
598.640600
598.645600
598.653550
598.660600
598.665700
598.668900
598.673350
598.680400
598.685700
598.688700
598.693700
598.700550
598.705700
598.708450
598.713650
598.720450
598.725800
598.728650
598.733350
598.740450
598.745350
598.753550
598.760500
598.765500
598.768550
598.773650
598.780550
598.785750
598.788200
598.793050
598.800600
598.805350
598.813400
598.825500
598.828700
598.833400
598.840550
598.845600
598.853700
598.860500
598.866000
598.868450
598.873850
598.880650
598.885750
598.888950
598.893500
598.900500
598.905500
598.908150
598.913400
598.920500
598.925500
598.933950
598.940700
598.945800
598.948750
598.953500
598.960500
598.965800
598.968350
598.973300
598.980500
598.993450
599.000500
599.005550
599.009350
599.013550
599.020500
599.025800
599.028550
599.033300
599.040900
599.049200
599.053400
599.060500
599.065600
599.069100
599.073600
599.080650
599.085500
599.088800
599.093750
599.105850
599.109000
599.120450
599.125500
599.128300
599.133650
599.140500
599.145450
599.147550
599.165450
599.168800
599.173300
599.180700
599.185400
599.187450
599.200450
599.205550
599.209300
599.213600
599.220600
599.225400
599.228800
599.233450
599.240750
599.245750
599.248750
599.253800
599.260550
599.265600
599.267800
599.273550
599.280550
599.285650
599.288350
599.293450
599.300800
599.305850
599.308350
599.313450
599.321250
599.325950
599.328150
599.333500
599.340800
599.347000
599.349700
599.353350
599.360750
599.365850
599.368750
599.373500
599.385650
599.388600
599.393600
599.400600
599.405550
599.407700
599.413600
599.420650
599.425650
599.427800
599.433500
599.440600
599.447400
599.453800
599.460800
599.465700
599.468450
599.473400
599.480750
599.485750
599.488500
599.493700
599.500550
599.505450
599.507900
599.513600
599.520550
599.525750
599.528850
599.533550
599.540750
599.545550
599.547600
599.554000
599.560600
599.565650
599.568850
599.573450
599.580750
599.585700
599.587850
599.593550
599.600700
599.605950
599.608900
599.613700
599.620750
599.625500
599.628800
599.633550
599.640650
599.645850
599.648550
599.653500
599.660750
599.666100
599.673400
599.680850
599.687300
599.693500
599.705650
599.713450
599.725750
599.733700
599.740600
599.746250
599.753350
599.765700
599.773500
599.780750
599.785500
599.793800
599.800800
599.805650
599.808900
599.813750
599.820600
599.825600
599.828300
599.833500
599.840700
599.845700
599.848600
599.853750
599.860750
599.865850
599.868600
599.873600
599.880800
599.885400
599.888700
599.893500
599.900750
599.905750
599.920850
599.925600
599.927650
599.934000
599.940750
599.946000
599.949000
599.953850
599.960850
599.967100
599.973650
599.980750
599.985800
599.988650
599.993350
600.000750
600.005650
600.008700
600.013700
600.020600
600.025650
600.027900
600.033500
600.040900
600.045800
600.048650
600.053700
600.060550
600.065750
600.068550
600.073900
600.080700
600.085700
600.088800
600.093500
600.100850
600.106000
600.109100
600.113600
600.120750
600.125650
600.129000
600.133500
600.140700
600.145750
600.153300
600.161050
600.165800
600.168500
600.173750
600.180650
600.185750
600.188550
600.193800
600.200750
600.205800
600.208950
600.213900
600.225650
600.233800
600.240850
600.245900
600.248500
600.253750
600.260700
600.265950
600.269250
600.273850
600.280800
600.285850
600.288850
600.300900
600.305800
600.308450
600.313850
600.320800
600.325850
600.328750
600.333550
600.340900
600.345950
600.353750
600.360850
600.368750
600.373600
600.380600
600.387850
600.393950
600.400650
600.405800
600.408000
600.413800
600.420600
600.425650
600.428800
600.433700
600.440750
600.445700
600.448700
600.453700
600.465850
600.468950
600.473700
600.480750
600.485800
600.493750
600.500850
600.505550
600.509200
600.513800
600.520650
600.533550
600.540600
600.546050
600.548800
600.553650
600.560650
600.565550
600.568400
600.573850
600.580650
600.585600
600.588900
600.593450
600.600900
600.605750
600.608700
600.613650
600.620850
600.625650
600.633600
600.640500
600.645900
600.648350
600.653650
600.660550
600.665950
600.668250
600.685500
600.693400
600.705900
600.708650
600.713850
600.720800
600.725700
600.728600
600.733650
600.745600
600.748950
600.760650
600.765650
600.768050
600.773700
600.780750
600.785750
600.793700
600.806100
600.808800
600.813700
600.820650
600.825950
600.828700
600.833700
600.845950
600.849200
600.865850
600.869100
600.873450
600.880800
600.885700
600.887850
600.893700
600.900850
600.905650
600.913450
600.920550
600.925800
600.927850
600.933850
600.940700
600.946000
600.960650
600.965500
600.967750
600.973550
600.985600
600.987750
600.993750
601.000600
601.005900
601.008850
601.013900
601.020700
601.025750
601.028800
601.033500
601.040800
601.045650
601.048550
601.052950
601.060750
601.065750
601.068900
601.073550
601.085650
601.093650
601.100600
601.105750
601.107800
601.113550
601.120750
601.126150
601.129050
601.133600
601.140650
601.146300
601.148650
601.153500
601.160600
601.166050
601.168400
601.173500
601.180500
601.185750
601.188950
601.200750
601.205900
601.208450
601.213700
601.220800
601.228600
601.240800
601.245750
601.248700
601.253900
601.260650
601.265900
601.273550
601.280750
601.286000
601.289000
601.293700
601.300650
601.305700
601.308600
601.320750
601.325600
601.328400
601.333550
601.345750
601.353450
601.360550
601.365450
601.373550
601.380650
601.385500
601.387600
601.393800
601.400550
601.405600
601.413600
601.420550
601.425850
601.428700
601.433700
601.440550
601.445900
601.453700
601.460900
601.465350
601.467400
601.473450
601.480650
601.485800
601.488350
601.493450
601.500500
601.508800
601.513450
601.520750
601.525150
601.527200
601.533750
601.540650
601.545350
601.548800
601.553350
601.560600
601.565650
601.568650
601.573600
601.580550
601.585600
601.588800
601.593750
601.600850
601.605700
601.608250
601.613400
601.620550
601.625500
601.633400
601.640450
601.648300
601.653350
601.660600
601.665400
601.668750
601.673600
601.680550
601.685800
601.688850
601.693450
601.700550
601.705450
601.709300
601.713450
601.720450
601.725700
601.728800
601.733550
601.740500
601.745600
601.753550
601.760550
601.765850
601.768550
601.773600
601.780650
601.785300
601.793200
601.800600
601.805450
601.807500
601.813400
601.820550
601.825400
601.827550
601.833750
601.840850
601.845900
601.848450
601.853600
601.865550
601.868700
601.873550
601.880550
601.888700
601.900550
601.905850
601.908450
601.913350
601.920700
601.925700
601.928900
601.933350
601.940600
601.946050
601.948500
601.953550
601.960300
601.965650
601.968000
601.973350
601.980500
601.985300
601.988650
601.993450
602.000600
602.005800
602.008000
602.013700
602.020550
602.025350
602.028600
602.040350
602.045600
602.048850
602.053050
602.060550
602.065350
602.068600
602.073300
602.080500
602.086000
602.088300
602.092950
602.100400
602.105700
602.108800
602.113550
602.120500
602.125550
602.133050
602.140350
602.147800
602.153400
602.160350
602.165350
602.167500
602.173350
602.180250
602.185250
602.189150
602.193100
602.200350
602.205600
602.213400
602.220450
602.225650
602.233350
602.240250
602.245750
602.248500
602.253250
602.260500
602.264950
602.273450
602.280600
602.285750
602.288450
602.293200
602.300350
602.305650
602.308100
602.313200
602.320350
602.325900
602.332450
602.340250
602.345250
602.348250
602.353150
602.360450
602.365100
602.367150
602.373150
602.380250
602.385100
602.387150
602.393100
602.400250
602.405200
602.413250
602.420300
602.425300
602.428050
602.433050
602.440200
602.445250
602.448400
602.453250
602.460250
602.465300
602.467350
602.473100
602.480200
602.485350
602.487450
602.493100
602.500450
602.505250
602.508300
602.513000
602.525050
602.527200
602.533050
602.540400
602.545100
602.548450
602.553000
602.560350
602.565350
602.568000
602.573200
602.580400
602.585800
602.588050
602.593300
602.600300
602.605100
602.608100
602.613250
602.626100
602.640350
602.646150
602.648200
602.652550
602.660350
602.665650
602.680250
602.685850
602.688400
602.693550
602.700150
602.705100
602.708200
602.713350
602.720300
602.725050
602.728400
602.745150
602.747950
602.753650
602.760150
602.765250
602.768450
602.780100
602.785450
602.788250
602.793200
602.805250
602.808700
602.812950
602.819950
602.825450
602.833000
602.840100
602.845050
602.847750
602.853200
602.860100
602.865200
602.868300
602.873100
602.880150
602.885400
602.888750
602.893300
602.899950
602.905200
602.908350
602.913100
602.920100
602.925100
602.932850
602.940050
602.944900
602.947050
602.952800
602.960600
602.965150
602.968150
602.973150
602.980000
602.984950
602.988350
603.007000
603.012900
603.020100
603.025150
603.028400
603.032850
603.040100
603.045050
603.052150
603.059950
603.065450
603.067500
603.072700
603.080150
603.085150
603.087650
603.092850
603.100000
603.105100
603.108000
603.113000
603.120100
603.125400
603.127950
603.132850
603.140200
603.145450
603.147750
603.153200
603.160200
603.164850
603.167950
603.172700
603.180050
603.184950
603.187750
603.192750
603.199800
603.205300
603.208050
603.213300
603.220050
603.225100
603.233000
603.239900
603.247300
603.259850
603.265000
603.267050
603.272900
603.279850
603.285600
603.288150
603.292800
603.299900
603.304950
603.307850
603.312900
603.319900
603.325050
603.328000
603.332700
603.340150
603.345200
603.347650
603.352750
603.360100
603.364750
603.367850
603.379850
603.385100
603.393250
603.399850
603.404950
603.412800
603.419800
603.425000
603.427700
603.432800
603.439950
603.445000
603.447850
603.452800
603.459750
603.467350
603.472400
603.479900
603.485400
603.492550
603.499750
603.505050
603.507400
603.512600
603.519750
603.524750
603.527150
603.532700
603.539800
603.545000
603.547300
603.552550
603.559750
603.564550
603.567000
603.572400
603.579700
603.584700
603.587850
603.592500
603.599550
603.607000
603.612600
603.619700
603.624650
603.627850
603.632650
603.639600
603.644700
603.648100
603.652550
603.664900
603.679600
603.684700
603.687950
603.692600
603.699550
603.704700
603.707550
603.712650
603.719700
603.724400
603.727900
603.732350
603.739550
603.744650
603.747600
603.752450
603.759600
603.764700
603.768050
603.772350
603.784600
603.787700
603.792700
603.804500
603.812350
603.819600
603.824450
603.832600
603.839450
603.844250
603.852350
603.859500
603.864450
603.872550
603.879450
603.884550
603.891700
603.899800
603.905400
603.912300
603.919700
603.924550
603.927200
603.932250
603.939250
603.944900
603.959500
603.964850
603.972200
603.979550
603.984850
603.992100
603.999550
604.004800
604.012350
604.019400
604.024900
604.027250
604.032350
604.039650
604.044450
604.047200
604.052300
604.059550
604.064750
604.067450
604.072300
604.079450
604.084600
604.087100
604.092100
604.099350
604.104750
604.107300
604.112200
604.119400
604.124400
604.127050
604.132100
604.139350
604.144300
604.147400
604.152100
604.159250
604.164200
604.166500
604.171950
604.184300
604.192350
604.199250
604.204250
604.206400
604.212100
604.219300
604.224300
604.227600
604.232200
604.238950
604.244150
604.247450
604.252150
604.259150
604.264050
604.271600
604.279350
604.284500
604.286800
604.291900
604.298900
604.312300
604.319400
604.324550
604.332000
604.344450
604.351800
604.359200
604.364450
604.379150
604.384550
604.391800
604.399150
604.404550
604.411700
604.424650
604.431550
604.439050
604.444450
604.464450
604.483900
604.487100
604.491850
604.499000
604.504050
604.506950
604.511850
604.518900
604.527000
604.532200
604.538900
604.543700
604.545850
604.551800
604.563750
604.566950
604.571950
604.578950
604.584000
604.586500
604.591750
604.599050
604.604100
604.606950
604.611900
604.619450
604.624000
604.627100
604.631800
604.638900
604.643850
604.647350
604.651700
604.658750
604.663800
604.666700
604.671650
604.679000
604.684050
604.686450
604.691850
604.699150
604.703850
604.711650
604.718800
604.723900
604.727200
604.731800
604.744000
604.747050
604.758850
604.763800
604.771750
604.783900
604.787150
604.791400
604.798900
604.803450
604.806400
604.811550
604.819000
604.823900
604.826600
604.831500
604.838650
604.843700
604.846750
604.851500
604.858600
604.863700
604.866700
604.871450
604.878700
604.883650
604.886750
604.891750
604.898750
604.903650
604.906900
604.911700
604.918500
604.923700
604.926050
604.931350
604.938550
604.943850
604.946000
604.951500
604.958450
604.964300
604.966600
604.971500
604.983350
604.991400
605.003400
605.011550
605.018400
605.023850
605.031550
605.043550
605.046450
605.051550
605.058400
605.063550
605.065700
605.071650
605.078400
605.083400
605.086700
605.091050
605.098400
605.103600
605.106400
605.111250
605.118350
605.123500
605.126700
605.131300
605.143400
605.145550
605.151350
605.158500
605.163600
605.166250
605.171200
605.178200
605.183300
605.185400
605.191250
605.203300
605.205850
605.218300
605.223500
605.226050
605.231200
605.238400
605.243350
605.245500
605.251200
605.258550
605.263100
605.266200
605.271050
605.278250
605.283200
605.286350
605.291000
605.298300
605.303300
605.306350
605.311300
605.318050
605.323250
605.326350
605.331300
605.338150
605.343550
605.346600
605.350750
605.358200
605.363250
605.366100
605.370950
605.378250
605.383250
605.385950
605.391050
605.398200
605.403350
605.406000
605.411100
605.418150
605.423000
605.430950
605.438000
605.442900
605.446350
605.450950
605.458100
605.463250
605.466200
605.470800
605.477950
605.483050
605.486350
605.490850
605.497950
605.504150
605.510500
605.518150
605.523400
605.530750
605.543300
605.550750
605.558200
605.563400
605.565650
605.570850
605.578100
605.583600
605.585700
605.591350
605.603350
605.610750
605.623750
605.630400
605.638100
605.643050
605.650700
605.658050
605.663200
605.670600
605.677950
605.683550
605.690750
605.698100
605.703300
605.711000
605.724400
605.730800
605.738300
605.743500
605.757950
605.763050
605.765100
605.770450
605.778000
605.783400
605.790700
605.797850
605.805350
605.810650
605.817700
605.823400
605.830450
605.844100
605.850400
605.858450
605.862200
605.870550
605.877500
605.882450
605.890600
605.897650
605.902550
605.905650
605.910700
605.917550
605.922700
605.930500
605.937600
605.949950
605.957700
605.964150
605.970100
605.977750
605.983500
605.985550
605.990250
605.997900
606.003150
606.006350
606.010300
606.017700
606.024700
606.030300
606.037800
606.043150
606.045950
606.057850
606.065500
606.070350
606.083000
606.085700
606.090500
606.097550
606.102900
606.110250
606.117550
606.123700
606.130250
606.142700
606.150150
606.157600
606.163650
606.170250
606.177550
606.184850
606.190050
606.197700
606.203500
606.210150
606.217400
606.224150
606.230450
606.244500
606.250450
606.257350
606.262150
606.264450
606.270400
606.277200
606.282350
606.290050
606.297350
606.302300
606.305350
606.310000
606.317100
606.322350
606.325550
606.330000
606.345050
606.350000
606.357350
606.363600
606.370100
606.377550
606.384050
606.389950
606.397400
606.402800
606.404850
606.410150
606.417400
606.425750
606.429850
606.437500
606.444000
606.450100
606.457350
606.462650
606.464850
606.470050
606.477400
606.483050
606.489650
606.502650
606.510100
606.517250
606.522600
606.529900
606.537150
606.542450
606.549900
606.557350
606.563550
606.569850
606.577100
606.582900
606.589750
606.597100
606.602400
606.609750
606.617050
606.624000
606.629950
606.636900
606.642150
606.645100
606.649750
606.661600
606.663750
606.669700
606.676950
606.681750
606.684150
606.689600
606.696700
606.701750
606.704850
606.709700
606.716700
606.722150
606.737350
606.744800
606.749600
606.757100
606.763700
606.769700
606.777300
606.784050
606.789550
606.797000
606.802400
606.804550
606.809450
606.817000
606.824400
606.829550
606.836800
606.842400
606.849700
606.856900
606.863050
606.881800
606.897100
606.905600
606.909400
606.916850
606.922150
606.929400
606.936650
606.942850
606.956650
606.969250
606.982650
606.989250
606.996650
607.002900
607.008900
607.017050
607.021950
607.029200
607.036450
607.041500
607.049550
607.056150
607.064250
607.069350
607.076950
607.081900
607.089250
607.096600
607.102300
607.109250
607.116400
607.122000
607.129300
607.136400
607.142250
607.149000
607.162850
607.169200
607.176600
607.182400
607.189050
607.196500
607.201800
607.203850
607.209150
607.216500
607.221800
607.229150
607.236550
607.242800
607.256350
607.261550
607.269100
607.281600
607.288750
607.296400
607.301800
607.309050
607.316250
607.321500
607.328950
607.336450
607.341450
607.343600
607.348850
607.356250
607.361550
607.363700
607.369200
607.376100
607.383000
607.400650
607.408950
607.416350
607.421200
607.428900
607.436050
607.441350
607.449700
607.456300
607.461350
607.463500
607.468950
607.476050
607.483400
607.488800
607.496150
607.502300
607.508850
607.516100
607.521350
607.528750
607.536250
607.541400
607.548900
607.561400
607.568700
607.576250
607.581550
607.588700
607.596000
607.601150
607.608550
607.616000
607.621700
607.628400
607.635950
607.641200
607.648750
607.655950
607.661250
607.668950
607.676050
607.680650
607.682700
607.695800
607.700800
607.703700
607.708800
607.715750
607.721000
607.723200
607.728950
607.735700
607.740950
607.743500
607.748900
607.755700
607.760900
607.763500
607.768650
607.775800
607.780500
607.784050
607.788650
607.800800
607.803450
607.808550
607.815800
607.820550
607.824000
607.828550
607.835650
607.840550
607.848650
607.864000
607.868450
607.875700
607.882200
607.888600
607.895850
607.902450
607.921000
607.923350
607.928100
607.935600
607.940750
607.943600
607.948450
607.955550
607.960700
607.963950
607.975900
607.981700
607.988300
607.995600
608.001850
608.008550
608.015750
608.022900
608.028350
608.035600
608.041150
608.048250
608.055500
608.061900
608.068350
608.075650
608.081600
608.088250
608.095700
608.100750
608.108150
608.115400
608.121250
608.128100
608.135650
608.141000
608.148300
608.155400
608.162400
608.168150
608.175600
608.181750
608.187950
608.195150
608.200800
608.203100
608.207850
608.220000
608.222150
608.235150
608.240250
608.248250
608.255150
608.260450
608.263150
608.268050
608.275200
608.280350
608.282800
608.295450
608.301400
608.308050
608.315200
608.320450
608.322500
608.327850
608.335300
608.341400
608.348250
608.355400
608.361450
608.368200
608.375300
608.381450
608.383650
608.388000
608.395300
608.400200
608.402450
608.407800
608.415300
608.420500
608.423300
608.427900
608.435150
608.441550
608.447800
608.455150
608.461650
608.467800
608.475100
608.480450
608.487900
608.495050
608.500250
608.515000
608.519500
608.522600
608.527850
608.534950
608.539700
608.543250
608.547750
608.554800
608.560100
608.562450
608.567750
608.574650
608.579950
608.583350
608.587700
608.594850
608.600500
608.602550
608.607250
608.614600
608.619850
608.622700
608.627950
608.634700
608.640000
608.642800
608.647550
608.654800
608.659650
608.663400
608.667750
608.674650
608.679700
608.683000
608.687800
608.694600
608.699650
608.702400
608.715100
608.722150
608.727350
608.735000
608.741450
608.743600
608.747400
608.754600
608.759850
608.762000
608.767400
608.774550
608.779750
608.782900
608.787800
608.794450
608.801450
608.807550
608.820300
608.823000
608.827700
608.834750
608.840050
608.842100
608.847500
608.854850
608.859600
608.861750
608.867250
608.874450
608.879500
608.886800
608.894650
608.899850
608.907350
608.914450
608.919550
608.922600
608.934300
608.939450
608.947300
608.954500
608.959100
608.967200
608.979450
608.982500
608.987700
608.994300
608.999850
609.002450
609.007350
609.014350
609.019550
609.022400
609.027100
609.039500
609.047200
609.059550
609.066850
609.074450
609.082050
609.087100
609.094650
609.102050
609.114350
609.119650
609.121950
609.134200
609.139250
609.141800
609.147150
609.154200
609.159050
609.167000
609.174100
609.179000
609.182450
609.187200
609.194100
609.199050
609.202450
609.206950
609.214050
609.219150
609.227200
609.234100
609.239200
609.242050
609.246600
609.254050
609.259000
609.262050
609.267100
609.274150
609.279600
609.294200
609.299300
609.306750
609.314050
609.319400
609.326700
609.334150
609.354200
609.359050
609.361900
609.366800
609.374100
609.379700
609.381900
609.387000
609.393950
609.399500
609.401800
609.406800
609.414050
609.419300
609.421900
609.426800
609.433900
609.439500
609.441850
609.446900
609.454300
609.461200
609.466600
609.474050
609.479650
609.486650
609.494100
609.499400
609.506600
609.513750
609.518750
609.522300
609.526750
609.533750
609.539050
609.541850
609.546700
609.553800
609.559050
609.561550
609.566550
609.573850
609.579100
609.581900
609.586650
609.593900
609.598850
609.601600
609.613700
609.618650
609.626750
609.633900
609.640450
609.653700
609.658700
609.661800
609.666550
609.673850
609.682400
609.693600
609.698500
609.706450
609.713500
609.718500
609.721200
609.726400
609.733500
609.738750
609.741700
609.746550
609.753550
609.758550
609.761650
609.766300
609.778400
609.782050
609.786450
609.793500
609.798550
609.801000
609.806750
609.813500
609.818600
609.821750
609.826450
609.838400
609.846350
609.853300
609.858400
609.861800
609.866300
609.878550
609.886600
609.893450
609.898250
609.901150
609.906300
609.913450
609.918550
609.921350
609.926100
609.933300
609.938400
609.940900
609.946400
609.953250
609.958350
609.961200
609.966400
609.973250
609.978150
609.986050
609.993850
609.999950
610.002150
610.006050
610.013450
610.018650
610.021050
610.026300
610.033800
610.039550
610.041600
610.046350
610.060000
610.066150
610.073400
610.079950
610.085900
610.093250
610.098300
610.100500
610.106050
610.113150
610.118400
610.121200
610.126050
610.138350
610.141150
610.146250
610.153300
610.158200
610.161350
610.166300
610.173300
610.178300
610.180400
610.186100
610.193100
610.198350
610.206050
610.213000
610.218100
610.221300
610.226250
610.233200
610.238100
610.241150
610.246200
610.253000
610.258150
610.266100
610.272950
610.278400
610.280600
610.285800
610.292950
610.298150
610.301000
610.305900
610.312900
610.317700
610.320550
610.325800
610.332800
610.337900
610.345950
610.352750
610.358300
610.360700
610.365850
610.372800
610.377800
610.385800
610.393350
610.400300
610.405950
610.413150
610.420600
610.432900
610.438000
610.446050
610.452900
610.460500
610.465500
610.473050
610.480600
610.485550
610.492900
610.498350
610.501750
610.513000
610.518200
610.520450
610.525500
610.533000
610.538150
610.540200
610.552900
610.557950
610.560300
610.565650
610.572800
610.580000
610.585800
610.597700
610.599750
610.606050
610.612650
610.617700
610.620900
610.625750
610.633050
610.637800
610.640750
610.645950
610.652600
610.657650
610.665450
610.672500
610.677600
610.680800
610.685500
610.692700
610.697700
610.700750
610.705450
610.712750
610.717700
610.720900
610.725300
610.732500
610.737800
610.745700
610.752750
610.757650
610.761050
610.765600
610.772300
610.778250
610.785700
610.792700
610.797450
610.800750
610.805350
610.812350
610.817650
610.820550
610.825400
610.832300
610.837700
610.840150
610.845550
610.852250
610.857850
610.860150
610.865500
610.872500
610.877650
610.880250
610.885350
610.892400
610.897850
610.905150
610.912450
610.917650
610.920500
610.925350
610.932400
610.938250
610.945350
610.952350
610.957600
610.972450
610.977550
610.979850
610.985300
610.992550
610.997450
611.005300
611.012300
611.017600
611.025650
611.032350
611.037550
611.040250
611.045400
611.052300
611.057350
611.060550
611.065650
611.072350
611.077350
611.080500
611.085200
611.092400
611.097200
611.105150
611.112200
611.117400
611.125250
611.137700
611.140600
611.145300
611.152350
611.157400
611.160200
611.165400
611.172300
611.177200
611.185300
611.192450
611.200650
611.212150
611.217300
611.219550
611.232200
611.237350
611.245150
611.252000
611.257150
611.265050
611.272250
611.277350
611.280050
611.285000
611.292150
611.297150
611.300250
611.305050
611.312150
611.317350
611.320100
611.325200
611.332150
611.337100
611.339350
611.344900
611.351950
611.357200
611.365050
611.371950
611.377050
611.379800
611.385050
611.391850
611.396900
611.404950
611.412100
611.416750
611.420150
611.424950
611.431900
611.436550
611.457100
611.465100
611.472000
611.476850
611.484650
611.492100
611.497150
611.519250
611.532000
611.536900
611.545250
611.551800
611.556550
611.558700
611.564850
611.572000
611.577000
611.580200
611.584950
611.591900
611.597050
611.604850
611.611700
611.617250
611.619900
611.624600
611.631900
611.636700
611.644800
611.651800
611.656550
611.659900
611.664500
611.671800
611.676750
611.678800
611.684850
611.691700
611.696700
611.704800
611.711700
611.716550
611.718800
611.731600
611.736900
611.739850
611.751950
611.756800
611.759650
611.764700
611.776700
611.784400
611.791500
611.797050
611.799700
611.804750
611.811500
611.817100
611.819450
611.824350
611.831650
611.836700
611.844700
611.851600
611.856750
611.859350
611.864500
611.871550
611.876800
611.879950
611.896750
611.904400
611.911950
611.916800
611.919850
611.924800
611.931350
611.936700
611.944450
611.951500
611.956800
611.964550
611.971500
611.976400
611.978650
611.984350
611.991900
611.996800
612.000050
612.004500
612.011550
612.016350
612.019650
612.024650
612.031550
612.037100
612.044350
612.051600
612.056750
612.071450
612.076900
612.084500
612.091600
612.111350
612.116850
612.118950
612.124550
612.131500
612.136750
612.139650
612.144450
612.156650
612.164350
612.171400
612.176450
612.184650
612.196500
612.204450
612.211450
612.216450
612.219850
612.224450
612.231500
612.236450
612.239800
612.252000
612.256750
612.264350
612.271500
612.276300
612.284300
612.291400
612.296350
612.304500
612.311400
612.316550
612.319650
612.324450
612.336650
612.339500
612.344400
612.351350
612.356200
612.359150
612.364150
612.371400
612.377050
612.379250
612.384750
612.391300
612.396550
612.399650
612.404150
612.411550
612.416100
612.424050
612.436150
612.439300
612.444100
612.451400
635.244550
684.607450
749.407000
842.426350
