0.050600
1.616800
2.130650
3.856950
4.621950
4.882450
5.202200
6.149800
6.434100
7.088900
10.191700
10.194050
10.196200
10.202400
10.217650
10.223700
10.228050
10.237050
10.240500
10.281200
10.528850
10.569500
10.783450
10.814400
10.836500
10.874550
10.884700
10.886750
10.895600
10.957950
11.040050
11.046650
11.057050
11.210350
11.216100
11.403750
11.424850
11.460600
12.115550
12.173950
12.201750
12.247400
12.255950
12.261050
12.349150
12.395400
13.041950
13.056050
13.174900
13.246400
13.288400
13.519950
13.756200
14.359650
14.366700
14.385200
14.668350
15.281000
15.348000
15.399100
15.671750
15.752550
15.843650
15.853400
15.869550
15.997800
16.315750
16.355850
16.382600
16.604900
16.609700
16.621100
16.629000
17.459550
17.475300
17.507950
17.514000
17.517400
17.532700
17.552100
17.558800
17.642350
17.849950
17.866550
18.243450
18.246400
18.249700
18.252400
18.258500
18.267700
18.285150
18.441150
18.503250
18.789700
18.982850
18.992850
18.995250
19.246450
19.255000
19.257100
19.301250
19.325600
19.831300
20.562550
20.646150
21.058550
21.298550
21.526900
21.550900
21.609400
21.880450
21.945150
21.963350
21.981550
22.889850
22.901300
23.532900
23.717550
23.748500
23.893250
24.035750
24.047250
24.599700
24.634600
24.654850
24.773850
24.798400
25.150650
25.156900
25.683200
25.687400
25.726600
26.122400
26.130650
26.160500
26.254100
26.587250
26.770750
27.301250
27.340850
27.350900
27.356850
27.364200
27.466300
27.478550
27.484950
27.511550
27.519400
27.521900
27.542500
27.614500
28.463850
28.610050
28.614250
28.629850
28.640650
29.497200
29.820550
30.223000
30.821900
30.828500
30.980250
31.362450
31.425200
31.746000
31.817000
31.841200
32.004150
32.374600
32.408000
32.413000
32.418300
32.442850
32.458150
32.488050
32.606400
32.615300
32.892350
32.898350
32.947150
32.986100
33.193850
34.039500
34.049400
34.073850
34.559400
34.577950
34.610850
35.582150
35.585600
35.600400
35.736450
36.231350
36.527500
37.038950
37.046500
37.124300
37.129500
37.157650
37.312400
37.502200
38.103500
38.564300
38.576350
38.806500
39.194100
39.203700
39.218650
39.625950
39.751550
40.322400
40.339900
40.908650
40.920600
41.254700
41.260600
41.332350
41.405950
41.419300
41.706450
41.759550
42.158800
42.170550
42.640450
43.139200
43.141850
44.040650
44.066800
44.091700
44.097550
44.655400
44.814100
44.825350
44.846000
44.904300
45.487900
45.707200
45.766600
45.788150
45.798500
45.983550
46.462250
46.474150
46.593300
46.685750
46.994300
47.117400
47.374750
47.494150
47.497200
47.524300
47.553200
47.967350
48.692200
48.734750
48.889700
48.979150
48.982800
49.027100
49.139100
49.153350
49.174000
49.181000
49.521750
49.665450
49.694200
49.831700
50.740050
50.752750
50.873800
51.015800
51.503800
51.597000
52.431250
52.880400
52.885000
53.394850
53.490800
53.494450
53.504400
53.527100
53.537450
53.541100
53.556750
53.731750
54.408900
54.415750
54.436650
54.443000
55.271200
55.275700
55.727350
55.730200
55.874200
55.891400
55.896450
55.956800
56.093850
56.700300
56.812950
56.839450
57.324450
57.815650
58.331200
58.336250
58.525600
58.535750
58.958450
59.092600
59.153650
59.678200
59.864450
59.877000
60.693200
60.836100
60.843700
60.849500
60.864050
61.136650
61.284450
61.560450
61.949400
62.300650
62.531850
62.591450
62.614900
62.715700
62.991350
62.998350
63.030550
64.070750
64.253750
64.573650
65.500900
65.536800
65.550150
65.576600
65.588450
65.828500
66.283650
66.312250
66.420900
66.839800
67.203050
67.210450
67.233550
67.242800
68.006950
68.013050
68.392900
68.443450
68.822100
68.884750
69.010800
69.546250
69.563150
69.570800
69.710550
69.969600
70.003250
70.062200
70.110400
70.123050
70.221250
70.787250
72.053650
72.281000
72.286250
72.393350
73.865000
74.044150
74.460500
74.890500
78.159950
78.716250
78.771600
79.218850
80.071100
80.091100
80.225650
84.571100
85.351700
85.574950
85.591400
86.580550
87.017250
87.258400
87.269000
87.462000
87.466200
87.614100
88.736650
89.764450
89.823000
89.972350
90.405150
90.819300
90.848500
90.856400
90.911700
90.923450
90.946350
91.076050
92.108500
92.206600
92.506850
92.764000
92.769900
93.237400
93.362300
93.426000
93.449700
94.040300
94.184800
94.269100
94.406650
94.424950
94.721350
94.734750
94.740300
94.826450
94.845800
94.865550
94.953700
94.967300
95.025750
95.721950
95.732750
96.027350
96.093850
96.119350
96.227900
96.323450
96.327200
96.335200
96.886550
97.099100
97.771900
98.237950
99.239950
99.541500
99.814200
99.846150
99.863400
99.881050
99.931200
100.099350
100.122150
100.779700
100.788400
101.245500
101.403150
101.411800
102.260000
102.265950
102.696300
102.699700
102.832600
103.912950
103.925350
104.259500
104.358700
104.565050
104.570750
105.616350
105.620550
105.625750
105.641800
105.656600
106.149400
106.173450
106.248550
106.389900
106.943350
106.955300
107.263750
107.688050
107.772450
108.120150
108.482600
108.496200
108.713400
109.900350
110.734100
110.738550
110.931700
111.219600
111.719200
111.803700
112.016400
112.018900
112.094100
112.458600
112.834650
112.857600
112.875200
112.912150
113.018700
113.026350
113.263950
113.301600
113.564550
113.832300
114.373350
114.391750
114.402550
114.405000
114.831600
115.352400
115.363700
115.487900
115.490700
115.498700
115.575150
115.656000
115.789600
116.084100
116.153850
116.819250
116.828100
116.934150
117.074650
117.081250
117.088900
117.434750
118.011450
118.047100
118.354600
118.366450
119.291350
119.330250
119.342150
119.895950
119.962550
121.128750
121.233050
121.299100
121.740900
121.780500
122.412050
122.738100
122.947500
123.313700
123.360850
123.474000
123.827150
123.968750
124.358950
124.389950
124.490850
124.560750
124.807900
124.887000
124.921000
125.502750
125.829550
126.599500
126.648450
126.775400
127.006150
127.013250
127.085350
127.752900
128.524700
128.632250
128.805500
128.826900
129.760600
129.988700
130.448300
130.601650
130.801450
130.891800
130.961900
130.982700
131.086750
131.359000
131.588500
131.609000
131.821500
132.084250
133.081400
133.094550
133.197600
133.208300
133.240350
134.025850
134.495600
134.929350
135.658900
135.825850
135.837450
136.754800
136.792650
137.827600
137.873950
138.079900
138.576100
138.602900
139.484350
139.594900
139.605050
141.152800
141.383300
141.518050
141.520950
141.555050
142.814500
142.833750
142.842400
143.075050
143.295650
143.553400
143.643350
143.730850
143.935600
144.040800
144.143950
144.240550
144.243500
144.383300
144.392750
144.466500
144.712150
145.149550
145.440300
145.519300
146.956150
147.126050
147.707900
147.723000
147.926200
147.931350
148.058700
148.673350
149.268500
149.398550
149.411450
149.533750
149.544900
149.551950
150.185300
150.724900
150.757750
151.396850
151.476650
151.864900
152.116700
152.243100
152.247050
152.714250
152.889400
152.892600
153.563800
153.566750
153.576700
153.707050
153.710800
153.758250
154.282200
154.296150
154.346600
154.406850
154.451100
154.466000
154.631300
154.690150
154.712200
154.717400
154.960150
155.115850
155.124300
155.129150
156.680000
156.803550
156.807500
156.923350
157.208800
157.606350
158.116300
158.264500
158.422850
158.483450
159.024650
159.030450
159.039100
159.173800
159.632550
160.038450
160.045700
160.102950
160.342000
160.805350
161.366350
161.504000
161.507550
162.024800
162.232750
162.551150
162.553950
162.795100
163.035650
163.203700
163.338050
163.414550
163.724250
163.937450
164.157350
164.229350
165.389400
166.421850
166.432950
166.624550
166.730150
166.797300
166.954600
167.206550
167.433650
167.536550
167.913350
167.916100
168.368300
168.372450
168.868750
169.339350
169.697100
170.063950
170.078350
170.431850
170.938250
171.176350
171.190700
171.308850
171.508500
171.804700
172.199200
172.434950
172.449000
172.674200
172.830300
173.139700
173.211750
173.733450
173.835650
174.119350
174.175750
174.383100
174.911300
175.714700
175.728500
175.920200
176.398550
176.409950
176.629400
176.992000
177.193150
177.196550
177.199100
178.224100
178.242400
178.254800
178.257550
178.261300
178.414000
178.610650
179.090650
179.146100
179.155500
179.167900
179.274400
179.305100
179.866950
180.002500
180.705350
180.874850
181.191250
182.061300
182.140750
182.400350
182.433200
183.118300
183.325600
183.704250
183.923300
184.083450
184.229200
184.874200
185.923650
186.151450
186.239950
186.430450
186.706850
188.073850
188.111200
188.256150
188.406250
188.409250
188.412550
188.635000
189.269450
189.273800
189.531650
189.769200
189.909750
190.169550
191.120000
191.269100
191.462300
191.495750
191.632550
192.067800
192.639350
193.129200
193.131750
193.320000
193.763350
194.166100
195.155500
195.341300
196.326150
196.328600
196.805250
197.536100
198.024550
198.267350
198.510000
198.814150
198.819900
199.532000
200.046850
200.838350
201.076200
201.266800
201.300850
201.310200
201.809200
201.931200
201.941050
202.235700
202.429500
202.432600
203.017050
203.485950
203.519650
203.634650
204.034500
204.156550
204.492850
204.581400
204.991550
205.518900
205.811450
205.814300
206.651550
206.922300
207.238600
207.674200
207.805650
208.514200
208.618700
208.831400
208.923200
208.990750
209.003550
209.027200
209.447150
209.453050
209.477850
209.678900
209.786600
209.959700
211.041200
211.179950
211.318100
211.358750
211.474150
211.542800
213.187000
213.538900
213.763000
213.998200
214.278250
214.362300
214.456900
214.459650
214.480400
214.698450
214.736350
214.836700
215.001900
215.660500
216.210400
216.358950
216.392100
216.859600
217.503250
217.762900
217.766400
217.775050
217.822800
217.873450
217.882700
218.132300
218.439350
218.697500
218.965450
219.630050
220.087250
220.439750
220.624700
220.958250
220.979700
221.571900
221.590050
221.973800
224.301300
224.316600
224.327550
224.432050
224.542700
224.945250
224.950200
225.075150
225.078500
225.424300
225.485700
225.785450
225.910450
226.648150
226.658550
227.128850
227.208350
227.828700
227.856500
228.516000
228.525800
229.102450
229.639550
229.895550
230.353450
230.369950
230.380050
230.385350
230.729750
230.744200
230.974250
231.567900
231.713600
232.094800
232.107050
232.368650
232.559850
232.638250
232.873450
233.667250
233.822150
234.440050
234.658950
235.437300
235.691950
235.904250
236.276450
236.481400
236.600050
236.683850
236.805250
236.914500
237.064250
237.099150
237.149350
237.596000
237.615200
238.689400
238.725900
239.569850
239.613950
239.618000
239.712650
239.738050
239.790950
239.853700
239.880150
240.348000
240.663900
240.681250
240.802850
240.875150
240.915250
241.442750
241.551600
241.566900
241.668700
241.702950
242.151300
242.949400
243.055100
243.627100
243.709350
243.754050
244.203700
245.296450
245.303000
245.339950
245.572600
245.593300
246.183900
246.430250
246.951050
246.980000
247.118600
247.236900
247.777600
247.849000
247.860950
247.871300
248.102950
248.112850
248.514900
248.519400
248.593100
248.741300
249.482250
249.491400
249.505250
250.595650
250.635250
250.641000
252.409850
252.445550
252.670550
253.398700
253.579500
253.698950
253.709800
253.945850
254.081750
254.287600
254.611150
254.975150
255.084100
255.483000
255.504750
255.540350
255.905200
255.918550
256.287450
256.305850
258.366700
258.700100
258.712200
258.815200
258.920650
258.946600
259.187600
259.416000
260.265600
260.539800
260.565050
260.855900
261.062350
261.165250
261.342550
262.688500
262.980950
263.216650
263.220200
263.679800
264.727750
264.735400
264.948600
264.965250
265.321900
265.603150
266.092600
266.666800
266.961000
266.967100
266.972300
267.375450
268.566650
269.112250
269.352900
269.407950
269.580100
269.846950
270.357950
270.361600
271.057500
271.260950
271.536200
272.008100
272.209100
272.214600
273.546800
273.564950
273.607750
273.692750
273.781750
273.798350
274.126550
274.579950
274.815050
275.651950
275.740600
276.998750
277.007600
277.130200
277.468450
277.812000
277.829000
278.454200
278.469900
279.500950
280.452350
281.041550
281.049850
281.568750
282.164800
282.264650
282.298850
282.446450
282.982750
283.112700
283.381450
284.427550
284.718900
284.965200
285.109400
285.205600
285.255150
285.759450
285.869100
286.013050
286.534250
286.801550
286.849500
287.316850
287.480250
287.677250
288.173650
288.209500
288.663700
289.045800
289.295200
289.449250
290.108600
290.117000
290.278550
290.794750
290.957450
291.285500
291.330850
292.241350
292.547750
292.910150
293.568950
293.575500
294.717550
294.737750
294.922000
295.462950
295.821200
295.889600
296.009200
296.023600
296.288200
296.464500
297.023700
297.049700
297.313300
297.495900
297.522750
298.459700
298.465650
299.160250
299.355750
299.924950
299.952450
300.403650
300.724100
301.540850
301.663550
301.711700
302.093300
302.544700
302.768650
302.774400
302.780400
303.310250
303.874250
304.105450
304.999500
306.222750
307.451950
307.462950
308.193800
309.243450
309.582600
310.419550
310.580850
311.109600
311.113300
311.909650
312.038250
312.591800
312.603650
312.707200
312.794900
313.000100
313.558450
313.564150
314.128900
314.138250
314.599850
314.974500
314.995850
315.525100
315.833050
317.102500
317.377400
317.606250
318.208900
318.333050
318.895050
319.789000
319.967550
320.042850
320.434350
320.701600
320.737000
321.021150
321.025550
321.553050
321.760500
322.255300
322.529900
323.092900
323.247700
323.251750
323.446950
323.523500
323.527350
323.634800
323.866300
324.597200
325.835000
326.008200
326.482950
326.510900
327.655450
328.437950
329.362600
329.472000
329.698900
329.829550
329.845450
330.249200
330.465550
331.277300
331.404050
331.738800
331.849550
332.163800
332.853850
333.796300
333.864100
334.793150
335.017700
335.035150
335.319750
335.422100
335.549800
335.621950
336.666600
338.020550
338.159800
338.488950
338.856650
338.993750
339.492150
339.563500
339.645650
340.183550
341.052450
341.176550
341.788100
341.980350
342.112650
342.653650
342.926850
343.106350
343.200850
344.427600
344.587900
344.729250
344.904000
345.093450
347.035150
347.137950
347.617700
347.625050
347.627500
347.836900
347.932700
348.022250
348.225000
349.750450
349.896700
349.976200
350.108200
350.308200
350.397800
350.498100
350.847600
351.558950
352.215650
352.722000
352.780150
352.953250
354.059300
354.417850
355.610250
356.215900
356.489200
356.606800
356.626800
357.032850
357.040350
357.199550
358.315850
358.812350
359.371400
359.602100
359.808900
359.834500
360.884550
360.887200
360.891800
361.094550
361.589700
362.807900
362.989250
363.667300
364.023250
364.163350
364.541250
364.910400
365.200400
365.215200
365.721950
365.934500
366.737500
367.232650
367.494750
367.574900
367.937050
368.160100
368.296250
369.445500
369.514100
369.700050
370.268550
370.618900
370.633600
372.567500
373.312800
373.321650
373.429450
373.669900
373.672100
374.188250
374.433950
374.625450
374.766050
375.036500
375.640650
376.693450
376.850400
376.933300
376.953400
376.963350
377.083800
377.243550
377.284700
378.080500
378.715500
378.911300
378.916150
380.357750
380.442100
381.002250
381.294650
381.806550
382.036300
382.625450
383.259000
383.930900
384.144900
384.150600
384.339200
384.752200
386.657100
386.670650
386.681400
388.171050
388.974800
389.000800
389.205300
389.229700
389.764850
390.108550
391.410800
391.418000
391.663850
392.352900
393.437000
393.927050
394.022100
394.439700
395.203150
396.425950
397.002750
397.137200
397.547850
397.615700
397.873800
399.390150
399.453050
399.456550
400.224200
401.513400
402.686200
402.948900
403.341150
404.539150
404.556600
404.682150
407.299050
407.305900
407.560050
407.848450
407.921400
408.120100
408.868450
409.125450
409.663450
410.320600
410.798050
411.595750
412.385850
412.390700
412.552850
412.727250
414.049700
414.196950
414.199800
414.630950
414.965550
414.993000
415.526200
416.663050
417.528500
417.532050
418.216500
418.581800
418.691750
419.461450
419.781350
420.937750
421.783100
422.752050
422.980100
424.198050
425.096550
425.395100
425.505300
425.615500
426.479350
426.912500
427.278550
429.243200
429.250900
429.338500
429.345950
430.179200
430.395250
430.604150
430.837200
431.062600
433.224950
433.279450
433.320700
433.438600
433.735350
434.040600
434.250050
434.462300
434.466650
435.341150
435.425100
435.661000
436.352750
436.978650
437.388300
437.544600
437.645800
437.649250
437.820350
438.101700
438.340700
439.265350
439.604750
439.780850
442.530050
443.076900
444.820150
445.028750
445.914350
447.342900
447.587550
449.310350
449.986050
450.090550
450.865600
452.306400
453.146750
453.287850
453.634050
454.522350
455.187200
455.858250
456.103850
456.126750
456.640400
457.860150
458.267650
459.663050
459.720250
459.903050
459.973600
460.323050
460.438050
461.210850
461.231200
461.731900
462.626900
462.880900
463.485650
463.757950
463.958250
463.977950
464.152750
465.361350
466.015250
466.674650
467.023300
467.299750
469.201250
469.377850
469.623150
469.742950
470.211200
470.221650
472.151700
472.363100
472.897750
472.930800
473.872400
475.337900
475.469700
476.750750
477.102050
477.131150
477.170000
477.974150
478.725950
479.030900
480.784600
481.523450
482.022800
482.961750
483.611450
484.416600
485.686550
485.758300
486.877500
487.425350
487.510400
488.474250
488.619100
488.915300
489.632400
489.820550
491.087100
492.017000
492.380750
492.855050
494.217950
495.578650
496.010300
496.024550
496.232450
496.319150
496.844250
497.500750
497.812050
498.392800
499.568550
500.105900
500.321600
500.332600
500.401750
500.506800
500.516450
500.526700
501.643100
501.667850
501.675450
502.436950
502.442250
503.696200
504.816000
504.823000
505.028700
505.698050
506.073550
506.104300
506.739200
506.765100
506.976550
508.143650
509.089700
509.360350
509.562700
509.569750
509.580300
509.790250
511.013650
511.599050
512.293750
512.660000
513.971500
514.902350
515.092600
515.377150
516.353150
517.138000
517.181900
517.477000
518.397450
518.561450
518.956450
519.836000
520.128800
520.628450
521.265500
521.761100
521.935900
522.003900
522.096000
522.196200
523.504100
523.950050
526.763350
527.250400
528.077850
528.262450
528.370250
529.183350
529.576850
529.586250
530.171950
530.618400
530.842850
530.846100
531.771050
532.071850
532.468250
533.039800
533.516950
533.874050
534.185450
534.189100
534.581100
535.603750
535.766600
536.054950
536.355200
536.776050
537.713600
537.716500
537.816200
537.957550
538.169800
539.815800
539.907300
540.143350
540.840600
540.855550
541.070250
541.571500
541.689200
542.761700
543.233100
545.428200
545.594150
545.823900
546.278050
546.325750
547.923400
548.675850
548.784200
548.909700
548.928700
549.505600
550.241150
552.939550
553.244850
553.781500
554.945850
554.956850
555.064300
555.468200
556.252350
556.449900
557.396000
557.402850
557.647850
557.942850
558.134800
558.339400
558.375150
558.802350
559.169300
560.162150
560.301150
560.303950
560.306400
560.889200
562.392550
563.535850
563.815000
564.424700
565.363850
565.587650
565.595200
565.599600
565.961450
566.195100
566.543800
566.561350
567.079000
567.106350
567.736150
568.698700
568.748100
568.918300
569.397550
569.703400
569.826200
569.961850
570.819550
570.941500
571.054100
571.164450
571.497850
571.903050
572.085900
573.129550
573.860800
574.120350
574.161650
574.781800
576.611200
577.086300
578.216200
579.200650
580.318400
580.804650
580.812550
581.655900
582.616750
582.621250
583.409500
584.165250
584.204000
585.621400
586.554150
586.625600
586.800900
587.089200
587.685900
587.705200
587.829150
588.620150
589.544300
590.231150
590.844200
592.053450
592.511850
592.587400
592.868650
592.928400
593.768750
594.447650
594.491950
594.908700
595.651650
595.768600
597.231850
597.512200
597.812250
599.169450
599.979800
601.851950
602.329750
602.444300
603.408850
604.248300
606.656050
606.668600
607.443550
610.359900
610.617050
611.415850
612.660050
613.499100
613.829400
614.029300
614.708000
614.744450
614.923450
615.084650
615.403650
615.511900
616.353950
616.357200
616.658150
616.897850
617.140350
617.782150
619.169300
619.271550
620.322350
620.644600
621.076400
621.906000
623.606650
623.609450
623.736400
624.587950
625.107500
626.195450
626.226750
626.229000
626.828750
626.832900
626.904000
627.041700
627.425200
627.792000
629.797300
630.310300
631.310400
631.610650
631.952100
632.288950
632.885150
633.364850
633.368700
634.175900
635.317500
636.169950
636.175450
636.860950
637.419150
637.748650
638.003800
638.061100
638.143600
638.368450
638.601900
638.619800
639.130000
639.962950
640.141800
641.028900
641.315800
642.014200
642.207250
642.535350
642.547100
643.164700
644.088900
644.182150
644.215450
644.224050
645.357250
645.368650
646.075300
647.623750
648.924550
650.078600
650.529950
650.790050
650.885050
651.218200
651.224800
651.896350
651.905400
652.697950
652.751950
653.007850
653.304600
653.664600
653.954400
653.968900
654.171050
654.770250
655.008850
655.303650
655.649400
655.855900
656.241650
656.443850
656.729350
657.674050
658.621900
659.090000
659.251850
659.409000
659.500900
660.193100
660.199750
663.017600
663.037100
663.050200
663.286200
663.397000
663.425450
664.920500
665.169750
665.719650
665.795650
665.821250
666.275150
666.295550
666.855550
666.899100
667.455200
667.762100
667.914800
668.052300
668.061850
668.069250
668.323900
668.326750
668.341750
668.861750
668.871600
668.979550
670.467150
670.494550
670.612900
670.619900
670.713950
671.086600
671.114150
671.213000
671.838100
672.373400
673.266500
673.272400
673.514000
673.525150
673.705200
673.917600
675.616600
676.244400
676.280050
676.898400
677.637000
678.848700
679.629050
680.154300
680.480350
680.772900
681.005350
681.215500
681.521650
681.808650
682.727550
682.745200
682.948150
683.133550
683.173100
683.291400
683.312400
683.367400
683.488100
683.808200
683.828150
683.840200
683.927100
683.932350
684.011850
684.295150
684.654300
685.460250
685.606400
686.293000
686.427300
686.527400
686.800350
686.894200
687.018050
687.372700
690.954850
691.182200
691.306300
692.200350
692.346750
692.830750
693.042900
695.735350
695.737950
695.769750
696.218550
696.398350
696.632800
696.991200
698.102650
698.152400
698.625450
699.419500
699.645000
700.560300
700.981400
701.642800
702.034350
702.414850
703.620750
703.789050
704.118050
704.404000
704.782550
705.877400
706.041400
706.615500
707.152200
707.760300
708.503500
710.599450
711.366950
712.181900
712.619700
712.728200
713.201300
713.281950
713.292250
713.361050
713.623650
714.905550
714.925850
715.298950
716.149600
716.525150
716.701150
717.153950
717.867050
718.002550
718.047450
718.157950
718.964050
719.802650
719.963100
720.325900
720.556450
725.087900
725.323750
725.578150
725.755800
725.981600
727.549600
728.239750
728.743650
729.100000
729.979550
730.000900
730.839750
730.844000
731.437950
734.665250
735.878300
735.882000
736.484000
736.795750
738.440800
740.876000
741.568150
743.090900
745.061550
745.431600
746.273150
746.787650
747.028800
747.137050
748.411200
748.983750
750.112000
750.214450
750.402750
750.530350
750.712900
751.720700
751.829450
752.104200
752.281050
753.227050
753.413850
753.630250
754.008900
754.374300
754.441100
755.316900
755.326050
755.336750
755.466500
755.478650
755.572800
755.725900
755.786550
756.022800
756.108350
756.144450
756.282400
756.311650
756.610400
757.842600
758.320300
758.369050
758.622250
759.058750
759.386350
759.537100
760.248650
760.368300
761.688800
761.702250
761.722600
762.109450
762.829850
763.321250
763.326150
763.806350
764.685400
764.750600
766.453150
768.688150
768.690900
769.476400
769.988300
770.474250
772.001250
774.073850
774.474750
775.025300
775.121250
775.462500
777.279800
777.398450
778.030850
778.471050
778.562250
778.577150
779.839050
780.036350
780.056150
780.710750
781.055700
782.032600
782.882750
783.076550
783.530050
783.537350
783.562550
784.483500
784.911750
786.290550
788.414800
789.581950
789.585500
790.404000
793.300750
793.337500
793.344800
794.881450
795.411200
795.801950
797.837700
798.106200
798.697200
798.951100
800.196400
800.632300
802.987300
804.453750
805.871050
806.640750
807.198200
807.667950
809.121500
809.652350
809.714700
810.056500
810.062550
810.379150
810.383550
810.387000
811.190500
811.596600
811.992300
812.672450
813.171100
813.432950
814.391300
814.626550
814.633150
815.186550
815.188750
815.690300
816.038600
816.174350
816.248900
816.455550
816.764500
816.915650
816.981750
817.327150
817.600400
818.337000
818.359800
818.815950
818.877250
818.903950
819.356450
819.399750
819.596100
819.729050
819.974000
820.349250
820.354700
820.433250
820.616350
820.664350
820.695600
821.360550
821.376350
821.555500
821.666850
821.670100
821.681050
821.810900
822.047250
822.075850
822.111100
822.233450
822.236900
822.242700
822.245150
822.584150
822.644750
823.204600
824.165850
824.544000
824.570550
825.043050
825.107900
825.713200
826.185550
826.255200
826.385650
826.473800
827.196100
828.023500
829.274950
829.434300
829.475650
829.891250
829.901100
830.211800
830.220650
830.370850
830.381850
830.670900
830.695250
830.697500
830.700050
831.515700
832.164400
833.071050
834.081500
834.828850
835.103400
836.228450
836.824500
837.364500
837.856150
838.020850
838.610800
839.005500
839.129450
839.135550
839.491900
839.553550
839.556500
840.028900
840.036900
840.263050
840.298200
840.306200
840.418800
840.424350
840.740450
840.989850
840.997750
842.166700
844.067950
844.301550
846.825100
847.070050
848.618650
849.619450
849.648100
849.752900
849.760650
850.092750
850.909650
850.973200
851.182650
851.503200
851.626250
852.024300
852.151700
852.504650
853.099400
853.194050
853.266650
853.881800
855.744300
855.765950
856.991250
857.374700
857.627600
858.219150
858.405950
858.425050
858.441900
858.450000
858.457900
858.495950
858.686950
858.877450
859.656500
859.884800
859.935600
860.112500
860.322750
860.414300
861.223300
861.239800
861.335550
861.998450
862.220250
863.435750
865.345950
866.192300
866.720700
866.792600
868.034000
869.121750
869.407600
869.775250
869.785050
870.053150
870.436400
871.672950
871.868650
872.435650
873.466100
873.524900
873.736500
874.171200
874.855450
875.286200
875.313350
875.364900
875.499350
875.666900
876.388350
877.026900
877.095600
877.247600
877.260100
877.595800
878.122950
878.125350
878.219500
879.495850
881.445000
881.688900
882.254150
882.269350
883.486500
884.088500
886.091650
886.618400
886.995250
887.518850
887.800950
888.202800
889.456800
890.698750
891.164350
892.136750
892.378350
893.072000
893.487900
893.722050
894.950550
895.150000
895.698400
896.281400
897.729700
898.200550
898.319400
899.533200
900.922300
901.029250
902.181550
903.845600
904.020250
904.470800
905.150000
905.493000
906.203850
906.314300
907.461800
907.480150
907.655100
908.089400
908.135850
908.319000
908.325850
908.354500
908.887400
909.077300
909.692550
909.695050
909.752950
910.174000
910.260800
910.887550
911.844550
913.007500
913.294450
913.527250
914.126200
914.449800
914.461850
915.892750
915.972450
915.977800
916.247600
916.623400
917.417850
918.765300
919.533450
920.051650
920.268850
921.087150
922.785850
923.045350
923.703900
924.525450
924.532000
924.772650
925.480950
926.040250
926.145650
926.310300
927.098200
927.219500
927.625300
928.632350
928.660100
929.595600
930.325750
930.479050
930.791250
930.856100
930.872400
930.888350
931.322600
931.341900
931.449500
931.674700
932.244550
932.649000
934.044350
934.198400
934.810650
936.301400
936.653200
938.363050
938.574000
938.715300
938.885850
938.892450
939.885250
940.307150
941.687100
941.730750
941.752900
942.103350
943.228300
943.591350
943.705750
944.087200
944.100900
944.142650
946.992150
951.771300
951.809400
951.900500
951.917550
952.090450
952.990300
953.205200
953.428350
953.496000
954.382350
954.741400
955.020050
955.566800
958.414650
958.473450
959.890600
961.199200
961.576700
961.717750
961.720850
961.776700
962.072250
962.394700
964.046450
964.146400
965.309750
965.446150
965.483300
965.583300
965.928600
967.065200
967.366450
967.488250
967.606950
967.631200
968.012800
968.088400
968.723750
968.791700
969.075550
969.290200
969.460750
970.216100
970.782050
972.405100
973.421400
975.003500
975.105900
976.012150
976.286050
977.534300
977.926100
977.934850
977.960750
979.394550
980.757000
980.760950
980.764150
983.066950
985.505950
985.508450
986.714150
989.224300
989.275900
989.357900
989.588150
990.085000
990.574150
991.113050
991.180000
991.602350
991.950050
992.056450
992.420950
992.789550
992.800450
992.873900
993.463700
993.478100
993.544900
993.592800
993.806900
994.286200
994.528850
994.577050
994.774100
994.823200
995.008250
995.228750
997.520450
997.989800
997.992700
999.300600
1001.537100
1001.776700
1002.766750
1003.620800
1003.986600
1004.713850
1004.717150
1005.084900
1005.312700
1005.649750
1006.438800
1007.094850
1007.248150
1007.552900
1008.406800
1008.509650
1008.562450
1009.885800
1010.650250
1011.079250
1011.312650
1011.836750
1013.235950
1013.360850
1013.489900
1014.528650
1014.709150
1014.918350
1015.205650
1015.368100
1015.810350
1016.233200
1016.612000
1016.907750
1017.395700
1017.472550
1017.888450
1018.063350
1018.154600
1018.211100
1018.222700
1018.304350
1018.318350
1018.950400
1019.304200
1019.513650
1020.127750
1020.210000
1020.231850
1020.436050
1020.440550
1020.604300
1021.512050
1021.567650
1026.261300
1028.122600
1029.728100
1030.582500
1030.647750
1031.710300
