30.672150
30.674900
30.678000
40.897550
40.900050
40.906100
40.915550
40.932300
44.786750
44.792400
44.796800
44.812650
45.263100
45.265650
45.268800
45.274050
47.077950
47.080650
47.086950
47.100700
47.880950
47.883550
47.886750
47.889900
47.904750
48.978450
48.981350
48.984700
63.043500
63.046300
63.050150
63.072250
63.090000
63.093900
80.196300
84.716400
91.184500
91.187000
91.190000
91.626950
91.629750
91.632750
91.649600
95.460800
95.463300
95.466550
96.199150
96.201850
96.205900
96.836050
96.838700
96.927700
97.755100
97.757750
97.761900
98.244150
98.248050
98.408000
98.410700
99.403650
99.406200
99.449900
100.305650
100.308050
100.310900
100.314450
100.321550
100.331500
100.610950
100.614100
102.053650
102.056850
102.079600
103.049650
103.052350
103.056200
103.092550
106.432750
106.435200
106.438000
106.441200
106.450550
107.250850
107.253700
107.256750
107.270650
107.274650
107.286950
109.117750
109.121050
109.124050
109.141600
109.157100
111.028000
111.031550
113.580450
113.583500
114.022450
114.025050
114.027900
114.032300
116.569000
116.571800
116.575250
116.578400
116.592000
117.650000
117.652750
117.666950
119.155600
119.158100
119.160800
119.164100
124.278750
124.281350
124.284450
124.293200
124.877950
124.880750
124.884300
124.887950
124.891850
125.359650
125.362850
127.023450
127.025950
127.028900
127.991650
127.994300
127.997350
128.010250
129.138400
129.140850
129.143950
129.147750
129.151850
129.158700
129.211600
132.893900
132.896500
132.903050
132.915250
132.929150
134.889200
134.891800
134.895350
139.077550
139.080450
139.089600
140.130250
140.132800
142.361700
142.364600
142.985100
142.987900
142.991200
143.003250
143.755550
143.758850
146.040350
146.042900
146.077850
146.081350
147.936700
147.939500
149.642450
149.645300
149.649850
150.359100
150.361550
150.364250
150.368150
150.390700
153.262150
153.264950
154.596000
154.598650
154.602300
154.613300
154.639950
154.643800
154.659500
156.057000
156.059800
156.063400
156.758850
156.761700
156.765050
156.772550
156.776500
157.899100
157.902500
157.905600
157.940900
158.284150
158.287050
158.290450
158.294950
158.310000
158.713650
158.716050
158.719150
158.727650
161.204700
161.207200
161.210450
161.233450
161.236850
162.133450
162.136100
163.140050
163.142850
165.115100
165.118200
165.122300
165.126300
166.237500
166.239950
166.242950
166.256750
166.275550
166.712700
166.715800
168.296650
168.299250
168.302700
168.759150
168.761600
168.764300
168.767650
168.776600
168.785050
170.930050
170.932650
171.647850
171.650750
171.654000
171.659050
171.666650
171.676300
172.408600
172.411200
172.414900
172.418650
172.429350
173.064500
173.067150
173.070800
174.295050
174.297750
174.301000
176.683650
176.690250
176.714650
178.464950
178.471450
178.494850
181.929000
181.931650
181.935200
181.952550
183.337300
183.340050
183.344400
184.597950
184.601300
184.605000
185.684550
185.687500
186.125050
186.128100
186.518700
186.521550
186.525150
187.093600
187.096550
187.436850
187.453000
191.136950
191.139850
191.144100
193.029650
193.032800
193.309400
193.319200
193.917550
193.920750
195.713950
195.716300
195.723500
197.001850
197.004650
198.444150
198.446700
198.449600
198.453750
198.471550
201.675600
201.678250
203.386500
203.389150
203.649950
203.676150
203.679450
204.764250
204.767100
205.551450
205.554050
205.557350
207.827500
207.830750
208.246250
208.254600
208.258000
208.266900
208.552650
208.555500
208.558850
208.585450
209.357600
209.360250
209.363900
210.948400
210.951100
212.448800
212.451900
212.455650
212.467050
212.879600
212.882050
212.885100
212.895100
213.819800
213.822650
213.825750
213.829650
213.841050
215.759850
215.762450
215.767900
215.776600
215.950750
215.953500
217.435850
217.438450
217.441300
217.450050
218.200750
218.203500
218.206800
220.782850
220.785600
220.789700
221.654350
221.657150
222.184250
222.186950
222.190100
222.954850
222.957800
222.961250
224.550200
224.552800
224.564000
224.567350
225.415300
225.418150
225.798800
225.801400
226.793800
226.796350
226.799650
228.489650
228.492350
228.496050
231.476750
232.735050
232.738000
234.227750
234.230450
234.233800
234.237350
235.797500
237.050650
240.410500
240.413200
240.850500
240.853200
240.863350
240.967250
241.565050
241.567950
241.571700
244.138350
244.141150
244.314950
244.317700
246.646850
246.652400
246.674050
247.998600
249.170950
249.173650
250.441200
250.443900
250.447300
251.081900
251.084750
251.319350
251.325050
251.329350
252.515250
252.518000
252.521600
253.547200
253.550500
253.562950
253.573850
254.074250
254.076600
259.083700
259.086200
259.089150
260.080200
260.082750
260.086000
260.097100
260.667850
260.670900
260.674250
262.168350
262.171200
262.175800
262.766200
262.768950
262.785200
263.772500
263.775100
264.332900
264.337000
265.183050
265.185550
265.188550
265.191600
265.207900
265.650900
265.654050
268.005300
268.008350
268.035600
268.038900
268.063350
268.075000
269.010300
269.012950
269.016300
269.496000
269.498800
269.505850
269.510000
269.521850
271.039300
271.042200
272.489950
272.492500
272.495800
273.114950
273.117400
273.121000
273.348300
273.350900
273.354650
273.589950
273.599400
273.603450
274.374400
274.377150
274.380350
275.373400
275.376250
275.385500
276.052850
276.724550
276.727400
278.056550
278.058950
278.062300
278.078500
278.923400
278.926350
278.937250
281.091050
282.067250
282.070150
282.074250
282.084650
282.930950
282.933600
282.936950
282.951150
284.606850
284.610000
284.766800
284.769600
287.027500
287.039500
287.050850
287.853850
288.784300
288.787100
290.490700
291.149750
291.152350
291.155350
291.829350
293.380650
293.383850
293.641050
293.644000
294.004450
294.007350
295.119600
295.122300
295.125300
295.138400
295.585500
295.588350
295.600800
295.604550
298.996100
298.998800
299.413100
299.415950
299.419850
300.148650
300.151450
300.780350
300.783450
300.938850
300.941750
300.967600
303.276150
303.279000
303.288000
303.291500
308.369200
308.371750
308.374650
308.386350
309.016750
309.019900
309.034350
309.614500
309.617450
309.620500
309.623850
309.628550
309.634000
309.645250
312.461850
312.464800
313.747300
313.750050
316.414900
316.417850
317.266700
317.269200
317.273150
319.444050
319.449750
319.454050
319.473350
320.281250
320.284100
320.287150
320.290700
321.212350
321.214800
321.219150
321.229100
321.407450
321.410700
322.416000
322.418350
322.421450
322.431000
324.003150
324.006000
324.579850
326.080700
326.083350
326.086850
326.967800
326.970650
326.974400
326.987550
326.991200
327.013000
328.401150
328.403850
328.408000
328.421700
328.448850
328.462000
329.609800
329.612850
329.631450
331.109250
331.112550
331.130700
331.153150
332.416350
332.439700
332.442650
332.452900
332.457750
332.951250
332.954350
333.638900
333.641600
333.661350
335.554000
335.556650
335.574550
337.794950
337.797800
338.927600
338.930250
338.933750
338.960050
338.977000
338.981850
339.583900
339.586550
339.594450
339.599050
339.622000
340.633600
340.636500
341.091150
341.094150
341.144500
342.730950
343.620650
343.623250
344.990100
349.282800
349.286050
350.635650
350.638250
350.641600
350.989300
350.991950
350.995000
352.212100
352.214600
352.217550
352.248150
353.388900
353.391600
353.394950
353.411300
354.336550
354.339400
354.351000
355.683200
355.685900
355.690150
356.027500
358.529350
358.532200
358.655100
358.661850
361.876050
361.878600
361.881400
361.902850
362.501100
362.503800
363.571750
363.574600
365.563250
365.566100
365.569650
366.579400
366.582050
366.987550
366.991150
367.503850
367.507250
367.517250
367.526800
371.170000
371.172600
371.176100
373.149350
373.152200
373.156050
374.317750
374.320350
374.324400
374.340500
374.743500
374.746150
374.775200
374.778800
376.008250
376.011100
378.918300
378.921200
380.032650
380.035350
380.067700
380.071800
380.220700
380.224200
381.172500
381.178400
381.927950
381.930450
381.933400
381.936800
382.893450
382.896650
383.926300
383.928950
383.937750
383.941400
384.789450
384.792100
385.465150
385.468050
385.990300
385.993450
386.008950
387.728550
387.731250
390.100300
390.103450
390.475600
390.478650
391.380500
391.383900
391.525050
391.531650
394.343850
394.346700
394.349950
395.227800
395.233750
395.246500
399.941450
399.944000
399.956450
400.952500
400.955700
400.968000
400.989900
402.433300
402.436100
402.439850
403.846900
403.849600
403.852650
403.871200
404.723350
404.726050
404.730850
404.760400
404.996500
404.999200
405.003100
407.749200
407.751800
407.755050
408.688650
408.691250
408.694700
411.557800
411.560450
411.564100
411.573250
411.582750
412.777100
412.779750
412.783150
412.792650
412.808900
413.337750
413.340550
413.344050
414.153850
414.156500
414.159500
414.172300
414.329450
414.332400
414.336250
414.356100
416.723550
416.726100
416.729000
417.741750
417.744600
417.751550
417.757800
418.974900
418.977600
418.981100
418.994600
418.997850
419.022150
420.569750
420.573150
420.577850
420.584600
420.600900
421.804000
421.807300
424.006300
424.009400
424.161200
424.164300
424.527700
424.530500
427.256550
427.259500
427.339350
429.348650
429.351450
429.355250
430.655400
430.658250
431.365950
431.368500
431.371450
437.082150
437.084800
437.088000
437.091100
437.103650
437.129500
439.309650
439.312200
439.315250
439.332950
439.354350
440.345850
440.348700
440.354200
440.361400
442.537550
442.540000
442.542950
444.382450
444.385400
444.921950
444.924650
444.941350
444.944950
445.910150
445.916250
446.435150
446.437800
447.005800
447.008750
447.011650
447.725450
447.728400
447.732150
447.735850
447.745750
447.752200
447.772050
450.081250
450.084050
450.089150
450.447750
450.450300
452.565400
452.572350
452.580350
454.116150
454.118900
454.122100
454.148550
454.152600
455.716150
455.731700
458.303000
458.305800
458.715900
458.718800
458.722250
461.047750
461.050300
461.062050
465.116550
465.119150
465.122000
465.126150
465.142150
465.334000
465.337050
466.490200
466.493050
466.506500
467.852450
467.855300
467.858800
467.875200
467.879100
468.154350
468.157300
469.533900
469.536500
469.540700
469.581100
472.276700
472.283850
474.880200
474.884200
475.363900
475.366900
475.393550
476.327550
476.330200
476.333650
476.338050
476.952650
476.955400
476.958450
479.333900
479.336700
479.350250
479.355000
479.366200
479.378300
480.043450
480.047100
480.054200
480.072300
481.067050
481.070200
481.074600
484.624350
484.626850
484.677850
484.681200
487.670000
487.672950
487.693000
487.696200
489.164350
489.167050
489.170000
489.174250
489.189750
489.195350
489.206400
489.708400
489.711150
489.715100
491.780900
491.783750
491.788550
491.792900
493.414350
493.418700
494.629250
494.632750
494.648100
495.021650
495.024500
495.028000
495.045250
495.849250
495.851850
495.854700
496.330750
496.333850
496.337200
496.831800
496.834700
498.938300
498.941150
498.944350
499.827350
499.830000
499.835350
499.846800
500.751950
500.754800
500.758350
501.532700
501.538900
501.542400
501.917800
501.920500
501.924850
501.939750
502.705750
502.708850
502.723750
502.727350
503.923100
503.925900
503.933000
504.844050
504.847200
507.056500
507.059150
507.062100
507.083150
507.089250
508.039050
508.300000
508.316750
508.321300
508.834000
508.837700
509.878650
509.881450
509.888150
511.612000
511.615100
511.618900
512.820450
512.823900
512.846950
514.216950
514.219500
514.222500
515.044950
515.047550
516.373700
516.376450
516.379600
517.857050
517.860150
517.985150
517.988550
518.804050
518.807500
520.020350
520.042050
522.562350
522.565450
522.568950
522.578100
522.596150
522.988850
522.991750
522.996050
523.352800
523.355700
525.365700
525.368300
525.371500
525.386350
525.985600
525.988550
525.999700
526.014350
528.598450
528.601150
528.605400
528.617650
529.336400
529.339200
530.592550
530.599600
532.049150
532.052150
532.055900
535.778350
535.781500
536.531650
536.538300
536.558750
537.282950
537.285850
538.496700
538.499850
538.561150
538.563900
538.588100
538.591800
539.648000
539.650650
539.654200
541.422800
541.425550
541.433250
541.442300
541.458300
541.979800
544.079650
544.082100
544.085400
544.100050
544.429050
544.432450
544.435800
544.453450
546.941250
546.946500
546.949950
549.081250
549.083750
549.087250
549.106100
550.487000
550.490200
553.715250
553.724000
557.288350
557.291300
557.431600
557.434650
558.184300
558.186900
558.190000
558.194600
559.861250
562.554200
562.557200
562.560500
562.564050
562.579850
562.604100
562.625650
565.155500
565.158500
565.949100
565.951950
566.663450
566.666350
566.670350
567.672200
567.674900
569.596750
571.972800
571.975750
572.090750
572.093400
572.096800
572.106300
572.884600
572.887300
572.906600
572.910300
572.926800
573.192000
573.194850
573.198750
574.629100
574.632100
574.635300
574.646900
575.322450
575.325250
575.993150
575.996000
575.999400
577.942450
577.944950
577.979050
577.982500
579.717150
579.719950
579.724750
580.550100
581.632200
581.634900
581.638600
582.197850
582.200750
582.204150
582.216750
583.354200
583.357200
583.368550
583.376650
583.735650
583.739350
584.331750
589.031900
591.411100
597.792150
609.924950
609.945250
611.943000
613.892850
613.899250
615.803700
615.806550
615.809750
615.819750
615.827650
617.080600
620.600600
620.603300
620.617750
621.456950
621.459850
623.252200
623.265700
624.399900
624.402700
624.405500
625.605850
625.608550
625.612150
625.636850
625.643850
625.656900
625.687750
626.665450
626.667900
626.671100
626.686350
627.667900
627.670800
627.686450
627.780700
627.783900
627.831500
628.684850
628.687950
632.241350
632.244550
635.205250
635.207800
635.212400
636.147600
636.150100
636.152950
636.157450
637.355600
637.358150
637.361250
637.366850
637.387050
639.119450
639.122100
639.125200
639.139250
639.147500
641.137650
641.140300
641.154350
641.569800
641.572600
641.576100
642.474000
642.476900
642.500000
642.502950
642.522000
642.950350
642.953650
644.467250
644.469700
644.473500
645.561150
645.567750
647.405150
647.407750
647.410950
648.837700
648.840400
648.843800
649.629050
649.651550
649.655800
649.669300
651.069400
651.071850
651.075600
651.099050
651.103050
651.541650
651.547150
651.565200
651.579500
652.558050
653.298850
653.301700
654.120500
654.123950
654.143300
654.147000
656.104050
656.106750
657.022850
657.025200
657.032350
657.965050
657.983900
657.988400
658.009850
658.963050
658.965650
658.968500
658.972650
658.987350
658.991000
661.937100
661.939850
661.943000
661.954950
662.948750
662.952250
662.963600
664.124250
664.127150
665.796450
665.799750
665.802950
665.813650
666.005550
666.011850
666.677650
666.684200
668.561350
668.564600
668.567850
669.116050
669.118650
669.121850
669.304350
669.307450
670.162100
670.165050
671.738000
671.740800
671.759300
672.767000
672.770200
674.891750
674.904950
674.908250
674.920200
675.958250
675.961000
675.964300
676.415800
676.422600
677.457150
677.460400
677.477050
677.480000
678.456650
678.459400
678.462650
679.581100
679.583950
679.597250
680.160400
680.163550
681.469300
681.471950
681.834400
681.837150
682.399250
682.401950
682.413750
682.417250
683.559600
683.562500
683.570200
684.669550
684.675950
684.692600
685.279300
685.281850
685.291950
686.081900
686.084650
686.088000
686.091550
686.100050
689.240300
689.243350
689.261850
689.265100
689.793700
689.796350
689.799700
689.814650
689.818550
691.809300
691.811900
691.815700
692.738400
692.741250
692.745750
692.765250
692.768850
693.590650
693.593850
694.128700
694.131600
696.417150
696.419850
696.518000
697.366950
697.369900
697.826350
697.829050
697.832000
697.836100
698.154100
698.156800
699.268000
699.270800
699.540600
699.551750
699.555400
700.327000
700.330250
700.346300
701.035300
701.038300
701.041950
701.072950
702.279800
702.282700
702.286650
702.762250
702.765050
703.940500
703.944100
706.024100
707.095900
707.098650
707.710200
707.712700
707.715900
707.719700
707.732050
707.825500
707.828650
708.869850
708.872500
708.875900
708.879950
708.889400
708.897100
708.903050
708.937900
708.956750
710.266950
710.270200
711.536550
711.539600
711.567500
711.571500
713.796200
713.799100
714.036850
714.041100
714.832250
714.835650
716.363650
716.366700
716.422900
716.426300
716.438100
716.442000
716.835600
716.838400
716.841850
720.258600
720.261500
720.789200
720.792050
720.795900
721.500750
721.503400
721.998550
722.001200
723.466100
723.469000
724.950500
724.953400
724.956750
725.270150
725.272700
725.276000
726.602900
726.605950
726.609600
728.475700
728.478150
728.481650
728.500150
729.388500
729.400800
729.403700
729.417150
729.927150
729.930500
730.875500
730.878150
730.882100
731.823100
731.836650
731.840050
731.853050
732.361850
734.426150
734.428750
734.661650
734.664650
735.369800
735.372400
735.375700
735.379050
735.740000
735.742650
735.746350
735.766200
736.161350
736.164300
736.168150
736.175100
736.192000
736.204200
736.465200
736.468200
739.021850
739.024600
739.044150
739.463900
739.466850
739.472750
739.486900
741.089000
741.091750
741.094900
741.099450
741.354650
741.357250
741.577250
742.784800
742.788050
742.801300
742.805250
742.831900
743.864250
743.866850
747.765050
747.767850
750.170150
750.172900
750.176400
750.193200
750.213250
750.218200
752.970200
752.972900
752.977050
753.317300
753.320000
753.323950
754.468900
754.472000
754.491100
754.833350
754.837350
754.841000
754.856900
755.839300
755.842200
756.142600
756.145550
758.373250
758.375850
758.379300
758.394750
759.350600
759.353400
759.357650
759.983600
760.000300
761.700850
761.707850
762.354300
763.671600
763.674200
763.677400
763.681750
764.407800
764.410600
764.469300
764.472550
765.611850
765.614750
765.618800
766.447000
766.689850
766.692950
766.722800
766.726050
766.744200
767.260450
767.264050
768.395150
768.397500
768.401450
768.409350
768.412850
770.941300
770.943850
770.947000
772.038050
772.040750
772.046350
774.195250
774.197950
774.903250
774.905800
774.908850
774.912900
774.917900
774.933350
776.763300
776.765900
776.769300
777.594150
777.596800
779.360400
779.363000
779.366550
779.380750
781.222100
781.224700
781.228050
781.235900
781.544150
781.547050
781.556650
781.559850
781.571250
781.883700
781.887850
783.104300
783.106750
783.109450
784.058850
784.061450
784.064900
784.070000
784.236900
784.240200
784.244450
784.258700
784.971000
784.990050
784.994000
785.436900
785.439900
786.817950
786.820550
786.823750
786.841550
786.859050
790.580600
790.583200
790.586400
791.254450
791.257550
793.106500
793.109100
793.273450
793.276550
793.285900
794.865700
795.843100
795.845700
796.768050
796.770900
796.784150
796.787550
798.020300
798.023100
798.027650
799.112100
799.116250
799.125450
799.137550
799.142050
800.715500
800.718050
800.721550
801.035500
801.044150
801.889800
801.892600
801.896100
801.908200
801.911750
805.947150
805.949950
806.809900
806.812950
806.836550
807.598650
807.601350
808.012650
808.015350
808.018600
812.315700
812.318350
812.321550
812.325050
812.335900
812.860000
812.862600
812.865550
813.664750
813.667400
816.595850
816.599400
816.898600
816.902100
817.369200
817.371700
817.374500
818.521750
818.524400
818.527200
818.530850
818.540700
819.150950
819.153800
819.157050
819.797500
819.800200
819.803200
819.813500
819.817800
819.837850
819.848700
821.439150
821.442950
821.859400
821.862250
821.882800
821.885600
822.222950
822.226000
823.120750
823.978200
823.981100
823.984750
825.109950
825.112850
825.116500
826.684200
826.687100
826.690300
826.698550
826.702300
826.715400
828.928550
828.931500
829.725200
829.727700
830.797950
830.801350
830.804950
830.821400
831.723100
831.725850
831.729250
831.992100
831.994950
831.999300
832.004400
833.720400
833.723150
835.727050
835.729400
835.732100
835.735650
835.747450
836.526300
836.529100
836.548700
836.556750
837.122600
837.125150
837.128250
837.145150
838.051950
838.054600
838.058300
838.068750
838.077900
839.055500
839.058500
839.571600
839.573950
839.576500
839.585300
840.205800
840.208250
840.211950
840.235050
840.720900
840.749000
841.469800
841.472850
842.362350
842.365050
842.368100
843.600400
843.986350
843.989050
843.992500
844.374600
844.377100
844.792100
844.794850
845.654350
845.656700
845.660400
845.672600
845.676200
846.713400
846.716300
847.582100
847.585400
847.591050
848.372650
848.375400
848.400100
848.838200
848.841300
849.556000
849.568050
849.571600
850.179300
850.182050
850.830400
850.833350
850.848350
851.004850
851.007850
852.091800
852.094900
852.098400
852.558500
852.561250
852.564250
853.379200
853.382050
853.385850
853.390900
855.435550
855.438300
855.441650
855.452100
855.710850
855.714100
856.291650
856.294300
857.107050
857.109850
857.122750
857.156950
857.635000
857.638150
858.304600
859.528500
859.531400
859.560550
859.563650
859.973850
859.976550
859.980200
859.994400
860.002050
860.005950
860.016950
863.598950
863.601500
863.604700
864.130450
864.133200
864.136500
864.145650
865.975950
865.978950
865.988150
865.991950
867.172150
867.174900
867.195150
867.454100
867.456700
867.460100
867.464100
868.291550
868.294350
869.388500
869.391250
869.394950
869.561300
869.564250
870.273350
870.276050
871.042950
871.046700
872.705850
872.708550
873.287100
873.289700
874.149950
874.165300
874.169250
874.206750
877.844950
877.847950
878.908700
878.911350
878.926950
878.929800
878.933900
878.940400
878.951300
879.317450
879.319950
879.322950
880.112400
880.115450
880.762250
880.765450
880.779100
881.246400
881.249100
881.252650
882.812450
882.815400
883.193350
883.196000
883.199200
883.221100
883.516650
883.519800
884.226650
884.229300
884.232300
884.244350
884.998100
885.001200
885.012400
886.597700
886.600600
886.927550
886.930150
886.933900
886.957300
887.382250
887.384900
887.411400
891.063850
891.067500
892.431550
892.434500
893.406650
893.409150
893.412150
893.421600
894.024300
894.027300
894.544650
894.547400
895.770800
895.773600
895.781100
895.784250
897.206050
897.209000
900.357200
900.360150
900.376300
900.753200
900.756050
900.760500
902.108050
902.110550
902.113850
902.117800
903.512800
903.515100
903.518250
903.521800
903.525700
903.532500
903.544150
905.279750
905.282500
906.794200
906.796600
906.799550
906.813150
909.285550
909.288150
909.290850
909.294850
909.299300
909.721200
909.724050
909.738500
909.949850
909.952700
911.714200
911.716850
911.729900
911.741000
912.692300
912.694800
912.701800
913.330950
913.333450
913.336750
913.352000
913.359600
913.735650
913.738750
916.145900
916.148550
916.157100
916.164200
916.756750
916.759300
916.786900
919.365850
919.368600
919.371850
920.066300
920.068950
920.505450
920.508050
920.512300
921.541950
921.545050
921.548400
921.558150
921.567500
922.137750
922.140400
923.802650
923.805350
923.808900
923.820150
924.272200
924.275100
924.278950
924.286600
924.297400
926.655200
926.657950
927.342250
927.345150
927.565800
927.569150
928.438750
928.441350
928.444400
928.456600
929.300650
929.303250
929.317950
929.322100
930.562950
930.565650
930.568950
931.295150
931.298100
931.302050
932.606650
932.609700
932.653600
933.749850
933.752500
933.756200
934.121050
934.123950
934.936850
934.939750
934.943050
934.962500
935.130900
935.133750
935.137850
937.137700
937.140200
937.143350
937.154800
937.821050
937.824100
938.469100
938.471550
938.818650
938.821750
938.827200
938.839550
938.848600
940.607600
941.425200
941.427800
941.431100
942.533650
942.536700
942.541900
942.557600
943.486500
943.489400
944.010600
944.014000
944.032700
947.486650
947.489900
947.904200
947.907150
947.910700
947.917250
947.921450
949.333800
949.336350
949.339500
949.642350
949.645050
951.759000
951.761650
951.765700
952.435750
952.438500
952.815750
952.818500
952.833750
952.837400
954.206650
954.209750
954.462100
954.465300
955.100750
955.104250
955.107500
955.830450
955.833000
955.836250
955.846050
955.856900
955.871400
955.881950
955.897650
956.462400
956.465300
956.470200
956.473950
957.169700
957.172550
957.176150
957.180250
958.139350
958.142400
958.153100
958.961900
958.964700
958.968400
959.647850
959.650350
959.654500
960.346800
960.372350
962.108100
962.110900
962.244650
962.247450
962.953050
962.955850
962.959800
963.036100
963.962950
963.965850
963.975400
963.979550
964.918400
964.921250
966.164700
966.167800
966.567800
966.570750
966.611450
966.614400
966.618150
966.624150
966.904050
966.907200
970.750600
970.753250
970.779800
971.184700
971.187900
971.191250
971.391950
971.394700
971.399000
972.724750
972.727450
972.731600
974.886300
974.888950
974.892550
975.582700
975.585550
975.588800
975.953300
975.955800
975.971650
976.280100
976.283050
977.755400
977.757850
977.761250
977.773750
978.950250
978.953100
978.956300
979.746450
980.756650
980.759450
981.058200
981.061200
982.462100
982.464600
982.473200
983.117700
983.121000
983.171900
983.175600
983.950150
983.952700
983.955800
985.888500
985.891250
986.385600
986.388350
986.412300
988.749750
988.771200
988.805150
988.808100
991.246900
991.249550
993.806250
993.808950
993.813250
994.586150
994.588900
994.591600
994.607400
995.331450
995.334000
995.337650
996.614200
996.616650
997.692100
997.694900
997.698600
998.442750
998.445900
998.449300
998.747600
998.750600
998.754550
1001.545900
1001.548550
1002.134400
1002.136750
1002.139600
1002.152000
1002.169050
1004.988850
1004.991850
1004.995000
1005.003450
1006.916800
1006.920050
1008.504150
1008.506500
1008.509350
1008.513300
1008.524800
1008.535150
1008.549100
1008.779900
1008.783200
1009.570100
1009.572900
1010.151500
1010.154100
1010.158000
1010.241500
1010.591150
1012.199050
1012.201750
1012.205350
1012.208650
1012.254350
1013.492950
1013.495450
1013.498800
1014.109300
1014.112100
1014.836350
1014.839100
1014.843600
1014.868550
1014.872800
1015.199350
1015.202850
1015.544950
1015.547800
1015.551600
1015.689800
1016.373850
1016.377150
1016.802300
1016.805150
1018.207700
1018.210600
1018.218950
1018.222850
1018.232300
1018.241900
1019.866600
1019.869300
1019.883550
1020.028850
1020.031850
1020.036150
1022.719350
1022.722450
1022.752300
1023.322000
1023.325250
1023.832150
1023.834850
1023.838450
1024.114600
1024.505300
1024.508550
1024.526500
1024.536450
1025.169550
1025.172750
1025.211750
1025.214850
1025.738050
1025.740600
1026.074500
1026.077000
1026.080800
1026.105400
1026.109100
1026.839050
1026.841950
1027.448000
1027.450950
1027.455950
1027.916800
1027.919550
1027.923500
1028.781000
1028.783450
1028.786300
1028.791000
1029.891250
1029.894200
1029.898200
1029.917000
1030.279100
1030.281900
1031.720400
