74.987600
74.994100
75.007300
75.027200
76.025450
80.323850
84.336450
143.008900
251.089200
376.019050
391.535250
403.876050
447.015100
480.080550
557.439200
584.321050
584.345300
585.598000
585.600800
588.363550
588.379350
590.195050
590.949150
591.783350
592.690400
592.710900
597.151350
597.177900
597.778300
598.115850
598.144200
599.150400
603.355950
603.374650
603.378250
604.154700
604.157300
606.128250
607.139000
607.153050
612.421750
612.429500
699.289200
707.833550
731.847200
818.534700
