10.198050
10.200900
10.205500
10.227650
10.230250
10.243200
10.279150
13.218000
13.221100
13.224750
13.229600
29.211850
29.226350
29.244850
34.816450
45.626400
53.390300
53.443300
53.447600
53.471550
53.501150
53.504650
53.509050
53.522250
53.828350
53.856700
54.122350
54.388200
56.604750
58.387350
60.880050
60.883950
60.888650
60.891150
60.896950
61.745100
63.811900
64.964650
64.968750
64.974650
65.891400
65.899750
65.906050
65.918450
67.472050
67.476300
67.488450
67.499100
67.506300
93.243850
93.247350
93.272050
95.181050
95.183200
95.187850
95.912850
96.483900
96.488350
96.910600
96.955850
99.043600
99.049600
99.227000
99.395950
100.794900
100.856450
100.860700
101.069250
101.152050
101.163400
101.168500
103.460950
103.464700
103.469650
103.476100
103.482050
103.501200
103.843500
104.861450
105.615750
105.625000
109.108150
109.112400
109.454600
109.459150
110.461100
110.789250
110.793200
111.682100
112.490300
112.493950
112.498600
112.505100
112.511750
114.100150
114.104050
114.537800
114.541850
114.581250
114.587850
114.601200
115.802100
115.805700
115.873200
115.876950
115.887400
115.890050
116.871350
116.876650
116.902400
116.904700
116.907300
117.004350
119.271150
121.727550
121.731850
122.498400
122.513000
122.519200
123.791200
123.795300
123.802750
124.628950
127.134000
127.137800
128.129450
128.133500
128.271500
129.640800
129.644500
129.649200
130.369500
130.416000
130.560750
132.309700
132.908850
134.234700
134.239150
134.275600
134.283800
134.352200
134.355650
136.067700
136.072100
136.194150
136.199050
136.202050
136.209300
136.212100
136.224500
136.229700
136.235450
136.242750
136.247050
136.252050
136.963800
136.968100
137.326450
137.330500
137.335650
137.348700
137.364300
137.387350
139.513600
139.657250
139.661000
141.282000
141.306600
141.310600
142.085950
142.091050
142.104850
142.110400
143.046350
143.572000
143.651600
143.656150
143.678300
143.951500
146.234200
147.423200
148.281550
148.289900
148.305850
149.868700
149.872750
150.451650
150.456100
150.780400
150.916950
151.819300
151.823550
151.832950
152.420550
152.424500
152.437850
153.696900
153.700900
153.705600
153.712500
153.720300
153.812250
153.815900
154.813900
154.817650
154.822300
154.843050
155.871450
155.943600
155.967700
156.060300
157.039750
157.045550
157.054800
157.058800
157.065300
157.071850
157.081150
157.084200
158.021100
158.025500
158.810100
159.613000
160.470300
160.475600
160.808150
161.136900
161.150450
161.155500
161.162650
161.179800
161.196200
162.990750
164.440750
164.444700
164.452450
164.665650
164.680050
164.684750
164.693850
165.165550
165.549900
167.037500
167.057200
167.739700
169.417350
169.421500
169.715700
169.734800
169.737750
170.436850
173.541600
173.545500
173.578500
173.583200
173.593700
173.599150
173.608150
173.894800
174.188900
174.194050
175.377400
175.381150
175.392350
177.695200
177.698750
177.705400
180.170650
180.176800
180.270950
180.275350
180.277900
180.282850
180.315650
180.355300
180.543550
180.547650
180.557000
180.565400
180.573950
180.578400
180.593150
180.752600
180.757400
181.730450
181.752250
182.137000
182.164600
182.314050
182.318650
183.919200
183.934850
183.938850
183.942000
184.762550
184.767800
185.932650
186.196300
186.200400
186.206700
187.214100
188.574650
189.444900
189.448250
189.452800
189.457250
189.461150
189.471450
189.475750
189.483700
190.758000
190.762000
190.771350
190.878000
190.899900
192.732550
192.737800
192.741550
194.864650
195.090650
195.454200
195.467400
196.507600
196.511400
197.218550
198.767300
198.775050
198.783100
199.157850
199.178850
199.186400
199.192150
199.198150
199.205050
199.215450
200.281650
200.286500
201.525400
201.534100
202.192550
202.461300
202.466350
202.597200
202.617300
203.226600
203.230500
203.609100
203.613450
203.619150
203.664950
204.608400
204.633800
204.638050
204.652300
204.999800
205.010850
205.013700
205.019700
205.027250
205.498350
205.503050
206.942950
206.946500
206.964600
206.972700
206.977950
207.583300
207.587700
207.611600
207.682600
207.686550
208.543050
209.796250
211.237650
211.807100
211.810800
213.001050
213.006850
213.012900
213.019350
213.026800
213.034450
213.972750
215.317800
215.799200
215.965200
215.977300
216.637700
216.643050
218.580900
219.484400
219.496050
219.506300
219.518200
219.526800
221.040600
221.044400
221.049200
221.058400
221.066050
221.069900
221.078300
221.085200
221.093800
221.103000
221.130200
221.145450
221.953450
221.959900
222.116750
223.780000
223.783650
223.802300
225.822350
226.832900
226.839000
226.964850
226.969850
227.604450
228.054900
228.622450
228.625800
228.842250
228.847000
228.863900
228.867300
230.034500
230.038400
230.047100
232.926600
234.039300
234.043150
234.050900
234.060800
234.065600
234.078650
235.185600
235.190550
235.762950
235.832500
235.846750
237.216100
237.219950
237.225850
237.972300
238.004300
238.007550
239.466500
239.470450
239.488100
240.015950
240.527300
240.532500
240.538000
240.758500
242.419300
242.423150
242.427150
242.431550
242.436050
242.456350
242.486050
242.497700
242.503500
243.524550
243.534450
243.737150
243.742600
243.750950
243.760100
243.813800
243.826950
244.362500
244.367000
244.556700
245.246150
245.249750
245.263800
245.269650
245.276700
245.534900
245.539350
245.544700
245.549200
245.557300
245.567450
245.571650
246.684800
246.691650
247.047300
247.053200
247.201700
247.207550
247.606400
247.612800
247.635650
247.675350
248.060150
248.237600
248.245100
248.271650
249.203050
249.214950
249.242300
249.273700
249.606500
249.612000
249.627700
249.859100
250.532700
251.863900
253.684600
253.705550
254.478000
254.510500
254.523200
254.530000
254.536100
254.543050
254.557100
254.564850
254.572350
254.602350
254.631400
255.865850
255.875050
257.272550
257.525500
257.529100
257.562250
257.936500
257.951000
257.963000
257.969900
258.007350
258.013750
258.016700
258.020500
258.834250
258.844850
258.853100
259.301200
260.472400
260.476450
260.489050
260.596150
260.618400
260.655650
261.676300
261.680650
261.688500
262.885800
262.893700
263.340000
263.699800
263.705300
264.572200
264.576300
264.901050
265.119100
265.134100
265.138650
265.157750
265.162700
265.164950
265.170550
265.185200
265.195150
266.408000
266.412600
266.420800
267.457100
269.293650
270.221550
270.233050
270.236550
270.241350
270.864100
270.880900
272.901750
272.906750
272.911250
272.916150
272.922350
272.928550
273.936650
274.410100
274.414800
275.676350
275.817250
275.836300
275.992000
276.007050
276.655900
276.678250
276.872350
277.377950
277.403600
277.412650
277.648500
278.320400
278.323950
278.899250
278.904450
278.991100
280.066000
280.069450
280.074650
280.705850
280.709900
280.725600
281.738100
281.742750
281.788550
282.966400
282.978600
283.296600
283.300400
283.316300
283.330450
283.851400
283.877700
284.748500
287.052950
287.056800
287.062450
287.069500
287.076200
287.733600
287.842000
289.599050
289.613800
289.765350
289.770100
289.776100
289.778500
289.785000
289.792900
291.105700
291.115700
291.120550
291.124650
291.144850
292.362450
292.715450
293.137300
293.140400
293.147750
293.155500
293.162000
293.166400
293.206800
293.213300
293.234750
293.266300
293.296800
293.677050
293.772700
294.031850
294.037600
294.051000
294.404100
294.410850
294.415400
294.421200
294.426150
294.933250
294.975650
294.979600
295.013250
295.017950
295.024600
295.030550
296.925900
296.931450
297.953550
297.961000
298.553300
301.457850
301.500650
301.505700
301.515900
301.541000
301.569850
301.572900
301.583900
303.097250
303.101550
304.838550
304.843700
306.257500
306.282150
306.584600
306.588350
306.592550
306.597150
306.602350
306.613900
306.616250
306.618450
306.623950
306.629650
306.631750
306.648550
306.657300
306.695900
306.889300
307.636800
308.268100
308.276450
308.284250
308.288700
308.294700
309.094050
309.631100
310.756050
310.760600
311.522400
312.205700
312.457150
312.462200
312.467800
312.479350
312.482300
312.497700
313.156850
313.952250
314.257500
314.261900
314.265250
314.268750
314.293500
314.468600
315.827050
316.947500
316.951150
316.966300
316.974850
317.750950
318.119700
319.089100
319.655800
319.998400
320.002850
320.025150
320.032200
322.459400
323.131400
323.142050
323.237650
323.485500
323.489850
323.494350
323.499100
323.507800
324.351450
327.017700
327.040400
327.074500
327.156850
327.681350
327.743200
327.764250
327.769150
327.773900
328.815200
328.820150
328.852050
329.011550
329.801350
329.806000
329.831100
331.950200
331.953950
332.445450
333.218750
333.224600
333.668050
333.672250
333.676700
333.683200
333.686150
334.278350
334.282750
334.530450
334.535400
334.802050
334.963450
334.975050
335.000550
335.013450
335.027500
335.865050
335.869000
336.247700
336.251100
336.255200
336.258800
336.269600
336.272500
338.018050
338.021600
338.668800
338.680850
338.684300
338.692300
338.703550
339.403550
339.407550
339.632650
339.643950
339.650850
340.963600
340.967750
340.972300
340.977550
341.763350
341.993900
341.998350
343.301150
343.304950
343.310150
343.357400
344.753700
344.915950
345.081250
345.781450
345.785850
345.806250
345.841800
345.849600
347.416700
347.427550
347.432050
348.383200
348.415550
348.437650
349.376050
349.382100
349.389700
349.398350
349.412800
350.775450
350.780200
351.227950
351.696150
351.945700
351.950300
353.751950
355.024250
355.038450
355.040750
355.306200
357.406900
357.437400
358.833500
358.837550
359.943100
359.947250
360.036300
360.954150
360.958700
361.960700
361.964750
361.983050
361.989350
361.992550
362.013350
362.301050
362.315150
362.319100
362.326550
362.889750
362.908750
362.942550
363.242000
363.246900
363.250550
363.261800
363.266200
363.274300
364.701300
365.303300
367.171000
367.179400
368.829100
368.833800
368.843200
368.920700
368.925700
368.931250
368.949600
368.951950
368.955600
370.089500
370.094800
370.105250
370.111350
370.117600
370.121750
370.138200
370.140400
370.799350
371.780600
371.929700
373.028400
373.046200
373.066350
373.470600
374.155250
374.160800
374.166750
374.190650
374.767250
374.771800
374.847750
374.852700
375.739150
376.155300
376.159850
376.630850
377.893600
377.897650
377.918800
378.267750
378.405050
378.409100
378.416200
378.420100
378.424500
379.741100
380.384850
380.412400
381.641500
381.645700
381.694650
383.483650
383.936300
386.735100
386.748850
386.789550
386.797550
386.996550
387.215450
387.221000
388.161250
388.165150
388.174600
389.036300
389.356200
389.361050
390.727150
390.730900
390.738450
390.741500
390.746150
390.748550
390.751100
390.754250
390.756500
390.759100
391.797600
392.067200
392.077600
392.085250
392.263400
393.074450
393.078500
393.083950
393.089200
393.095300
393.554750
393.607650
393.612150
393.617550
393.658800
393.668300
394.179550
394.190350
394.201250
394.865300
395.551000
395.556350
397.125750
397.131350
398.914100
398.920250
399.420850
399.425450
400.274550
400.861600
400.875100
400.878500
405.138200
405.143550
405.151550
405.157950
405.165450
406.048050
406.053100
406.066150
406.837050
406.841750
408.413900
408.420200
408.436750
408.444900
408.452750
409.253400
409.257500
409.262250
409.273750
409.277850
409.282100
409.285100
409.289800
409.295550
409.321150
411.135100
411.138900
411.143900
411.644250
411.694150
411.698850
412.340700
413.523900
413.528050
413.548400
413.551000
413.562550
414.498500
414.507300
414.513550
414.517650
415.319200
415.323050
415.327650
415.332150
415.335650
415.342300
415.359850
415.362050
415.365800
415.368750
415.383250
416.277300
416.283200
417.640800
417.646500
417.669200
417.681700
418.522950
420.061050
420.088500
420.095850
421.409700
422.982550
422.986850
423.608850
423.722100
423.726300
423.732800
423.742100
423.748550
423.753800
424.500150
424.514750
424.573450
425.579550
427.595550
427.610400
427.616800
427.622800
427.635300
428.072800
428.478600
428.482550
428.495550
428.788550
429.145400
429.679400
429.684700
429.690350
429.723550
429.727800
430.468450
430.854050
430.859400
430.864950
431.309050
431.325150
432.826450
432.830600
435.029750
435.033550
436.073500
436.090000
436.107150
436.235150
437.195850
437.210650
437.215500
437.219850
437.225450
437.233400
438.085050
438.088400
438.093250
438.095450
438.105800
438.111650
438.799100
438.810950
438.839100
438.844000
439.753250
439.757350
440.564600
440.568650
440.891350
440.904950
440.907300
440.914300
440.916450
443.341750
443.346650
443.351500
443.357900
444.398050
445.312300
445.317300
445.346750
445.360000
445.379100
447.014700
447.321500
447.669250
447.676300
448.696450
448.880850
449.071200
449.074650
449.078400
449.082850
449.087400
449.090500
449.093400
450.743450
451.616350
451.624800
451.793550
451.801950
451.811050
451.825200
451.845000
451.848400
452.625950
452.629900
452.653250
454.119100
454.148050
454.877550
454.891250
454.894900
454.899450
454.918400
454.940400
456.042550
457.649150
458.316900
458.704950
459.874100
459.877500
459.881750
459.888650
460.443800
460.446200
460.449400
461.217300
461.223150
461.245600
463.058250
463.062450
463.067050
463.072400
463.076550
463.088100
463.093000
463.100300
463.730450
464.540300
464.545000
466.453300
466.471800
466.485050
468.835950
468.845350
468.849700
468.856650
468.961050
468.968600
470.109250
470.113900
471.403500
471.414500
471.764350
471.775600
472.530100
473.494600
473.511350
475.936100
475.966400
476.370900
477.081250
477.094500
477.136200
477.182750
478.800650
479.084800
480.094550
481.687100
481.691850
481.701750
482.026800
482.030800
482.735700
482.749350
482.755450
484.785750
486.487150
486.491250
486.495950
487.383300
487.387650
487.404350
488.170950
488.214300
488.220000
488.263700
488.335000
488.340600
488.403200
490.429200
490.629100
490.655400
491.978950
492.724850
492.943100
492.968150
492.973000
494.455750
494.459750
494.466000
494.479200
494.484550
494.487200
494.489650
494.493800
494.502200
494.514250
496.121950
496.126000
496.608000
496.612850
497.142400
499.417250
499.421700
499.469150
499.521200
499.532450
500.237150
500.240850
500.245700
500.250400
500.254450
500.259100
500.263950
500.269750
501.704850
501.709350
502.476750
502.501900
502.509500
502.530700
502.555200
502.562150
502.956200
503.125500
503.151100
503.964350
503.968800
506.382650
506.390950
506.397850
508.776550
508.780800
509.520550
509.524300
509.609500
509.674450
510.649200
510.660400
510.673550
510.675800
510.702600
510.706000
510.762500
510.948800
510.988300
510.998950
511.002850
512.614400
512.618050
515.071900
515.130500
515.410200
515.463300
515.473300
515.477800
515.487700
516.562650
516.891350
516.895600
516.901750
516.917800
516.924350
516.931900
516.937900
516.948600
516.956550
516.963150
516.971100
517.130350
519.268800
519.271650
519.275050
520.794800
520.798050
520.810900
520.823100
520.843100
520.996850
521.421450
522.465650
522.469700
522.482550
522.489200
522.519100
522.534000
523.061600
523.067650
523.086800
523.401700
525.665600
525.670700
525.686250
525.759700
526.067250
528.309000
528.318200
528.373150
528.377150
528.409900
528.684500
530.811400
531.144050
531.160450
531.653050
531.657350
531.678200
531.683950
531.688350
531.692500
531.694600
531.700600
531.712750
532.933750
534.628950
534.633900
534.985850
534.996200
535.008350
535.280450
535.285650
538.094550
538.100350
538.104350
538.114550
538.131200
538.615450
538.945800
539.150000
539.169100
539.173650
539.179050
539.196550
541.138100
541.158450
541.169550
541.174250
541.377000
541.382700
542.211800
542.216550
542.222400
542.626850
542.641400
542.825850
543.575300
543.579400
543.785900
543.792100
543.809900
543.817350
544.371550
544.382100
544.389100
544.392350
544.627700
545.068250
546.493950
547.972900
548.433450
548.448550
548.453200
548.456550
548.462900
548.816500
548.822100
548.827950
550.536250
550.544800
550.626500
551.519250
551.522450
551.532750
551.558050
551.579000
551.659850
551.664150
551.669050
551.681150
553.509100
553.998250
554.003250
554.435200
554.440900
555.663550
555.923950
556.263100
557.384700
557.399800
557.411150
557.417650
557.429800
557.448000
557.459600
557.940700
558.068050
558.184050
558.188050
558.193500
558.203200
559.275900
559.306250
559.326750
559.607050
559.629150
559.633550
559.638500
559.855950
561.077100
561.087900
561.091700
561.095350
561.274850
561.280650
562.667400
562.671750
564.024650
565.009000
565.022500
565.950400
566.013950
566.630900
567.310350
567.315150
567.321650
567.336550
567.359400
567.425300
567.433500
569.238650
569.242600
569.249100
569.251250
569.257200
569.260200
569.262550
569.272250
569.561750
571.160700
571.180600
571.185550
572.741050
572.745200
576.212550
576.530600
577.391300
577.396000
578.313100
578.317250
578.322100
578.335700
579.620800
579.626200
579.654700
579.932700
581.895700
581.910600
591.421500
595.748750
612.482050
612.530550
612.535300
613.065750
613.070450
613.081950
613.103400
613.616200
613.771650
614.403600
614.407650
614.412900
614.450800
614.455200
614.461600
614.465800
614.488300
616.448050
616.452150
616.472800
616.498550
617.035000
617.081200
618.140450
618.145000
619.182900
619.186700
619.203200
619.694400
621.154800
623.372050
623.376700
623.469650
623.592450
623.597650
623.600500
623.609350
624.834100
624.839100
624.989300
626.459700
626.463500
626.469400
627.617250
627.676700
627.685000
628.592600
628.596850
628.609850
630.076500
630.080150
630.085300
630.094550
631.279050
631.290350
632.098400
632.104150
632.124450
632.130900
632.132950
634.575200
634.579400
634.597200
636.351900
636.440150
636.444900
636.719100
636.955950
636.961400
636.989250
637.000450
637.007700
637.010800
637.923750
639.092950
639.108050
639.112200
639.117500
639.134400
639.139750
641.026300
641.041150
641.071600
641.078350
641.192250
642.099150
642.104700
642.796050
643.092900
643.099250
643.101850
643.113800
643.123050
643.355250
643.871050
643.876700
643.894250
643.900200
644.546050
644.550700
644.556500
644.564350
644.903400
644.913700
644.924300
645.955500
647.620450
647.624150
647.631750
647.871300
647.875500
649.958050
649.961850
649.974400
649.978800
649.982450
649.984600
650.005400
650.009150
650.033250
650.364900
651.327700
651.332050
651.337150
652.199350
652.204800
653.647500
653.665400
654.757350
654.762350
654.776700
654.806950
654.860800
655.190900
655.216300
655.235600
655.684600
655.783850
655.789400
656.592650
656.597100
656.602550
656.618700
657.130250
657.354900
657.363850
658.069200
658.074600
658.083450
658.721700
659.372750
661.637700
661.644200
661.656400
662.263400
662.284600
664.239050
664.754950
664.759900
664.765250
664.770350
664.795650
666.649900
666.673350
667.515500
668.124000
668.128400
668.143050
669.114650
669.482400
669.930200
669.939350
669.951900
669.970200
670.414300
670.920500
670.972800
670.977400
670.991400
672.256750
672.260350
672.278150
672.401500
672.419400
672.450200
672.634500
672.646150
672.670350
672.680300
673.726850
673.741100
674.724100
674.918900
675.787650
675.796550
675.805550
675.813700
676.291400
676.529650
676.535950
679.377550
680.285500
680.289200
680.293650
680.298250
680.303600
680.308200
680.311600
680.315850
680.336400
680.999700
681.531400
682.993800
682.998300
683.005750
683.576200
683.851150
683.916500
683.928600
684.201050
684.215400
685.111650
685.115500
685.154050
685.159300
685.399950
687.628850
687.633700
688.152650
688.456400
688.460750
688.782800
688.790700
689.022300
689.028150
689.251850
689.255850
689.299200
689.479450
691.956250
691.962450
694.024200
694.280750
697.733250
697.963250
697.967550
698.040400
698.608700
698.826600
698.834650
700.683000
700.698550
700.735700
700.742500
701.620400
701.837000
702.485250
702.489950
702.517350
702.547350
703.377650
704.497650
704.501500
704.876050
705.849850
710.389100
710.393350
711.253750
711.266850
711.274600
711.280400
712.233750
712.370650
712.397950
712.904700
713.169050
713.206800
713.210700
713.240700
713.753450
714.032150
714.047050
714.990750
715.028250
715.035100
715.070900
715.304450
715.848850
715.852650
715.859200
715.873750
715.885050
715.994100
716.008650
716.972500
716.985250
716.991800
717.028800
717.269950
718.259300
718.276500
718.521300
718.524250
718.533100
718.950950
718.969400
719.159350
719.173050
719.626050
719.776200
720.982600
720.986850
720.997100
721.029100
721.271050
722.191900
722.206650
722.219450
724.865250
725.103200
725.439750
727.024300
727.039900
727.071200
727.074650
727.755500
727.761200
728.464350
729.656100
729.663800
729.752950
735.009450
735.013500
735.021400
735.741450
735.745700
736.391650
736.405200
736.410100
741.650800
741.653900
741.670850
741.676000
741.692000
741.696950
741.703150
741.706400
741.720650
743.614050
745.941050
745.961900
745.965850
746.094750
746.748800
746.752750
746.758650
746.774600
748.244600
748.248050
748.302600
748.352350
750.347750
750.418300
750.422050
750.425100
750.571000
750.596250
750.601150
750.606350
750.612900
750.712600
751.199700
751.204200
752.337950
752.340300
752.342600
752.351950
752.425800
752.430650
752.450900
752.467900
752.768850
752.774950
752.778650
752.786150
752.795450
753.846550
753.851550
754.478250
754.930700
754.938400
754.942250
754.947500
754.958800
755.775200
756.173150
756.823900
756.833200
757.639700
757.643500
757.646850
757.649800
757.653600
757.696250
757.936750
758.257550
762.182100
762.426400
762.437000
762.442150
762.447800
762.484150
762.494300
765.244150
765.248000
767.109200
767.113250
767.117600
767.122300
767.127350
767.129650
768.823400
768.830600
769.329800
769.655400
769.672550
770.115200
770.118800
770.789400
770.798250
770.809400
770.814050
770.853500
770.859100
772.873900
773.934600
774.343400
775.277800
775.586450
775.592950
776.590850
776.596050
778.807500
778.816450
780.144800
781.736700
781.745000
782.365950
782.381750
782.390200
783.869350
783.875500
785.934900
786.999000
788.543600
788.548850
788.557450
790.207500
790.213750
790.229050
790.256500
790.392600
790.402500
790.428950
790.449700
792.085850
792.090000
792.104450
792.454300
792.975950
792.980800
792.986300
793.001900
793.015400
793.020650
793.030800
793.035100
793.042500
793.050950
793.053600
793.062150
793.067600
793.138900
793.149950
793.166700
793.172950
793.180600
793.960000
793.962050
793.969700
793.979500
797.122900
797.166250
798.006000
798.011450
798.533150
798.549550
798.562250
798.566550
799.940650
799.944800
799.948700
799.967600
799.980650
799.994900
802.067800
802.080700
802.085200
802.094700
804.738450
804.743050
804.830550
805.611100
805.615050
805.735650
805.739800
805.750000
805.754750
805.769400
807.043900
807.048700
807.057400
807.065200
807.837800
807.841950
807.844150
807.848450
807.886550
807.905750
807.921150
807.929550
807.936300
807.942800
809.105650
810.855600
810.859800
810.886700
811.461850
812.098200
812.102150
813.329350
813.867950
813.874100
814.873600
814.877700
814.881300
814.884000
814.893700
814.896950
814.900350
814.915350
814.936950
814.957750
816.265900
816.967100
816.972150
817.541150
817.546250
817.561550
817.596600
818.212500
818.218500
818.229050
818.232400
818.236650
818.246800
818.310900
818.313250
818.428350
818.443600
819.020050
821.366300
822.474100
822.478450
822.485000
822.491250
822.939350
822.943050
822.954350
823.005650
823.011850
823.515800
823.555550
826.875050
826.879150
829.533750
829.538650
829.543550
829.547550
829.551000
829.560650
829.564400
829.567500
829.579300
830.367350
830.371600
830.378050
830.392350
830.622900
831.551700
831.555800
832.554150
832.558600
832.570350
832.580050
832.587850
832.603400
832.613600
832.626100
834.746950
834.840100
834.844000
834.875100
834.885400
836.514350
836.518350
836.531750
837.545350
837.830450
837.836600
838.000200
838.003750
838.008700
838.013550
839.393400
839.397000
839.405350
839.418300
839.431800
839.435100
839.438500
839.441650
839.446600
839.450300
839.464850
839.490400
839.686200
839.854400
840.211300
840.243200
840.248100
840.264200
840.267350
840.287200
841.067650
842.565600
842.673150
842.775850
843.073300
843.820600
843.824600
843.833550
845.425650
845.844250
845.847800
845.854500
847.677950
847.682900
848.079800
848.085100
848.125900
849.724000
849.728050
849.739950
849.763000
850.216200
850.394400
850.404450
850.457550
850.468350
851.005100
851.033050
851.058250
851.060350
851.073700
851.100200
851.379950
851.524000
852.089750
852.094450
853.556900
853.751400
853.852000
853.903450
853.994600
854.074000
855.259300
855.263400
855.269700
855.273050
855.277800
855.281550
855.299550
855.303650
856.423600
857.417400
858.774150
858.777900
858.783400
858.789850
859.433850
859.437700
859.539250
859.545000
861.875300
862.133450
862.152750
862.156800
862.160950
862.164800
862.404300
862.607400
864.258950
864.263800
864.570550
864.688250
865.388300
865.401700
865.505500
865.520150
865.528950
865.772950
865.777300
865.969450
866.408250
866.413850
867.912150
867.916250
867.961300
867.966550
867.970750
867.972900
867.976450
867.984600
869.705300
869.733750
869.737100
869.740600
869.745900
869.752900
869.831900
869.836900
869.854200
869.867350
869.896950
869.901250
869.926250
870.817900
870.822550
871.264650
871.269700
871.281250
871.291300
871.296900
873.660000
873.831700
873.835350
873.865600
873.869500
873.878150
873.881800
873.885900
873.899050
874.337700
874.708450
874.712400
874.731050
876.903300
876.916250
876.927300
876.932000
878.063400
878.730550
879.502150
879.514600
881.135400
881.139700
881.145000
881.151950
881.495000
883.004100
883.008350
883.013000
883.033150
883.044450
883.048150
883.052300
885.351150
885.355100
885.387150
885.392950
885.400150
885.405400
885.416800
885.423900
885.430600
885.434150
885.436250
885.464400
885.478550
886.854600
886.858150
887.037250
887.066600
887.240800
889.255800
889.259800
889.269300
890.308100
890.625000
890.629200
890.635150
890.643700
890.652050
894.373150
894.624250
894.862300
894.866150
894.870700
894.875350
894.878700
894.882550
894.895050
895.146300
895.174450
895.184500
897.746650
897.818000
897.823200
898.790550
898.795800
900.223450
900.228050
901.343600
901.384300
901.988550
901.992800
902.000850
902.053750
904.065600
904.069250
904.076100
904.161250
907.197500
907.214850
907.571150
907.579400
907.608350
907.614700
907.621850
907.633200
907.645300
907.652600
907.660600
907.671000
907.679300
908.300550
909.437450
909.450900
910.726650
910.733550
912.193050
912.197850
913.310550
913.806500
914.771950
914.776600
915.341250
915.586950
916.246100
916.251650
917.090900
918.373200
918.378250
918.383400
918.387650
918.396700
918.400050
918.402350
918.409600
918.412000
919.514200
920.445900
926.716800
926.720750
926.736050
927.778900
927.783100
928.716700
928.720500
930.231250
930.244550
930.268450
930.287250
930.476950
930.489100
930.491700
930.500200
930.522250
931.651850
931.656950
931.661400
931.708500
932.140950
932.144900
932.150300
932.174450
932.178250
932.201800
932.890550
932.894850
932.900850
932.995200
933.009900
933.022350
934.936500
935.302450
936.751250
936.757750
936.762850
936.769000
938.236350
938.240500
938.498550
940.560650
940.564250
940.575500
940.584200
941.288450
941.293200
941.301800
941.381500
941.386100
941.391300
941.396050
941.401400
941.403550
942.064000
942.892250
942.910950
942.917650
943.058950
943.066700
943.416850
944.191700
944.197300
944.489900
944.495700
944.501350
944.504650
944.512750
944.547950
944.563000
945.510700
946.036050
946.078450
949.709700
949.714050
949.719500
949.736000
949.746700
950.895550
951.755900
951.898450
951.902900
952.059650
952.807250
952.811850
952.884400
952.888550
952.910300
953.597100
954.032700
954.036500
954.056500
954.062150
954.066300
954.069100
954.088350
955.852300
955.932700
956.327700
956.336350
957.265100
957.281850
959.218650
959.227000
960.298050
960.302400
960.308550
963.294300
963.298650
963.852800
964.214250
964.218650
964.224800
964.229200
964.237200
964.241300
964.246000
964.304300
965.811500
965.852150
965.857250
965.879100
965.948050
965.959450
965.976900
965.982050
965.992100
966.011100
966.031950
967.132400
967.141150
967.147100
967.157500
968.581600
968.601200
969.586000
970.623300
970.642150
971.008150
972.107850
972.114900
973.387950
976.010700
976.582950
976.587750
976.593100
976.601900
976.604950
976.625500
976.641850
976.989700
976.993950
977.004650
977.008300
977.082400
977.103350
977.107600
977.437750
977.452350
977.473450
977.477600
977.531100
978.706250
978.710250
979.097000
979.814400
979.921750
979.925850
979.943850
979.949400
979.954300
979.963100
979.968950
979.980950
979.984600
979.990950
981.719900
981.725150
983.169400
983.173450
983.183900
983.191650
983.195650
984.088450
985.223250
985.227400
985.236000
985.246500
986.143900
986.587800
986.591400
987.476550
987.485450
991.511750
991.515500
991.520850
991.561400
991.718400
992.146800
992.453350
992.457400
992.485950
993.332050
994.857600
994.862700
994.878000
995.018900
995.025200
995.312950
995.531850
995.537300
998.790850
998.795500
998.810550
1000.845000
1000.861750
1000.866750
1000.917650
1001.097850
1003.364900
1003.368450
1003.431950
1003.438150
1003.440650
1003.444350
1003.461150
1003.463800
1003.477250
1003.479750
1004.044600
1004.048400
1004.096250
1005.768300
1005.772400
1008.340400
1009.021350
1009.861450
1012.291800
1013.355950
1013.360700
1013.364950
1013.372050
1014.103350
1014.331650
1014.344300
1014.374400
1014.378550
1016.629750
1016.705550
1016.709750
1016.780550
1016.831400
1017.562200
1017.577300
1017.598150
1017.601700
1018.124450
1018.624850
1018.629500
1019.272150
1019.274800
1019.276900
1019.293750
1019.304250
1019.454450
1019.557550
1019.561800
1019.571450
1019.576850
1019.583050
1020.028000
1020.039800
1021.244750
1021.248850
1021.902850
1021.911800
1021.917750
1021.923400
1021.933700
1022.424050
1022.967100
1024.116050
1024.124000
1024.126250
1024.130650
1024.132900
1024.137800
1024.139900
1024.142800
1024.147850
1024.155450
1024.162650
1024.293600
1024.319600
1028.605900
1029.054700
1029.059450
1029.323800
1029.338200
1029.342250
1030.789350
1030.794000
