0.049900
0.442000
1.263600
1.459450
2.065250
3.123650
4.347800
4.729300
5.173650
5.248100
5.339150
5.354050
5.386550
5.503650
5.872250
7.639950
7.729750
7.921600
8.712500
10.204700
10.206900
10.214850
10.224900
10.233800
10.248150
10.283050
10.358800
10.366800
10.396450
10.424400
10.432400
10.584500
10.657700
10.856000
10.893600
11.001900
11.085100
11.278300
11.348850
11.460650
11.482800
11.503050
11.756300
11.802300
11.847300
11.964600
12.031350
12.161000
12.281450
12.534250
12.544150
12.599700
12.628600
12.679750
12.939200
12.953950
12.977750
13.000650
13.084750
13.202450
13.258700
13.278300
13.301600
13.544250
13.635600
13.776900
13.881700
13.980850
14.003450
14.060950
14.221900
14.506500
14.587200
14.648750
15.022700
15.139200
15.311000
15.503450
15.556500
15.611900
15.966700
16.106250
16.347600
16.752900
16.818000
17.112200
17.375800
17.478450
17.869400
18.665300
18.783200
19.071350
19.464850
19.748350
20.197450
20.745400
20.749100
20.915800
22.900700
23.580650
23.815500
23.887800
24.072750
24.941400
27.313250
27.511650
28.308950
30.476500
30.492250
31.227550
31.249000
32.347100
32.394800
33.317300
33.339000
33.377200
35.480200
35.528200
35.765550
35.990900
36.012400
36.134650
36.443800
36.473800
36.499500
36.619200
36.665200
37.146650
37.677050
37.922550
37.951300
38.046800
38.123900
38.573000
38.614200
39.341550
39.375650
40.897150
40.934500
41.224450
41.245300
41.779550
41.881350
41.899500
45.399800
45.851350
45.976100
46.241300
47.073600
47.076450
47.526450
47.893600
48.938000
49.000000
49.019100
49.499950
50.735950
50.753200
50.764600
50.774700
50.787200
50.809150
52.007950
52.033300
52.071200
52.088900
52.259900
52.712950
52.802950
52.819450
53.139850
53.176150
53.431400
53.804400
53.806950
54.367550
54.582350
54.650400
54.677150
54.725700
55.025400
56.111700
56.173200
56.549850
56.574800
56.922950
56.989650
57.340050
57.542100
58.274350
58.300500
58.574200
58.626750
58.705800
59.398600
59.432900
59.743950
60.691050
60.707750
60.803800
60.822350
60.846000
60.904500
60.944550
60.974350
61.467300
61.490550
61.542800
62.058950
62.720700
62.756000
63.568450
63.708750
63.800700
64.386250
64.492550
64.528850
64.626500
64.723100
65.321300
65.394700
65.858750
66.038450
66.798950
67.059000
67.357200
67.381300
69.130400
69.151950
69.186600
69.344400
69.462050
69.624950
69.764950
70.031700
70.048650
70.148350
71.043850
71.463900
72.083450
75.320550
75.339800
75.524800
78.137200
79.017650
79.776100
80.119900
81.974950
82.094850
82.255050
82.596000
84.575450
84.971050
85.420500
86.036700
86.757500
87.042600
87.162400
87.222500
87.258000
87.262450
87.318350
87.600300
87.636200
89.411550
89.423150
89.439350
89.511500
90.307900
90.402400
90.731700
91.066400
92.152700
92.298700
92.831500
92.938500
93.847600
95.378600
95.741900
95.757550
95.784250
96.212700
96.538950
96.599300
96.664000
96.918850
96.968500
99.421750
99.434250
99.447400
99.568100
99.580350
100.500000
100.521300
101.927700
102.544600
102.565150
102.576000
103.105400
103.568000
103.581550
103.620900
103.716200
104.011400
104.024700
104.123850
104.353950
104.454800
104.694250
104.748250
105.960900
106.836400
106.861050
107.324350
107.497700
108.127800
108.159800
108.845800
108.949300
108.982050
109.108800
110.673800
112.724850
112.736900
112.760900
113.737800
114.098800
114.125500
114.888450
114.922350
115.091200
115.899350
115.911850
116.030800
116.323850
117.264350
117.442000
117.932850
119.868600
120.002950
120.304250
120.408650
121.283950
122.325950
122.361200
122.444750
122.458100
122.511600
122.642550
122.670550
123.235650
123.274000
123.287350
123.747700
123.788100
123.812850
123.968050
125.144050
125.400700
125.419900
125.546950
125.784750
126.267200
127.026600
127.456200
127.554300
127.599450
128.210900
129.288600
129.304050
129.316100
129.375450
129.953800
129.993850
130.049300
130.064250
130.817300
131.203450
131.724000
132.348150
132.381450
132.826900
132.836400
132.861800
133.478000
133.493750
133.922450
133.958200
133.967400
134.886650
136.405450
136.421100
136.772900
137.258150
137.700950
137.716800
137.728200
138.387500
138.407250
139.456600
139.484000
140.308500
140.335050
140.590450
140.722800
141.283300
141.332950
141.642550
142.117500
142.377150
142.456700
142.571200
143.049950
143.070950
143.104250
143.130000
143.255300
143.905400
144.675100
144.725400
144.815100
145.360600
145.396100
145.413750
145.748550
146.953050
147.799900
147.827800
147.863600
149.937950
149.954300
149.962950
149.999950
150.367350
150.601750
150.616950
150.664450
150.883500
151.023050
151.055900
151.301600
151.385150
152.558900
153.345000
153.369300
153.407550
154.166000
154.210200
154.263600
154.647250
154.661850
154.691600
154.753800
156.104900
157.040100
157.924150
158.014650
160.115700
160.179650
160.654650
161.001050
161.087100
161.111050
161.211350
162.152200
162.259300
163.074400
163.097500
163.109350
163.135500
164.243150
165.011850
165.023150
165.077600
167.612800
168.144750
168.154350
168.164200
168.673400
168.775900
168.778500
168.934000
171.118550
171.131750
171.194050
171.198350
172.183000
172.964400
173.044100
173.413600
173.432100
174.615700
174.686700
175.436850
175.449750
176.755150
176.903700
176.916700
177.533550
177.547150
177.709000
177.717300
177.731250
179.217150
180.863300
180.880600
181.618500
181.719700
181.813500
181.826800
181.941000
182.149300
182.448550
182.465400
182.482050
183.611750
183.895900
183.909400
184.209200
184.393200
184.413100
184.874350
185.254950
185.324150
185.778750
185.789250
187.537150
188.112650
188.282700
188.933450
189.020900
189.872000
189.894650
191.471550
191.497800
191.591800
191.636300
192.400950
192.406300
192.566650
192.661500
192.678650
192.691300
192.867100
193.155750
193.259550
193.835200
193.862000
193.901750
194.865000
194.880050
194.909500
195.675650
195.690600
196.026400
196.466300
196.646100
196.988800
197.272450
198.420350
198.590100
199.964600
200.062700
200.119850
200.260200
200.350750
201.052850
201.069800
201.553800
202.212450
202.252000
202.607600
203.028600
203.754550
203.774700
205.290600
205.320350
206.295700
206.306000
206.710900
208.071200
208.544550
209.043950
209.086500
209.138700
209.535400
209.548800
211.011850
211.124050
213.061050
213.129900
213.140650
213.441250
213.633950
213.763750
214.785550
216.084550
216.199350
216.618450
216.877100
216.925050
217.285600
217.587250
218.694650
218.844900
219.098050
219.100850
219.418750
219.619950
219.632200
219.642050
219.655050
219.671100
220.472550
220.498150
220.785000
221.375650
221.675050
221.705450
221.739050
222.089500
222.098750
222.180450
222.219450
222.794650
222.871900
222.943650
224.017200
224.645300
226.671700
226.703050
227.524100
227.537000
227.565200
227.591600
228.112950
228.123500
230.449800
230.477700
232.085650
233.426400
233.502350
233.751750
234.763800
234.936850
235.573250
235.590100
235.603950
235.737250
236.495600
237.282300
237.349050
238.050900
238.449100
238.506800
238.540600
239.471850
239.489200
239.522250
240.335400
240.364200
241.479300
242.777450
242.886500
242.898250
242.954050
243.011000
243.355450
243.386250
243.457950
245.490350
245.898150
245.950500
246.225700
246.256300
246.391100
247.089650
247.136100
249.943450
249.996400
250.213650
250.291050
250.647800
250.661000
251.073200
251.391150
251.409300
252.235750
252.258300
252.719250
253.744300
254.434450
254.754850
254.770050
255.185900
255.360250
255.374850
255.848250
255.855250
256.174400
256.595000
256.886300
258.202350
258.221850
258.235600
258.266450
258.584550
259.666650
260.121300
260.262700
260.377600
260.546600
262.435150
262.471800
262.480350
262.886550
262.895650
263.589800
263.651200
263.741000
264.292650
264.356450
264.627950
264.887150
264.891150
265.091450
265.847350
266.794400
266.885000
267.138100
267.143600
267.335950
267.424950
267.509800
267.776550
267.794400
268.753150
268.766200
268.924100
268.988650
270.052450
270.727500
271.050900
271.395850
271.421400
272.425350
272.574850
272.584100
272.636750
273.265700
273.437500
273.450450
274.568300
275.360550
275.394950
275.467950
275.505900
276.667300
277.298500
277.405650
277.563200
278.129150
278.348250
278.458200
278.471600
278.539250
279.259850
279.354450
279.369400
279.471700
279.540600
280.992000
281.245700
281.480200
281.804150
281.957950
281.972950
282.367350
282.459700
282.474850
282.652250
283.340500
283.547300
283.992200
284.123650
284.156700
284.184650
284.547250
284.585800
285.630050
285.647750
286.752550
286.763500
287.280550
289.005550
289.256550
289.524500
289.542200
289.687700
290.238250
290.336100
291.812950
292.633600
292.729350
293.148450
293.159700
293.178250
293.285100
293.647400
293.792750
293.909750
294.898900
295.016600
295.408200
295.786900
295.797550
296.040500
296.337450
296.779550
297.163200
297.548900
297.996800
298.195500
298.210900
298.276700
298.750000
300.461200
300.487200
300.695750
300.839000
300.887400
301.352950
301.985700
302.033300
303.157900
304.067850
304.143550
304.243850
305.296800
305.519550
305.958750
306.292650
306.323100
306.834600
306.990000
307.184450
307.645750
307.688350
307.747150
308.089100
308.554900
308.570350
309.626100
309.989900
311.342350
311.348700
311.675650
312.259350
313.471250
313.485000
313.523050
315.759950
315.827750
315.845600
317.729500
317.744350
319.918200
320.002250
320.026000
320.607600
320.823250
321.684550
321.716650
321.754950
322.324650
322.899700
324.548750
324.568050
324.665700
325.545150
325.571750
325.654350
326.300450
326.957050
326.969800
327.250750
327.645400
328.642300
328.680400
329.203550
329.235650
329.263700
329.309200
329.359850
330.263300
330.286300
330.891250
330.895400
332.309550
332.657500
332.671100
332.722400
333.393400
333.406000
333.681300
334.701800
334.716400
335.274250
335.296600
335.746150
335.853550
336.278700
337.296500
337.354350
337.981400
338.331200
338.408550
338.479800
339.121600
339.162400
339.222100
339.703550
341.144100
341.431550
341.437650
341.594150
341.649750
342.589650
342.614250
344.243350
345.368600
345.645800
345.769500
345.782450
346.632800
346.754250
348.565850
348.815150
348.826850
348.862350
348.963250
349.032400
349.091800
349.105650
349.403900
349.938950
350.695850
350.996800
353.261050
354.641900
356.745600
356.870600
357.828000
357.858600
357.928550
358.228900
358.791000
358.802450
358.840850
359.243900
359.458650
359.582050
360.310250
361.686700
362.026850
363.069400
363.322050
363.899550
364.603100
364.822650
364.834150
365.704800
366.829700
367.093650
367.102100
367.116150
367.131000
367.168500
367.734250
368.607200
368.704250
369.511200
369.561950
371.112900
371.119200
371.125250
371.946250
372.674800
372.694800
373.015550
373.052600
373.143450
374.905950
375.122550
375.273150
375.297250
376.824250
378.398050
379.581700
379.591400
379.610250
380.398600
380.740300
380.916800
381.011200
381.137800
381.649400
381.680250
382.797300
382.832050
383.944800
384.151600
384.862900
384.904250
386.374950
386.424600
388.414450
388.962900
390.200450
391.780950
392.170850
393.358650
393.474000
393.708450
394.850350
394.871750
395.322000
395.460700
398.784500
399.556750
399.574250
399.603750
400.561250
400.891550
401.103100
402.576150
403.282000
403.365100
406.657300
406.845250
407.219000
407.778200
408.341850
408.906400
408.922600
409.654250
409.664800
410.619200
411.375150
411.421350
412.173450
412.855450
413.195200
413.930100
414.900350
416.455250
418.340400
419.013950
420.034800
420.307350
420.405650
420.586250
420.592550
421.397300
421.541000
421.909950
421.953200
424.314000
424.785550
426.030800
426.208300
426.228250
426.975200
427.596050
428.621850
428.783000
429.807250
429.924350
430.217050
431.241900
431.251050
432.385750
432.441600
433.682900
433.975600
434.115700
435.082800
436.291550
437.168900
437.324600
437.394950
437.864750
437.993950
438.718400
438.729750
438.746450
439.312400
439.703400
440.038200
440.357150
440.970600
442.129550
442.140900
442.798350
443.584100
446.998300
447.119200
447.277100
449.861950
451.155800
451.186350
451.942500
452.218750
453.224650
454.671300
454.681100
454.695800
454.739650
454.861750
455.394650
455.468800
457.238500
458.145950
458.445550
458.480300
458.483850
459.144650
459.166800
459.449450
459.519350
459.704250
459.785850
460.507450
461.349250
461.444600
462.090950
462.926800
463.073100
463.160800
463.218300
463.691450
464.639850
464.806400
466.090400
467.637500
467.649550
467.701700
467.732350
468.736600
469.189600
470.594350
471.154900
472.064100
472.291150
472.561800
472.579850
472.610000
474.003550
474.599600
474.605100
475.197900
475.209900
475.331050
475.724000
477.059000
477.230050
477.649400
477.897000
478.460950
479.814750
480.072100
480.890500
480.962850
481.803550
481.817100
481.849350
481.963000
482.740800
483.358750
483.405150
483.560650
486.522350
487.228700
487.363450
488.070300
488.100400
488.536650
490.239900
490.669450
490.867650
491.437950
491.464500
491.536900
492.537400
493.342450
493.411250
493.698650
493.742550
494.851600
494.875600
495.885850
496.037150
496.361650
496.377800
496.428550
496.482150
496.553600
496.596750
498.747350
498.764400
499.887100
500.265550
500.755750
501.046350
501.062800
501.889150
501.922200
502.547150
502.731750
503.224150
504.020800
504.032100
504.154750
504.747150
504.916400
505.672850
506.999550
507.990850
508.004600
508.055800
508.766150
509.268600
509.676900
510.103300
510.143650
510.556450
511.669450
512.424450
512.874000
512.913850
513.089300
513.827350
513.935250
514.245050
514.251300
514.775250
515.047900
515.056200
515.100400
515.132450
516.476700
517.269550
517.573750
517.662050
518.120800
518.135300
518.342000
519.251400
519.303350
519.327700
519.774950
520.008400
520.021300
520.042300
520.161500
520.774200
521.276900
521.300200
521.555950
522.039750
522.288900
525.217550
525.309850
526.028750
526.155300
526.210200
526.294350
526.544050
527.069200
527.322900
527.607300
527.662200
527.737550
527.833350
528.124900
528.237050
530.322950
530.352900
531.014500
531.027050
533.126650
533.152350
534.567600
534.587550
536.852350
536.863900
537.951650
538.849300
539.234450
539.244600
539.723700
540.429050
540.489650
541.232750
541.463350
541.822450
541.912100
542.617000
542.631900
543.265650
543.447850
544.377600
544.935900
545.030300
545.709900
545.748950
545.835750
547.087450
547.096000
547.144400
548.641500
548.716900
549.896750
549.961950
550.104200
550.543700
550.800700
550.824400
550.885050
551.400600
551.523500
551.537600
551.577900
551.594800
551.649300
552.455700
553.168150
553.834950
553.887200
554.069200
554.144500
554.163300
554.178600
556.119700
556.135350
556.263750
556.570000
557.150350
557.183800
557.891200
557.947600
559.600650
559.873950
559.922750
561.021900
561.120850
561.227350
562.688200
563.447600
563.694750
563.715950
563.778200
563.861800
564.881500
564.902650
565.121200
565.282350
566.367250
566.396850
566.440150
566.787100
567.662950
567.689700
568.329100
568.734900
569.140100
570.415400
570.434400
570.443850
570.467400
570.810050
570.959950
570.995300
573.308600
573.417800
573.944350
573.959050
575.317800
575.892300
576.130900
576.331100
577.486500
578.533950
578.660300
578.934150
579.229200
579.239500
579.820400
580.033250
580.047100
580.652200
580.945000
581.658350
581.746150
581.756050
581.794250
581.821150
581.834100
581.865000
582.525050
583.037150
583.569100
583.609200
584.199350
585.144050
586.051250
587.350350
588.209450
588.269700
588.309850
588.365050
588.679800
589.509200
589.569400
590.369250
590.908750
591.069150
593.508600
595.628250
596.368900
596.428650
596.508800
597.129050
597.834150
599.114250
599.529600
600.309800
600.729450
601.939600
602.064400
602.329800
602.669950
603.048750
603.568850
603.753150
605.067550
605.607400
605.787100
606.106650
606.126800
606.166800
606.186850
606.191750
606.206750
606.229350
606.731350
606.746000
606.786400
606.826100
606.926150
606.986000
607.085850
607.145750
607.305650
607.545550
607.984750
609.323400
609.463750
610.062750
611.046250
611.440850
611.521000
611.525800
611.900850
612.469400
612.599000
612.778800
613.788550
614.036200
614.369000
614.622900
615.029250
615.070550
615.079500
615.633800
615.646950
615.664550
615.805200
616.471050
617.255650
617.291850
617.304600
618.322250
618.805450
618.933350
619.375550
623.245750
625.328400
625.346700
625.392350
625.411000
625.956800
625.969250
626.483750
626.987700
627.364500
628.672800
629.244700
629.346100
629.356300
630.551900
630.569800
630.658300
632.292700
632.310250
636.957050
637.398750
637.805200
637.824550
637.911200
638.658950
638.770250
639.109300
639.129300
639.543600
639.555100
641.148350
641.559700
641.688350
642.083200
642.306900
642.474950
643.150350
643.792950
644.427100
644.449550
644.628850
644.641800
644.688750
645.182300
650.410500
650.868550
651.124150
652.299150
652.318400
652.371550
654.133600
654.138100
654.141950
654.152450
654.164950
654.185000
655.189550
655.792200
656.760550
657.501150
657.708900
657.822600
657.987750
658.395700
659.021950
659.147400
659.160150
659.168150
659.258250
659.292950
661.443200
663.991750
665.341600
665.868150
666.775300
666.882200
666.956400
667.487250
667.495800
667.538700
668.089200
669.007400
669.099050
669.694250
669.908500
669.914300
669.919800
669.970100
670.094300
670.154200
670.179700
670.184050
670.234900
670.422500
670.786150
670.958350
671.022200
671.834250
671.925650
671.982950
672.019800
672.220900
672.373700
672.732400
672.813900
672.821200
672.838500
673.045100
673.332150
673.502100
676.295250
679.806850
681.199250
681.241850
681.515200
681.881150
681.988350
682.398750
682.412100
683.458500
683.559900
683.567300
683.994900
684.112200
684.540450
684.800300
685.592050
685.683300
685.687900
686.386350
686.433700
686.828050
687.411200
688.746700
689.242700
696.177050
696.377200
696.390750
696.405350
696.651050
696.867250
697.106950
697.335650
697.379650
697.395600
697.535750
697.551650
697.914100
697.958800
698.098450
698.126150
698.493900
698.792300
699.195550
699.351400
699.952650
700.540250
700.609100
700.639550
700.693800
700.862000
700.962600
701.387900
702.426700
702.517700
703.035650
703.047350
705.013550
705.471350
713.020550
713.786500
713.885000
714.097000
714.137900
714.417350
715.076850
715.330450
715.864050
716.828500
718.168500
718.432750
719.666000
719.677350
719.699250
722.192500
728.763700
729.666300
734.200150
735.012850
736.064650
737.368750
741.680800
744.376300
745.933550
748.234800
749.232200
749.712600
749.916000
749.992650
750.106350
750.404200
751.042700
751.278900
751.392750
751.624000
751.735850
752.345650
752.648050
752.673650
753.259650
753.471600
753.577750
753.630000
754.397550
755.011250
755.362900
755.366250
755.486250
755.973100
756.524500
757.991300
758.651500
758.677550
759.752700
759.765450
760.435100
760.458100
761.510200
761.633750
762.526950
763.666950
764.685850
767.557950
769.674400
776.496500
783.634550
784.070200
788.444900
804.499700
808.916200
813.652000
815.850900
815.941000
815.992150
816.286250
816.290650
816.335800
816.401400
816.413550
816.515400
816.841950
816.941150
817.258750
817.460700
817.523150
817.731250
817.840100
818.176550
818.333550
818.525100
818.767000
818.999250
819.112350
819.162100
819.313350
819.350050
819.410150
819.436900
819.619250
820.082000
820.092750
820.596800
820.732450
820.993600
820.996350
821.383100
821.446800
821.557150
821.565750
821.652000
821.672400
821.769900
822.380900
822.387350
822.474850
822.550700
822.562200
822.594350
822.660950
822.802200
822.823550
822.860700
822.919450
823.003550
824.061350
824.096400
824.113750
824.821550
824.952750
825.187100
825.221500
825.474200
825.484250
825.524500
825.560000
825.890800
825.923400
826.082300
826.796550
826.807300
827.321750
828.478900
828.524750
828.560150
829.239500
829.550000
830.163100
830.208900
830.506550
830.894200
831.080450
831.157200
831.714800
831.732000
831.736800
831.852850
832.537100
833.033700
833.258100
833.315900
833.463050
834.707500
836.243850
836.506750
836.561800
837.325650
837.344500
837.571900
837.611400
837.651200
838.283950
839.149900
839.811750
840.108000
840.493250
841.225800
841.672200
841.819050
842.368250
842.878900
842.899800
842.970250
843.363400
843.649000
844.373650
844.377400
844.385700
844.395950
844.503450
844.611600
845.120850
845.946450
845.951850
847.671850
847.911750
849.713050
849.764100
849.782000
850.508950
850.520350
850.553800
850.571300
851.554900
851.683950
851.698800
853.690450
854.103400
854.506950
855.064500
855.163300
855.191400
855.264800
855.792500
856.942000
858.243400
858.536400
858.694150
858.770100
859.290000
859.851700
860.222750
860.690400
860.991450
861.003550
861.473300
862.440050
862.452950
862.480700
862.678050
862.777900
864.330300
864.351300
864.437700
865.061500
865.396800
865.426550
865.990200
866.530750
866.540050
866.555700
867.129350
867.281600
867.313050
868.100900
869.257050
870.069050
870.490500
871.127000
871.651800
872.200150
872.293750
872.782600
872.805150
873.119350
873.958900
875.706900
875.741500
878.535550
878.603150
879.246300
879.655300
879.681900
880.444350
880.571700
881.572050
883.033650
883.255800
883.278950
884.399600
884.414750
884.795550
885.342550
886.901250
887.091200
887.145750
887.449950
888.014350
888.390150
889.460950
889.465750
889.641750
890.645650
890.666950
890.828250
892.010550
892.434300
896.134150
897.103950
897.421900
898.493000
898.516500
898.571800
898.919700
899.911750
899.923950
900.213700
902.409200
904.531050
904.565800
905.170200
905.272350
905.283850
905.295850
905.792800
905.803650
907.191200
907.455200
907.466200
907.615200
907.748200
908.624700
908.859250
908.941900
914.712400
914.716900
916.431400
916.758150
917.013850
917.436000
917.721900
919.017150
919.118000
919.289650
919.341950
919.742850
920.705850
923.409800
924.592600
926.634900
926.888700
926.900450
926.904200
926.926350
927.208850
927.222550
928.963050
928.986000
929.770800
929.899350
930.156700
930.274900
930.466800
930.592650
931.461650
931.471650
931.492150
937.566200
937.570400
938.328550
938.536500
938.843300
939.196800
939.318600
939.863300
939.973950
940.000650
940.423650
940.495300
941.346850
941.442200
941.452600
941.477650
941.944950
942.116450
945.244700
949.913200
950.782300
951.149550
951.997600
952.007900
952.198900
952.523200
954.056600
954.184600
954.220650
954.457250
954.608500
954.613500
955.043950
955.073150
955.123250
955.370100
955.395000
955.511050
955.573900
960.807000
962.785700
963.617000
963.718000
964.269600
964.325350
964.335350
964.592200
964.652200
964.667750
964.796450
965.504150
965.578300
965.697200
965.799550
965.876900
965.893550
966.110400
966.188950
966.195000
967.287950
967.929900
968.663900
968.667850
968.860950
969.082450
970.043400
973.934900
975.952050
975.959900
976.345950
976.526650
977.233850
977.936200
978.689050
978.730250
978.869700
978.875000
979.358250
979.426800
980.928300
980.960450
980.985450
989.701450
989.833200
989.945350
990.043000
990.161700
990.190200
990.330650
990.789900
990.798400
990.995000
991.638800
993.308850
993.858550
994.279000
1000.812750
1002.457400
1002.482550
1002.772600
1002.776950
1003.328150
1003.420750
1003.717700
1003.767850
1003.994700
1004.558000
1004.743550
1004.783100
1005.240800
1005.264200
1005.529250
1005.592050
1005.616850
1005.636750
1005.717650
1006.008600
1006.034800
1006.089150
1006.596050
1006.927200
1007.010800
1007.145350
1007.284800
1007.953400
1015.214050
1016.048100
1016.439800
1016.632350
1016.933450
1017.000400
1017.085650
1017.408000
1017.434750
1017.496900
1017.500900
1018.144850
1018.177050
1018.456300
1018.509400
1018.746700
1019.086150
1019.200900
1019.451000
1019.460450
1019.712900
1019.845200
1019.958300
1020.016900
1020.080250
1020.892950
1021.648150
1021.723600
