0.386950
0.418450
0.781900
1.150650
1.722000
2.065700
2.523700
3.519600
4.045350
4.348200
4.883600
5.107550
5.906800
6.027200
7.163550
7.214850
7.486800
8.407650
8.552550
9.943300
10.199150
10.201900
10.207250
10.210200
10.213750
10.220750
10.230450
10.234250
10.248550
10.283450
10.831600
10.948400
11.014550
12.555350
13.596850
13.943900
14.771450
15.644550
15.860550
19.087950
19.101350
22.331350
24.157950
25.282700
25.573550
26.563550
27.292650
27.324300
27.512000
28.283150
30.345300
31.247700
35.097300
35.378600
36.090150
41.023200
42.442200
44.260900
44.572800
45.620700
47.074000
47.896150
49.206550
50.206750
51.762700
52.529750
53.172500
54.837000
59.377150
59.483600
62.150600
62.215000
64.627000
64.987200
66.392700
66.808200
69.144100
69.452650
69.462500
69.745350
69.849850
70.009950
70.083200
70.270050
70.424800
80.675500
87.802100
90.732000
91.066850
93.351200
93.900450
95.187600
95.199300
98.303450
98.385600
101.639650
101.814150
103.587700
103.596450
104.124250
104.265500
107.097650
107.216150
107.577000
107.608150
107.637050
108.862550
109.092950
109.117200
112.838700
115.091600
115.124200
117.589500
117.828300
117.833700
117.851750
120.263150
121.579650
122.510200
125.011800
125.094950
125.872000
125.929750
127.464400
129.150450
129.966100
130.349200
130.362150
130.368900
130.938550
131.419600
131.429350
131.443000
132.202300
138.476350
139.329800
139.736200
139.775600
140.190200
140.475200
142.546300
143.920550
144.370350
144.423150
146.087700
146.673800
148.058600
148.070400
148.105450
149.070250
149.286300
150.254400
150.302600
150.449200
152.226700
153.700050
153.791700
153.893500
156.778700
160.056800
160.135800
162.705150
164.998500
165.014400
166.969650
167.036400
167.317250
167.350500
167.753100
168.665850
168.698550
171.847000
172.053300
172.260250
174.354300
174.624250
176.716150
177.453600
179.929250
181.813950
183.232700
183.342100
185.255350
185.950750
185.980700
186.225300
187.422950
187.933750
188.499300
188.512150
188.520300
188.541950
188.554300
188.604700
188.609750
188.639350
188.738050
189.460400
189.466100
189.501000
190.027250
192.050450
192.691700
193.064500
193.260200
194.089300
194.880500
195.458000
196.364600
196.390850
198.139000
198.175950
198.381000
198.826500
200.351100
201.053300
201.058500
201.796650
202.084900
203.080900
203.113600
203.489850
204.213550
205.936900
206.030300
207.816900
207.822900
207.853100
207.906350
209.041750
209.044300
211.779500
212.048000
213.742650
215.047700
215.241200
215.259300
215.279800
216.918300
218.954050
219.147650
219.387250
219.605450
219.655500
219.665800
221.250900
224.244800
224.890000
225.010900
227.612600
227.802000
228.442400
228.685600
229.248100
229.522300
229.622650
230.584150
232.657100
233.391650
233.696750
234.172300
234.231850
234.250200
237.471900
237.955700
239.449700
241.336200
242.136250
242.166100
242.671750
243.455350
244.900650
245.760450
251.084300
251.344300
251.387950
252.048800
254.173750
255.375800
255.508450
256.059050
256.091500
258.262750
260.664550
261.181350
261.656000
262.667100
264.050700
264.066550
265.162350
268.336200
268.540850
269.844400
270.236550
270.622550
270.725500
270.727850
270.740950
271.021900
271.313100
271.543750
272.297950
272.328500
272.383200
273.000600
273.007550
273.141750
273.152550
273.348000
273.352250
273.656250
273.888250
273.905500
274.303750
275.324900
275.354150
277.259100
277.298850
277.314500
277.577450
277.693000
277.854000
277.902150
278.068400
278.129700
279.705900
279.970050
280.016250
280.071650
282.389300
282.652600
283.565500
283.817200
284.658450
284.730650
284.767500
285.093600
285.148500
285.381050
285.433100
285.480800
286.912850
286.955250
286.968550
287.721850
288.360250
288.696300
289.534750
290.763800
291.701850
292.573250
292.678000
292.841100
293.377250
293.997850
295.410200
295.889050
295.891150
295.901400
296.892950
297.286150
298.159200
301.435600
301.499100
302.793000
304.338950
304.534200
305.907050
306.010450
306.023950
306.175300
306.821750
308.089500
308.391150
308.394600
308.420950
308.620150
309.626450
310.778700
311.393550
312.465100
312.796500
313.272900
313.863100
313.946000
313.981700
314.644450
314.668800
315.455400
315.464200
315.522400
315.851400
316.731950
316.758300
317.320350
319.862550
320.720150
323.165200
323.744100
324.184200
324.409550
326.287400
326.927150
327.043850
328.407600
328.546100
328.565000
328.574000
329.613050
330.519600
330.638450
330.919450
330.932000
332.486550
332.661450
332.667700
337.249950
337.305500
337.310850
338.893800
341.769150
342.682250
344.221950
344.563800
344.577900
347.514050
347.972950
348.073400
349.006000
349.394450
349.804850
349.926400
349.939850
350.191150
350.994200
350.997150
351.068150
351.081700
351.084850
351.087150
352.790200
352.810150
352.928650
352.934400
354.317800
354.638950
357.417200
357.424800
357.432450
359.216450
359.946150
359.965200
359.967400
359.970200
360.078600
360.414500
362.264750
362.407400
362.786750
364.515200
364.719800
364.991500
365.096950
365.909900
366.411950
366.415200
366.853450
367.076450
367.235750
367.393500
368.546050
369.576150
369.640100
369.650250
369.713550
370.777550
372.558200
373.169950
375.913300
375.921150
375.937950
377.213000
377.277550
378.919850
379.991600
381.933800
384.263950
384.289250
384.296400
384.300550
386.038550
386.099000
387.291600
387.623200
388.104250
389.243100
390.096300
390.639000
391.517700
394.094250
396.777850
398.997750
399.134450
399.480600
401.077900
401.643000
402.286000
402.534000
402.582100
403.349150
404.125600
404.733200
404.839500
404.943150
404.956100
406.150050
406.729950
406.759400
406.766500
408.352150
409.130950
409.832100
411.304950
411.316000
411.534800
412.103900
412.182050
412.191950
413.661250
414.352100
416.771650
418.340700
419.481900
419.509700
420.586600
420.589050
422.185250
423.608100
423.682550
424.149000
424.239850
425.314650
425.544650
426.668250
427.935100
428.783400
432.773200
432.829900
436.984050
437.127700
440.180900
440.353400
440.362650
440.804350
441.019800
441.739000
441.764450
447.304200
448.436000
448.484900
449.838750
453.225050
454.129500
454.725600
454.862150
454.871200
456.235100
456.253100
458.142750
458.274900
458.608200
462.311750
462.391000
462.402000
462.435300
463.434800
463.691850
466.173800
466.753150
467.034600
467.416100
467.908550
468.138250
468.180450
469.315150
469.521550
471.744850
474.092700
474.130450
475.925500
476.129950
476.336300
477.703100
478.086050
478.155350
479.143200
479.959000
479.972950
481.021650
481.056350
481.060700
481.383450
482.619550
483.613250
485.683100
486.697600
486.737050
487.017050
488.416150
488.449400
491.121100
491.383000
491.778450
492.500850
494.422650
495.578650
495.852050
495.990050
496.339200
497.998900
498.030800
498.252550
498.935600
498.940550
500.253500
500.263850
501.480150
502.007550
503.103000
503.121000
503.937250
504.837450
504.916750
505.304400
505.870300
506.341750
506.508900
506.521750
507.708300
507.835200
508.063450
508.067900
508.456650
509.177000
509.181150
509.221900
509.532050
510.463400
510.582300
510.856150
511.544300
511.688050
514.245400
514.362500
516.930150
517.422950
517.425200
517.432600
517.700450
518.115600
518.342400
519.276000
520.576400
520.613500
522.088250
522.561400
522.576900
522.861450
523.462850
525.010450
525.013200
525.023600
525.041800
525.060900
525.111550
526.090350
526.097250
526.229900
527.816200
528.130600
528.172800
528.210000
528.897650
530.414050
530.559300
530.676300
531.932300
533.046150
533.421050
534.809900
535.375100
536.502850
537.411550
537.447750
539.777700
539.835750
540.130800
540.183800
540.863200
541.463800
542.036600
542.617350
543.197850
543.475350
543.590150
543.641200
544.063600
544.380500
544.388550
544.390800
544.417450
544.510450
546.554350
546.856700
547.403800
547.443750
549.856400
549.962300
552.839000
553.619000
555.006950
555.050100
555.436100
555.948600
556.824400
556.827100
557.687500
558.782950
559.283650
559.534150
559.861850
562.441300
563.706500
563.719500
564.569150
565.269500
567.063150
567.084150
568.224350
570.023550
570.029700
571.228250
571.628050
571.924750
573.040700
573.435800
574.148300
574.625150
575.705650
578.685850
579.647450
580.658700
583.363300
583.369050
583.705150
589.524350
611.121450
611.261100
611.441250
612.531300
612.779100
612.916400
613.451050
613.743950
614.843750
615.596500
615.671250
615.719600
615.773900
616.338850
617.024950
617.285150
617.873000
622.704950
622.912800
623.246050
623.758650
625.783900
626.568800
626.570900
627.226400
627.633500
627.689150
628.033600
628.517850
629.085400
632.293000
634.033500
634.563150
634.761600
635.657600
635.996250
636.945100
637.723500
638.404050
639.308300
639.543950
639.555500
639.938300
640.135600
640.223650
640.483850
640.496350
640.796200
641.063150
641.148800
641.179650
641.560100
642.143000
642.709450
643.136600
643.407550
643.793300
644.202100
644.459900
644.515000
646.096350
646.255550
647.631250
649.618700
652.318800
652.409650
652.777950
653.473600
654.110950
654.177350
654.223150
654.228950
654.243550
654.625500
654.928700
655.348650
656.976400
657.592950
657.822950
657.988150
658.062000
658.234600
658.578200
658.965100
659.102350
659.868000
661.462650
663.748750
664.036900
664.433250
665.145150
666.502350
666.658150
666.979150
667.263350
667.914900
669.119700
669.180100
669.328450
669.334550
669.698550
670.146500
670.718650
670.959450
671.022650
671.379150
671.581500
671.760150
672.577650
672.738200
672.871100
673.066550
673.366000
674.639350
674.919500
676.811350
679.421100
680.740400
681.016650
681.135700
681.208350
681.272600
681.306450
681.848550
681.893100
683.472350
683.482150
683.567600
683.732550
684.039200
684.541000
684.546950
684.879100
685.287500
685.592600
686.307150
686.432850
686.452300
686.472650
686.476050
686.926900
687.575300
691.772200
691.782500
696.766350
696.971000
697.050900
697.071500
697.107400
697.253650
697.294700
697.950200
697.959300
697.972800
698.317250
699.293350
699.687750
699.698300
699.719600
699.953000
700.325350
700.536950
702.229150
702.254650
702.606350
702.854700
703.007000
703.129600
703.136300
703.149900
704.243350
705.210700
708.403950
708.881350
709.424100
709.898050
710.673050
713.133150
713.419600
713.786850
713.885400
713.893500
714.307600
714.720900
715.096800
715.784450
715.864450
716.251000
716.269000
716.648900
717.385400
718.058650
718.092300
718.662600
718.749450
719.461250
719.804150
720.111750
721.998400
723.655500
724.734600
730.737150
731.813850
732.494250
734.200550
736.066200
740.922250
741.045850
741.711400
745.933900
747.529500
749.341350
749.412850
749.446050
750.732450
750.799600
751.100850
751.192850
751.651500
751.840800
752.104750
752.601450
752.603800
752.746800
753.200200
753.378150
753.971400
754.328900
754.414750
754.479050
754.561100
754.619250
754.682700
754.690050
755.278800
757.027950
757.130650
757.156150
757.460650
757.891900
759.167250
759.479350
759.634750
760.897600
760.958550
761.526250
762.083050
762.104300
762.348550
763.446300
763.519100
764.686200
765.165500
767.468350
767.516200
774.209850
776.496900
776.809100
779.661700
780.349700
786.676200
787.926150
789.405800
790.466050
790.612850
793.267900
799.736400
801.792550
802.484850
802.499200
803.626500
805.317500
806.111450
808.635150
810.868950
812.013650
814.450550
814.477000
814.494250
815.923500
815.935800
816.249500
816.674400
816.941550
817.461650
817.544100
817.819200
817.822600
819.127450
819.154800
819.333700
820.012550
820.027450
820.847900
820.898750
821.326100
821.416050
821.704300
822.475250
822.562550
822.594800
822.865400
823.116750
823.257700
823.410800
823.678350
824.019000
824.044800
824.221050
824.572850
825.047100
825.474500
826.082750
826.243300
826.796950
826.810950
827.550850
827.951250
828.171750
828.610850
829.062550
829.239950
832.385350
833.944450
834.108800
834.164300
834.254050
835.098200
838.092100
838.686750
838.694750
839.275800
839.557250
840.747100
841.688850
841.988850
842.626800
843.547050
843.694650
846.732750
847.676250
847.766150
848.659750
848.899150
850.801650
852.223450
852.310450
853.159200
853.226150
854.142750
856.942400
857.433500
860.087950
861.231600
862.020150
862.375100
862.691050
866.207100
866.788200
867.316300
868.216550
869.002800
869.275100
869.840700
870.028300
870.984700
870.989050
873.505850
873.826300
873.863450
874.035550
874.317700
874.428800
874.575000
874.696200
874.859250
876.917200
877.130400
879.259050
879.537500
880.444750
881.146050
883.435000
885.363800
886.592850
888.051300
888.471900
888.824000
890.194850
890.523150
893.650850
894.483150
895.663800
896.567350
897.681300
897.683700
897.770200
897.861900
899.191650
899.574500
899.845800
900.840950
902.527200
903.529600
905.182700
905.855500
907.287700
907.298950
907.758900
907.938250
908.220350
908.434750
909.279450
911.846450
915.293800
916.663050
916.749050
916.758500
917.018200
917.543650
918.713850
921.536000
925.537300
927.209250
929.755400
929.885300
930.187250
930.352700
931.102950
932.144450
934.202100
938.854650
938.898750
939.099700
939.163900
939.197750
939.207200
939.229850
940.469450
940.482400
940.536300
941.918200
943.040550
944.377050
949.712350
950.036900
952.706450
953.113350
953.470400
954.398600
954.857450
955.209450
955.248350
955.853300
956.060700
965.259450
965.329800
965.721300
966.052550
966.557050
967.178500
967.212750
968.187200
968.250000
968.456900
968.664750
969.835800
973.950500
978.134250
978.472300
978.769300
979.051700
979.075950
979.252500
979.532950
979.772800
981.038700
981.878600
984.728400
989.970750
990.422100
992.424300
993.691600
993.934100
993.943450
993.952050
994.085950
994.194250
995.535600
995.806150
1003.821550
1005.573650
1005.581250
1005.655350
1005.798650
1006.107700
1006.399650
1010.528400
1011.484050
1016.625100
1017.114700
1017.786550
1017.984650
1018.466300
1018.846500
1018.852650
1018.885650
1019.179000
1019.212700
1019.573350
1020.866300
1020.968750
1021.142700
1021.278500
1021.736450
1021.956200
1022.917450
1023.373350
1023.785000
