14.837200
47.566300
96.103250
102.969300
103.135400
111.910100
112.040950
114.446600
119.399950
124.827500
124.844450
124.871050
131.264150
133.268000
141.567200
141.571800
143.662650
145.155600
148.387600
172.443800
172.463900
178.272950
179.214200
179.227800
207.502000
208.790650
211.412150
214.367800
214.409400
217.799350
218.751150
223.325450
225.998450
236.236950
240.666850
243.481850
244.241050
245.428750
249.881950
250.301000
256.750650
256.771650
257.440450
258.520200
258.723550
258.969600
261.307700
264.355600
265.777150
265.926550
274.651000
278.111100
280.892750
280.897150
281.824400
282.303450
286.940000
286.952050
288.221350
292.072550
292.077200
292.674700
302.814400
309.604750
312.040300
312.874700
317.195200
317.443900
319.253550
320.798050
320.813250
321.689650
323.108550
334.716800
335.217800
339.688300
340.526450
346.033100
347.811450
347.848300
349.722600
352.185200
352.198750
356.995950
359.069050
361.338800
361.352700
366.030400
366.255900
369.307950
370.005550
373.163300
374.637900
374.646200
377.723500
380.778000
380.816700
389.080600
389.099050
389.116200
389.689050
389.697750
400.796200
404.542700
404.551400
406.013800
406.105250
408.598900
408.888600
419.826800
419.842050
422.761350
422.765350
425.361350
428.612600
430.476400
430.487800
436.389950
445.948350
454.270050
478.768050
483.854350
494.804300
560.792400
586.925400
625.380850
625.387650
627.213250
627.220750
642.573900
670.061350
670.078850
670.658050
684.527550
718.245300
718.263650
718.269750
756.170050
759.072850
760.099550
823.877900
823.931750
830.115600
836.414350
845.658350
848.199950
865.793100
865.826100
877.889600
897.128550
900.781200
919.776800
943.359800
952.429100
961.604450
969.497800
974.858000
978.259100
980.827500
981.566550
981.575850
989.303350
989.307800
1002.952800
1002.956800
1004.969050
