0.199100
0.203650
6.047500
10.167100
10.215050
10.227900
10.440950
25.126700
27.759350
32.328550
32.335150
32.374350
32.380700
38.611000
38.614100
38.629500
47.061050
58.205700
64.086650
67.059300
68.377950
92.988800
92.991700
92.995700
93.022450
93.572500
95.622300
96.655900
96.985950
96.992400
100.175000
105.288950
105.292700
105.298000
105.312550
105.315400
107.929050
107.941450
107.955200
108.015800
108.052700
111.023550
111.029250
111.035550
116.588100
120.895650
121.851350
124.267100
124.452000
127.789200
127.807000
129.726050
132.914250
133.954600
136.135600
136.143600
136.151300
136.570100
136.922750
137.119950
137.126850
144.530400
144.539700
149.711300
153.256150
153.277450
156.420950
161.232850
161.496100
162.135200
162.142800
162.778700
163.145500
163.148900
163.151450
163.163750
165.115900
165.178500
165.182250
165.929000
167.459400
169.049950
171.319900
171.685250
172.438100
173.831350
173.921750
178.492650
178.499100
178.657250
179.037050
179.053350
184.580550
187.175850
187.252100
188.242150
195.298650
195.732100
195.751000
195.763850
195.772600
196.981700
197.006150
197.509150
199.766800
199.834300
200.251400
200.628100
201.114500
202.926700
205.313100
205.361700
207.827800
207.837200
207.849800
207.974300
209.356050
209.780300
212.299900
213.984200
214.056400
214.070950
214.078900
215.475500
215.987750
219.266350
222.158200
222.973500
224.571350
224.626900
227.603900
227.611950
231.870050
232.957700
236.642950
238.397850
238.404250
240.227900
241.635150
243.198800
244.156200
244.162650
245.223350
245.229150
245.710250
246.968500
246.976650
247.556900
247.565400
248.008850
248.017600
248.046550
250.777800
250.783150
250.794150
253.196650
253.784050
253.811200
254.786250
254.790150
256.057600
260.177900
260.400200
260.901450
260.904150
260.907750
260.929800
260.939400
265.151750
265.154550
265.162850
265.173550
265.186200
266.415200
269.013050
271.732450
271.816250
271.915500
273.090350
273.369000
273.376100
274.225500
274.357450
274.369400
274.379100
274.388150
274.435000
276.501400
278.730550
278.952200
279.088150
280.170700
280.176250
281.062950
281.070550
281.093250
281.312250
281.315100
282.089700
283.102500
283.123350
284.063000
285.563500
285.572250
286.706250
287.049850
288.273900
288.286950
291.437400
293.407350
296.157250
296.169000
297.590300
297.600350
298.812750
300.910550
300.924800
301.260000
304.369450
304.881400
304.887050
304.900650
305.545150
305.554900
306.642500
307.955450
307.961950
307.966600
307.971350
307.976600
307.988450
307.997400
308.007900
308.865650
309.629200
309.697500
310.141100
310.154400
311.224000
311.234000
312.189500
312.195600
312.209250
313.703900
316.355700
318.528150
318.552200
320.297900
320.304850
320.554550
321.348350
324.593850
324.602100
324.665150
324.673200
325.246200
326.059400
326.073800
327.417550
328.083550
328.088800
328.416400
329.022800
331.140500
331.146800
334.868750
337.793000
337.798100
337.830000
338.714950
338.946450
340.979200
340.983800
343.122050
343.131450
343.137750
343.143100
343.149300
343.168900
345.111550
345.119000
346.058850
346.065400
346.623550
348.071050
348.413000
350.246650
352.204850
352.210200
352.217200
353.659600
354.399750
355.695400
357.790200
357.814200
358.637750
358.643150
360.296900
360.300450
360.305650
360.335850
360.349000
360.789500
361.533850
362.484600
365.921050
366.971400
367.540150
368.326300
368.523000
368.528100
368.903350
369.932800
369.936350
369.942050
369.951600
371.300300
372.252400
374.304200
374.320550
374.330050
374.613950
374.620900
374.736450
374.754050
374.761600
374.998000
375.000800
375.004550
375.072600
375.077400
376.012200
376.032100
376.035350
376.062100
376.099550
376.108300
376.117200
376.878600
380.307100
382.456850
383.618950
383.798200
384.791000
384.795850
384.924400
384.927150
384.930800
384.935300
384.940850
384.944400
384.965000
384.982050
385.524850
386.013800
388.193400
388.731600
388.737900
388.926650
389.239500
389.246550
391.380000
391.454150
391.601550
392.317150
392.351900
395.222350
399.940300
400.791850
401.218250
401.224300
403.969400
408.726350
409.242750
411.595650
412.818350
413.659850
414.519650
414.899000
423.163900
424.206250
424.531350
426.005450
427.426750
430.048250
431.098650
437.022700
438.447800
445.704600
450.523950
450.528450
450.541800
453.132550
453.148200
454.866850
458.698100
459.774100
461.781600
461.787850
461.799050
461.817850
461.852600
462.020750
462.509150
462.514850
463.582500
463.593950
464.407300
464.413650
466.131400
468.328350
468.335450
470.948100
470.955800
471.288800
472.049100
472.063100
472.167100
474.259850
476.751700
476.963850
476.969700
479.346650
479.357400
480.049900
481.323450
482.507800
487.508700
487.516750
487.556800
489.180400
489.185850
489.755550
493.492700
494.398650
494.404750
494.628100
495.653150
495.656050
495.659750
498.457150
498.465450
498.473150
499.345950
500.786550
501.520750
501.545000
504.388150
504.392950
505.942450
505.948400
506.375700
507.968700
508.003850
508.292350
508.321900
511.600500
512.030700
512.821650
512.851050
513.201600
515.793450
516.005500
517.848900
517.856500
518.356800
520.036100
523.060450
524.756100
524.786000
525.739000
527.637900
527.643450
528.430550
530.585250
531.072050
532.447450
532.456250
533.149400
533.159400
537.198050
538.513200
538.541350
538.547750
538.559750
538.567750
538.573500
538.625950
539.248500
539.262100
539.670850
541.429350
542.160900
542.865000
543.671550
544.086150
545.136200
545.400200
545.412800
545.953800
545.966550
546.932750
549.106750
552.558800
552.564100
552.584300
553.617800
555.038500
555.091600
556.001800
556.020400
556.592900
557.615500
558.160400
558.188450
558.195700
559.267250
559.911550
564.088000
564.505100
565.156650
565.162000
565.181300
565.442500
565.449100
565.454000
565.557550
567.696100
567.703100
568.168500
571.388950
574.376300
575.011150
577.215850
577.311900
578.198600
578.201500
578.205650
578.211450
581.670350
581.690750
586.890750
590.226050
609.456600
614.431700
614.438500
614.444050
614.451100
616.242700
616.248300
616.258150
616.261350
616.300950
616.625100
618.902800
620.659600
623.452050
625.688750
625.776450
629.996200
634.592300
634.748450
636.130600
636.136400
636.978400
637.329350
637.401700
640.178050
640.185800
640.205000
640.316100
640.495650
640.503200
640.711200
642.763550
643.932550
643.940450
644.132800
645.711750
649.292250
651.568150
651.582700
652.946000
652.953050
653.618000
653.665250
655.154300
655.163950
655.833350
656.735550
658.160850
658.166900
658.794550
661.086800
661.705800
663.578000
663.585150
663.604600
665.831800
666.149150
668.902600
669.374300
669.442550
669.714700
669.746500
669.762750
670.165350
670.177350
671.580150
671.592450
672.791150
678.466700
678.469400
678.477750
679.129700
681.078500
681.513500
681.886650
682.481750
682.516850
684.728050
685.694950
685.707700
689.267700
689.981350
689.991000
690.019400
694.313300
696.483600
696.653600
697.032100
697.274850
697.280050
698.214300
699.041300
699.047400
699.060000
699.080050
699.092450
699.101200
699.115950
700.655750
700.694500
700.698300
700.703150
700.717250
701.653600
707.876350
710.336800
710.728450
714.083600
714.555450
714.584450
716.334400
716.340450
716.568950
716.593450
717.555700
717.566800
723.939750
723.947150
724.051500
728.534450
729.899600
729.914650
730.643950
731.939400
738.695150
738.702700
738.806050
741.525400
741.534750
742.474500
742.804650
742.882800
743.891000
743.897000
744.304450
746.152350
746.167650
748.975950
750.485900
750.499050
751.584600
752.342050
752.347500
752.779750
752.994300
753.007800
753.973750
755.175000
758.143750
758.148900
758.156300
760.042550
760.045400
760.054300
762.260900
764.597400
764.602250
764.756700
766.704050
770.990600
770.998850
777.653950
780.096950
782.953850
782.959300
783.116750
783.125900
786.947600
791.697750
791.704450
791.709950
793.184200
794.426100
794.434700
795.032050
795.039050
795.047550
798.076800
802.566650
802.618700
802.758150
804.197500
806.866500
809.078900
810.568250
811.197200
811.205100
814.323550
817.225950
818.566100
819.611600
819.824350
819.830600
821.812250
821.832250
822.198800
822.204450
822.676850
822.824750
823.981800
823.991950
825.128750
825.134450
826.719900
826.725350
829.741600
829.748100
830.815200
831.732900
831.738500
832.317550
833.732600
833.740450
833.879900
835.605100
835.609950
835.622500
837.599850
837.606600
840.368850
840.373650
842.046700
842.466700
843.605700
846.215550
846.223000
847.293650
847.312200
847.368000
849.065700
849.071600
849.094400
849.101800
849.563200
850.284850
850.989950
851.151300
851.162500
851.178100
852.572950
852.581550
853.203100
853.915750
855.972000
855.977050
855.985950
856.467700
856.497700
856.683700
856.691950
856.870000
858.037650
862.084500
862.959450
863.620100
863.626200
863.738800
864.185500
865.974500
865.979350
868.292050
868.297400
870.940900
870.960500
872.491900
873.300750
876.434450
876.440750
876.460400
878.239700
878.245650
878.566700
878.587350
878.593850
878.980150
879.536000
879.550300
880.227800
880.274650
882.863450
883.261500
883.268400
884.405900
885.527700
886.265800
886.950150
886.983550
888.991800
889.004300
890.678600
891.068700
891.075000
891.094300
891.340050
891.439000
895.716150
897.382750
900.360250
902.005500
903.541000
903.645950
903.871850
903.877350
905.119700
905.365100
906.615150
908.400150
908.800700
908.806100
909.243600
909.250050
909.255150
909.303600
909.784750
912.402450
912.407050
916.223200
918.796400
919.561450
919.752300
920.285000
920.301850
920.318100
921.054150
925.086350
925.099450
927.309400
927.314700
927.794800
929.478000
930.222150
935.263200
935.269750
935.274400
935.310550
936.302200
937.202300
940.977100
941.453850
942.554900
942.557700
942.576350
949.309350
949.315900
949.321450
949.354850
950.143200
950.531300
951.502600
951.770500
952.184650
952.276850
952.424250
952.668850
952.702250
952.709000
953.234100
953.240900
953.346600
954.371100
954.747150
956.464750
956.471600
956.483350
961.920950
964.642700
964.913850
964.918450
965.265500
967.583150
967.591250
967.615550
967.826150
975.534800
975.539800
976.274700
976.848200
976.858350
979.401600
979.421500
979.737500
979.742600
979.773300
979.824450
982.335250
982.429050
982.441100
987.245350
987.260500
987.922750
987.957000
988.770300
988.773200
988.777150
988.781900
988.796250
990.241950
990.247500
990.983550
990.989950
992.122300
992.143050
993.304200
993.576450
993.884450
994.595450
994.600650
994.611350
995.087000
995.092950
995.115200
995.393350
997.701050
1002.175200
1002.452150
1002.512800
1003.296400
1004.135550
1005.001550
1005.007200
1005.010450
1005.021800
1005.143500
1005.451900
1007.374650
1007.380300
1010.248550
1013.261150
1017.168650
1018.238100
1018.244050
1019.431850
1019.875750
1020.037350
1022.180500
1023.134950
1023.774600
1026.050500
1026.074300
1028.797100
1028.803100
1028.832200
