53.892650
71.704650
72.143400
72.283150
72.363300
72.602900
75.220250
75.679600
76.200000
76.588600
79.336950
79.456000
80.116350
80.216000
80.603800
80.615350
80.956050
82.195550
82.214950
83.095200
83.435100
84.796350
85.336100
86.116850
86.197500
86.237150
86.297100
86.537600
584.652100
584.772450
584.831750
585.191900
585.431550
585.491750
586.091300
590.029250
590.189250
590.248800
590.689300
590.709000
591.528850
592.188700
593.173100
593.228650
599.009500
601.829400
603.428850
603.508800
603.948900
604.388100
604.408650
604.428550
604.448750
605.507650
605.647700
605.707400
605.746650
605.766950
605.787350
606.006800
606.027000
606.066750
606.087100
606.107200
606.166850
606.386100
606.426350
606.446450
606.466650
606.486550
606.506400
606.526450
606.566200
606.606300
606.731400
606.866000
606.946250
606.966150
606.985750
607.065950
607.086000
607.106100
607.125300
607.325650
607.505350
607.525300
607.605200
607.645200
607.984250
608.024800
608.044450
608.144800
608.184400
608.344550
608.364650
608.384300
608.444250
608.484150
609.103750
609.288850
609.303600
609.323700
609.423050
609.463650
609.503200
609.687500
610.022450
610.042300
610.062300
610.082650
611.701050
612.205100
