0.075200
0.194850
0.337550
0.494150
0.584200
0.757250
0.772350
0.839950
0.995850
1.323000
1.518500
1.690300
1.756400
1.969850
2.027150
2.205700
2.217300
2.320850
2.328450
2.594000
2.683700
2.693300
2.805950
2.981250
3.227250
3.372100
3.615400
3.620950
3.705950
3.908050
3.993000
4.044550
4.056800
4.116100
4.218200
4.519150
4.527900
4.677250
4.821650
4.974700
5.208650
5.711700
6.092400
6.245500
6.633800
6.908500
7.012750
7.183100
7.401950
7.527850
7.661150
7.701100
7.842750
8.297500
8.460400
8.816750
8.939550
8.961900
9.037150
9.143100
9.467450
9.631150
10.047600
10.168300
10.187400
10.208900
12.612850
12.616350
12.641650
13.747950
13.865100
13.910100
14.360850
14.765400
15.117450
15.265100
15.307000
15.764550
16.525200
16.566250
16.712100
16.919250
17.013450
17.030550
17.138250
17.289750
17.437650
17.560550
17.654450
17.903050
17.943100
18.213950
18.286050
18.516000
18.702550
19.367950
20.027800
20.064750
20.178700
20.287900
20.453500
20.636950
20.866400
20.979650
21.049250
21.071550
21.160000
21.625950
21.744950
21.834900
21.953800
21.966500
22.046100
22.132400
22.214750
22.568900
22.679350
22.778800
23.168400
23.367400
23.407900
23.555250
23.773850
23.982100
24.047700
24.173450
24.850950
24.929300
24.938100
25.074550
25.203150
25.590350
25.651900
25.822700
26.302900
26.366900
26.582400
26.668850
26.881100
26.909700
27.308100
27.394200
27.578750
27.591800
27.596000
27.607300
27.873950
28.064550
28.151550
28.244600
28.364950
28.651000
28.677950
28.768800
28.927400
28.930050
28.941900
28.951400
28.967000
29.110100
29.416850
29.506600
29.792050
29.995600
30.077350
30.183050
30.290550
30.351550
30.683200
30.826400
30.947800
31.060500
31.207450
31.221400
31.312550
31.330700
31.523950
31.723800
31.804550
32.255900
32.452150
32.514300
32.844000
32.952950
32.958550
33.019300
33.187750
33.256250
33.399700
33.601150
33.691450
33.830800
33.973700
33.997200
34.125200
34.137400
34.457450
34.462100
34.519850
34.776650
34.913850
35.119350
35.462000
35.663350
35.691050
35.708700
35.782650
35.816100
36.029850
36.223100
36.293600
36.428450
36.849300
36.960700
37.151600
37.263550
37.268800
37.407700
37.601150
37.859150
37.928100
38.223100
38.367150
38.372750
38.469300
38.690850
38.756250
38.874900
39.131800
39.186300
39.274450
39.349550
39.688150
39.769200
40.159650
40.275650
40.464150
40.584250
40.615900
40.701350
40.945050
40.950150
41.067850
41.413500
41.458450
41.668300
41.971700
42.141350
42.188600
42.405750
42.414750
42.426150
42.667700
42.693150
42.886850
43.013700
43.189750
43.350150
43.921000
43.940750
44.007100
44.042500
44.147050
44.224800
44.537450
44.656900
44.829900
44.848600
45.146050
45.154850
45.416450
45.587150
45.596850
45.613150
45.763150
45.876450
46.064350
46.080050
46.433050
46.532900
46.787100
46.812750
46.981850
47.074400
47.205650
47.464950
47.524300
48.011850
48.059750
48.067150
48.256000
48.305900
48.500300
48.506250
48.611000
48.855750
49.027900
49.405050
49.524200
49.847900
49.988700
50.506050
50.587900
50.627200
50.914400
51.070150
51.273300
51.619900
51.746450
51.928700
52.023200
52.106950
52.536650
52.656650
52.796500
52.799200
52.818800
52.914200
53.033600
53.402950
53.408750
53.419700
53.579450
53.841350
54.056550
54.363250
54.370300
54.389150
54.396150
54.457850
54.465400
54.535800
54.768600
55.088800
55.104950
55.116650
55.264100
55.305650
55.745250
56.038500
56.092550
56.237850
56.431050
56.445650
56.759050
56.828000
56.886450
57.080850
57.248700
57.257650
57.318200
57.489900
57.587850
57.598850
57.670000
57.782800
57.789900
57.963650
58.073950
58.084700
58.099100
58.243750
58.257500
58.310100
58.536650
58.735050
58.779650
58.888700
59.087300
59.268250
59.554350
59.704950
59.770700
60.001600
60.019900
60.250900
60.269500
60.371400
60.651100
60.781250
60.900100
60.972000
60.982650
61.296600
61.311550
61.488900
61.762850
61.771000
61.847250
62.072700
62.097300
62.330350
62.343550
62.348200
62.630650
62.813150
63.182150
63.310300
63.566450
63.813500
63.987650
63.991950
63.999350
64.001950
64.009000
64.076200
64.121350
64.345300
64.484550
64.489750
64.513700
64.762150
64.865700
65.046700
65.138250
65.287450
65.423850
65.526050
65.533650
65.541500
65.841100
65.945950
66.307000
66.317950
66.333600
66.390800
66.659050
66.750800
66.884050
66.986100
67.282700
67.304350
67.595100
67.678900
67.702750
67.911700
67.918200
67.923950
68.197700
68.258150
68.423950
68.818850
68.825450
68.981850
68.989000
69.243450
69.369700
69.473150
69.675950
69.968900
69.988850
70.081500
70.137850
71.067100
72.323000
74.795800
77.292700
81.254850
81.937950
82.615750
85.526350
87.365150
87.451150
87.516150
87.592200
87.668000
87.855200
88.020950
88.188250
88.329600
88.334000
88.339550
88.352000
88.493000
88.499250
88.649450
88.679900
88.713750
88.727200
88.919800
88.993000
89.035400
89.079700
89.088350
89.099700
89.138400
89.249850
89.335500
89.432050
89.582150
90.047850
90.078200
90.083950
90.140800
90.150900
90.265450
90.339600
90.547600
90.704400
90.867800
90.898750
91.227050
91.238750
91.393650
91.405150
91.755250
91.760900
92.103850
92.117350
92.145850
92.196700
92.452050
92.471800
92.657150
92.713050
92.732550
92.839600
93.035550
93.258550
93.680650
94.058300
94.251300
94.300000
94.754100
94.782600
94.826050
95.063450
95.323500
95.534650
95.546850
95.603750
95.661850
95.962500
96.125700
96.159500
96.255250
96.301600
96.304300
96.312900
96.317650
96.328700
96.335100
96.338600
96.553250
96.579850
96.747300
96.808200
96.852650
97.191800
97.208050
97.262150
97.692950
97.725550
97.755400
97.834300
97.947400
98.292750
98.444450
98.513050
98.529000
98.627150
98.636800
98.787400
98.967850
99.128500
99.146300
99.149500
99.170600
99.251450
99.292800
99.364400
99.473300
99.743400
99.924450
99.955050
100.016100
100.122100
100.207400
100.416100
100.455500
100.466650
100.648750
100.653050
100.659050
100.663550
100.668450
100.691450
100.817050
100.828450
100.956450
100.992450
101.037700
101.284050
101.398700
101.428300
101.619250
101.700850
101.707700
101.743550
101.868300
102.108200
102.260150
102.369700
102.539250
102.615000
102.693100
102.724600
102.887150
102.902750
103.077950
103.124950
103.279600
103.283000
103.374850
103.381950
103.470600
103.536800
103.550700
103.939150
103.948900
104.138700
104.171600
104.270800
104.292250
104.339650
104.560850
104.567800
104.666850
104.943800
104.974600
105.068200
105.072650
105.075400
105.079000
105.084350
105.196100
105.586950
105.592850
105.811550
105.832000
105.942900
106.222200
106.227700
106.509950
106.561600
106.710500
107.054250
107.206450
107.224000
107.311100
107.517250
107.521150
107.533050
107.537000
107.931550
108.102300
108.109300
108.132000
108.163350
108.200300
108.302150
108.408100
108.748650
108.755600
108.821550
108.882300
108.986650
109.059550
109.152600
109.188800
109.325700
109.335050
109.609300
109.798100
109.881100
109.886600
110.091650
110.153350
110.356000
110.363650
110.518300
110.603600
110.725800
110.793050
110.822950
110.921300
111.076100
111.195200
111.202500
111.335450
111.436800
111.618950
111.696050
111.832550
111.842000
111.844600
111.852450
112.018850
112.026000
112.151900
112.172700
112.406200
112.586350
112.687600
112.747300
112.875550
113.087700
113.145650
113.179550
113.412950
113.556250
113.572450
113.601250
113.668350
113.678650
113.750900
114.009100
114.117100
114.132100
114.231200
114.234150
114.365500
114.549850
114.730200
114.796750
114.860300
115.002750
115.083900
115.248950
115.305350
115.309400
115.314750
115.324350
115.342150
115.346700
115.457850
115.547450
115.606850
115.614700
115.697650
115.750450
115.858550
115.893650
115.936950
115.988600
116.416250
116.696200
116.806300
116.912300
116.938400
117.097250
117.109500
117.124500
117.134750
117.145650
117.162400
117.270850
117.344900
117.375300
117.682650
117.756500
118.186050
118.419050
118.579150
118.667450
118.788950
118.845000
118.849000
118.916200
119.058950
119.158400
119.778550
120.055350
120.297700
120.300550
120.319000
120.325150
120.345450
120.351650
120.463650
120.546550
120.649400
120.659200
120.787200
120.970200
120.994650
121.028350
121.167900
121.195000
121.346850
121.433750
121.438500
121.509000
121.620350
121.839700
122.004350
122.138550
122.377650
122.584500
122.607400
122.619500
122.681650
122.689300
122.695850
122.700800
122.704150
122.792750
122.870900
122.916200
123.117600
123.158400
123.276700
123.280300
123.285200
123.293450
123.315100
123.332050
123.490600
123.606850
123.623400
123.796150
123.957700
124.195300
124.410800
124.676900
124.682800
124.855900
124.968550
124.983250
125.019300
125.125300
125.132600
125.151650
125.262200
125.292450
125.304700
125.359200
125.365350
125.437100
125.753550
125.778000
125.785900
125.883100
125.951350
126.038800
126.217500
126.253450
126.407250
126.517900
126.663150
126.965950
127.056400
127.155900
127.198500
127.227100
127.302350
127.512200
127.522150
127.533200
127.556850
127.652450
127.818150
127.934850
127.943300
128.030700
128.156800
128.473450
128.476150
128.499450
128.575950
128.653550
128.957650
128.963500
129.088600
129.091550
129.098650
129.197400
129.207100
129.549500
129.658400
129.679750
130.122500
130.252350
130.322200
130.394900
130.398200
130.407800
130.424300
130.498150
130.547150
130.698850
130.726500
130.915400
131.054600
131.152250
131.158000
131.409900
131.498000
131.653900
131.677550
131.800750
131.989500
132.099500
132.105350
132.115800
132.236550
132.353350
132.448250
132.649250
132.740250
132.823550
132.963600
133.062250
133.101900
133.242950
133.278250
133.288500
133.460550
133.463900
133.471200
133.476750
133.561350
133.567400
133.644000
133.733950
133.915250
133.986300
134.189350
134.281250
134.393150
134.583450
134.589400
134.680750
134.686600
134.703300
134.994250
135.047950
135.252800
135.383100
135.488950
135.495050
135.498150
135.502350
135.514400
135.647300
135.658800
136.035750
136.221950
136.276650
136.333450
136.608450
136.807400
136.936600
136.958200
137.232550
137.268750
137.547400
137.688100
137.695450
137.753150
137.762600
137.850050
137.852950
137.864900
138.009950
138.253600
138.291400
138.517800
138.707100
138.716300
138.738750
138.776500
138.866450
139.090650
139.184450
139.192550
139.209050
139.212250
139.240700
139.355650
139.404700
139.416500
139.682650
139.833150
140.003100
140.027300
140.198200
140.203700
140.558400
140.587450
141.127050
141.549100
141.796450
141.889600
142.051300
142.055100
142.082150
142.138250
142.248250
142.256450
142.357450
142.362200
142.449950
142.462000
142.849800
142.936600
143.003300
143.087000
143.201750
143.304150
143.448650
143.458300
143.479850
143.853850
143.970900
144.133350
144.138400
144.298900
144.435600
144.484450
144.550550
144.610750
144.623850
144.713100
145.024600
145.299150
145.304550
145.455300
145.458300
145.474550
145.482150
145.510600
145.514600
145.628050
145.670600
145.850000
145.949800
145.988300
146.129950
146.133350
146.206150
146.398400
146.437650
146.581200
146.681350
146.764100
146.913000
146.919000
147.112750
147.120050
147.156750
147.303500
147.308800
147.417100
147.576200
147.669350
147.748750
147.774850
147.962750
148.076450
148.220850
148.301200
148.377150
148.517400
148.701050
148.707750
148.732700
148.967450
148.973900
149.046050
149.155450
149.291750
149.540300
149.550500
149.556450
149.622800
149.662250
149.677450
149.821550
150.040600
150.089700
150.228000
150.242300
150.330950
150.333700
150.452050
150.504300
150.520850
150.562300
150.790150
150.869050
151.301600
151.432800
151.437300
151.445800
151.529200
151.537000
151.581450
151.697000
151.840700
152.062300
152.252600
152.441250
152.663700
152.758400
153.037850
153.171950
153.362500
153.419200
153.504400
153.672350
153.684800
153.704000
153.749900
153.761650
153.888250
154.071950
154.159200
154.616450
154.832650
154.842750
155.006800
155.265350
155.377850
155.541650
155.700350
155.709800
155.794000
155.799850
155.935250
156.043100
156.047700
156.060800
156.072000
156.183950
156.207500
156.259200
156.392700
156.539600
156.552650
156.787550
156.815350
157.063200
157.071000
157.074050
157.169000
157.207100
157.322950
157.452550
157.676300
157.682450
157.800150
157.940900
157.986500
157.997850
158.125300
158.491700
158.499350
158.535000
158.549600
158.662500
158.666250
158.672300
158.715300
158.775200
158.843000
159.132700
159.265950
159.472400
159.518700
159.526900
159.656500
159.670400
159.686950
159.894200
160.079100
160.143700
160.186400
160.345200
160.413050
160.622700
160.628100
160.712200
160.717850
160.956400
161.067200
161.148650
161.427350
161.685750
161.787400
162.030750
162.088850
162.445500
162.537250
162.543050
162.648300
162.661300
162.673000
162.805150
162.884250
162.974250
163.122300
163.362650
163.491500
163.523900
163.804650
163.846750
164.017200
164.155150
164.173950
164.207400
164.219050
164.223800
164.230100
164.232500
164.235400
164.246650
164.278500
164.390000
164.475950
164.541900
164.849450
164.869100
164.940150
165.075000
165.207650
165.346650
165.370300
165.514100
165.801250
165.824850
165.992650
166.008250
166.158800
166.222050
166.387050
166.528750
166.699600
166.712150
166.743300
166.851600
166.854650
166.987100
167.176500
167.220400
167.626650
167.640600
167.706750
167.742300
167.806050
167.846600
167.859600
168.073600
168.287100
168.452050
168.481100
168.692850
168.791700
168.815850
168.848700
168.938700
169.186500
169.191200
169.202300
169.265700
169.271950
169.277550
169.303900
169.690200
169.898950
170.003850
170.195300
170.299150
170.452400
170.569550
170.743000
170.854250
170.995250
171.118800
171.136600
171.212450
171.279300
171.292050
171.455300
171.489600
171.599700
171.638850
171.654350
171.679700
171.988150
172.127450
172.195700
172.265200
172.308850
172.526150
172.630950
172.723250
172.853400
172.864250
173.237400
173.355800
173.454700
173.484650
173.624000
173.808100
174.003800
174.364000
174.425450
174.461300
174.538050
174.628500
174.696100
174.937300
175.066250
175.131550
175.232750
175.405750
175.587750
175.649700
175.797800
175.890300
175.952150
176.112850
176.161500
176.239250
176.424000
176.486900
176.554600
176.724850
176.924900
176.956200
176.985300
177.059600
177.290350
177.296200
177.431600
177.505100
177.594250
177.739100
177.750950
178.022750
178.180500
178.295750
178.319550
178.325500
178.368100
178.378600
178.477100
178.632350
178.819550
179.024650
179.109150
179.189200
179.211400
179.420000
179.586750
179.752150
179.956100
179.964850
180.062000
180.067000
180.186400
180.368850
180.598300
180.660400
180.674600
180.766250
180.833150
180.966450
181.214300
181.300050
181.305500
181.308300
181.763350
181.776100
181.895100
181.898500
181.905450
181.907800
182.006850
182.021700
182.058650
182.288700
182.407250
182.580550
182.716650
182.773500
182.841450
182.908800
183.018300
183.021450
183.160500
183.164250
183.169850
183.186150
183.202000
183.247400
183.319300
183.403750
183.416800
183.446650
183.548850
183.554750
183.588050
183.607150
183.692350
183.700000
183.773650
183.857250
183.917000
183.972250
183.975600
184.096750
184.151150
184.362750
184.573400
184.578200
184.584700
184.591200
184.596200
184.599150
184.602700
184.642950
184.923950
184.943450
185.028100
185.308950
185.424250
185.492350
185.644150
185.666350
185.711450
185.729700
186.059950
186.143650
186.476650
186.547000
186.845650
187.019450
187.159300
187.202800
187.308100
187.451000
187.579350
187.590850
187.822800
188.000800
188.084150
188.118250
188.208550
188.327600
188.349500
188.352550
188.354750
188.358700
188.364450
188.393600
188.459650
188.743600
188.887550
188.910000
189.012150
189.065050
189.090750
189.323050
189.534350
189.553650
189.655450
189.681150
189.729200
189.819550
189.954950
189.958050
190.115250
190.134300
190.198350
190.349700
190.361950
190.440400
190.535900
190.687050
190.803550
190.922500
191.039200
191.292650
191.430200
191.465500
191.614500
191.653850
191.751100
192.008300
192.016450
192.136000
192.158100
192.207800
192.272550
192.416600
192.539500
192.547100
192.573950
192.633500
192.758650
192.824100
193.053000
193.082200
193.090850
193.235350
193.305500
193.465300
193.539200
193.702850
193.723400
193.794700
193.821700
193.868600
193.990950
194.210550
194.274500
194.325950
194.371250
194.577100
194.598750
194.738350
194.745950
195.071500
195.190850
195.270300
195.284850
195.360700
195.411350
195.597450
195.693150
195.772650
195.824200
195.888600
195.968650
196.089150
196.107000
196.267300
196.275050
196.460500
196.629850
196.669550
196.758900
196.763050
196.790300
196.884650
196.912150
197.019500
197.173500
197.207550
197.459450
197.649900
197.788450
197.911600
198.015700
198.020750
198.033950
198.153000
198.158700
198.284400
198.312500
198.325500
198.481050
198.498150
198.536050
198.635500
198.690050
198.694100
198.704800
198.803600
198.833100
198.895800
198.912550
199.079250
199.249600
199.254100
199.530600
199.550000
199.620800
199.625250
199.653050
199.761750
199.923250
200.003150
200.099450
200.262050
200.375800
200.380600
200.446100
200.492300
200.684950
200.724400
200.797850
200.911200
201.073050
201.267400
201.379200
201.385300
201.495500
201.601050
201.618900
201.793450
202.122600
202.397850
202.520800
202.639950
202.868600
203.001750
203.071200
203.080550
203.215650
203.425850
203.445850
203.500300
203.503550
203.553750
203.677450
203.699100
203.771600
203.897700
204.023900
204.037400
204.130950
204.180900
204.449950
204.457550
204.486550
204.510400
204.520750
204.706900
204.737850
204.762700
204.788750
204.880500
204.906500
205.056750
205.121200
205.131950
205.198350
205.298800
205.397800
205.497500
205.588750
205.861850
205.878150
206.119150
206.260800
206.288300
206.515050
206.554800
206.618100
206.826850
206.948650
207.090000
207.105250
207.212000
207.218150
207.221350
207.234600
207.266350
207.369550
207.521150
207.654300
207.660400
207.848450
207.857100
207.917850
208.080900
208.413400
208.487450
208.493500
208.735100
208.748500
208.842150
208.854350
208.893250
208.899650
209.049650
209.084500
209.178000
209.237550
209.353400
209.413200
209.499300
209.542050
209.697000
209.735450
209.939200
210.078600
210.169100
210.172100
210.302150
210.396350
210.515600
210.848250
210.932900
211.049400
211.095050
211.182950
211.397350
211.451500
211.610350
211.628950
211.662900
211.675750
211.794050
211.798150
211.820550
211.905750
211.910400
212.057050
212.209200
212.272600
212.287350
212.398650
212.486800
212.673500
212.843550
212.877650
212.881450
212.891350
212.894100
212.903300
212.908200
213.023650
213.300700
213.305850
213.389800
213.398950
213.523550
214.016400
214.081250
214.177650
214.184800
214.348100
214.373350
214.385400
214.523550
214.626300
214.656650
214.695900
214.699050
214.753350
214.767450
214.781600
214.869550
214.965650
215.624650
215.798300
215.828000
215.856000
215.873750
215.877050
215.880450
215.889050
216.019800
216.024800
216.031500
216.041700
216.044800
216.113050
216.233850
216.376850
216.454550
216.458550
216.534850
216.719750
216.829000
216.838250
217.055450
217.172150
217.215900
217.227750
217.422800
217.669000
217.812600
217.851000
217.887450
217.926150
217.930550
217.942750
217.989800
218.065600
218.099600
218.105350
218.184300
218.232550
218.498300
218.621300
219.075500
219.080700
219.084550
219.087150
219.089300
219.097750
219.159600
219.164800
219.393700
219.501500
219.712850
219.884650
220.039750
220.166650
220.169900
220.175050
220.275050
220.310750
220.371800
220.493050
220.550550
220.903550
220.925300
221.049000
221.194450
221.266600
221.274100
221.497800
221.506300
221.593950
221.668750
221.973750
221.995100
222.031700
222.109650
222.294550
222.455350
222.466350
222.476550
222.487850
222.629400
222.748750
222.757150
222.802100
222.926950
223.065250
223.298350
223.313100
223.426550
223.917000
224.109600
224.227650
224.392650
224.486250
224.509450
224.764950
225.038100
225.043750
225.057300
225.101900
225.227400
225.317350
225.496600
225.752350
225.820200
226.110150
226.283900
226.334150
226.632650
226.928000
227.106000
227.300450
227.477950
227.518250
227.566700
227.732750
228.051200
228.129400
228.289750
228.385600
228.388900
228.498350
228.508200
228.582850
228.585900
228.589500
228.607650
228.610000
228.616750
228.629400
228.764950
228.787750
228.887200
228.938450
228.968600
229.083500
229.102800
229.193850
229.219700
229.273850
229.293900
229.409600
229.636650
229.689350
229.781100
229.888200
230.033550
230.274100
230.481000
230.514100
230.826650
231.025650
231.179800
231.230850
231.372850
231.385650
231.448850
231.453250
231.462600
231.523650
231.529900
231.615350
231.752600
231.771450
232.007000
232.105450
232.205050
232.352700
232.357350
232.426450
232.429950
232.452100
232.462600
232.552000
232.558900
232.767350
232.813350
232.918350
232.926800
233.208300
233.214550
233.216700
233.236600
233.377000
233.471700
233.517650
233.647050
233.769250
233.812800
233.899450
233.907450
233.966200
233.973300
234.037200
234.162700
234.632550
234.695050
234.705300
234.886200
234.891150
235.036850
235.203700
235.230700
235.303950
235.518300
235.543100
235.549450
235.599400
235.640800
235.788850
235.914450
236.131100
236.261450
236.268450
236.294400
236.484400
236.495700
236.539450
236.551300
236.620700
236.663000
236.670750
236.758950
236.763250
236.849750
236.888550
237.236150
237.695850
237.700400
237.885750
238.092850
238.096000
238.197400
238.223200
238.252250
238.301700
238.428900
238.740650
238.878650
238.970750
239.058300
239.084750
239.165200
239.340750
239.587450
239.643450
239.907350
239.922800
239.927200
240.067000
240.210300
240.518850
240.549550
240.564000
240.679900
240.683800
240.687350
240.690550
240.695400
240.704550
240.978350
240.981300
241.112550
241.178300
241.200450
241.338700
241.490200
241.559650
241.584250
241.691000
241.801950
242.221100
242.271650
242.368500
242.412850
242.467750
242.633050
242.674750
242.689350
242.692750
242.696850
242.840100
242.890950
243.117900
243.204600
243.268450
243.453600
243.577450
243.611950
243.620800
243.625750
243.713350
243.817250
243.838600
243.905300
244.123900
244.141550
244.274600
244.313300
244.404750
244.685400
244.690200
244.733200
244.873800
244.881000
245.028600
245.047700
245.118200
245.285050
245.392900
245.623850
245.831250
245.885550
246.033900
246.207000
246.495800
246.780350
246.851650
246.889150
247.157400
247.346050
247.351900
247.646700
247.770350
247.774800
247.781450
247.797000
247.882150
247.910050
247.916450
247.987950
248.468350
248.583350
248.781200
248.905700
249.132300
249.326600
249.349150
249.487950
249.574900
249.634300
249.821450
249.914400
249.921100
249.945100
250.069050
250.110550
250.213600
250.262500
250.565700
250.637200
250.745400
250.931550
251.108250
251.125950
251.129000
251.133650
251.141800
251.159050
251.165200
251.510750
251.520150
251.774500
251.975950
252.024550
252.193300
252.273650
252.414100
252.522750
252.671850
252.676950
252.683200
252.687550
252.696750
252.724200
252.820600
252.834500
252.948600
253.075550
253.307650
253.504100
253.735000
253.954000
254.178750
254.182400
254.187300
254.191950
254.302150
254.335050
254.381850
254.415850
254.481450
254.694550
254.699800
254.854500
254.980500
255.042900
255.090100
255.143250
255.159500
255.236750
255.348600
255.603750
255.608950
255.794900
255.799550
255.838600
255.958700
256.164200
256.174350
256.248850
256.415050
256.421300
256.470600
256.690150
256.758850
257.148800
257.284600
257.294300
257.402400
257.554750
257.716000
257.848700
257.990900
258.001850
258.035800
258.038850
258.123850
258.155250
258.234350
258.563250
258.791900
258.795350
258.800950
258.886500
259.014250
259.362250
259.467200
259.572400
259.589700
259.714800
259.725200
259.839600
259.862500
259.908300
259.912450
259.914550
259.919450
259.928750
259.934350
260.085500
260.250450
260.255400
260.298400
260.641800
260.825550
260.989000
261.014850
261.047400
261.277400
261.472200
261.482950
261.526400
261.536400
261.626050
262.064500
262.095800
262.116700
262.370200
262.443650
262.624700
262.861200
262.910800
263.093350
263.300650
263.480550
263.664650
263.762200
263.823950
264.066050
264.256800
264.279900
264.366900
264.523750
264.553900
264.626000
264.816050
264.836800
264.922400
264.960350
265.031550
265.085350
265.319350
265.521350
265.544150
265.775350
265.921950
266.158350
266.179700
266.279750
266.420550
266.534950
266.538550
266.543300
266.551000
266.614350
266.707950
266.715050
266.764900
266.780200
266.850000
266.950250
267.092200
267.095450
267.100950
267.103350
267.120200
267.123500
267.126000
267.165950
267.294450
267.328950
267.362150
267.474800
267.733200
267.798300
267.908650
267.913050
267.919050
267.998650
268.140300
268.166600
268.356450
268.359450
268.374050
268.378300
268.392450
268.477800
268.502750
268.573750
268.621250
268.688700
268.744900
268.811700
269.120500
269.166550
269.210850
269.369300
269.398050
269.404850
269.476300
269.582150
269.677500
269.739000
269.891450
270.032700
270.134650
270.529200
270.638000
270.731250
270.793900
271.032150
271.042800
271.098100
271.385200
271.438200
271.511800
271.582300
271.716700
271.841800
271.945900
272.292650
272.342900
272.345900
272.356350
272.363800
272.633550
272.636750
272.641950
272.647850
272.665300
272.708150
272.798500
273.119500
273.207700
273.214150
273.221200
273.240550
273.282950
273.324350
273.334800
273.946700
274.187600
274.266950
274.380950
274.436400
274.582650
274.815550
274.946650
274.969600
275.162150
275.172400
275.541650
275.638250
275.679850
275.734850
275.966150
275.969800
276.086850
276.220800
276.419350
276.613550
276.626650
276.656500
276.756700
277.074750
277.111050
277.132750
277.176100
277.291600
277.363150
277.432450
277.515850
277.578500
277.600500
277.718050
277.923150
278.054450
278.124900
278.285900
278.446800
278.471700
278.660600
278.900300
279.049800
279.058250
279.108000
279.169850
279.189800
279.259850
279.296300
279.437150
279.626350
279.674350
279.694500
279.728200
279.810350
280.021050
280.185800
280.188950
280.193000
280.258300
280.267700
280.280200
280.452900
280.667750
280.817250
280.820550
280.850650
280.887400
280.961500
281.136850
281.145400
281.204750
281.392050
281.430600
281.474300
281.482000
281.490250
281.667800
281.895250
282.134550
282.185950
282.348700
282.374400
282.440500
282.667300
282.884450
282.995800
283.145250
283.249600
283.253000
283.258050
283.262200
283.280650
283.300800
283.367600
283.449400
283.707750
283.954850
283.960400
284.095100
284.381700
284.539850
284.632550
284.762950
285.132700
285.191250
285.423750
285.628000
285.715400
286.012400
286.170100
286.311100
286.464450
286.494050
286.525700
286.650500
286.690600
286.938000
287.189650
287.332350
287.397050
287.719050
287.723650
287.824000
287.916600
287.945750
287.975000
288.119650
288.211950
288.350050
288.475900
288.632650
288.635950
288.639800
288.644850
288.649650
288.659000
288.667050
288.676550
288.682450
288.703150
289.076000
289.242450
289.248500
289.378550
289.555750
289.658400
289.868150
290.004500
290.171650
290.446450
290.631200
290.720450
290.725600
290.919250
291.199700
291.297950
291.313850
291.470200
291.645250
291.658700
291.733250
291.739900
291.813050
291.873250
291.876300
291.902650
291.985800
292.072850
292.143150
292.301250
292.367850
292.462250
292.582800
292.635700
292.969450
293.028700
293.104000
293.137600
293.355600
293.358450
293.502350
293.763150
293.883850
294.126750
294.338650
294.342300
294.348100
294.354850
294.361400
294.368500
294.371750
294.378600
294.447700
294.464950
294.532650
294.800400
295.115050
295.194850
295.381500
295.450900
295.477400
295.619400
295.631700
295.762100
295.776800
295.948100
295.970350
296.091550
296.150300
296.211650
296.328750
296.429100
296.557400
296.599150
296.694250
296.700100
296.948200
297.054500
297.095700
297.180850
297.328350
297.514800
297.636450
297.805850
297.955900
298.119350
298.189550
298.276450
298.282700
298.432450
298.455050
298.568400
298.583950
298.673550
298.696250
298.756450
298.759400
298.764400
298.781700
298.796400
298.798850
298.904950
299.067000
299.121600
299.273850
299.326850
299.642000
299.741300
299.750100
299.753250
299.766850
300.031500
300.209150
300.217250
300.240550
300.339950
300.457700
300.591250
300.619000
300.790600
300.794250
301.107400
301.255400
301.376000
301.428150
301.618400
301.630150
301.637050
301.649600
301.861550
301.920500
302.076500
302.113500
302.348300
302.410150
302.611000
302.670450
302.736300
302.872550
302.885800
303.020350
303.378350
303.463300
303.521900
303.525800
303.531450
303.558050
303.563550
303.635750
303.670300
303.783750
303.790050
304.140250
304.348750
304.497100
304.597550
304.608050
304.803400
305.074600
305.211200
305.431700
305.738000
305.921000
305.925300
305.930450
306.042850
306.274150
306.501350
306.505900
306.518850
306.533650
306.539750
306.550900
306.567700
306.606450
306.608600
306.625950
306.692050
306.867700
306.926900
307.000450
307.069900
307.401500
307.600050
307.732900
307.814750
307.878500
307.945500
308.418250
308.569600
309.240400
309.331300
309.534600
309.598400
309.812400
309.949500
309.952600
309.956950
309.962200
309.967650
309.982250
309.985500
310.009000
310.206350
310.387350
310.858550
310.940750
310.947450
310.952400
310.959050
310.991300
311.101850
311.246100
311.315400
311.396200
311.655900
311.708250
311.864400
312.018300
312.478450
312.484250
312.535150
312.928200
313.145550
313.157150
313.347550
313.739000
313.871850
313.991050
313.994900
314.000000
314.058350
314.098200
314.253900
314.329400
314.511500
314.516700
314.599800
314.640350
314.754750
315.401900
315.406350
315.429050
315.476900
315.619350
315.816300
315.823000
315.896600
315.903000
315.987050
315.998050
316.044150
316.194450
316.368950
316.454900
316.745850
317.259450
317.519300
317.609050
317.907400
317.970150
318.036900
318.065000
318.320950
318.340850
318.482750
318.571150
318.577300
318.712400
318.716050
318.724350
318.780800
318.819350
318.959500
319.022950
319.123800
319.133500
319.221450
319.248650
319.313000
319.317050
319.348000
319.351300
319.429750
319.628950
319.653650
319.921650
319.973700
320.089800
320.510300
320.695850
320.868550
321.038500
321.228700
321.252900
321.268750
321.396550
321.519250
321.647100
321.908850
322.142050
322.220200
322.231650
322.317250
322.465450
322.914950
323.164700
323.327300
323.359550
323.478850
323.712900
323.733150
323.744700
323.998050
324.037600
324.041100
324.046200
324.056100
324.307850
324.397150
324.462050
324.471850
324.478150
324.524800
324.617200
324.773600
325.047500
325.134600
325.190500
325.425550
325.460750
325.865800
326.003150
326.196700
326.329800
326.508700
326.530200
326.628700
326.737100
326.899450
326.938800
327.181250
327.190700
327.338150
327.342950
327.354000
327.499300
327.534600
327.790700
328.002950
328.194250
328.198400
328.207200
328.210300
328.235950
328.272700
328.479800
328.600100
328.605550
328.685650
328.705450
328.977300
329.100150
329.285850
329.408000
329.421550
329.589450
329.728500
329.772750
329.933200
330.031350
330.035700
330.196750
330.251650
330.277000
330.480200
330.487200
330.551000
330.731900
330.823950
330.996400
331.155350
331.321350
331.380050
331.777250
331.816850
331.854450
331.888750
332.176950
332.461550
332.517650
332.617550
332.778850
332.859700
333.059800
333.274250
333.622000
333.683400
333.737800
333.920200
334.026200
334.118850
334.122250
334.247750
334.349650
334.405650
334.554900
334.965650
335.015050
335.367700
335.386550
335.391100
335.400700
335.404100
335.407750
335.425550
335.502850
335.574300
335.764300
335.858700
335.975200
336.051250
336.106100
336.116800
336.200000
336.376450
336.507750
336.608300
336.898600
337.003750
337.256500
337.400350
337.524550
337.600950
337.630300
337.632950
338.053000
338.193900
338.228750
338.418400
338.611600
338.635700
338.855100
338.971350
339.044450
339.314700
339.508950
339.617950
339.705550
339.818600
339.979600
340.130600
340.386300
340.554800
340.882300
340.885500
340.901650
340.913950
340.925250
340.935400
341.011050
341.198650
341.395050
341.453050
341.474100
341.487000
341.579550
341.726600
341.843350
341.846200
341.868950
341.882650
341.896650
342.009600
342.109250
342.202050
342.387050
342.437350
342.787300
342.805450
342.887100
343.062200
343.075600
343.104850
343.201600
343.234050
343.581100
344.023000
344.137850
344.141050
344.277900
344.282700
344.289250
344.351700
344.362550
344.632450
344.641800
344.896850
344.901850
344.951350
345.040450
345.176450
345.347950
345.478250
345.590700
345.667400
345.854500
345.993250
346.010750
346.260950
346.287850
346.291850
346.301950
346.329000
346.411550
346.417750
346.563700
346.571900
346.597050
346.667550
346.816850
346.822250
347.092250
347.343200
347.503800
347.786350
347.937250
348.061800
348.245100
348.262950
348.267200
348.285250
348.433850
348.460700
348.567800
348.725800
348.939250
348.950800
349.535100
349.539650
349.666850
349.717150
349.910150
350.057350
350.370350
350.505850
350.587700
350.619900
350.820300
351.065700
351.117200
351.199700
351.585250
351.745350
351.889800
351.958800
352.241950
352.253250
352.331950
352.335350
352.353200
352.695400
352.832500
352.965800
353.021200
353.071750
353.197950
353.268850
353.633500
353.740600
354.032700
354.132050
354.191050
354.328550
354.478250
354.483550
354.573300
354.754600
354.777200
354.858500
354.917900
355.091750
355.269950
355.280500
355.390050
355.536950
355.626050
355.712050
355.809900
355.985700
356.297550
356.301100
356.305400
356.311350
356.315900
356.479750
356.584300
356.687750
356.756800
357.038850
357.045200
357.150400
357.368300
357.407250
357.528800
357.573400
357.615900
357.680100
357.816000
357.820750
357.877350
358.018200
358.172500
358.210950
358.298800
358.429250
358.493400
358.625400
358.790550
358.896400
358.899550
358.912550
358.945100
358.964950
359.022800
359.033400
359.069600
359.170100
359.177300
359.282650
359.287400
359.315050
359.409600
359.478300
359.694300
359.781600
360.138900
360.170550
360.290300
360.399100
360.428650
360.432750
360.563250
360.619450
360.658550
360.695950
360.841700
360.991600
361.118150
361.228800
361.371300
361.472450
361.790700
361.794300
361.906350
361.931000
362.087100
362.114800
362.350600
362.554800
362.625100
362.628400
362.641800
362.778600
362.815000
362.895700
362.912450
363.258300
363.340600
363.440200
363.454300
363.463450
363.812600
364.212500
364.234400
364.316400
364.350250
364.447550
364.530500
364.612300
364.665350
365.156200
365.260150
365.554100
365.743300
366.018000
366.020150
366.022750
366.029550
366.032350
366.130300
366.141950
366.168900
366.478800
366.717700
366.766450
366.806000
367.123900
367.330950
367.338200
367.451950
367.457350
367.481000
367.755650
367.778800
367.869150
367.882300
368.056650
368.103450
368.107000
368.216250
368.472100
368.702500
369.079700
369.298350
369.398000
369.439900
369.646050
369.806000
369.911750
370.317350
370.383450
370.493650
370.641050
370.646800
370.650000
370.747100
370.798050
371.059150
371.077750
371.273050
371.284650
371.406200
371.509950
371.614300
371.736850
371.781100
371.838700
371.843300
371.851250
371.853600
371.953800
372.301050
372.394150
372.456150
372.466200
372.564500
372.766450
372.799950
372.832950
373.156000
373.213150
373.217150
373.219850
373.345450
373.400650
373.934600
373.938450
373.950650
373.995750
374.137800
374.312350
374.326100
374.513800
374.524850
374.544000
374.597900
374.895250
375.036100
375.227850
375.291000
375.421900
375.490650
375.499900
375.914100
375.988700
376.101150
376.122350
376.131800
376.201100
376.437000
376.698750
376.703850
376.801500
376.887850
377.037550
377.164300
377.174700
377.291750
377.304450
377.393800
377.529150
377.713150
377.770250
377.903300
377.907300
377.911800
377.918150
378.021550
378.334450
378.547150
378.820650
378.900400
379.108200
379.193200
379.198500
379.273400
379.421850
379.537100
379.624700
379.743150
380.206400
380.373350
380.376400
380.383200
380.403200
380.410150
380.438250
380.461900
380.611800
380.617300
380.629750
380.658100
380.660600
380.787650
380.856500
380.937050
381.033450
381.133250
381.236550
381.474550
381.545200
381.786550
381.976550
382.217100
382.221700
382.284650
382.534100
382.563600
382.646300
382.655600
382.708850
383.170050
383.331900
383.513400
383.605950
383.740800
383.847450
383.909250
383.912300
383.917250
383.928850
383.936600
383.943150
383.962350
383.969150
384.034750
384.098750
384.265950
384.271850
384.470150
384.941500
385.379350
385.559850
385.892650
386.090150
386.191750
386.317600
386.456700
386.557400
386.928800
387.111150
387.142500
387.439850
387.497300
387.753000
387.964900
388.198650
388.244300
388.247850
388.256800
388.260800
388.266150
388.369650
388.621750
388.662300
388.744900
388.750200
388.874150
388.954650
389.015300
389.032750
389.143150
389.173600
389.332550
389.342800
389.448850
389.470550
389.638850
389.642050
389.662900
389.683500
389.688250
389.707350
389.828650
390.279800
390.336350
390.368700
390.428100
390.864750
391.010800
391.092800
391.379650
391.393850
391.410550
391.443300
391.633750
391.795950
392.429650
392.626500
392.838400
392.997750
393.000600
393.017300
393.037500
393.041850
393.108050
393.198250
393.405900
393.456750
393.561950
393.609800
393.730250
393.820950
394.379850
394.413500
394.677500
394.740600
394.815850
395.058450
395.470850
395.515850
395.733000
395.845150
396.071000
396.100600
396.205400
396.417500
396.709500
397.562500
397.638050
397.766400
397.850550
398.300100
398.305000
398.511600
398.619650
398.894400
399.333600
399.529150
399.743500
399.806650
399.904100
400.020850
400.200800
400.203600
400.206450
400.209200
400.212450
400.512700
400.570950
400.688300
400.852450
401.010100
401.085900
401.231100
401.402800
401.417600
401.586250
401.624850
401.683150
401.687850
401.706500
401.727000
401.857450
402.016700
402.170350
402.300800
402.417100
402.495400
402.566950
402.612200
402.757500
402.764500
402.766850
402.777100
402.804650
402.994500
402.999950
403.015950
403.029600
403.145500
403.182150
403.231800
403.452750
403.569100
403.821450
404.037650
404.077950
404.267150
404.360450
404.465350
404.830500
405.071250
405.168700
405.181150
405.521500
405.595450
405.709350
406.013150
406.016300
406.153050
406.346900
406.356000
406.666800
406.816450
406.924950
406.934950
406.947550
406.950500
407.032750
407.429800
407.435950
407.714200
407.868700
407.973800
407.992700
408.143200
408.519000
408.859450
408.988500
409.346850
409.498450
409.504400
409.524200
409.623750
409.814250
409.864200
410.002800
410.213000
410.346800
410.596600
410.674250
410.677700
410.757400
410.893850
411.073700
411.127200
411.270550
411.382450
411.531200
411.602100
411.769750
411.832100
411.840750
411.935300
411.961650
412.590150
412.794500
412.802100
412.835800
412.839550
413.075900
413.435850
413.627350
413.633650
413.754000
414.075600
414.098500
414.364300
414.386050
414.397100
414.526050
414.529550
414.541300
414.807050
414.813150
414.837500
415.036050
415.243400
415.279000
415.448150
415.524700
415.582350
415.787400
416.011550
416.212150
416.268550
416.416750
416.471850
416.536550
416.679450
416.698950
416.754750
417.081250
417.084350
417.093300
417.280250
417.284600
417.290400
417.353250
417.357800
417.497900
417.878300
418.028250
418.034200
418.170650
418.268050
418.466500
418.484000
418.665750
418.701850
418.858750
419.137450
419.143900
419.263700
419.379650
419.726850
419.939000
420.231650
420.337750
420.703750
420.846500
420.927750
421.024550
421.153050
421.268900
421.495700
421.740850
421.876750
421.897650
421.906350
421.909800
421.915400
421.923800
421.937800
422.057850
422.233100
422.428950
422.659250
422.663050
422.668700
422.749250
422.982500
423.179850
423.286350
423.556800
423.646800
424.037600
424.048500
424.138900
424.314150
424.430950
424.711600
424.780550
424.808400
424.850750
424.968800
424.996450
425.174900
425.292900
425.399050
425.640000
425.791250
426.015550
426.070100
426.397100
426.510850
426.524950
426.684350
426.983900
427.019100
427.063450
427.339500
427.342700
427.454000
427.533700
427.575400
427.853900
428.318500
428.522150
428.602700
429.028750
429.227100
429.270300
429.403600
429.550550
429.687500
429.692400
429.755250
430.010150
430.102450
430.195650
430.367300
430.750100
430.837750
430.841850
430.931300
430.934250
431.005750
431.009350
431.361350
431.555300
431.663950
431.837050
431.952050
432.096300
432.255550
432.388400
432.458150
432.689150
432.833900
432.963800
433.276950
433.353450
433.763950
433.836500
433.909400
434.022850
434.191400
434.397350
434.400650
434.412900
434.414950
434.520250
434.602800
434.980900
435.033550
435.464100
435.670700
436.058950
436.248550
436.292900
436.392250
436.517650
436.526800
436.653550
436.731800
436.879500
436.885700
437.007500
437.063200
437.066400
437.191100
437.371450
437.558700
437.702050
437.747300
437.765150
437.790350
437.845100
437.906600
437.921700
437.941650
438.149650
438.609850
439.035200
439.188300
439.350650
439.967300
440.027500
440.047000
440.051450
440.065650
440.134800
440.300150
440.305400
440.476300
440.799300
441.017100
441.101050
441.281300
441.429700
441.432400
441.578550
441.735500
441.916100
442.071150
442.401550
442.421200
443.010550
443.087850
443.326200
443.630900
443.969100
444.224450
444.469450
444.732950
444.735700
444.737950
444.740100
444.883400
445.023050
445.140900
445.145000
445.150000
445.155900
445.449350
445.513600
445.742250
445.905100
445.960800
446.112550
446.222850
446.227550
446.644250
446.647500
446.819100
446.842900
447.000150
447.040500
447.230900
447.602050
447.667550
447.671700
447.680400
448.008600
448.177150
448.232650
448.334100
448.483750
448.705150
448.741900
448.935050
449.187850
449.288000
449.295300
449.398250
450.299850
450.304250
450.314350
450.322050
450.485200
450.521200
450.596450
450.838700
450.962400
451.216950
451.344550
451.480050
451.513000
451.644600
451.847350
451.942800
451.956300
452.051950
452.149700
452.233100
452.545450
452.658850
452.864000
452.936800
453.085850
453.174750
453.294450
453.416000
453.817450
453.957050
454.101450
454.397450
454.436100
454.567000
454.613350
454.971950
455.289350
455.400900
455.560400
456.127600
456.505050
456.522700
456.600700
456.646450
456.854950
456.888700
457.017650
457.149800
457.667500
457.677650
457.803850
458.092250
458.213750
458.221850
458.431100
458.591700
458.604850
459.064400
459.136500
459.141100
459.145800
459.148650
459.154850
459.159650
459.239100
459.308900
459.330300
459.338750
459.441750
459.652800
460.149050
460.436450
460.475200
460.480300
460.507200
460.656350
460.809200
460.921500
461.013750
461.025550
461.029400
461.036950
461.200700
461.477050
461.743750
462.013800
462.331100
462.498350
462.749400
462.803000
462.892100
462.896650
462.913150
462.924050
462.949550
463.019300
463.184350
463.307650
463.680050
463.808250
464.033950
464.441600
464.445600
464.455150
464.695900
464.751200
464.834650
464.952300
465.211700
465.215300
465.227100
465.231500
465.767850
465.810250
466.031750
466.171100
466.242850
466.444600
466.618000
466.828550
467.057100
467.326200
467.617600
467.644900
467.773000
467.889150
467.986050
468.213150
468.540600
468.752750
468.954550
468.974500
469.098200
469.182800
469.342800
469.533750
469.574200
469.709900
469.955950
470.133350
470.169900
470.912450
471.070250
471.295500
471.441500
471.844300
471.907350
472.054250
472.063900
472.144750
472.290750
472.441250
472.717350
472.721100
472.725250
472.740700
472.853150
473.432000
473.487700
473.587500
473.590600
473.599750
473.650550
473.916450
474.164450
474.197900
474.710050
474.819600
475.241600
475.359950
475.560800
475.870050
476.111350
476.362500
476.595000
476.622650
476.762800
477.021700
477.361350
477.433400
477.449550
477.518650
477.538200
477.542350
477.547400
477.670250
477.907100
477.964600
477.995900
478.319450
478.332700
478.412700
478.473100
478.480600
478.483750
478.760800
478.868250
479.466800
479.481750
479.574050
479.611800
479.646500
479.713250
480.216900
480.327050
480.543900
480.993950
481.023500
481.231500
481.308700
481.742650
481.747950
482.159600
482.366750
482.713600
482.770450
483.161350
483.178650
483.213500
483.298850
483.405650
483.573200
483.674050
483.829550
483.964100
484.045900
484.142850
484.162750
484.169000
484.286400
484.407150
484.592150
484.917900
484.920700
485.126800
485.235450
485.632000
485.642900
485.784000
485.937850
486.062200
486.130000
486.334950
486.341650
486.425800
486.473800
486.604000
486.655600
486.861850
486.880600
486.923650
487.016600
487.040500
487.044750
487.201650
487.212850
487.413800
487.655550
487.670300
487.721600
487.723800
487.837400
488.002700
488.268550
488.363000
488.462450
488.500000
488.519850
488.561550
488.762250
488.916900
488.956450
489.401950
489.424150
489.496300
489.915300
489.922600
489.924750
489.929400
489.944050
489.964250
490.136300
490.168900
490.224650
490.227750
490.389050
490.670950
490.674650
490.685750
490.729200
490.905900
490.922550
490.935350
491.173750
491.176950
491.182450
491.273850
491.544250
491.627550
491.862400
491.972100
492.123200
492.128650
492.462400
492.496850
492.616900
492.739800
492.949650
493.075500
493.080250
493.090150
493.184850
493.397550
493.408200
493.422550
493.545400
493.698100
493.705400
493.878950
494.135450
494.160900
494.277850
494.285200
494.411150
494.557850
494.597050
494.604200
494.735800
494.750600
494.855650
495.031400
495.068200
495.384450
495.499400
495.859850
496.033350
496.036800
496.154350
496.306600
496.492050
496.948200
497.119400
497.359600
497.621250
497.632100
497.865050
498.038900
498.080100
498.290550
498.293850
498.309400
498.339950
498.431350
498.480950
498.628800
498.836650
498.953500
499.760050
499.883200
499.887000
499.892500
499.942300
500.001200
500.020800
500.117250
500.293600
500.362050
500.931050
500.986050
501.068500
501.182000
501.301300
501.408000
501.584400
501.694400
502.033000
502.360200
502.497100
502.568850
502.864150
502.919200
502.971400
503.124550
503.143000
503.322950
503.418350
503.490650
503.678250
504.073000
504.363150
504.395750
504.483450
504.674450
504.853150
505.009450
505.043750
505.097350
505.192050
505.278100
505.372500
505.829000
505.869600
506.343900
506.626400
506.724350
506.825500
506.961950
507.234050
507.255250
507.497850
507.519500
507.630150
507.720650
507.741100
507.787950
507.836800
507.975550
508.219450
508.449300
508.491950
508.495150
508.651650
508.780100
508.784850
509.442750
509.522400
509.910600
509.989050
510.187850
510.190700
510.194350
510.199700
510.205200
510.208000
510.226700
510.230350
510.289950
510.320450
510.431300
510.673950
510.901200
511.074750
511.248650
511.401750
511.487150
511.836250
511.958200
512.061200
512.106900
512.232600
512.335000
512.341850
512.679350
512.805200
512.929450
513.039100
513.082100
513.215850
513.219300
513.224300
513.349700
513.531950
513.540450
513.597950
513.849050
514.020100
514.026250
514.093500
514.096550
514.240200
514.311250
514.491950
514.597900
514.666900
514.891350
514.992450
515.043950
515.091400
515.226600
515.343850
515.551100
515.672800
515.699950
515.815550
515.996800
516.115300
516.521900
516.563200
516.631150
516.828800
516.997700
517.017900
517.230700
517.238050
517.244050
517.250400
517.261700
517.288750
517.503650
517.661200
518.011950
518.035250
518.520050
518.620650
518.707850
519.143950
519.184950
519.191950
519.521150
519.957050
520.271700
520.360800
520.547450
520.820750
520.825750
520.945650
520.984700
520.988050
521.236100
521.635800
521.832200
522.203700
522.472250
522.837200
522.962800
523.202100
523.300150
523.374450
523.589650
523.702150
523.938900
524.018550
524.137100
524.151550
524.441000
524.625750
524.895200
524.903950
524.913200
524.918100
525.036700
525.118400
525.195950
525.381700
525.415850
525.748700
526.274150
526.277250
526.303500
526.404900
526.649300
526.652550
526.861950
526.913900
526.919800
526.995350
527.362850
527.441750
527.460200
527.478050
527.700800
527.784000
528.228750
528.278100
528.671300
529.001700
529.009850
529.016800
529.178350
529.238850
529.338350
529.346400
529.367000
529.506600
529.875600
530.192500
530.289950
530.319550
530.391650
530.405850
531.360400
531.453600
531.546550
531.677150
531.800950
531.927150
532.193300
532.358900
532.500150
532.503600
532.512150
532.519050
532.581200
532.586200
532.672550
532.827550
532.837900
532.844850
532.859150
533.100250
533.253200
533.293000
533.406950
533.632550
533.689050
533.752750
533.852850
534.149050
534.155650
534.170850
534.180750
534.265850
534.280250
534.483250
534.755350
534.927500
535.363100
535.441950
535.559300
535.602550
535.875100
535.881600
536.099450
536.367300
536.580800
536.591100
536.594650
536.600150
536.607400
536.627600
536.752400
536.819700
537.048100
537.063200
537.411500
537.435850
537.535650
537.547000
537.775600
537.968350
538.254950
538.267900
538.281650
539.238150
539.319200
539.409000
539.615200
539.839400
540.349050
540.385600
540.423750
540.883800
541.158800
541.209100
541.271250
541.274300
541.291400
541.462900
541.779900
542.184800
542.256950
542.442700
542.470500
542.478700
542.592550
543.228100
543.423100
543.561250
543.646900
543.860600
543.950500
544.101850
544.187750
544.417000
544.663550
544.982850
545.203450
545.388900
545.392400
545.395900
545.398900
545.401250
545.413300
545.439800
546.034150
546.211400
546.217450
546.252000
546.536650
546.831400
546.996700
547.315600
547.471450
547.509300
547.684550
547.717150
547.720950
547.829350
548.015950
548.089900
548.156950
548.338100
548.597000
548.675400
549.116950
549.201800
549.318250
549.488900
549.517550
550.036150
550.396750
550.508650
550.540100
550.543300
550.938700
551.181350
551.193050
551.202650
551.462050
551.476650
551.890900
551.988650
552.316200
552.612400
552.889150
552.950650
553.084850
553.169800
553.358900
553.481700
553.792800
554.162000
554.523100
554.629800
555.070000
555.621600
555.643650
555.776950
555.820600
555.948750
555.963350
556.104800
556.455300
556.501000
556.576350
556.632000
556.668150
556.823550
557.027250
557.110750
557.326100
557.723150
557.796800
557.988850
558.096050
558.171500
558.281550
558.308600
558.734200
558.743650
558.875450
559.002100
559.155250
559.170050
559.589000
559.844650
560.030850
560.033850
560.183700
560.566900
560.574550
560.797850
560.874750
561.074700
561.338800
561.509600
561.549150
561.610700
561.634500
561.824350
562.232700
562.387900
562.505550
562.665400
562.834200
562.841750
562.846850
562.858400
562.869500
562.926100
562.941150
563.073350
563.331600
563.347050
563.430650
563.627350
563.904750
564.367150
564.370350
564.376100
564.491950
564.763250
564.881850
564.888700
564.895400
564.904250
565.002050
565.008100
565.230200
565.559400
565.574750
565.698850
565.752950
566.048700
566.199100
566.217550
566.229050
566.299700
566.775750
566.957250
567.030550
567.099750
567.102650
567.107300
567.140250
567.202700
567.321650
567.512900
567.601600
567.690000
567.826250
567.968600
568.075650
568.491950
568.785550
568.789100
568.794000
568.799700
568.803800
568.806100
568.820600
568.908600
569.092900
569.254400
569.331950
569.473650
569.572250
569.692950
570.094600
570.100000
570.114850
570.354600
570.453850
570.510900
570.514850
570.517250
570.660450
570.710250
570.771100
570.892950
571.009050
571.163650
571.325900
571.433950
571.436850
571.441300
571.449300
571.613400
571.912400
572.338100
573.171200
573.176400
573.255350
573.541550
573.615100
573.620100
573.697250
573.702200
574.353300
574.394900
574.608500
574.761850
574.877900
574.978250
575.482100
575.568250
575.657800
575.717350
575.807050
575.887800
575.969850
576.012150
576.016850
576.119400
576.223400
576.235100
576.269600
576.427450
577.083700
577.191450
577.328300
577.355500
577.509150
577.582950
577.658800
577.663200
577.771000
577.956900
577.983400
578.012650
578.135500
578.141000
578.257950
578.429700
578.460650
578.729600
578.962600
579.326550
579.434750
579.515900
579.613400
579.631600
579.711700
579.937950
580.286050
580.385850
580.528850
580.763650
580.767050
580.799800
580.803350
580.817550
581.094450
581.275200
581.534500
582.483850
582.625700
582.980900
583.121300
583.130850
583.689250
583.890100
583.903800
583.955350
584.084250
584.692300
589.032650
589.449550
589.472150
593.588300
596.729500
596.731650
600.992800
602.329800
604.902600
609.062150
609.456600
612.060800
612.951200
613.064350
613.541200
613.788600
613.796300
613.843000
613.857650
614.316150
614.527550
614.540800
614.550850
614.636750
614.928100
615.041500
615.304550
615.390000
615.533250
615.689250
615.897350
616.491900
616.598300
616.703250
617.040250
617.184300
617.726200
617.738900
617.752450
617.856100
617.893500
617.938650
618.109950
618.319750
618.359400
618.362200
618.366050
618.459500
618.635100
618.754100
618.780300
618.910500
619.004050
619.080350
619.091300
619.134900
619.297700
619.455350
619.539150
619.692150
619.698100
619.706250
619.714800
619.720250
619.793350
619.861350
620.089250
620.296550
620.554550
621.009450
621.269750
621.698950
621.788000
621.812200
622.305600
622.479850
622.828850
623.048350
623.125050
623.141050
623.381350
623.534300
624.053700
624.502050
624.771650
625.005750
625.414550
625.423650
625.487100
625.490050
625.494100
625.501600
625.509300
625.514050
625.551050
625.745600
625.838850
625.869050
626.089550
626.204650
626.483700
626.487000
626.825350
626.940100
626.943300
626.953250
626.973150
626.978350
627.008400
627.136050
627.151550
627.418550
627.972100
628.065150
628.180900
628.192650
628.391550
628.473050
628.489050
628.718000
628.909850
628.930550
629.209450
629.214250
629.607950
629.716150
629.883700
630.188950
630.203750
630.387700
630.518350
630.951650
630.957200
631.009800
631.083900
631.091700
631.096850
631.173450
631.204650
631.256400
631.324850
631.647600
631.651300
631.722000
631.977450
632.310050
632.382050
632.393650
632.537350
632.841750
633.044450
633.084200
633.489500
633.713000
634.019900
634.294050
634.463750
634.712750
634.972850
635.044950
635.409050
635.456800
635.521150
635.739600
635.873300
635.879100
635.889400
635.965350
636.049550
636.320000
636.363600
636.439050
636.604700
636.663750
636.903000
636.976450
637.142650
637.148550
637.177200
637.180950
637.193400
637.231250
637.269900
637.428900
637.594950
637.643250
637.723700
637.790500
637.904800
637.907650
637.911600
637.983550
637.988850
638.217650
638.282250
638.467050
638.515050
638.748650
638.868200
638.916150
639.040300
639.559600
639.612850
639.784800
640.002250
640.226450
640.371800
640.808750
641.024600
641.052200
641.093950
641.097500
641.104350
641.132100
641.162450
641.211550
641.276700
641.507200
641.523500
641.595450
641.695650
641.854250
641.887850
642.164750
642.259850
642.269800
642.472350
642.487900
642.718300
642.855800
642.867950
643.029150
643.096100
643.145650
643.174700
643.177150
643.185900
643.224150
643.270050
643.383150
643.462750
643.797350
643.834350
644.140200
644.275350
644.424900
644.429650
644.595000
644.963350
645.140200
645.150350
645.171100
645.500050
645.668750
645.784300
645.831350
645.916600
646.075600
646.110750
646.114050
646.137550
646.369900
646.780150
646.783700
646.788950
646.796050
646.807450
647.095850
647.519900
647.552750
647.596150
647.900050
647.909600
648.144850
648.333800
648.458850
648.651600
648.730550
648.823750
648.902550
648.917400
648.940600
649.055850
649.064950
649.222300
649.311200
649.369500
649.476000
649.722200
649.837400
649.957150
650.011100
650.163650
650.285550
650.388100
650.441050
650.596200
650.778300
650.896650
650.918650
651.380600
651.503300
651.660450
651.690500
651.888450
652.229650
652.363000
652.543750
652.552000
652.645850
652.792150
652.989750
653.106000
653.343400
653.351200
653.831200
653.889350
653.900550
653.962450
654.103400
654.138100
654.436250
655.009750
655.108950
655.124800
655.468450
655.471350
655.486950
655.494550
655.498550
655.536400
655.683750
655.760000
656.102650
656.126850
656.149150
656.588350
656.747800
656.773150
656.977350
656.987750
656.991850
657.004950
657.185500
657.207250
657.283150
657.594250
657.846050
657.855150
658.191500
658.196150
658.206150
658.221400
658.515650
658.521850
658.780200
658.861400
659.033050
659.229900
659.308150
659.381400
660.073300
660.243200
660.246450
660.260150
660.271250
660.580300
660.587350
661.063500
661.558650
662.023000
662.225850
662.489800
662.938550
663.182400
663.211750
663.249400
663.444300
663.461850
663.730050
663.736550
663.824800
663.965750
663.983100
664.241300
664.245950
664.386350
664.483750
664.488900
664.602100
664.801450
664.875950
665.164050
665.254850
665.285900
665.459950
665.547250
665.603950
665.689750
665.826300
666.015850
666.154900
666.169250
666.306600
666.436500
666.614350
666.901950
666.920800
667.026950
667.030900
667.036050
667.280250
667.326600
667.347200
667.580800
667.843550
667.888500
667.999300
668.104200
668.212050
668.214900
668.234950
668.244900
668.320850
668.325950
668.535050
668.545900
668.679700
668.762650
669.653550
669.822850
669.913900
670.096250
670.157100
670.166050
670.180800
670.194750
670.263300
670.299250
670.319400
670.518900
670.752900
670.798600
670.818400
671.121750
671.323350
671.361750
671.393300
671.625750
671.651700
671.866150
671.938000
671.974150
672.018650
672.158500
672.179950
672.201600
672.207950
672.210100
672.461850
672.661850
672.679150
672.780750
673.067250
673.414650
673.417600
673.553050
673.599050
673.629600
673.633000
673.640400
673.778000
674.291050
674.557800
674.906000
674.980500
674.984350
674.992350
674.996100
675.029000
675.048300
675.059200
675.164050
675.285300
675.384700
675.669800
676.063100
676.291200
676.506750
676.512250
676.560450
676.965950
676.971500
677.318950
677.623500
677.801200
678.062400
678.245950
678.254900
678.336950
678.343050
678.489150
679.092750
679.097400
679.242100
679.395350
679.600500
679.754450
679.801950
679.849850
680.134500
680.146550
680.282650
680.474250
680.626400
680.655150
680.686300
680.925900
681.076000
681.192200
681.248700
681.452600
681.574400
681.779250
681.806350
681.867050
681.957900
681.966900
681.977600
682.061250
682.065950
682.208350
682.312350
682.433000
682.439900
682.512650
682.716500
682.859100
682.900700
683.048500
683.076000
683.243750
683.247800
683.392000
683.555950
683.613800
683.616750
683.642600
683.647050
683.744200
683.752050
683.804300
683.812500
683.915300
683.972850
684.027200
684.160700
684.227150
684.433050
684.439850
684.828750
684.963900
685.045850
685.076300
685.079300
685.082700
685.326950
685.534500
685.587650
685.732400
685.759800
685.798600
685.925300
685.987400
686.274750
686.327600
686.445300
686.611550
686.939650
686.974500
687.086150
687.504050
687.507950
687.518700
687.791950
687.899700
688.367750
688.584250
688.755400
689.152200
689.516250
690.537300
690.543300
691.011050
691.325950
691.460650
691.727050
692.021750
692.026600
692.192050
692.351950
692.362600
692.465450
692.468650
692.809550
692.814450
692.853150
693.071000
693.074800
693.080650
693.166850
693.171750
693.345750
693.404750
693.594600
693.857850
694.080300
694.083250
694.207700
694.212450
694.589150
694.658900
694.825500
694.831650
694.977900
695.078350
695.083550
695.195000
695.286200
695.292900
695.312300
695.402200
695.652350
695.657900
695.905900
695.911550
695.917550
695.971800
696.135100
696.204000
696.246800
696.250050
696.260350
696.454650
696.706100
696.780550
696.784000
696.914400
696.941450
696.955300
697.034900
697.113550
697.306450
697.371050
697.650600
697.847800
697.887050
697.894600
697.915650
698.014400
698.144850
698.258600
698.434000
698.797400
698.906950
699.095350
699.241850
699.376150
699.388000
699.638600
699.675300
699.813150
699.819900
700.038950
700.078550
700.441000
700.778350
700.781950
700.798250
700.875300
701.035600
701.554100
701.694350
701.699600
701.963100
702.080900
702.102650
702.152600
702.230300
702.256200
702.260200
702.335750
702.603000
702.608950
702.769150
702.815500
702.925600
703.137250
703.176750
703.256100
703.408900
703.414950
703.552900
703.678150
703.993550
704.094350
704.246700
704.402500
704.466900
704.648250
704.708500
704.739300
704.746350
704.901550
704.920100
704.935850
705.133400
705.331000
705.336450
705.342350
705.407500
705.451700
705.528650
705.584950
705.610750
705.938850
705.950150
706.795450
707.133400
707.166000
707.465500
707.469100
707.477550
707.481250
707.489150
708.029250
708.033400
708.077750
708.374000
708.377200
708.387400
708.530850
709.016750
709.023750
709.367650
709.411250
709.416950
709.853100
709.861850
710.140900
710.165600
710.246650
710.448600
710.455150
710.828150
710.832350
710.837700
710.876850
711.267300
711.508900
711.553500
711.648150
711.666500
711.807850
711.812600
712.140050
712.154150
712.161950
712.252150
712.527250
712.533900
712.546850
712.626300
712.712800
712.716000
712.727250
712.862500
712.941200
713.110100
713.174900
713.320300
713.340000
713.561900
713.565200
713.568400
713.572200
713.625150
713.745600
713.798400
713.814800
714.012800
714.021550
714.102800
714.271000
714.284100
714.362950
714.395350
714.577700
714.964800
715.020450
715.154250
715.452200
715.457850
715.632650
715.832150
715.891100
715.898050
716.105000
716.260550
716.547500
716.619250
716.896600
716.904950
716.908200
717.015950
717.120300
717.125700
717.225600
717.284650
717.439450
717.444400
717.521250
717.767900
717.869550
718.049400
718.132350
718.222100
718.348000
718.480200
718.592650
718.850550
719.118550
719.152250
719.159800
719.532550
719.537800
719.975750
720.156000
720.159100
720.168150
720.203450
720.896600
721.308650
721.869500
721.873000
721.977550
721.980700
721.984800
721.988400
721.992200
721.997000
722.002750
722.111050
722.141350
722.299100
722.706250
722.965600
723.197100
723.656600
723.715000
723.717900
723.720850
723.942550
723.947900
724.484900
724.728850
724.870150
725.341650
725.349000
725.504750
725.517500
725.645550
725.671550
725.676750
725.798300
725.803400
726.022200
726.038500
726.217450
726.220300
726.233600
726.246200
726.253050
726.265650
726.464700
726.669950
726.674600
726.876050
727.220450
727.478100
727.483650
727.744800
727.749600
727.937950
728.020850
728.324450
728.328650
728.347550
728.392500
728.414600
728.487800
728.705100
728.775850
728.942500
729.299350
729.304500
729.509650
729.672100
729.735500
729.824850
729.840500
730.131350
730.136550
730.234550
730.401050
730.418250
730.549550
730.882500
730.917100
730.920500
730.925100
730.933250
730.940700
730.954450
730.967850
731.017900
731.030300
731.107250
731.239700
731.449650
731.593950
731.633550
731.642700
731.770100
731.979950
732.138650
732.286750
732.481100
732.503750
732.526900
732.550650
732.677350
732.970900
733.145500
733.171100
733.425000
733.534600
733.538600
733.598750
733.861250
734.062150
734.069750
734.092450
734.167800
734.172300
734.351700
734.705950
734.711000
734.888050
734.918250
735.020500
735.069750
735.099400
735.417800
735.420750
735.629100
735.716100
735.798450
735.924950
736.208400
736.215400
736.345450
736.406450
736.510150
736.613150
736.642000
736.706800
736.760200
736.831300
736.881700
737.207500
737.224400
737.268850
737.484500
737.530650
737.533750
737.538700
737.566650
737.703400
737.709000
737.903600
737.916900
738.078600
738.086050
738.334450
738.361100
738.675800
738.761450
739.113550
739.346250
739.424650
739.752450
739.957650
739.963850
740.089000
740.204450
740.317900
740.434550
740.560650
740.637750
741.000750
741.119900
741.125100
741.326300
741.331050
741.704250
741.844750
741.851150
741.967150
741.976300
742.160100
742.324000
742.490350
742.568550
742.583300
742.881950
742.886650
743.014350
743.061650
743.064550
743.160800
743.165750
743.411550
743.460050
743.468300
743.521500
743.712100
743.855800
744.094500
744.184700
744.583750
744.592800
744.797750
744.862000
744.868200
745.119050
745.123950
745.180600
745.183750
745.187500
745.201900
745.204000
745.211700
745.215600
745.219600
745.315600
745.582800
745.593250
745.780400
746.048100
746.063050
746.068050
746.275700
746.390200
746.540400
746.708450
746.852300
746.933200
747.128950
747.300050
747.333050
747.504850
747.703400
747.781450
747.918700
748.067100
748.185500
748.190600
748.216800
748.221200
748.248850
748.265700
748.335450
748.475550
748.625150
748.647550
749.028850
749.128650
749.227550
749.286250
749.423950
749.564600
749.969700
750.005200
750.047200
750.195850
750.290650
750.410650
750.720200
750.725350
750.991100
751.142050
751.270750
751.464450
751.601050
751.756900
751.800550
752.058600
752.161250
752.164350
752.253150
752.519000
752.662200
752.681250
752.755250
752.903550
752.996800
753.096850
753.132500
753.269400
753.380000
753.578200
753.631450
753.634450
753.637550
753.703450
753.707750
753.856550
753.989550
754.266000
754.333150
754.421200
754.528100
754.656900
754.724100
754.817500
754.973200
755.070500
755.563200
755.575950
755.600100
755.632600
755.676700
755.686400
755.688900
755.776300
755.782900
755.925950
756.044200
756.169550
756.178100
756.440300
756.469100
756.849100
756.961550
757.111250
757.247600
757.472250
757.542850
757.546050
757.551600
757.558100
757.572250
757.625850
757.726000
757.779000
757.881000
757.954350
758.199150
758.313950
758.519850
758.657150
758.863800
758.867100
758.925450
759.030250
759.187300
759.294600
759.415100
759.418800
759.431800
759.436200
759.578400
759.671950
759.836000
760.010800
760.171850
760.208950
760.349800
760.675050
760.797700
761.006200
761.010800
761.071150
761.073950
761.092150
761.103050
761.109250
761.116800
761.131350
761.164750
761.233550
761.302950
761.409600
761.810900
761.933950
761.966000
762.347800
762.518350
762.737850
762.840000
762.993700
763.007750
763.200650
763.211450
763.539750
763.680000
764.140300
764.145400
764.161750
764.164800
764.318450
764.445700
764.847550
764.852300
764.862150
765.044400
765.253200
765.661050
765.854750
765.867500
765.979250
766.455500
767.329850
767.483100
767.489400
767.851500
767.856200
768.164700
768.169650
768.354250
768.366450
768.421450
768.923800
769.100100
769.105100
769.110100
769.580400
769.585400
769.676500
769.679700
769.704000
769.731100
769.860000
769.864900
769.883050
770.391950
770.547400
770.552300
770.557600
770.711500
770.716450
770.817200
771.049450
771.409800
771.570250
771.576200
771.659050
771.847150
772.011950
772.274050
772.288100
772.293650
772.296900
772.317900
772.458650
772.463700
772.504450
772.516200
772.600750
772.897550
773.355050
773.582750
773.742550
773.954700
773.957650
773.965150
774.087700
774.153800
774.392800
774.398000
774.608300
774.742750
774.752200
774.756000
774.760550
774.908400
774.933400
775.034300
775.485400
775.490950
775.509600
775.560700
775.665600
776.027000
776.128700
776.133650
776.296250
776.301300
776.309500
776.363100
776.667650
776.922100
776.926850
776.967050
777.051400
777.226650
777.266050
777.414450
777.713250
777.868050
777.907450
778.169550
778.315200
778.487400
778.589950
778.610750
778.653800
778.858150
779.001700
779.008150
779.301200
779.306100
779.385700
779.521050
779.717700
779.773700
779.789050
779.960400
779.967400
780.123850
780.133600
780.179300
780.278000
780.283150
780.511050
780.748450
780.753250
780.807350
781.093900
781.117150
781.431300
781.437700
781.526100
781.532150
781.640850
781.647900
781.654350
781.791700
781.806050
781.822550
781.948750
782.054100
782.415500
782.537800
782.618250
782.627550
782.632350
782.638800
782.650450
782.725800
782.822650
782.834900
782.971050
783.160650
783.294800
783.307500
783.389950
783.411700
783.591950
783.643950
783.648300
783.651450
783.666950
783.804150
783.960650
784.043950
784.277400
784.296400
784.485450
784.621750
784.692500
784.698200
784.836600
785.084650
785.152300
785.326250
785.329800
785.466400
785.519700
785.539950
785.610000
785.723650
785.859300
785.870150
785.957350
786.054200
786.219150
786.586800
786.591700
786.675650
786.813050
786.836600
786.855200
787.034750
787.152700
787.157800
787.208300
787.577800
787.792950
787.879350
787.882700
787.886550
787.891450
787.900000
787.910200
788.034200
788.131200
788.280850
788.467250
788.473400
788.633650
788.691000
788.703000
789.011350
789.102100
789.203950
789.507950
789.512650
789.575250
789.949650
790.066200
790.071500
790.153900
790.213350
790.314000
790.524300
790.579000
790.755300
790.819750
790.826550
790.829300
790.842400
790.846500
790.872250
790.921150
791.323600
791.342850
791.474450
791.603800
791.718400
791.811800
791.955450
791.962950
792.016200
792.047150
792.074600
792.284650
792.345600
792.536900
792.539900
792.655200
792.747350
792.762850
792.955150
793.036700
793.312700
793.547600
793.853150
793.858750
793.910000
793.922600
794.222450
794.246100
794.362800
794.366050
794.370200
794.522200
794.603850
794.694050
794.700150
794.762200
794.828250
794.948700
795.004100
795.012800
795.017250
795.023200
795.266050
795.278150
795.410050
795.412950
795.494350
795.499450
795.667100
795.889850
795.945450
795.948650
795.953800
796.064750
796.070050
796.075050
796.153300
796.247800
796.535100
796.540050
796.801600
797.234450
797.529250
797.668350
797.842400
798.149000
798.353200
798.358150
798.393900
798.506400
798.623800
798.772850
798.814900
799.092850
799.097400
799.102400
799.165150
799.292050
799.412000
799.806500
799.811050
799.857700
800.097950
800.103100
800.136550
800.179250
800.383950
800.563500
800.712150
800.998900
801.063150
801.225750
801.228750
801.233350
801.238250
801.241050
801.244250
801.246700
801.249300
801.257200
801.361800
801.459800
801.469350
801.582750
801.875050
802.058650
802.206250
802.210750
802.453200
802.458900
802.754650
802.919800
803.088200
803.110650
803.114050
803.181150
803.194200
803.198300
803.220450
803.281600
803.286300
803.345900
803.394750
803.575250
803.749200
803.885600
804.010050
804.190800
804.194900
804.199400
804.206300
804.215200
804.237000
804.330350
804.335450
804.504200
804.510200
804.612600
804.850950
804.860750
804.963500
805.049400
805.218500
805.526850
805.540900
805.656150
805.659600
805.779450
805.783850
805.967100
806.147850
806.258850
806.265100
806.426600
806.578000
806.774400
807.029800
807.208500
807.231400
807.296450
807.304100
807.444050
807.495600
807.751000
807.757500
807.962350
808.137450
808.348700
808.388900
808.392250
808.397650
808.407650
808.415800
808.531250
808.540450
808.647100
808.758700
809.013300
809.018200
809.202100
809.249900
809.333750
809.367250
809.540350
809.571500
809.820000
809.914450
810.060900
810.109100
810.387400
810.505900
810.614000
810.755150
810.888600
811.003350
811.147600
811.380000
811.663050
811.668450
811.676950
811.789600
811.800100
811.872550
811.986600
812.110200
812.343050
812.449000
812.453850
812.627150
812.746400
812.798550
812.821650
813.015100
813.117050
813.221500
813.233350
813.237050
813.242450
813.341400
813.357000
813.368500
813.404800
813.574100
813.613300
813.835800
813.841350
813.871650
814.019950
814.024900
814.156600
814.162150
814.413900
814.426100
814.480450
814.545950
814.661000
814.895000
814.911100
815.120500
815.158850
815.329250
815.836050
815.957100
815.966950
816.012300
816.113250
816.207400
816.239050
816.468900
816.680450
816.779150
816.860800
816.875050
816.969200
817.044600
817.048300
817.090050
817.106300
817.372550
817.419200
817.542350
817.634200
817.637800
818.070100
818.288900
818.467900
818.590300
818.721500
818.926250
818.999050
819.009000
819.014200
819.041600
819.173900
819.410500
819.541150
819.549250
819.669450
819.826300
819.838100
820.146150
820.238750
820.342000
820.488850
820.561050
820.588050
820.594300
820.688100
820.693650
820.817750
821.002650
821.091450
821.107800
821.179100
821.208400
821.283750
821.415550
821.430950
821.450900
821.614650
821.870250
822.177600
822.198650
822.236150
822.387950
822.442050
822.522550
822.643600
822.661750
822.738100
822.802600
822.898100
823.011700
823.015150
823.020350
823.170200
823.236100
823.248600
823.337250
823.342050
823.399400
823.631150
823.691300
823.753000
823.798000
823.895200
824.018750
824.248050
824.361800
824.560900
824.701750
824.725000
824.945300
824.955150
824.958450
825.043250
825.050650
825.056450
825.061550
825.149300
825.565400
825.639700
825.733050
825.862450
825.870550
825.877500
826.093000
826.265750
826.413050
826.920000
826.923050
826.977000
827.102750
827.227600
827.497550
827.502500
827.629150
827.794250
827.962600
828.144150
828.420500
828.513350
828.729150
828.775750
828.839900
828.968200
829.104300
829.128550
829.191250
829.221750
829.232650
829.243800
829.250550
829.259850
829.353850
829.398600
829.539150
829.564650
829.756200
830.038800
830.358350
830.443000
830.613100
830.743300
830.795700
830.828800
831.008450
831.142100
831.280600
831.380500
831.390850
831.396700
831.399200
831.410000
831.484900
831.771900
831.815950
832.244100
832.819550
832.836200
832.980650
833.143200
833.290850
833.419600
833.422950
833.426700
833.428900
833.436650
833.449950
833.641000
833.685100
833.784700
833.918100
833.942600
834.341250
834.691250
834.732700
834.736150
834.772200
834.776000
834.781700
834.792550
835.021350
835.155550
835.269800
835.446450
835.514900
835.726200
835.783250
836.006800
836.132200
836.157350
836.380750
836.480750
836.486050
836.663500
836.667250
836.681550
836.983750
837.203150
837.281450
837.402400
837.723350
837.882750
837.887350
837.899050
837.929150
837.942000
837.958100
837.973250
837.985300
838.092800
838.174750
838.386350
838.417700
838.431300
838.448900
838.555600
838.662350
839.031300
839.051100
839.224300
839.377050
839.503200
839.592100
839.733350
839.816950
839.947800
840.085050
840.121550
840.124600
840.132700
840.151050
840.158950
840.444700
840.485450
840.928400
840.991250
841.192150
841.336300
841.346800
841.596600
841.717100
841.788150
841.906350
841.979900
841.993050
842.091900
842.487850
842.612650
842.618050
842.627550
842.729450
842.975400
843.147050
843.217050
843.264900
843.269750
843.366550
843.370450
843.444850
843.638700
843.754850
843.831100
844.052550
844.187650
844.392700
844.545950
844.629100
844.643600
844.749800
844.983850
845.208650
845.211350
845.345800
845.407800
845.828350
846.048800
846.119400
846.212300
846.360500
846.363650
846.372300
846.380600
846.591550
846.779650
846.913300
847.032450
847.205350
847.316850
847.332350
847.513300
847.561850
847.899550
848.067050
848.248250
848.381500
848.439550
848.448950
848.478800
848.642500
848.668250
848.759250
848.829600
848.909900
848.953550
849.186600
849.493200
849.652250
849.715050
849.936600
850.116150
850.416300
850.636000
850.640900
850.647550
850.681200
850.902750
850.908700
851.278300
851.313100
851.413900
851.696750
851.819450
851.823300
851.827650
851.925800
851.930800
852.462150
852.504450
852.508550
852.682150
852.832100
852.869400
852.999500
853.343750
853.389200
853.571100
853.727250
854.064800
854.110500
854.314300
854.462400
854.664750
854.946900
854.957700
855.208600
855.438250
855.750600
855.917300
856.092300
856.407500
856.540000
856.924350
856.989200
857.162300
857.185150
857.187750
857.190900
857.207250
857.322950
857.446550
857.562850
857.672700
857.731250
857.982950
858.209050
858.446000
858.533000
858.859000
859.036900
859.212050
859.287050
859.292400
859.297150
859.338500
859.416050
859.526050
859.532500
859.656400
859.676950
859.688350
859.980300
860.040800
860.136750
860.397150
860.412050
860.436850
860.507900
860.510950
861.129200
861.210000
861.524950
861.689750
861.833400
861.964500
861.993850
861.996250
861.999200
862.005850
862.013650
862.146350
862.207500
862.293000
862.563500
863.201800
863.317550
863.333100
863.342550
863.345900
863.351950
863.376150
863.482550
863.494700
863.656850
863.740400
863.743800
863.874300
863.888350
864.069850
864.173400
864.183900
864.620950
864.712200
864.847450
865.101000
865.150650
865.210400
865.349900
865.702550
865.798850
865.977750
866.041800
866.144650
866.262450
866.267650
866.306850
866.351050
866.425400
866.788050
867.165900
867.209850
867.316000
867.321350
867.554400
867.805550
868.269500
868.562050
868.620850
868.847650
868.904250
869.242650
869.246100
869.250750
869.255350
869.273800
869.403550
869.628300
869.729850
870.266650
870.458750
870.709250
871.269450
871.277450
871.282800
871.312250
871.319700
871.329300
871.384500
871.667550
871.729250
871.871050
872.041050
872.139650
872.165800
872.280150
872.286400
872.445150
872.563900
872.567100
872.665900
872.834300
872.990450
873.025100
873.112500
873.339000
873.494450
873.501650
873.528000
873.787150
874.079900
874.242150
874.491900
874.618500
874.814100
874.978400
875.029150
875.094850
875.097750
875.101450
875.167600
875.244050
875.625650
875.630850
875.936450
876.061700
876.186800
876.500450
876.922450
876.927800
877.027050
877.216750
877.259400
877.319550
877.471450
877.654350
877.800450
877.991500
878.157100
878.200500
878.486950
878.501000
878.527500
878.835750
878.964250
879.011650
879.119550
879.223450
879.243800
879.246100
879.275100
879.369950
879.418650
879.518150
879.652950
879.755350
879.772250
879.790850
880.013800
880.041250
880.256900
880.318250
880.480950
880.720600
880.859600
880.925950
880.948800
880.964950
880.991800
881.962250
882.118750
882.232050
882.248700
882.458500
882.723750
882.726850
882.731700
882.753750
882.770450
882.868400
882.964150
882.978850
882.994500
883.068850
883.407700
883.501000
883.812300
884.003500
884.008950
884.083900
884.205500
884.333450
884.354200
884.362450
884.368100
884.372950
885.132000
885.159050
885.215600
885.666150
885.731400
885.868950
886.166700
886.171500
886.386650
886.648850
886.694850
886.832250
886.970200
887.004800
887.081700
887.175550
887.223750
887.227750
887.233700
887.236000
887.239550
887.244600
887.247750
887.550800
887.761900
887.765300
887.769650
888.044950
888.094400
888.139750
888.157050
888.262850
888.321350
888.599100
888.684350
888.798050
888.974800
889.009400
889.156250
889.159900
889.166700
889.173300
889.229300
889.234550
889.474750
889.534750
889.686550
889.688850
889.707450
889.818450
890.201650
890.474100
890.495250
890.580450
890.644250
890.796850
891.010550
891.168800
891.272450
891.358250
891.364650
891.385250
891.399200
891.403050
891.485700
891.691950
891.800400
891.909200
891.938750
892.258000
892.429400
892.537700
892.761800
892.984350
893.197250
893.320550
893.482700
893.653400
893.898750
894.016900
894.022850
894.140300
894.572450
894.602750
894.826500
894.880900
895.044100
895.054300
895.188300
895.200550
895.457050
895.768700
895.837400
895.870000
896.050600
896.157950
896.163450
896.243700
896.247250
896.372550
896.984350
897.055700
897.062950
897.293700
897.597600
897.935000
897.939250
898.070650
898.210050
898.213100
898.307850
898.491350
898.504500
898.696750
899.088500
899.134350
899.791000
899.865900
900.179250
900.184450
900.460450
900.679750
900.854300
901.223100
901.229450
901.345850
901.365500
901.713750
901.717550
901.852400
901.866250
902.022050
902.373250
902.404250
902.428450
902.499950
902.610750
902.825400
902.960050
903.085800
903.310150
903.395950
903.425550
903.578850
903.752650
903.884750
903.903500
904.034650
904.073050
904.086550
904.278850
904.806300
904.832250
904.961750
905.161600
905.166900
905.238150
905.971100
906.141100
906.183600
906.265250
906.368850
906.497350
906.529150
906.615000
906.809750
906.815050
907.087250
907.097200
907.283850
907.478350
907.698600
907.832600
908.354300
908.468000
908.565150
908.722650
908.726900
908.731200
908.767800
908.778500
908.989850
908.993900
909.017950
909.028850
909.036400
909.044900
909.153550
909.180800
909.448400
909.497400
909.663900
910.035350
910.380100
910.577000
910.609850
911.210800
912.001950
912.007500
912.044300
912.460050
912.471250
912.481000
912.816250
913.255050
913.260550
913.270150
913.293150
913.446150
913.452900
913.584000
913.753600
913.756850
913.959800
913.977500
913.982300
914.080700
914.088850
914.145350
914.315650
914.442350
914.635700
914.655050
914.734700
914.925350
914.992400
915.002750
915.219950
915.272000
915.399700
915.513300
915.577650
915.778750
915.835950
915.953650
916.015350
916.278750
916.388050
916.509900
916.653550
916.743850
916.766750
916.774100
916.890400
917.241550
917.753100
917.873050
917.895350
918.048900
918.198700
918.205150
918.211350
918.318450
918.775750
918.817800
918.966000
919.023450
919.029750
919.182850
919.239350
919.402000
919.405250
919.412450
919.416900
919.436950
919.463000
919.529750
919.771200
919.834700
919.850500
920.130350
920.243150
920.267800
920.661350
920.699900
920.748400
920.861650
921.481050
921.848000
921.852500
921.951700
922.739350
922.744050
922.746350
922.751500
922.926800
923.578400
923.581650
923.843000
924.205300
924.211400
924.532600
924.541150
924.548600
924.551200
924.574750
924.588000
924.598600
924.626400
924.631350
924.761350
924.770850
924.989800
925.373500
925.434350
925.645350
925.905850
926.236500
926.241500
926.330200
926.339450
926.353950
926.378350
926.487150
926.577450
926.692600
926.779300
927.044800
927.191100
927.336550
927.376650
927.607950
927.755900
927.825000
927.920300
927.937400
927.941700
927.954650
927.992150
928.368850
928.372300
928.496000
928.502100
928.583450
928.637650
928.653150
928.656450
928.661400
928.674750
928.679000
928.685900
928.702850
928.769550
928.905500
928.911150
928.991150
929.057450
929.507100
929.528150
929.588750
929.603250
929.608750
929.616500
929.658200
929.841200
930.276450
930.367200
930.406750
930.620300
930.661900
931.103100
931.285000
931.364450
931.567250
931.681900
931.687100
931.694400
931.697450
931.877150
932.183300
932.409200
932.664850
932.674900
932.738050
933.320350
933.325900
933.537800
933.811350
933.820900
933.825100
934.090500
934.364500
934.510050
935.242400
935.438850
935.442000
935.752150
935.757200
935.921500
935.927000
936.068600
936.823700
937.218850
937.320700
937.323650
937.336100
937.340050
937.345000
937.352650
937.354750
937.436200
937.462250
937.468100
937.575300
937.705450
937.929000
937.960650
938.017650
938.023000
938.292200
938.331250
938.448550
938.454300
938.639900
938.686950
938.831000
938.836000
938.906900
939.034150
939.163350
939.420750
939.544400
939.653100
939.821400
939.926550
940.036450
940.198300
940.243900
940.661400
940.667050
940.719350
940.839900
940.896300
941.143850
941.175800
941.288300
941.292700
941.380300
941.663350
941.680950
942.006550
942.141450
942.146200
942.152700
942.163800
942.218950
942.344700
942.350200
942.375500
942.418050
942.533550
942.562550
942.729550
942.859100
943.026250
943.125750
943.185900
943.348000
943.434100
943.617650
943.624300
943.693000
943.814850
943.954450
944.277200
944.282600
944.809650
944.814650
945.064750
945.092350
945.213600
945.227250
945.531700
945.537700
945.936400
945.941300
946.271150
946.613400
946.986700
946.991100
947.011150
947.555150
947.571450
947.591450
947.887100
948.440900
948.658000
948.666050
949.018700
949.107000
949.308300
949.409000
949.467750
949.535250
949.539750
949.796350
949.838200
949.841500
949.908500
950.042050
950.046500
950.066750
950.077950
950.162100
950.228550
950.458750
950.500500
950.626900
950.646900
950.810450
950.816750
951.078900
951.166650
951.179600
951.273900
951.277600
951.284350
951.314800
951.321350
951.325900
951.333900
951.391750
951.477800
951.752400
951.769800
952.257500
952.380300
952.466150
952.513700
952.617500
952.658800
952.707200
952.726350
952.741850
953.018000
953.129800
953.248250
953.254500
953.349750
953.435050
953.622850
953.765050
953.819450
953.878500
953.881900
953.888050
953.951150
953.956050
954.074250
954.360750
954.472350
954.574950
954.933350
954.936650
955.047150
955.131250
955.357250
955.570100
955.575150
955.585300
955.593900
955.653350
955.727900
955.939100
956.077950
956.295550
956.405700
957.222350
957.966750
958.430650
958.541900
958.545000
958.748950
959.295000
959.299500
959.305750
959.425900
959.547250
959.725850
960.309100
960.313550
960.604500
960.799550
960.802400
960.947700
961.034500
961.038700
961.144900
961.323050
961.786400
961.800600
961.974850
961.978000
961.981800
962.019650
962.145450
962.151000
962.272950
962.385400
962.389750
962.413300
962.625100
962.629550
962.735100
962.988050
962.992700
963.210500
963.315150
963.320900
963.365200
963.367900
963.383600
963.402100
963.494450
963.576150
963.620900
963.724700
963.730200
963.770900
964.076000
964.145050
964.269950
964.273350
964.334500
964.382400
964.402950
964.423950
964.495650
964.504750
964.951900
965.040050
965.103200
965.108200
965.297850
965.476500
965.536250
965.717350
965.830400
966.085900
966.263000
966.446250
966.601100
966.939250
966.960450
967.267900
967.590850
967.694750
967.787550
968.003900
968.200450
968.206350
968.226500
968.371600
968.374700
968.379250
968.389650
968.441000
968.545800
968.689250
968.698900
968.839650
968.910500
969.053850
969.453600
969.632400
969.635200
969.907150
969.912450
970.002700
970.229050
970.806400
970.818900
971.009000
971.015250
971.455000
971.515600
972.008900
972.016400
972.150100
972.186050
972.191400
972.193600
972.197200
972.276250
972.434400
973.001200
973.266300
973.271900
973.518850
973.773050
973.785250
973.930600
973.934350
973.992850
973.996850
974.129450
974.140550
974.283850
974.403800
974.620050
974.625900
974.913050
975.217900
975.222800
975.409000
975.414500
975.704800
975.709250
975.843850
975.849600
975.934200
976.122050
976.324650
976.330350
976.348150
976.351450
976.356750
976.360000
976.363550
976.454650
976.565100
976.605850
976.726600
976.922250
976.927950
977.391350
977.424700
977.587550
977.694750
977.727800
978.014500
978.116400
978.119500
978.223150
978.476500
978.529650
978.699900
978.787400
978.917100
979.137650
979.232700
979.256700
979.348900
979.493800
979.647250
979.655300
979.739950
979.941900
979.987650
980.239100
980.372750
980.380450
980.384500
980.386900
980.404800
980.459900
980.555400
980.859750
980.973100
981.300650
981.305700
981.320900
981.383200
981.418650
981.513400
982.076950
982.463200
982.831200
982.975900
983.573000
983.578900
983.702400
983.705400
983.717400
983.885300
984.084050
984.090300
984.442200
984.446900
984.920200
985.080750
985.087500
985.336400
985.339550
985.369900
985.570800
986.137600
986.141850
986.265300
986.600750
986.603800
986.812700
987.295200
987.299500
987.378350
987.383950
987.487150
987.539650
987.543050
987.692000
987.698400
988.159700
988.297800
988.618550
988.623550
988.772650
988.790500
988.879850
989.126400
989.152850
989.159150
989.189200
989.351400
989.494500
989.557700
989.662750
989.766350
989.787200
989.885150
989.915950
989.961800
990.056700
990.187400
990.251750
990.394200
990.486650
990.948300
991.000300
991.124100
991.519700
991.606100
991.838500
991.929100
992.030050
992.263700
992.479750
992.675900
992.688000
992.691050
992.699100
992.801100
992.889700
992.965100
992.974950
993.099950
993.447900
993.551250
993.674100
993.719600
993.748900
993.835750
993.949800
994.092800
994.206000
994.285650
994.300500
994.530900
994.536250
994.616950
994.716650
995.070900
995.143450
995.737300
995.933750
996.706750
996.780700
997.166150
997.170300
998.137100
998.141650
998.353350
998.456000
999.162950
999.172100
999.363800
999.508100
999.806000
999.905750
999.910950
1000.043750
1000.176250
1000.183650
1000.406450
1000.409550
1000.414300
1000.427100
1000.496050
1000.780900
1001.058400
1001.064450
1001.072250
1001.233450
1001.238100
1001.733400
1001.737950
1001.750550
1001.952400
1001.957350
1001.988850
1002.002950
1002.015200
1002.104700
1002.352350
1002.437000
1002.442450
1002.707150
1002.828100
1002.977200
1002.980100
1002.983150
1003.041800
1003.046900
1003.078050
1003.201550
1003.207150
1003.274550
1003.280450
1003.357600
1003.720200
1003.725400
1003.937250
1004.045550
1004.214000
1004.318300
1004.520700
1004.535850
1004.555000
1004.567100
1004.581950
1004.631000
1004.666300
1005.184150
1005.194900
1005.198850
1005.220550
1005.226200
1005.229250
1005.240200
1005.258700
1005.511600
1005.601050
1005.667900
1005.759650
1005.806250
1005.833100
1005.899300
1005.934050
1005.966050
1006.078450
1006.318100
1006.510550
1006.616200
1006.661700
1006.756100
1006.895200
1007.093150
1007.560750
1007.653050
1007.701100
1007.806350
1008.061550
1008.328400
1008.995450
1009.760300
1009.801650
1009.812300
1009.818050
1009.950000
1009.954900
1010.072850
1010.341250
1010.351350
1010.753850
1011.149500
1011.400750
1011.648300
1011.657200
1011.888250
1012.004800
1012.114200
1012.119950
1012.354650
1012.450250
1012.699550
1012.704150
1012.759200
1012.837000
1012.840100
1012.863900
1012.880500
1012.882750
1012.892550
1012.904050
1013.039700
1013.217450
1013.293000
1013.321350
1013.392200
1013.396400
1013.571900
1013.726900
1014.270650
1014.275000
1014.863350
1014.951400
1015.116750
1015.209550
1015.447950
1015.455350
1015.657200
1015.662150
1015.805350
1015.839000
1015.965850
1015.974750
1016.040300
1016.093000
1016.283750
1016.402800
1016.482300
1016.600300
1016.786100
1016.851600
1016.961850
1017.008850
1017.174000
1017.298650
1017.397050
1017.735300
1017.874050
1018.007750
1018.145200
1018.352150
1018.829400
1018.832800
1018.837650
1018.843450
1018.851350
1018.883650
1018.888150
1019.054600
1019.174050
1019.506350
1019.619450
1019.924250
1020.004950
1020.024050
1020.119350
1020.133900
1020.619900
1020.949050
1020.951250
1021.262400
1021.509850
1021.635100
1021.684800
1021.835950
1021.971550
1021.983450
1022.168750
1022.511350
1022.514350
1022.556550
1022.642700
1022.670500
1022.794900
1023.279850
1023.291350
1024.013750
1024.018650
1024.029100
1024.366250
1024.370950
1024.563400
1024.582650
1024.735900
1025.092750
1025.097450
1025.176500
1025.204050
1025.468750
1025.490500
1025.657850
1025.663400
1025.953250
1026.208200
1026.211300
1026.430600
1026.435800
1026.782750
1026.957350
1027.006100
1027.008850
1027.014750
1027.384000
1027.470700
1027.498400
1027.501850
1027.616250
1027.917000
1027.921850
1028.106650
1028.111800
1028.481750
1028.593300
1028.597650
1029.368950
1029.374950
1029.435400
1029.439900
1029.679400
1029.682850
1029.690300
1029.693250
1029.700850
1029.711350
1029.714450
1029.812200
1029.817450
1029.963400
1029.969250
1030.352750
1030.357450
1030.527650
1030.531600
1030.537850
1030.632450
1030.636650
1030.773600
1031.019400
1031.023650
1031.139600
1031.157550
1031.264550
1031.282700
1031.635900
1031.651350
